#!ascii label  , from subject Yale_0050577 vox2ras=TkReg
1272
62  -13.104  -91.292  -19.635 0.0000000000
63  -13.844  -91.562  -19.769 0.0000000000
64  -14.826  -91.775  -19.868 0.0000000000
65  -16.039  -91.860  -20.058 0.0000000000
132  -14.724  -92.032  -15.253 0.0000000000
133  -15.610  -92.087  -14.883 0.0000000000
134  -16.133  -92.067  -15.188 0.0000000000
135  -14.172  -91.719  -15.843 0.0000000000
136  -15.157  -92.067  -15.784 0.0000000000
137  -16.175  -91.986  -15.798 0.0000000000
138  -16.980  -91.831  -15.669 0.0000000000
139  -14.311  -91.435  -16.326 0.0000000000
140  -15.179  -91.396  -16.490 0.0000000000
141  -16.457  -91.591  -16.214 0.0000000000
142  -17.209  -91.654  -15.878 0.0000000000
154  -12.759  -90.487  -19.211 0.0000000000
155  -13.523  -90.733  -19.366 0.0000000000
156  -14.276  -90.722  -19.401 0.0000000000
157  -15.317  -90.755  -19.511 0.0000000000
158  -16.231  -91.047  -19.632 0.0000000000
159  -17.299  -91.467  -19.888 0.0000000000
160  -18.714  -91.514  -19.724 0.0000000000
161  -19.825  -91.569  -19.167 0.0000000000
168  -11.785  -89.677  -18.598 0.0000000000
169  -12.374  -89.682  -18.829 0.0000000000
170  -13.500  -89.790  -19.267 0.0000000000
171  -14.551  -89.705  -18.947 0.0000000000
172  -15.314  -89.715  -19.221 0.0000000000
232  -9.770  -89.075  2.291 0.0000000000
233  -10.268  -89.171  2.128 0.0000000000
235  -9.916  -89.591  1.876 0.0000000000
236  -10.605  -89.294  1.832 0.0000000000
239  -9.427  -90.043  1.302 0.0000000000
240  -10.693  -89.790  1.039 0.0000000000
242  -8.796  -90.217  0.393 0.0000000000
243  -10.189  -90.308  0.326 0.0000000000
244  -10.696  -90.039  0.408 0.0000000000
245  -19.526  -90.850  2.012 0.0000000000
246  -20.807  -90.292  2.199 0.0000000000
247  -21.761  -90.388  1.800 0.0000000000
249  -8.864  -90.344  -0.736 0.0000000000
250  -9.801  -90.493  -0.561 0.0000000000
251  -19.725  -90.935  1.626 0.0000000000
252  -20.161  -90.735  1.776 0.0000000000
253  -21.150  -90.541  1.394 0.0000000000
255  -8.159  -90.036  -1.450 0.0000000000
256  -10.023  -90.566  -1.873 0.0000000000
257  -11.397  -90.473  -3.055 0.0000000000
258  -8.917  -90.226  -2.654 0.0000000000
259  -10.220  -90.595  -3.580 0.0000000000
260  -12.128  -90.642  -4.160 0.0000000000
261  -13.202  -90.577  -4.786 0.0000000000
262  -10.898  -90.820  -5.045 0.0000000000
263  -12.563  -90.877  -5.168 0.0000000000
264  -13.519  -90.780  -5.211 0.0000000000
265  -10.989  -90.968  -5.881 0.0000000000
266  -12.022  -91.057  -6.097 0.0000000000
267  -13.489  -90.970  -5.811 0.0000000000
268  -14.176  -90.794  -5.743 0.0000000000
269  -12.265  -91.196  -6.836 0.0000000000
270  -13.457  -91.322  -6.959 0.0000000000
271  -14.496  -90.940  -6.203 0.0000000000
272  -14.485  -91.549  -7.988 0.0000000000
273  -15.373  -91.135  -7.193 0.0000000000
274  -16.893  -90.686  -7.755 0.0000000000
275  -18.046  -90.097  -8.379 0.0000000000
276  -18.991  -89.976  -8.772 0.0000000000
277  -19.367  -89.989  -8.990 0.0000000000
278  -14.470  -91.545  -8.937 0.0000000000
279  -15.916  -91.359  -8.671 0.0000000000
280  -17.375  -90.494  -9.168 0.0000000000
281  -18.493  -90.117  -9.178 0.0000000000
282  -19.213  -89.977  -9.187 0.0000000000
283  -19.452  -89.926  -9.223 0.0000000000
284  -15.342  -91.379  -9.945 0.0000000000
285  -16.865  -91.132  -9.898 0.0000000000
286  -17.376  -90.587  -9.744 0.0000000000
287  -11.081  -90.524  -14.983 0.0000000000
288  -12.301  -91.149  -14.100 0.0000000000
289  -13.366  -91.622  -13.484 0.0000000000
290  -10.704  -90.478  -15.865 0.0000000000
291  -12.135  -90.973  -15.087 0.0000000000
292  -13.975  -91.737  -13.889 0.0000000000
293  -15.246  -91.552  -13.412 0.0000000000
294  -10.497  -90.432  -16.447 0.0000000000
295  -11.472  -90.579  -16.162 0.0000000000
296  -13.292  -91.572  -15.513 0.0000000000
297  -15.423  -91.907  -13.964 0.0000000000
298  -16.692  -91.720  -14.180 0.0000000000
299  -17.786  -91.236  -14.227 0.0000000000
300  -18.650  -90.960  -14.226 0.0000000000
301  -10.542  -90.350  -16.845 0.0000000000
302  -11.564  -90.451  -17.036 0.0000000000
303  -13.260  -90.851  -16.489 0.0000000000
304  -16.987  -91.866  -15.081 0.0000000000
305  -17.946  -91.499  -15.221 0.0000000000
306  -19.149  -90.769  -14.725 0.0000000000
307  -19.615  -90.495  -14.947 0.0000000000
308  -12.348  -90.324  -17.621 0.0000000000
309  -13.738  -90.616  -17.187 0.0000000000
310  -14.668  -90.669  -17.245 0.0000000000
311  -15.707  -90.801  -17.116 0.0000000000
312  -17.325  -91.141  -16.327 0.0000000000
313  -18.727  -90.937  -15.527 0.0000000000
314  -19.352  -90.671  -15.151 0.0000000000
315  -15.845  -90.370  -17.633 0.0000000000
316  -16.504  -90.568  -17.177 0.0000000000
323  -20.984  -90.668  -17.461 0.0000000000
324  -22.056  -90.864  -16.872 0.0000000000
331  -11.406  -89.708  -18.405 0.0000000000
332  -15.885  -90.237  -19.456 0.0000000000
333  -16.565  -90.331  -19.512 0.0000000000
334  -17.251  -90.235  -19.469 0.0000000000
335  -18.017  -90.598  -19.448 0.0000000000
336  -18.900  -90.590  -18.951 0.0000000000
337  -19.937  -90.591  -18.270 0.0000000000
343  -10.960  -89.118  -18.005 0.0000000000
344  -11.591  -89.209  -18.527 0.0000000000
345  -12.861  -89.019  -19.167 0.0000000000
346  -13.939  -89.062  -19.216 0.0000000000
347  -14.846  -88.757  -19.215 0.0000000000
348  -15.880  -89.246  -19.384 0.0000000000
349  -16.760  -89.396  -19.409 0.0000000000
350  -17.223  -89.546  -19.424 0.0000000000
357  -12.947  -88.469  -19.734 0.0000000000
358  -13.263  -88.560  -19.817 0.0000000000
359  -14.112  -88.454  -19.456 0.0000000000
432  -17.734  -89.190  8.650 0.0000000000
433  -19.117  -89.217  8.472 0.0000000000
436  -16.742  -89.266  7.464 0.0000000000
437  -18.490  -89.401  7.244 0.0000000000
438  -20.237  -89.675  7.722 0.0000000000
439  -21.226  -89.622  7.610 0.0000000000
441  -15.948  -89.041  6.567 0.0000000000
442  -17.469  -89.657  5.456 0.0000000000
443  -19.484  -89.710  5.917 0.0000000000
444  -21.254  -89.880  6.367 0.0000000000
445  -22.252  -89.285  6.500 0.0000000000
446  -17.825  -89.933  4.100 0.0000000000
447  -18.808  -90.041  4.221 0.0000000000
448  -20.483  -90.074  4.566 0.0000000000
449  -22.338  -88.993  4.760 0.0000000000
450  -24.428  -86.602  4.268 0.0000000000
451  -19.536  -90.157  3.316 0.0000000000
452  -12.068  -88.116  3.584 0.0000000000
453  -12.741  -88.272  3.826 0.0000000000
456  -11.057  -88.656  2.525 0.0000000000
457  -12.637  -88.461  3.231 0.0000000000
458  -13.408  -88.498  3.407 0.0000000000
461  -11.338  -89.163  1.665 0.0000000000
462  -12.360  -88.804  1.976 0.0000000000
463  -13.402  -88.638  2.700 0.0000000000
466  -12.124  -89.063  0.656 0.0000000000
467  -12.743  -88.811  1.128 0.0000000000
468  -25.628  -88.785  0.927 0.0000000000
470  -10.590  -90.411  -0.529 0.0000000000
471  -11.302  -89.877  -0.186 0.0000000000
472  -18.651  -90.725  2.001 0.0000000000
473  -22.437  -90.282  1.059 0.0000000000
474  -23.983  -89.707  1.150 0.0000000000
476  -10.484  -90.551  -1.134 0.0000000000
477  -11.173  -90.261  -1.205 0.0000000000
478  -19.281  -90.972  1.455 0.0000000000
479  -20.209  -90.733  0.861 0.0000000000
480  -21.667  -90.342  -0.165 0.0000000000
481  -23.344  -89.753  -0.292 0.0000000000
483  -7.728  -89.849  -2.440 0.0000000000
484  -10.834  -90.474  -1.597 0.0000000000
485  -11.679  -90.187  -2.219 0.0000000000
486  -19.478  -90.662  0.282 0.0000000000
487  -20.402  -90.558  -0.790 0.0000000000
488  -21.518  -90.228  -1.707 0.0000000000
490  -8.470  -90.258  -3.881 0.0000000000
491  -9.765  -90.599  -4.379 0.0000000000
492  -12.888  -89.883  -3.448 0.0000000000
493  -13.588  -89.945  -4.349 0.0000000000
494  -7.215  -89.737  -4.508 0.0000000000
495  -8.358  -90.275  -5.377 0.0000000000
496  -9.459  -90.619  -4.980 0.0000000000
497  -14.181  -90.218  -5.039 0.0000000000
498  -14.732  -89.866  -5.293 0.0000000000
499  -8.795  -90.315  -6.107 0.0000000000
500  -9.915  -90.641  -6.147 0.0000000000
501  -11.055  -90.951  -6.261 0.0000000000
502  -14.027  -90.693  -5.445 0.0000000000
503  -14.666  -90.364  -5.588 0.0000000000
504  -10.238  -90.489  -6.980 0.0000000000
505  -11.241  -90.852  -6.914 0.0000000000
506  -12.274  -91.253  -7.414 0.0000000000
507  -15.601  -90.312  -6.181 0.0000000000
508  -16.500  -89.899  -6.533 0.0000000000
509  -17.159  -89.712  -6.777 0.0000000000
510  -11.362  -91.073  -8.041 0.0000000000
511  -12.981  -91.489  -8.356 0.0000000000
512  -16.333  -90.599  -6.889 0.0000000000
513  -16.999  -90.283  -7.019 0.0000000000
514  -17.796  -90.013  -7.375 0.0000000000
515  -18.690  -89.840  -8.085 0.0000000000
516  -19.190  -89.712  -8.655 0.0000000000
517  -11.346  -91.090  -9.455 0.0000000000
518  -13.429  -91.499  -9.809 0.0000000000
519  -18.078  -90.180  -9.626 0.0000000000
520  -18.738  -89.992  -9.878 0.0000000000
521  -19.277  -89.735  -9.424 0.0000000000
522  -19.329  -89.673  -9.091 0.0000000000
523  -8.426  -89.800  -12.300 0.0000000000
524  -10.176  -90.054  -11.753 0.0000000000
525  -12.051  -91.116  -11.061 0.0000000000
526  -14.413  -91.357  -11.038 0.0000000000
527  -16.487  -90.876  -11.184 0.0000000000
528  -17.686  -90.249  -10.217 0.0000000000
529  -18.424  -90.006  -10.236 0.0000000000
531  -9.496  -89.899  -13.135 0.0000000000
532  -11.363  -90.750  -12.564 0.0000000000
533  -13.423  -91.299  -12.098 0.0000000000
534  -15.185  -91.109  -11.918 0.0000000000
537  -10.448  -90.335  -14.164 0.0000000000
538  -12.615  -91.225  -13.211 0.0000000000
539  -14.685  -91.295  -12.768 0.0000000000
542  -9.686  -90.365  -15.584 0.0000000000
543  -15.550  -91.133  -12.884 0.0000000000
544  -16.063  -91.002  -12.939 0.0000000000
546  -9.585  -90.233  -16.609 0.0000000000
547  -16.454  -90.686  -12.977 0.0000000000
548  -16.821  -90.694  -13.166 0.0000000000
549  -17.644  -90.309  -13.287 0.0000000000
550  -18.502  -90.293  -13.566 0.0000000000
551  -10.092  -90.021  -17.467 0.0000000000
552  -10.823  -90.140  -17.690 0.0000000000
553  -19.255  -90.097  -13.924 0.0000000000
554  -19.946  -89.911  -14.506 0.0000000000
555  -20.476  -89.536  -14.618 0.0000000000
556  -10.462  -89.718  -17.716 0.0000000000
557  -11.151  -90.085  -18.090 0.0000000000
558  -12.546  -90.021  -18.491 0.0000000000
559  -13.926  -90.217  -17.966 0.0000000000
560  -14.777  -90.406  -17.636 0.0000000000
561  -17.271  -90.440  -16.979 0.0000000000
562  -18.383  -90.567  -16.398 0.0000000000
563  -19.748  -90.248  -15.517 0.0000000000
564  -20.308  -89.866  -14.928 0.0000000000
565  -12.678  -89.813  -18.940 0.0000000000
566  -13.238  -89.793  -18.791 0.0000000000
567  -14.826  -90.030  -18.261 0.0000000000
568  -16.348  -90.029  -17.917 0.0000000000
569  -17.806  -90.011  -17.351 0.0000000000
570  -18.964  -89.967  -16.580 0.0000000000
571  -25.352  -89.654  -14.772 0.0000000000
572  -25.676  -89.627  -14.921 0.0000000000
573  -23.821  -90.741  -15.522 0.0000000000
574  -24.907  -90.120  -14.884 0.0000000000
580  -20.814  -89.979  -17.217 0.0000000000
581  -21.278  -89.939  -16.759 0.0000000000
582  -22.490  -90.374  -15.995 0.0000000000
589  -17.576  -89.777  -19.358 0.0000000000
590  -18.094  -89.600  -19.101 0.0000000000
591  -18.794  -89.276  -18.186 0.0000000000
592  -20.151  -89.710  -17.552 0.0000000000
593  -20.687  -89.672  -17.095 0.0000000000
600  -11.049  -88.562  -18.116 0.0000000000
601  -11.476  -88.215  -18.582 0.0000000000
602  -12.109  -88.693  -19.151 0.0000000000
603  -14.994  -88.266  -19.299 0.0000000000
604  -15.394  -88.179  -19.278 0.0000000000
605  -16.244  -88.255  -19.286 0.0000000000
606  -17.258  -88.791  -19.356 0.0000000000
607  -17.950  -88.518  -18.994 0.0000000000
608  -18.340  -88.252  -18.518 0.0000000000
615  -11.900  -87.979  -19.563 0.0000000000
616  -12.707  -88.092  -20.172 0.0000000000
617  -13.596  -88.004  -20.272 0.0000000000
618  -14.688  -87.904  -19.537 0.0000000000
619  -15.391  -87.653  -19.612 0.0000000000
620  -15.749  -87.797  -19.452 0.0000000000
719  -18.809  -89.037  9.764 0.0000000000
720  -20.140  -89.031  10.029 0.0000000000
723  -20.007  -89.462  9.113 0.0000000000
724  -21.366  -88.973  8.903 0.0000000000
725  -22.406  -87.930  9.029 0.0000000000
727  -15.238  -88.700  6.363 0.0000000000
728  -16.102  -89.173  5.253 0.0000000000
729  -21.850  -89.292  7.379 0.0000000000
730  -23.253  -87.989  7.575 0.0000000000
731  -24.766  -86.599  8.041 0.0000000000
732  -17.055  -89.590  4.154 0.0000000000
733  -18.202  -89.978  3.276 0.0000000000
734  -24.131  -87.727  5.802 0.0000000000
735  -25.030  -86.361  6.775 0.0000000000
736  -19.029  -89.870  2.867 0.0000000000
737  -11.917  -87.663  3.971 0.0000000000
738  -12.837  -87.941  4.178 0.0000000000
739  -13.886  -88.022  4.173 0.0000000000
740  -14.630  -88.028  4.085 0.0000000000
744  -13.300  -88.317  3.819 0.0000000000
745  -14.200  -88.391  3.462 0.0000000000
746  -15.052  -88.098  3.769 0.0000000000
747  -15.398  -87.942  3.946 0.0000000000
751  -13.364  -88.755  1.516 0.0000000000
752  -14.303  -88.637  2.071 0.0000000000
753  -15.062  -88.354  2.911 0.0000000000
754  -15.379  -87.979  3.508 0.0000000000
757  -12.706  -88.869  0.068 0.0000000000
758  -13.174  -88.680  0.280 0.0000000000
759  -14.059  -88.674  0.805 0.0000000000
760  -25.262  -89.107  0.749 0.0000000000
763  -12.842  -89.033  -0.691 0.0000000000
764  -13.669  -88.650  -0.796 0.0000000000
765  -17.030  -89.071  0.150 0.0000000000
766  -17.408  -89.373  0.875 0.0000000000
767  -17.846  -89.952  2.049 0.0000000000
768  -17.773  -88.533  1.964 0.0000000000
769  -25.014  -89.168  -0.406 0.0000000000
770  -25.983  -88.506  -1.224 0.0000000000
773  -12.261  -89.622  -1.580 0.0000000000
774  -17.211  -89.852  -1.087 0.0000000000
775  -18.005  -90.063  -0.054 0.0000000000
776  -18.701  -90.581  0.956 0.0000000000
777  -22.769  -89.806  -1.721 0.0000000000
778  -24.280  -89.345  -1.723 0.0000000000
779  -25.418  -88.907  -1.759 0.0000000000
783  -13.088  -89.490  -2.726 0.0000000000
784  -17.220  -90.216  -2.503 0.0000000000
785  -17.933  -90.204  -2.069 0.0000000000
786  -19.154  -90.558  -1.391 0.0000000000
787  -20.685  -90.323  -2.490 0.0000000000
788  -22.211  -89.858  -3.245 0.0000000000
789  -23.741  -89.433  -3.141 0.0000000000
790  -25.116  -88.972  -2.993 0.0000000000
794  -13.966  -89.209  -3.509 0.0000000000
795  -14.298  -89.254  -4.037 0.0000000000
796  -19.892  -90.282  -3.369 0.0000000000
797  -21.141  -89.887  -4.162 0.0000000000
798  -22.378  -89.435  -4.721 0.0000000000
802  -7.198  -89.310  -5.490 0.0000000000
803  -14.854  -89.242  -4.710 0.0000000000
804  -14.780  -89.640  -5.110 0.0000000000
807  -8.014  -89.725  -6.389 0.0000000000
808  -8.951  -90.295  -6.503 0.0000000000
809  -15.401  -88.709  -4.978 0.0000000000
810  -15.423  -89.328  -5.314 0.0000000000
813  -6.883  -89.654  -7.680 0.0000000000
814  -9.185  -90.014  -7.314 0.0000000000
815  -10.438  -90.590  -7.557 0.0000000000
816  -16.195  -89.369  -5.895 0.0000000000
817  -16.810  -89.008  -6.257 0.0000000000
818  -17.514  -88.986  -6.760 0.0000000000
820  -8.492  -89.624  -8.763 0.0000000000
821  -10.152  -90.159  -8.480 0.0000000000
822  -18.221  -89.039  -7.463 0.0000000000
823  -18.861  -88.965  -8.100 0.0000000000
824  -19.375  -88.840  -8.647 0.0000000000
828  -7.788  -89.641  -10.029 0.0000000000
829  -9.645  -89.709  -9.723 0.0000000000
830  -18.863  -89.763  -10.199 0.0000000000
831  -19.100  -89.478  -10.022 0.0000000000
832  -19.564  -88.647  -9.526 0.0000000000
836  -9.014  -89.595  -10.975 0.0000000000
837  -10.428  -90.189  -10.603 0.0000000000
838  -16.997  -89.787  -11.869 0.0000000000
839  -17.564  -89.712  -11.352 0.0000000000
840  -18.532  -89.499  -10.630 0.0000000000
841  -19.177  -88.640  -10.397 0.0000000000
842  -19.499  -88.166  -10.163 0.0000000000
846  -16.863  -89.275  -12.311 0.0000000000
847  -16.282  -90.222  -12.179 0.0000000000
850  -16.661  -89.133  -12.278 0.0000000000
851  -16.249  -89.695  -12.344 0.0000000000
854  -16.511  -90.176  -12.348 0.0000000000
855  -16.785  -89.900  -12.332 0.0000000000
857  -9.135  -89.881  -17.038 0.0000000000
858  -17.009  -89.652  -12.503 0.0000000000
859  -17.354  -89.201  -12.711 0.0000000000
860  -17.670  -88.695  -13.137 0.0000000000
861  -18.189  -89.363  -13.229 0.0000000000
863  -8.938  -89.429  -17.091 0.0000000000
864  -18.099  -88.340  -13.380 0.0000000000
865  -18.881  -88.943  -13.407 0.0000000000
866  -19.816  -88.853  -13.737 0.0000000000
867  -20.709  -88.789  -14.048 0.0000000000
868  -21.510  -88.422  -14.173 0.0000000000
869  -22.099  -88.256  -14.080 0.0000000000
870  -9.798  -89.225  -17.707 0.0000000000
871  -10.991  -89.107  -17.886 0.0000000000
872  -11.695  -89.546  -18.554 0.0000000000
873  -20.308  -89.873  -15.722 0.0000000000
874  -20.769  -89.480  -15.082 0.0000000000
875  -21.688  -88.851  -14.696 0.0000000000
876  -22.278  -88.379  -14.204 0.0000000000
877  -11.771  -88.670  -18.589 0.0000000000
878  -12.506  -89.131  -18.884 0.0000000000
879  -13.725  -89.050  -19.180 0.0000000000
880  -15.218  -89.090  -18.912 0.0000000000
881  -16.843  -88.928  -18.151 0.0000000000
882  -18.606  -89.392  -17.492 0.0000000000
883  -20.137  -89.652  -16.397 0.0000000000
884  -21.267  -89.340  -15.635 0.0000000000
885  -21.291  -89.073  -14.963 0.0000000000
886  -24.275  -88.697  -14.268 0.0000000000
887  -25.415  -89.084  -14.629 0.0000000000
889  -23.089  -89.751  -14.905 0.0000000000
890  -24.486  -89.504  -14.528 0.0000000000
898  -20.953  -89.521  -16.434 0.0000000000
899  -21.393  -89.563  -16.011 0.0000000000
908  -18.719  -88.471  -18.252 0.0000000000
909  -19.324  -88.732  -17.878 0.0000000000
910  -20.437  -89.187  -16.958 0.0000000000
911  -21.053  -89.175  -16.353 0.0000000000
918  -10.610  -87.578  -18.065 0.0000000000
919  -11.353  -87.335  -19.148 0.0000000000
920  -16.678  -87.717  -19.315 0.0000000000
921  -17.286  -87.698  -19.265 0.0000000000
922  -17.882  -87.600  -19.015 0.0000000000
923  -18.577  -87.640  -18.732 0.0000000000
924  -19.492  -88.188  -17.991 0.0000000000
925  -20.093  -88.416  -17.527 0.0000000000
933  -12.069  -87.294  -20.243 0.0000000000
934  -12.802  -87.168  -20.870 0.0000000000
935  -13.265  -87.413  -20.890 0.0000000000
936  -14.046  -87.301  -20.603 0.0000000000
937  -15.059  -87.097  -20.211 0.0000000000
938  -15.998  -87.264  -19.756 0.0000000000
939  -16.785  -87.067  -19.823 0.0000000000
940  -17.368  -86.923  -19.543 0.0000000000
941  -17.877  -86.970  -19.323 0.0000000000
946  -13.192  -87.053  -21.206 0.0000000000
947  -13.670  -86.922  -21.122 0.0000000000
948  -14.507  -86.749  -20.893 0.0000000000
949  -15.189  -86.497  -20.534 0.0000000000
1031  -19.258  -88.232  10.662 0.0000000000
1032  -20.896  -87.997  10.917 0.0000000000
1033  -22.091  -86.993  10.717 0.0000000000
1036  -21.995  -87.912  9.966 0.0000000000
1037  -23.185  -86.826  9.694 0.0000000000
1038  -24.656  -85.923  9.750 0.0000000000
1041  -15.369  -88.375  5.510 0.0000000000
1042  -24.522  -86.565  8.803 0.0000000000
1043  -24.826  -85.636  8.836 0.0000000000
1044  -16.102  -88.716  4.377 0.0000000000
1045  -17.212  -88.762  3.435 0.0000000000
1047  -12.410  -86.836  4.192 0.0000000000
1048  -13.588  -87.362  4.328 0.0000000000
1049  -14.427  -87.515  4.323 0.0000000000
1053  -15.073  -87.709  4.086 0.0000000000
1054  -15.640  -87.569  3.811 0.0000000000
1055  -16.212  -87.307  3.318 0.0000000000
1059  -14.593  -88.647  1.165 0.0000000000
1060  -15.090  -88.528  1.556 0.0000000000
1061  -15.773  -88.066  2.444 0.0000000000
1062  -16.509  -87.455  2.422 0.0000000000
1065  -14.035  -88.570  -0.267 0.0000000000
1066  -14.721  -88.580  0.081 0.0000000000
1067  -15.518  -88.644  0.218 0.0000000000
1068  -16.230  -88.415  0.991 0.0000000000
1069  -16.824  -87.683  1.601 0.0000000000
1070  -17.060  -87.658  1.522 0.0000000000
1071  -17.228  -87.639  1.510 0.0000000000
1072  -26.744  -87.358  -0.917 0.0000000000
1075  -13.787  -88.749  -1.579 0.0000000000
1076  -14.501  -88.642  -1.596 0.0000000000
1077  -15.102  -88.717  -1.263 0.0000000000
1078  -15.499  -88.860  -1.370 0.0000000000
1079  -15.831  -89.000  -1.120 0.0000000000
1080  -16.302  -88.879  -0.071 0.0000000000
1081  -16.724  -88.636  0.668 0.0000000000
1082  -17.113  -88.348  1.331 0.0000000000
1083  -17.363  -88.693  1.832 0.0000000000
1084  -17.636  -88.406  2.006 0.0000000000
1085  -26.698  -87.729  -1.464 0.0000000000
1089  -13.685  -89.048  -2.296 0.0000000000
1090  -14.298  -88.753  -2.338 0.0000000000
1091  -15.799  -89.219  -1.944 0.0000000000
1092  -15.955  -89.387  -1.855 0.0000000000
1093  -16.505  -89.492  -1.070 0.0000000000
1094  -26.102  -88.289  -2.405 0.0000000000
1098  -14.076  -89.047  -3.155 0.0000000000
1099  -14.693  -88.820  -3.507 0.0000000000
1100  -16.175  -89.538  -2.668 0.0000000000
1101  -16.707  -90.006  -2.827 0.0000000000
1102  -17.589  -90.108  -3.586 0.0000000000
1103  -18.764  -90.203  -3.403 0.0000000000
1104  -23.290  -89.373  -4.358 0.0000000000
1105  -24.511  -88.986  -4.479 0.0000000000
1106  -25.711  -88.080  -4.131 0.0000000000
1110  -14.474  -88.989  -3.545 0.0000000000
1111  -14.889  -88.664  -3.965 0.0000000000
1112  -18.574  -89.430  -4.613 0.0000000000
1113  -20.026  -89.446  -4.824 0.0000000000
1114  -21.792  -89.054  -5.578 0.0000000000
1115  -23.477  -88.847  -5.753 0.0000000000
1116  -24.885  -88.122  -5.661 0.0000000000
1117  -25.518  -87.546  -5.305 0.0000000000
1122  -15.234  -88.523  -4.391 0.0000000000
1127  -15.578  -88.284  -4.710 0.0000000000
1128  -15.789  -88.147  -5.106 0.0000000000
1134  -16.362  -88.222  -5.530 0.0000000000
1135  -16.980  -87.967  -6.203 0.0000000000
1136  -17.828  -87.999  -6.782 0.0000000000
1142  -18.529  -88.205  -7.438 0.0000000000
1143  -19.190  -87.970  -7.838 0.0000000000
1144  -19.675  -87.761  -8.582 0.0000000000
1150  -19.890  -87.463  -9.299 0.0000000000
1154  -17.242  -88.859  -11.895 0.0000000000
1155  -17.558  -88.239  -11.457 0.0000000000
1156  -18.494  -88.048  -11.051 0.0000000000
1157  -19.300  -87.735  -10.686 0.0000000000
1158  -19.768  -87.585  -10.042 0.0000000000
1162  -16.696  -88.647  -12.380 0.0000000000
1163  -16.500  -88.423  -11.989 0.0000000000
1164  -16.589  -87.722  -11.541 0.0000000000
1167  -16.800  -88.843  -12.428 0.0000000000
1168  -16.048  -87.919  -12.159 0.0000000000
1171  -16.443  -88.419  -12.303 0.0000000000
1172  -16.742  -89.108  -12.382 0.0000000000
1174  -16.022  -87.338  -12.947 0.0000000000
1175  -16.463  -88.080  -13.020 0.0000000000
1176  -17.041  -87.698  -13.230 0.0000000000
1177  -17.617  -87.424  -13.422 0.0000000000
1180  -18.363  -87.345  -13.482 0.0000000000
1181  -19.272  -87.461  -13.547 0.0000000000
1182  -20.273  -87.283  -13.585 0.0000000000
1183  -21.331  -87.242  -13.670 0.0000000000
1184  -22.090  -87.621  -13.771 0.0000000000
1185  -22.494  -87.702  -13.824 0.0000000000
1186  -10.216  -88.055  -17.664 0.0000000000
1187  -11.229  -87.744  -18.408 0.0000000000
1188  -20.752  -86.558  -13.560 0.0000000000
1189  -21.057  -86.131  -13.614 0.0000000000
1190  -21.930  -88.542  -14.382 0.0000000000
1191  -22.379  -88.084  -14.037 0.0000000000
1192  -11.752  -87.888  -19.322 0.0000000000
1193  -12.836  -87.927  -19.581 0.0000000000
1194  -14.133  -87.786  -19.722 0.0000000000
1195  -15.602  -88.108  -19.198 0.0000000000
1196  -16.690  -88.048  -18.769 0.0000000000
1197  -17.966  -88.547  -18.454 0.0000000000
1198  -19.463  -88.817  -17.712 0.0000000000
1199  -20.742  -89.160  -16.668 0.0000000000
1200  -21.433  -88.800  -15.014 0.0000000000
1201  -22.648  -88.047  -13.990 0.0000000000
1202  -24.014  -87.611  -13.837 0.0000000000
1203  -25.640  -87.201  -14.384 0.0000000000
1204  -26.081  -88.251  -14.895 0.0000000000
1205  -14.985  -87.385  -19.892 0.0000000000
1206  -16.025  -87.490  -19.563 0.0000000000
1207  -17.231  -87.687  -19.196 0.0000000000
1208  -18.412  -87.922  -18.654 0.0000000000
1209  -19.259  -87.919  -18.118 0.0000000000
1210  -20.111  -88.418  -17.498 0.0000000000
1211  -20.693  -88.736  -16.596 0.0000000000
1212  -21.182  -88.559  -15.590 0.0000000000
1213  -22.695  -88.730  -14.481 0.0000000000
1223  -21.059  -88.504  -16.348 0.0000000000
1224  -21.260  -89.001  -15.636 0.0000000000
1235  -9.790  -87.137  -17.576 0.0000000000
1236  -20.792  -88.637  -17.108 0.0000000000
1237  -20.980  -88.997  -16.162 0.0000000000
1244  -9.529  -86.591  -17.564 0.0000000000
1245  -9.982  -86.502  -18.058 0.0000000000
1246  -10.885  -86.425  -18.737 0.0000000000
1247  -18.620  -86.721  -19.268 0.0000000000
1248  -19.211  -87.318  -19.015 0.0000000000
1249  -19.846  -87.797  -18.323 0.0000000000
1256  -11.561  -86.477  -19.853 0.0000000000
1257  -12.350  -86.541  -20.643 0.0000000000
1258  -15.697  -86.714  -20.386 0.0000000000
1259  -16.345  -86.595  -20.347 0.0000000000
1260  -17.042  -86.419  -20.303 0.0000000000
1261  -17.608  -86.446  -20.032 0.0000000000
1262  -18.132  -86.593  -19.618 0.0000000000
1269  -13.222  -86.518  -21.158 0.0000000000
1270  -14.156  -86.336  -21.124 0.0000000000
1271  -14.965  -86.151  -20.754 0.0000000000
1272  -15.787  -86.153  -20.589 0.0000000000
1273  -16.612  -86.076  -20.633 0.0000000000
1274  -17.042  -86.034  -20.622 0.0000000000
1385  -21.596  -86.438  11.753 0.0000000000
1386  -22.891  -85.914  11.155 0.0000000000
1389  -24.082  -85.686  10.631 0.0000000000
1390  -24.775  -85.313  10.570 0.0000000000
1393  -15.531  -87.845  4.915 0.0000000000
1394  -24.098  -84.972  10.019 0.0000000000
1395  -15.540  -86.885  5.239 0.0000000000
1396  -16.392  -87.328  4.263 0.0000000000
1397  -17.678  -86.874  3.240 0.0000000000
1398  -24.039  -84.456  8.998 0.0000000000
1399  -18.988  -86.268  2.359 0.0000000000
1400  -12.840  -86.019  4.160 0.0000000000
1401  -13.557  -86.574  4.329 0.0000000000
1402  -14.145  -87.038  4.395 0.0000000000
1405  -13.353  -85.475  4.107 0.0000000000
1406  -14.714  -86.548  4.197 0.0000000000
1407  -15.816  -86.447  3.729 0.0000000000
1408  -16.472  -86.361  3.209 0.0000000000
1412  -16.855  -86.238  2.382 0.0000000000
1413  -17.129  -85.750  2.066 0.0000000000
1417  -17.089  -86.521  1.930 0.0000000000
1418  -17.269  -86.430  1.736 0.0000000000
1419  -17.401  -86.929  1.559 0.0000000000
1420  -26.332  -86.707  -0.462 0.0000000000
1423  -14.801  -88.668  -2.443 0.0000000000
1424  -15.042  -88.684  -2.426 0.0000000000
1425  -15.306  -88.795  -2.402 0.0000000000
1426  -15.570  -88.985  -2.234 0.0000000000
1427  -17.397  -87.464  1.565 0.0000000000
1428  -17.482  -87.712  1.623 0.0000000000
1429  -17.721  -87.709  1.770 0.0000000000
1430  -27.187  -86.615  -1.579 0.0000000000
1431  -27.305  -85.828  -1.906 0.0000000000
1435  -14.497  -88.728  -2.960 0.0000000000
1436  -14.929  -88.538  -3.108 0.0000000000
1437  -15.162  -88.562  -3.472 0.0000000000
1438  -15.473  -88.656  -3.342 0.0000000000
1439  -15.758  -88.937  -2.807 0.0000000000
1440  -15.998  -88.862  -3.410 0.0000000000
1441  -26.648  -87.052  -2.822 0.0000000000
1442  -27.220  -85.939  -2.478 0.0000000000
1447  -14.469  -88.815  -3.184 0.0000000000
1448  -15.163  -88.545  -3.699 0.0000000000
1449  -16.463  -88.772  -4.000 0.0000000000
1450  -17.182  -88.887  -4.289 0.0000000000
1451  -17.854  -89.007  -4.575 0.0000000000
1452  -25.967  -86.687  -4.669 0.0000000000
1453  -26.735  -85.958  -3.504 0.0000000000
1461  -15.177  -87.929  -4.469 0.0000000000
1462  -18.353  -88.460  -5.200 0.0000000000
1463  -19.387  -88.354  -5.612 0.0000000000
1464  -20.973  -88.211  -6.317 0.0000000000
1465  -22.670  -87.971  -6.886 0.0000000000
1466  -24.171  -87.642  -7.026 0.0000000000
1467  -25.206  -86.891  -6.346 0.0000000000
1470  -15.372  -87.929  -4.639 0.0000000000
1474  -15.540  -87.847  -4.801 0.0000000000
1475  -15.600  -87.430  -5.086 0.0000000000
1479  -15.768  -87.173  -5.526 0.0000000000
1480  -15.986  -87.027  -6.146 0.0000000000
1481  -16.832  -86.808  -6.554 0.0000000000
1485  -18.139  -86.973  -7.179 0.0000000000
1486  -19.155  -86.768  -7.793 0.0000000000
1487  -19.791  -86.625  -8.534 0.0000000000
1490  -20.314  -86.679  -9.684 0.0000000000
1491  -20.664  -86.288  -10.157 0.0000000000
1495  -16.568  -87.051  -11.353 0.0000000000
1496  -17.396  -87.006  -11.310 0.0000000000
1497  -18.684  -86.962  -11.354 0.0000000000
1498  -19.806  -86.843  -10.846 0.0000000000
1499  -20.475  -86.410  -10.570 0.0000000000
1505  -15.390  -86.791  -11.813 0.0000000000
1506  -15.813  -86.742  -11.475 0.0000000000
1507  -16.375  -86.254  -11.374 0.0000000000
1508  -17.443  -86.174  -11.559 0.0000000000
1511  -15.072  -86.519  -12.128 0.0000000000
1514  -15.259  -86.763  -12.457 0.0000000000
1516  -15.523  -86.655  -12.929 0.0000000000
1517  -15.940  -86.476  -13.292 0.0000000000
1518  -16.655  -86.324  -13.442 0.0000000000
1519  -17.183  -86.601  -13.457 0.0000000000
1522  -17.169  -85.806  -13.563 0.0000000000
1523  -17.775  -86.026  -13.610 0.0000000000
1524  -18.751  -86.004  -13.646 0.0000000000
1525  -19.565  -86.305  -13.561 0.0000000000
1526  -21.623  -86.140  -13.627 0.0000000000
1527  -22.190  -86.697  -13.630 0.0000000000
1528  -22.535  -87.145  -13.646 0.0000000000
1529  -10.382  -86.717  -18.105 0.0000000000
1530  -11.316  -86.558  -18.947 0.0000000000
1531  -19.309  -85.349  -13.803 0.0000000000
1532  -20.242  -85.564  -13.690 0.0000000000
1533  -21.224  -85.190  -13.894 0.0000000000
1534  -22.153  -85.470  -13.892 0.0000000000
1535  -23.125  -86.407  -13.657 0.0000000000
1536  -24.126  -85.366  -13.792 0.0000000000
1537  -12.058  -86.761  -19.525 0.0000000000
1538  -13.115  -86.675  -19.893 0.0000000000
1539  -13.730  -86.960  -19.924 0.0000000000
1540  -23.657  -86.966  -13.653 0.0000000000
1541  -24.577  -85.794  -13.889 0.0000000000
1542  -25.711  -84.965  -14.711 0.0000000000
1546  -13.257  -86.274  -20.408 0.0000000000
1547  -13.940  -86.548  -20.229 0.0000000000
1548  -15.165  -86.659  -19.950 0.0000000000
1549  -16.320  -86.769  -19.612 0.0000000000
1550  -17.536  -87.038  -19.353 0.0000000000
1551  -18.555  -87.218  -18.859 0.0000000000
1552  -19.424  -87.498  -18.238 0.0000000000
1553  -20.198  -88.076  -17.608 0.0000000000
1554  -20.715  -88.455  -16.949 0.0000000000
1562  -13.874  -86.121  -20.611 0.0000000000
1563  -14.347  -86.163  -20.578 0.0000000000
1564  -15.406  -86.114  -20.132 0.0000000000
1565  -16.548  -86.203  -19.811 0.0000000000
1566  -17.711  -86.503  -19.680 0.0000000000
1567  -18.640  -86.720  -19.180 0.0000000000
1568  -19.459  -87.171  -18.738 0.0000000000
1569  -20.423  -88.001  -17.478 0.0000000000
1579  -19.507  -86.960  -19.085 0.0000000000
1580  -20.021  -87.455  -18.246 0.0000000000
1588  -7.942  -85.498  -16.705 0.0000000000
1589  -8.110  -85.640  -17.101 0.0000000000
1590  -9.011  -85.918  -17.703 0.0000000000
1591  -9.888  -85.578  -18.889 0.0000000000
1592  -10.953  -85.528  -19.499 0.0000000000
1593  -18.860  -86.482  -19.381 0.0000000000
1594  -19.394  -86.790  -19.289 0.0000000000
1595  -19.792  -87.261  -18.638 0.0000000000
1600  -11.920  -85.643  -20.063 0.0000000000
1601  -12.952  -85.753  -20.612 0.0000000000
1602  -13.249  -85.603  -21.026 0.0000000000
1603  -17.335  -86.091  -20.511 0.0000000000
1604  -17.720  -85.995  -20.388 0.0000000000
1605  -18.386  -86.171  -20.002 0.0000000000
1606  -18.771  -86.158  -19.718 0.0000000000
1618  -13.391  -85.963  -20.816 0.0000000000
1619  -13.775  -85.827  -21.051 0.0000000000
1620  -14.697  -85.864  -20.949 0.0000000000
1621  -15.466  -85.793  -20.789 0.0000000000
1622  -16.220  -85.704  -20.717 0.0000000000
1623  -17.035  -85.723  -20.701 0.0000000000
1624  -17.436  -85.574  -20.623 0.0000000000
1768  -24.041  -84.874  11.835 0.0000000000
1769  -24.042  -84.503  11.288 0.0000000000
1772  -23.748  -83.887  10.101 0.0000000000
1776  -23.923  -83.423  8.941 0.0000000000
1781  -14.193  -84.718  3.900 0.0000000000
1782  -15.301  -85.221  3.813 0.0000000000
1783  -16.030  -85.190  3.458 0.0000000000
1787  -16.565  -85.181  3.049 0.0000000000
1788  -16.935  -84.791  2.564 0.0000000000
1792  -17.374  -84.935  2.037 0.0000000000
1793  -17.737  -85.573  1.545 0.0000000000
1794  -18.133  -85.937  1.346 0.0000000000
1795  -18.234  -86.958  1.675 0.0000000000
1798  -17.701  -86.764  1.460 0.0000000000
1799  -17.912  -87.011  1.485 0.0000000000
1800  -17.999  -87.215  1.600 0.0000000000
1801  -26.830  -85.422  -1.443 0.0000000000
1802  -26.943  -85.084  -2.273 0.0000000000
1805  -15.245  -88.381  -4.022 0.0000000000
1806  -15.238  -87.937  -4.364 0.0000000000
1807  -15.307  -88.125  -4.480 0.0000000000
1808  -15.470  -88.370  -4.393 0.0000000000
1809  -15.832  -88.555  -4.006 0.0000000000
1810  -26.658  -84.918  -3.169 0.0000000000
1813  -15.227  -87.689  -4.543 0.0000000000
1814  -15.145  -86.818  -4.834 0.0000000000
1815  -15.155  -87.031  -4.688 0.0000000000
1816  -15.346  -87.225  -4.888 0.0000000000
1817  -15.894  -87.726  -4.889 0.0000000000
1818  -17.092  -87.257  -5.338 0.0000000000
1819  -17.679  -88.219  -5.242 0.0000000000
1820  -25.616  -85.868  -5.811 0.0000000000
1821  -26.003  -84.921  -4.518 0.0000000000
1831  -15.285  -87.073  -4.862 0.0000000000
1832  -14.968  -86.294  -5.029 0.0000000000
1833  -18.064  -86.078  -5.646 0.0000000000
1834  -18.540  -87.216  -5.625 0.0000000000
1835  -20.163  -86.928  -6.575 0.0000000000
1836  -21.819  -86.927  -7.573 0.0000000000
1837  -23.425  -86.636  -8.130 0.0000000000
1838  -24.534  -86.284  -7.761 0.0000000000
1839  -25.233  -85.399  -7.107 0.0000000000
1840  -25.441  -84.873  -5.754 0.0000000000
1850  -15.181  -87.337  -4.917 0.0000000000
1851  -14.825  -86.236  -5.384 0.0000000000
1852  -24.173  -85.706  -8.633 0.0000000000
1853  -24.746  -85.274  -8.356 0.0000000000
1854  -25.049  -84.866  -7.933 0.0000000000
1862  -15.313  -87.152  -5.090 0.0000000000
1863  -15.009  -86.262  -5.842 0.0000000000
1864  -14.758  -85.337  -6.244 0.0000000000
1869  -15.342  -86.508  -6.123 0.0000000000
1870  -15.463  -85.749  -6.424 0.0000000000
1871  -16.796  -85.575  -6.945 0.0000000000
1873  -18.146  -85.654  -7.371 0.0000000000
1874  -19.210  -85.652  -7.717 0.0000000000
1875  -20.264  -85.735  -8.401 0.0000000000
1878  -20.809  -86.014  -9.610 0.0000000000
1879  -20.841  -86.012  -10.457 0.0000000000
1882  -18.483  -86.135  -11.674 0.0000000000
1883  -19.462  -86.338  -11.653 0.0000000000
1884  -20.343  -86.011  -11.300 0.0000000000
1891  -15.225  -86.197  -11.577 0.0000000000
1892  -15.543  -85.843  -11.513 0.0000000000
1893  -16.647  -85.494  -11.914 0.0000000000
1894  -17.898  -85.686  -11.971 0.0000000000
1895  -19.051  -85.880  -12.247 0.0000000000
1896  -19.966  -85.940  -12.252 0.0000000000
1904  -14.992  -85.870  -11.918 0.0000000000
1905  -15.656  -85.280  -12.111 0.0000000000
1906  -16.347  -85.022  -12.406 0.0000000000
1909  -14.865  -85.747  -12.611 0.0000000000
1910  -15.279  -85.235  -13.094 0.0000000000
1912  -15.034  -85.900  -12.939 0.0000000000
1913  -15.837  -85.150  -13.351 0.0000000000
1914  -16.454  -85.234  -13.436 0.0000000000
1917  -16.735  -84.226  -13.677 0.0000000000
1918  -17.322  -84.510  -13.890 0.0000000000
1919  -18.316  -84.835  -13.991 0.0000000000
1920  -18.862  -85.031  -14.001 0.0000000000
1921  -10.595  -85.332  -18.054 0.0000000000
1922  -11.253  -85.399  -19.052 0.0000000000
1923  -11.474  -85.036  -19.390 0.0000000000
1924  -17.691  -83.400  -14.334 0.0000000000
1925  -18.134  -83.610  -14.288 0.0000000000
1926  -19.194  -84.038  -14.417 0.0000000000
1927  -20.501  -84.106  -14.471 0.0000000000
1928  -21.695  -83.914  -14.654 0.0000000000
1929  -22.875  -84.494  -14.257 0.0000000000
1930  -23.909  -84.681  -14.132 0.0000000000
1931  -24.470  -84.818  -13.982 0.0000000000
1932  -11.459  -86.109  -19.556 0.0000000000
1933  -11.852  -85.698  -19.909 0.0000000000
1934  -21.994  -83.151  -15.341 0.0000000000
1935  -22.629  -83.341  -15.088 0.0000000000
1936  -23.688  -83.460  -14.774 0.0000000000
1937  -24.744  -83.891  -14.800 0.0000000000
1938  -25.625  -84.086  -15.030 0.0000000000
1943  -6.623  -84.146  -15.985 0.0000000000
1944  -12.822  -85.898  -20.522 0.0000000000
1945  -13.339  -86.089  -20.599 0.0000000000
1946  -24.676  -83.291  -15.777 0.0000000000
1947  -25.240  -83.971  -15.661 0.0000000000
1952  -6.520  -84.808  -16.223 0.0000000000
1953  -12.913  -85.514  -20.585 0.0000000000
1954  -13.528  -85.877  -20.870 0.0000000000
1955  -14.578  -85.798  -20.987 0.0000000000
1956  -15.660  -85.786  -20.638 0.0000000000
1957  -16.705  -85.710  -20.034 0.0000000000
1958  -17.737  -85.877  -19.751 0.0000000000
1959  -18.580  -86.241  -19.576 0.0000000000
1960  -19.071  -86.321  -19.388 0.0000000000
1965  -6.977  -85.356  -16.515 0.0000000000
1966  -15.053  -85.645  -21.103 0.0000000000
1967  -15.807  -85.506  -20.874 0.0000000000
1968  -16.848  -85.387  -20.273 0.0000000000
1969  -17.794  -85.526  -20.017 0.0000000000
1970  -18.477  -85.734  -19.915 0.0000000000
1971  -18.986  -85.991  -19.753 0.0000000000
1978  -7.827  -85.209  -17.204 0.0000000000
1979  -8.156  -85.047  -18.216 0.0000000000
1980  -8.954  -84.893  -19.006 0.0000000000
1981  -10.021  -84.763  -19.609 0.0000000000
1982  -11.115  -84.815  -19.986 0.0000000000
1983  -18.615  -85.733  -20.118 0.0000000000
1984  -19.012  -86.193  -19.578 0.0000000000
1993  -12.249  -85.020  -20.168 0.0000000000
1994  -12.987  -85.310  -20.814 0.0000000000
1995  -13.560  -85.491  -21.153 0.0000000000
1996  -17.779  -85.567  -20.543 0.0000000000
1997  -18.402  -85.785  -20.190 0.0000000000
1998  -18.859  -85.962  -19.842 0.0000000000
2016  -14.054  -85.569  -21.029 0.0000000000
2017  -14.492  -85.652  -21.084 0.0000000000
2018  -15.211  -85.700  -21.076 0.0000000000
2019  -15.872  -85.530  -20.891 0.0000000000
2020  -16.534  -85.402  -20.785 0.0000000000
2021  -17.119  -85.330  -20.743 0.0000000000
2194  -24.021  -82.433  10.017 0.0000000000
2227  -14.956  -83.916  3.494 0.0000000000
2228  -15.624  -84.431  3.480 0.0000000000
2232  -14.432  -82.476  2.936 0.0000000000
2233  -16.032  -83.392  3.123 0.0000000000
2234  -17.125  -83.465  2.572 0.0000000000
2238  -17.751  -83.796  1.969 0.0000000000
2239  -18.254  -84.410  1.437 0.0000000000
2240  -18.530  -85.103  1.249 0.0000000000
2241  -25.836  -84.126  -1.257 0.0000000000
2244  -26.509  -83.987  -2.055 0.0000000000
2245  -26.506  -83.798  -2.847 0.0000000000
2248  -26.367  -83.682  -3.719 0.0000000000
2251  -14.857  -86.056  -4.986 0.0000000000
2252  -14.902  -85.859  -4.939 0.0000000000
2253  -15.091  -85.698  -4.910 0.0000000000
2254  -15.597  -85.829  -5.136 0.0000000000
2255  -16.410  -85.952  -5.302 0.0000000000
2256  -26.137  -83.552  -4.491 0.0000000000
2259  -14.774  -85.462  -5.098 0.0000000000
2260  -14.891  -84.589  -5.146 0.0000000000
2261  -15.404  -84.413  -5.019 0.0000000000
2262  -16.338  -84.353  -5.154 0.0000000000
2263  -17.619  -84.843  -5.490 0.0000000000
2264  -19.290  -85.254  -6.165 0.0000000000
2265  -21.092  -85.540  -7.836 0.0000000000
2266  -22.493  -85.796  -8.612 0.0000000000
2267  -23.546  -85.552  -8.901 0.0000000000
2268  -25.218  -84.271  -6.166 0.0000000000
2269  -25.648  -83.915  -5.236 0.0000000000
2275  -14.650  -84.993  -5.434 0.0000000000
2276  -14.677  -84.156  -5.441 0.0000000000
2277  -21.987  -85.142  -8.964 0.0000000000
2278  -23.045  -85.043  -9.359 0.0000000000
2279  -24.295  -84.932  -9.238 0.0000000000
2280  -24.827  -84.411  -8.362 0.0000000000
2281  -24.786  -84.082  -7.020 0.0000000000
2289  -14.603  -85.020  -5.967 0.0000000000
2290  -14.911  -84.672  -6.367 0.0000000000
2300  -15.798  -84.522  -6.806 0.0000000000
2301  -17.201  -84.317  -7.237 0.0000000000
2302  -17.698  -83.620  -7.366 0.0000000000
2312  -18.312  -84.910  -7.537 0.0000000000
2313  -18.851  -84.326  -7.656 0.0000000000
2314  -20.305  -84.869  -8.176 0.0000000000
2322  -21.015  -85.425  -9.055 0.0000000000
2323  -21.158  -85.686  -9.937 0.0000000000
2329  -21.414  -85.318  -9.709 0.0000000000
2330  -21.012  -85.283  -10.708 0.0000000000
2335  -17.648  -85.452  -12.586 0.0000000000
2336  -18.566  -85.600  -12.988 0.0000000000
2337  -19.751  -85.679  -13.057 0.0000000000
2338  -20.628  -85.146  -12.291 0.0000000000
2351  -15.317  -85.200  -12.747 0.0000000000
2352  -16.204  -84.695  -12.909 0.0000000000
2353  -17.600  -85.149  -13.255 0.0000000000
2354  -19.212  -85.079  -13.556 0.0000000000
2367  -15.280  -85.013  -13.052 0.0000000000
2368  -16.017  -84.267  -13.720 0.0000000000
2369  -17.441  -84.046  -13.728 0.0000000000
2379  -10.459  -84.311  -17.333 0.0000000000
2380  -11.033  -84.409  -17.880 0.0000000000
2381  -11.528  -84.491  -18.595 0.0000000000
2385  -19.942  -82.780  -14.825 0.0000000000
2386  -20.753  -83.164  -15.125 0.0000000000
2387  -5.896  -82.094  -15.816 0.0000000000
2388  -6.260  -82.423  -15.759 0.0000000000
2389  -11.609  -84.660  -19.527 0.0000000000
2395  -23.993  -82.940  -15.429 0.0000000000
2400  -6.693  -83.400  -15.968 0.0000000000
2401  -8.068  -83.599  -16.326 0.0000000000
2402  -8.925  -83.534  -16.555 0.0000000000
2403  -12.313  -85.083  -20.205 0.0000000000
2409  -7.696  -84.300  -16.374 0.0000000000
2410  -8.767  -83.874  -16.844 0.0000000000
2411  -9.274  -83.623  -16.685 0.0000000000
2412  -12.927  -85.076  -20.712 0.0000000000
2413  -13.864  -85.312  -21.090 0.0000000000
2414  -14.553  -85.558  -21.127 0.0000000000
2417  -7.914  -84.872  -17.149 0.0000000000
2418  -8.424  -84.263  -17.706 0.0000000000
2419  -14.098  -85.212  -21.194 0.0000000000
2420  -14.807  -85.407  -21.163 0.0000000000
2421  -15.935  -85.254  -21.069 0.0000000000
2422  -17.110  -85.239  -20.482 0.0000000000
2423  -17.888  -85.347  -20.256 0.0000000000
2424  -18.261  -85.506  -20.188 0.0000000000
2429  -8.012  -84.886  -18.020 0.0000000000
2430  -8.586  -84.391  -18.584 0.0000000000
2431  -9.386  -84.171  -19.444 0.0000000000
2432  -10.445  -84.150  -19.871 0.0000000000
2433  -11.401  -84.333  -20.134 0.0000000000
2434  -15.962  -85.018  -21.133 0.0000000000
2435  -16.618  -85.149  -20.854 0.0000000000
2436  -17.478  -85.229  -20.551 0.0000000000
2437  -18.082  -85.422  -20.355 0.0000000000
2451  -12.130  -84.553  -20.151 0.0000000000
2452  -12.612  -84.878  -20.512 0.0000000000
2453  -13.431  -85.066  -21.155 0.0000000000
2454  -14.440  -85.189  -21.207 0.0000000000
2455  -15.186  -85.351  -21.139 0.0000000000
2456  -15.823  -85.320  -21.071 0.0000000000
2457  -16.396  -85.182  -20.964 0.0000000000
2458  -17.158  -85.112  -20.695 0.0000000000
2459  -17.875  -85.346  -20.456 0.0000000000
2479  -14.206  -85.389  -21.211 0.0000000000
2480  -14.881  -85.478  -21.212 0.0000000000
2481  -15.545  -85.458  -21.102 0.0000000000
2482  -16.171  -85.332  -20.977 0.0000000000
2483  -16.752  -85.206  -20.869 0.0000000000
2484  -16.973  -85.128  -20.788 0.0000000000
2639  -24.029  -81.390  9.200 0.0000000000
2665  -24.560  -83.690  2.042 0.0000000000
2676  -24.826  -84.327  4.411 0.0000000000
2689  -14.978  -81.430  2.564 0.0000000000
2690  -15.934  -81.440  2.559 0.0000000000
2691  -16.681  -82.231  2.646 0.0000000000
2700  -18.754  -84.774  1.244 0.0000000000
2701  -25.341  -82.959  -0.774 0.0000000000
2705  -26.066  -82.778  -1.734 0.0000000000
2706  -26.563  -82.586  -2.606 0.0000000000
2709  -26.771  -82.487  -3.430 0.0000000000
2712  -26.683  -82.575  -4.239 0.0000000000
2714  -15.305  -83.818  -5.123 0.0000000000
2715  -16.041  -83.347  -5.260 0.0000000000
2716  -17.486  -83.019  -5.444 0.0000000000
2717  -18.861  -83.459  -5.901 0.0000000000
2718  -20.320  -84.187  -7.684 0.0000000000
2719  -21.355  -84.843  -8.625 0.0000000000
2720  -25.390  -83.097  -5.794 0.0000000000
2721  -26.127  -82.895  -4.919 0.0000000000
2723  -14.708  -84.169  -5.813 0.0000000000
2724  -15.386  -83.595  -5.570 0.0000000000
2725  -16.344  -82.881  -5.716 0.0000000000
2726  -16.894  -82.659  -5.585 0.0000000000
2727  -21.147  -84.138  -8.634 0.0000000000
2728  -22.101  -84.479  -9.230 0.0000000000
2729  -23.755  -84.206  -9.603 0.0000000000
2730  -24.500  -83.769  -8.732 0.0000000000
2731  -24.916  -83.352  -7.668 0.0000000000
2732  -24.760  -83.058  -6.588 0.0000000000
2735  -14.731  -84.294  -6.146 0.0000000000
2736  -15.486  -83.774  -6.367 0.0000000000
2737  -16.544  -82.770  -6.347 0.0000000000
2738  -17.097  -82.423  -6.007 0.0000000000
2741  -16.150  -83.793  -6.972 0.0000000000
2742  -16.896  -83.198  -7.050 0.0000000000
2743  -18.254  -83.268  -7.499 0.0000000000
2744  -18.928  -83.142  -7.632 0.0000000000
2751  -18.903  -83.670  -7.670 0.0000000000
2752  -19.752  -83.889  -7.930 0.0000000000
2753  -21.010  -84.341  -8.544 0.0000000000
2763  -20.980  -84.785  -8.663 0.0000000000
2764  -21.492  -84.561  -9.559 0.0000000000
2780  -21.576  -85.175  -9.252 0.0000000000
2781  -21.839  -84.798  -9.977 0.0000000000
2790  -21.349  -84.489  -11.317 0.0000000000
2831  -10.214  -83.522  -17.257 0.0000000000
2832  -11.182  -83.628  -17.774 0.0000000000
2833  -11.709  -84.033  -18.602 0.0000000000
2838  -5.766  -81.761  -16.069 0.0000000000
2839  -6.607  -81.836  -16.048 0.0000000000
2840  -7.887  -82.155  -16.269 0.0000000000
2841  -8.917  -82.691  -16.387 0.0000000000
2842  -11.579  -83.556  -18.366 0.0000000000
2843  -11.836  -84.165  -19.417 0.0000000000
2854  -7.367  -82.740  -16.184 0.0000000000
2855  -8.519  -83.072  -16.367 0.0000000000
2856  -9.502  -83.308  -16.581 0.0000000000
2857  -9.917  -83.060  -16.875 0.0000000000
2858  -11.819  -83.644  -19.282 0.0000000000
2859  -12.204  -84.470  -20.200 0.0000000000
2869  -8.882  -83.800  -17.894 0.0000000000
2870  -9.543  -83.534  -17.336 0.0000000000
2871  -10.357  -83.230  -17.378 0.0000000000
2872  -10.741  -82.896  -17.958 0.0000000000
2873  -11.946  -83.678  -19.638 0.0000000000
2874  -12.548  -84.347  -20.344 0.0000000000
2875  -13.222  -84.880  -20.936 0.0000000000
2880  -8.765  -83.996  -18.672 0.0000000000
2881  -9.312  -83.618  -18.651 0.0000000000
2882  -10.195  -83.293  -18.580 0.0000000000
2883  -10.696  -83.020  -18.312 0.0000000000
2884  -12.875  -84.443  -20.504 0.0000000000
2885  -13.493  -84.937  -21.092 0.0000000000
2886  -14.421  -85.173  -21.159 0.0000000000
2887  -15.073  -85.153  -21.140 0.0000000000
2892  -8.697  -84.013  -18.968 0.0000000000
2893  -9.010  -83.874  -19.114 0.0000000000
2894  -10.012  -83.539  -19.531 0.0000000000
2895  -11.016  -83.752  -19.988 0.0000000000
2896  -11.783  -83.858  -20.126 0.0000000000
2897  -12.554  -84.164  -20.324 0.0000000000
2898  -13.317  -84.692  -20.856 0.0000000000
2899  -14.162  -84.946  -21.111 0.0000000000
2900  -15.312  -85.090  -21.202 0.0000000000
2901  -16.198  -85.076  -21.085 0.0000000000
2916  -11.726  -84.134  -20.178 0.0000000000
2917  -12.322  -84.408  -20.282 0.0000000000
2918  -12.969  -84.604  -20.699 0.0000000000
2919  -13.969  -84.633  -21.053 0.0000000000
2920  -14.782  -85.160  -21.217 0.0000000000
2921  -15.556  -85.279  -21.117 0.0000000000
2922  -16.057  -85.232  -21.060 0.0000000000
3161  -24.387  -81.910  0.366 0.0000000000
3162  -24.850  -81.857  -0.332 0.0000000000
3166  -25.609  -81.651  -1.208 0.0000000000
3167  -26.478  -81.468  -2.096 0.0000000000
3170  -27.036  -81.220  -3.112 0.0000000000
3171  -27.418  -80.594  -3.666 0.0000000000
3174  -27.133  -81.445  -3.913 0.0000000000
3175  -27.180  -80.539  -4.172 0.0000000000
3178  -17.970  -82.551  -5.623 0.0000000000
3179  -18.517  -82.594  -5.857 0.0000000000
3180  -19.442  -83.059  -6.576 0.0000000000
3181  -24.346  -81.620  -6.345 0.0000000000
3182  -24.861  -82.023  -6.080 0.0000000000
3183  -26.245  -81.488  -4.786 0.0000000000
3184  -26.819  -80.397  -4.550 0.0000000000
3187  -17.916  -82.492  -5.898 0.0000000000
3188  -19.358  -82.855  -6.874 0.0000000000
3189  -20.340  -83.669  -7.853 0.0000000000
3190  -21.963  -84.099  -8.999 0.0000000000
3191  -23.521  -83.697  -9.384 0.0000000000
3192  -24.258  -83.169  -8.948 0.0000000000
3193  -24.388  -82.404  -7.228 0.0000000000
3194  -24.510  -82.715  -6.771 0.0000000000
3197  -17.390  -82.702  -6.974 0.0000000000
3198  -18.209  -82.612  -6.826 0.0000000000
3199  -19.990  -83.152  -7.714 0.0000000000
3200  -20.775  -83.904  -8.357 0.0000000000
3201  -23.274  -83.778  -9.460 0.0000000000
3202  -23.714  -83.580  -9.327 0.0000000000
3205  -17.582  -82.861  -7.228 0.0000000000
3206  -18.245  -82.887  -7.298 0.0000000000
3207  -19.822  -83.286  -7.849 0.0000000000
3208  -21.524  -84.025  -8.767 0.0000000000
3209  -23.173  -83.819  -9.494 0.0000000000
3213  -20.667  -84.057  -8.183 0.0000000000
3214  -21.589  -84.011  -9.083 0.0000000000
3215  -23.000  -83.859  -9.690 0.0000000000
3222  -22.058  -84.243  -10.036 0.0000000000
3243  -22.049  -84.556  -10.086 0.0000000000
3312  -9.694  -82.640  -16.454 0.0000000000
3315  -10.105  -82.792  -16.787 0.0000000000
3316  -10.988  -83.136  -17.557 0.0000000000
3326  -6.200  -81.143  -16.313 0.0000000000
3327  -7.116  -80.945  -16.070 0.0000000000
3328  -8.536  -81.773  -16.310 0.0000000000
3329  -9.571  -82.325  -16.333 0.0000000000
3330  -10.270  -82.854  -16.955 0.0000000000
3331  -11.330  -83.172  -18.091 0.0000000000
3344  -6.434  -80.514  -16.625 0.0000000000
3345  -6.933  -80.394  -16.457 0.0000000000
3346  -9.593  -82.793  -16.463 0.0000000000
3347  -10.422  -82.880  -17.148 0.0000000000
3348  -11.122  -83.044  -18.047 0.0000000000
3349  -11.586  -83.180  -18.604 0.0000000000
3365  -10.705  -83.009  -17.594 0.0000000000
3366  -11.008  -83.001  -18.377 0.0000000000
3367  -11.707  -83.335  -19.150 0.0000000000
3368  -12.043  -83.717  -19.860 0.0000000000
3376  -10.446  -83.339  -19.383 0.0000000000
3377  -10.852  -83.138  -19.149 0.0000000000
3378  -11.488  -83.316  -19.467 0.0000000000
3379  -12.145  -83.819  -20.069 0.0000000000
3384  -10.388  -83.435  -19.604 0.0000000000
3385  -10.663  -83.378  -19.650 0.0000000000
3386  -11.276  -83.417  -19.813 0.0000000000
3387  -11.845  -83.651  -20.002 0.0000000000
3642  -24.668  -79.713  8.082 0.0000000000
3651  -24.352  -79.866  6.763 0.0000000000
3663  -23.867  -80.305  5.537 0.0000000000
3704  -24.070  -81.255  0.714 0.0000000000
3705  -24.550  -80.861  0.135 0.0000000000
3711  -25.187  -80.625  -0.604 0.0000000000
3712  -25.924  -80.405  -1.476 0.0000000000
3715  -26.712  -80.259  -2.372 0.0000000000
3716  -27.268  -80.029  -3.167 0.0000000000
3719  -27.266  -79.816  -3.791 0.0000000000
3722  -24.619  -81.247  -6.202 0.0000000000
3723  -25.193  -80.664  -5.689 0.0000000000
3724  -26.183  -80.037  -4.925 0.0000000000
3725  -26.935  -79.602  -4.407 0.0000000000
3729  -20.183  -83.467  -7.777 0.0000000000
3730  -20.935  -83.993  -8.441 0.0000000000
3731  -21.657  -84.259  -9.125 0.0000000000
3732  -24.254  -82.945  -8.914 0.0000000000
3733  -24.403  -81.753  -7.856 0.0000000000
3734  -24.151  -80.889  -6.351 0.0000000000
3735  -24.547  -79.896  -5.823 0.0000000000
3740  -20.357  -83.674  -8.090 0.0000000000
3741  -21.403  -83.945  -8.598 0.0000000000
3742  -22.642  -83.956  -9.279 0.0000000000
3743  -24.063  -82.806  -8.806 0.0000000000
3744  -24.404  -81.381  -7.945 0.0000000000
3749  -22.415  -84.012  -9.250 0.0000000000
3750  -23.584  -83.460  -9.282 0.0000000000
3843  -9.678  -81.585  -16.364 0.0000000000
3851  -9.596  -81.944  -16.334 0.0000000000
3862  -7.177  -80.254  -16.294 0.0000000000
3863  -7.761  -80.629  -16.257 0.0000000000
3864  -8.576  -81.059  -16.248 0.0000000000
3865  -9.296  -81.767  -16.201 0.0000000000
3875  -6.635  -79.968  -16.713 0.0000000000
3876  -7.284  -80.010  -16.340 0.0000000000
3877  -7.856  -80.230  -16.196 0.0000000000
4200  -24.929  -78.836  7.292 0.0000000000
4201  -24.797  -78.130  7.160 0.0000000000
4211  -24.618  -78.822  6.431 0.0000000000
4212  -24.703  -78.184  6.538 0.0000000000
4225  -23.896  -79.098  5.616 0.0000000000
4226  -24.491  -78.296  5.914 0.0000000000
4235  -23.641  -79.568  4.674 0.0000000000
4244  -24.256  -81.622  4.297 0.0000000000
4256  -23.754  -80.778  1.043 0.0000000000
4269  -23.594  -80.109  1.081 0.0000000000
4270  -23.969  -79.874  0.525 0.0000000000
4271  -24.689  -79.906  -0.149 0.0000000000
4279  -24.457  -79.054  -0.117 0.0000000000
4280  -25.298  -79.308  -0.823 0.0000000000
4281  -26.145  -79.285  -1.787 0.0000000000
4284  -26.629  -79.207  -2.585 0.0000000000
4285  -26.850  -79.025  -3.301 0.0000000000
4287  -26.912  -78.882  -3.917 0.0000000000
4294  -26.712  -78.662  -4.365 0.0000000000
4413  -9.109  -80.913  -15.928 0.0000000000
4424  -8.735  -80.480  -16.001 0.0000000000
4425  -9.201  -81.066  -16.094 0.0000000000
4441  -7.866  -80.072  -16.351 0.0000000000
4442  -8.504  -80.538  -16.180 0.0000000000
4443  -9.203  -81.299  -16.176 0.0000000000
4449  -6.780  -79.706  -17.004 0.0000000000
4450  -7.586  -79.949  -16.378 0.0000000000
4451  -8.174  -80.327  -16.199 0.0000000000
4865  -24.497  -77.522  5.782 0.0000000000
4876  -23.702  -78.661  4.791 0.0000000000
4877  -24.260  -78.017  5.155 0.0000000000
4892  -23.322  -78.818  4.317 0.0000000000
4893  -23.811  -77.957  4.143 0.0000000000
4908  -23.436  -79.089  3.644 0.0000000000
4909  -23.622  -77.815  3.150 0.0000000000
4924  -23.466  -79.494  2.460 0.0000000000
4944  -23.475  -79.001  1.130 0.0000000000
4945  -23.840  -78.382  0.199 0.0000000000
4959  -24.627  -78.089  -0.525 0.0000000000
4960  -25.805  -78.043  -1.484 0.0000000000
4961  -26.305  -78.625  -2.089 0.0000000000
4969  -26.270  -77.397  -2.019 0.0000000000
4970  -26.592  -78.054  -2.557 0.0000000000
4971  -26.845  -78.054  -3.495 0.0000000000
5147  -8.432  -80.353  -16.138 0.0000000000
5170  -7.454  -79.830  -16.535 0.0000000000
5171  -8.259  -80.302  -16.310 0.0000000000
5185  -7.210  -79.832  -16.683 0.0000000000
5684  -24.529  -76.810  4.657 0.0000000000
5700  -24.269  -76.816  3.330 0.0000000000
5715  -23.359  -78.345  2.555 0.0000000000
5716  -23.625  -77.202  2.090 0.0000000000
5726  -23.294  -78.212  1.670 0.0000000000
5727  -23.342  -77.428  1.197 0.0000000000
5744  -23.273  -77.989  1.076 0.0000000000
5745  -23.457  -77.495  0.575 0.0000000000
5763  -24.000  -77.181  -0.208 0.0000000000
5764  -24.921  -76.957  -0.870 0.0000000000
6524  -23.834  -76.318  1.021 0.0000000000
6538  -23.912  -76.446  0.164 0.0000000000
108847  -18.771  -86.646  1.946 0.0000000000
108848  -18.478  -87.841  2.135 0.0000000000
108849  -18.871  -89.425  2.395 0.0000000000
108850  -19.175  -87.107  1.815 0.0000000000
108851  -19.490  -86.032  1.925 0.0000000000
108852  -23.506  -89.450  2.372 0.0000000000
108853  -18.621  -90.282  1.500 0.0000000000
108854  -21.633  -89.202  3.101 0.0000000000
108855  -20.581  -87.465  2.133 0.0000000000
108856  -20.868  -89.617  3.278 0.0000000000
108857  -19.749  -89.453  2.729 0.0000000000
108858  -19.619  -86.597  2.009 0.0000000000
108859  -19.088  -90.694  2.293 0.0000000000
108860  -22.559  -90.173  1.886 0.0000000000
108861  -18.148  -90.618  2.020 0.0000000000
108862  -18.446  -90.193  1.303 0.0000000000
108863  -18.439  -90.560  2.147 0.0000000000
108864  -24.891  -88.731  2.028 0.0000000000
108865  -24.248  -83.720  7.019 0.0000000000
108866  -18.690  -88.656  2.589 0.0000000000
108868  -17.948  -90.526  1.984 0.0000000000
108869  -24.998  -89.153  1.547 0.0000000000
108870  -24.416  -84.590  5.752 0.0000000000
108871  -19.256  -85.310  2.752 0.0000000000
108873  -24.541  -87.316  2.406 0.0000000000
108874  -25.498  -87.990  1.086 0.0000000000
108875  -26.118  -88.286  -0.137 0.0000000000
108876  -19.105  -84.804  1.973 0.0000000000
108877  -18.984  -86.659  1.874 0.0000000000
108878  -25.024  -85.170  5.601 0.0000000000
108884  -23.871  -82.458  8.573 0.0000000000
108887  -17.876  -88.102  1.803 0.0000000000
108890  -18.971  -86.408  2.041 0.0000000000
108891  -24.214  -82.610  1.389 0.0000000000
108892  -24.006  -81.199  7.865 0.0000000000
108893  -24.726  -84.742  5.119 0.0000000000
108894  -25.964  -85.174  -0.521 0.0000000000
108895  -18.035  -87.934  2.039 0.0000000000
108896  -25.087  -85.379  0.670 0.0000000000
108897  -25.263  -84.181  -0.332 0.0000000000
108900  -18.850  -85.182  1.723 0.0000000000
108901  -24.246  -82.404  1.003 0.0000000000
108902  -24.676  -84.116  0.955 0.0000000000
108904  -24.290  -81.346  6.291 0.0000000000
108905  -24.282  -83.932  5.238 0.0000000000
108906  -17.940  -88.722  1.978 0.0000000000
108907  -24.661  -83.305  0.397 0.0000000000
108908  -23.833  -80.894  1.820 0.0000000000
108909  -24.056  -81.894  1.290 0.0000000000
