#!ascii label  , from subject Yale_0050577 vox2ras=TkReg
1684
1773  -16.202  -85.700  5.398 0.0000000000
1774  -17.472  -85.333  4.632 0.0000000000
1775  -17.958  -85.693  4.075 0.0000000000
1777  -18.055  -84.398  4.698 0.0000000000
1778  -18.376  -85.053  3.928 0.0000000000
2195  -15.603  -84.567  6.157 0.0000000000
2196  -16.640  -84.224  5.595 0.0000000000
2197  -17.464  -83.763  5.055 0.0000000000
2198  -18.186  -83.430  4.424 0.0000000000
2199  -18.784  -84.094  3.945 0.0000000000
2203  -18.075  -82.621  4.008 0.0000000000
2298  -10.054  -80.457  -6.579 0.0000000000
2299  -10.350  -80.195  -7.076 0.0000000000
2310  -9.838  -80.399  -7.103 0.0000000000
2311  -10.158  -80.318  -7.116 0.0000000000
2320  -9.475  -80.370  -7.432 0.0000000000
2321  -9.958  -80.395  -7.582 0.0000000000
2637  -14.903  -83.712  6.540 0.0000000000
2638  -15.813  -83.266  6.013 0.0000000000
2640  -16.613  -82.918  5.353 0.0000000000
2641  -17.179  -82.594  4.768 0.0000000000
2652  -17.468  -82.224  4.238 0.0000000000
2696  -16.595  -81.129  2.475 0.0000000000
2697  -17.428  -81.970  2.488 0.0000000000
2698  -18.226  -82.639  2.058 0.0000000000
2699  -18.612  -83.573  1.419 0.0000000000
2733  -10.552  -80.217  -5.828 0.0000000000
2734  -10.920  -79.689  -6.501 0.0000000000
2739  -10.309  -80.330  -6.315 0.0000000000
2740  -10.631  -79.972  -6.929 0.0000000000
2749  -10.197  -80.336  -7.625 0.0000000000
2750  -10.467  -80.194  -7.579 0.0000000000
2760  -9.137  -80.276  -7.799 0.0000000000
2761  -10.142  -80.303  -7.992 0.0000000000
2762  -10.955  -80.039  -8.358 0.0000000000
2777  -9.819  -80.091  -8.416 0.0000000000
2778  -10.756  -80.004  -8.674 0.0000000000
2779  -11.239  -79.853  -8.776 0.0000000000
3086  -13.527  -83.461  6.707 0.0000000000
3087  -14.358  -83.395  6.626 0.0000000000
3089  -14.204  -82.453  6.410 0.0000000000
3090  -14.862  -82.550  6.249 0.0000000000
3091  -15.943  -82.116  5.500 0.0000000000
3101  -16.525  -82.060  4.953 0.0000000000
3102  -16.862  -81.658  4.530 0.0000000000
3114  -17.161  -81.407  4.133 0.0000000000
3125  -17.581  -81.931  3.713 0.0000000000
3134  -18.565  -82.097  1.639 0.0000000000
3150  -13.439  -79.715  1.414 0.0000000000
3151  -14.509  -80.035  1.801 0.0000000000
3152  -15.302  -80.685  2.250 0.0000000000
3155  -14.772  -79.230  1.496 0.0000000000
3156  -15.662  -80.019  1.884 0.0000000000
3157  -16.807  -80.301  2.089 0.0000000000
3158  -17.763  -80.901  2.133 0.0000000000
3159  -18.366  -81.861  1.762 0.0000000000
3160  -18.853  -83.168  1.290 0.0000000000
3177  -11.024  -79.538  -3.754 0.0000000000
3185  -10.783  -80.051  -4.354 0.0000000000
3186  -11.189  -79.428  -4.748 0.0000000000
3195  -10.859  -79.928  -5.175 0.0000000000
3196  -11.191  -79.347  -5.920 0.0000000000
3203  -11.355  -79.224  -7.199 0.0000000000
3204  -11.897  -78.842  -7.771 0.0000000000
3211  -11.267  -79.683  -8.029 0.0000000000
3212  -11.919  -79.136  -8.216 0.0000000000
3220  -11.542  -79.676  -8.713 0.0000000000
3221  -11.931  -79.418  -8.637 0.0000000000
3239  -9.414  -79.781  -8.688 0.0000000000
3240  -10.515  -79.765  -9.007 0.0000000000
3241  -11.549  -79.508  -9.195 0.0000000000
3242  -12.058  -79.323  -9.022 0.0000000000
3259  -8.963  -79.259  -8.785 0.0000000000
3260  -10.162  -79.394  -9.204 0.0000000000
3261  -11.139  -79.308  -9.470 0.0000000000
3262  -11.676  -79.164  -9.558 0.0000000000
3619  -12.151  -83.184  6.840 0.0000000000
3620  -13.017  -82.999  6.189 0.0000000000
3621  -14.039  -81.709  5.843 0.0000000000
3627  -13.860  -82.536  6.427 0.0000000000
3628  -14.456  -81.702  5.841 0.0000000000
3629  -15.533  -81.146  5.359 0.0000000000
3640  -16.327  -81.186  4.937 0.0000000000
3641  -16.752  -80.713  4.351 0.0000000000
3650  -17.146  -80.767  3.765 0.0000000000
3661  -17.577  -81.368  2.929 0.0000000000
3662  -17.488  -80.807  2.355 0.0000000000
3670  -17.945  -81.067  2.052 0.0000000000
3682  -18.220  -80.746  1.618 0.0000000000
3692  -13.952  -79.217  1.300 0.0000000000
3693  -14.367  -79.239  1.416 0.0000000000
3694  -17.968  -79.862  1.467 0.0000000000
3697  -13.379  -78.872  0.353 0.0000000000
3698  -14.189  -78.584  1.065 0.0000000000
3699  -15.075  -78.445  1.208 0.0000000000
3700  -16.053  -79.003  1.486 0.0000000000
3701  -16.914  -79.178  1.568 0.0000000000
3702  -17.770  -79.984  1.639 0.0000000000
3703  -18.373  -81.341  1.463 0.0000000000
3707  -12.596  -78.725  -0.624 0.0000000000
3708  -15.155  -77.776  1.012 0.0000000000
3709  -15.553  -77.983  1.111 0.0000000000
3710  -16.148  -78.193  1.239 0.0000000000
3714  -11.604  -78.746  -2.069 0.0000000000
3717  -11.240  -79.060  -2.998 0.0000000000
3718  -11.405  -78.180  -3.044 0.0000000000
3720  -11.445  -78.732  -4.003 0.0000000000
3721  -11.704  -77.965  -3.749 0.0000000000
3728  -11.549  -78.773  -5.138 0.0000000000
3738  -11.636  -78.658  -5.968 0.0000000000
3739  -11.725  -78.377  -6.432 0.0000000000
3747  -11.499  -78.782  -6.582 0.0000000000
3748  -11.767  -78.320  -7.196 0.0000000000
3755  -12.323  -78.364  -8.283 0.0000000000
3756  -12.794  -77.880  -8.693 0.0000000000
3765  -12.484  -78.883  -8.952 0.0000000000
3766  -12.996  -78.160  -9.057 0.0000000000
3777  -12.065  -78.989  -9.653 0.0000000000
3778  -12.462  -78.850  -9.527 0.0000000000
3779  -13.114  -78.277  -9.597 0.0000000000
3792  -9.838  -79.055  -9.285 0.0000000000
3793  -10.942  -78.916  -9.656 0.0000000000
3794  -11.820  -78.777  -9.862 0.0000000000
3795  -12.581  -78.528  -10.048 0.0000000000
3796  -13.076  -78.239  -10.017 0.0000000000
4169  -12.324  -83.002  6.375 0.0000000000
4170  -12.701  -82.842  6.237 0.0000000000
4171  -13.428  -82.244  5.821 0.0000000000
4172  -13.861  -81.881  5.452 0.0000000000
4183  -13.172  -82.573  6.016 0.0000000000
4184  -14.156  -81.297  5.102 0.0000000000
4185  -14.575  -80.892  4.955 0.0000000000
4186  -15.441  -79.928  4.725 0.0000000000
4197  -13.386  -82.357  5.744 0.0000000000
4198  -16.198  -79.961  4.512 0.0000000000
4199  -16.757  -79.708  3.975 0.0000000000
4210  -17.133  -79.758  3.316 0.0000000000
4223  -17.405  -79.942  2.731 0.0000000000
4224  -17.497  -80.013  2.253 0.0000000000
4234  -17.508  -79.979  1.883 0.0000000000
4243  -17.564  -79.714  1.701 0.0000000000
4255  -17.605  -79.070  1.496 0.0000000000
4264  -13.689  -77.912  0.243 0.0000000000
4265  -14.311  -77.696  0.656 0.0000000000
4266  -14.823  -77.495  0.837 0.0000000000
4267  -17.167  -78.416  1.450 0.0000000000
4268  -17.499  -78.464  1.318 0.0000000000
4274  -12.001  -78.041  -1.440 0.0000000000
4275  -12.759  -77.425  -0.774 0.0000000000
4276  -15.147  -77.300  0.889 0.0000000000
4277  -15.670  -77.312  0.957 0.0000000000
4278  -16.437  -77.622  1.095 0.0000000000
4282  -11.496  -77.427  -2.359 0.0000000000
4283  -11.832  -77.038  -1.733 0.0000000000
4286  -11.429  -77.284  -3.165 0.0000000000
4290  -11.816  -78.133  -4.578 0.0000000000
4291  -11.838  -77.380  -4.024 0.0000000000
4299  -11.845  -78.234  -5.523 0.0000000000
4300  -12.031  -77.571  -5.081 0.0000000000
4310  -11.836  -78.304  -6.062 0.0000000000
4311  -12.062  -77.890  -6.234 0.0000000000
4321  -12.046  -77.693  -7.062 0.0000000000
4322  -12.235  -77.309  -7.354 0.0000000000
4331  -12.107  -77.764  -7.631 0.0000000000
4332  -12.494  -77.333  -8.141 0.0000000000
4342  -13.264  -77.427  -8.958 0.0000000000
4343  -13.782  -77.212  -9.377 0.0000000000
4350  -13.545  -77.659  -9.545 0.0000000000
4351  -14.069  -77.160  -9.792 0.0000000000
4366  -9.487  -79.024  -9.135 0.0000000000
4367  -10.908  -78.471  -9.689 0.0000000000
4368  -11.714  -78.338  -10.144 0.0000000000
4369  -12.460  -78.189  -10.362 0.0000000000
4370  -13.162  -77.742  -10.506 0.0000000000
4371  -13.728  -77.503  -10.150 0.0000000000
4372  -14.228  -77.014  -10.139 0.0000000000
4386  -11.424  -77.982  -10.137 0.0000000000
4387  -11.733  -77.887  -10.330 0.0000000000
4388  -12.393  -77.772  -10.563 0.0000000000
4389  -12.821  -77.729  -10.643 0.0000000000
4826  -13.083  -82.366  5.949 0.0000000000
4827  -13.611  -81.888  5.644 0.0000000000
4828  -13.942  -81.350  5.045 0.0000000000
4837  -13.460  -82.126  5.723 0.0000000000
4838  -13.695  -81.516  5.339 0.0000000000
4839  -14.152  -80.869  4.840 0.0000000000
4840  -14.522  -80.258  4.542 0.0000000000
4841  -15.174  -79.180  4.262 0.0000000000
4842  -15.688  -78.599  4.035 0.0000000000
4850  -13.938  -80.993  4.863 0.0000000000
4851  -14.138  -80.780  4.835 0.0000000000
4852  -16.159  -78.487  3.961 0.0000000000
4853  -16.451  -79.073  4.032 0.0000000000
4862  -13.558  -80.970  4.549 0.0000000000
4863  -16.411  -77.759  3.565 0.0000000000
4864  -16.720  -78.429  3.519 0.0000000000
4874  -17.255  -78.670  2.778 0.0000000000
4875  -17.472  -79.362  2.521 0.0000000000
4890  -17.357  -78.294  2.376 0.0000000000
4891  -17.473  -79.001  2.166 0.0000000000
4906  -17.313  -78.023  2.090 0.0000000000
4907  -17.309  -78.193  1.654 0.0000000000
4923  -17.127  -77.548  1.288 0.0000000000
4939  -13.658  -76.969  -0.015 0.0000000000
4940  -14.392  -76.915  0.486 0.0000000000
4941  -14.812  -77.008  0.710 0.0000000000
4942  -16.825  -77.076  1.074 0.0000000000
4943  -17.163  -77.307  1.243 0.0000000000
4954  -13.013  -75.983  -0.889 0.0000000000
4955  -13.908  -76.079  -0.048 0.0000000000
4956  -14.878  -76.439  0.564 0.0000000000
4957  -15.793  -76.532  0.738 0.0000000000
4958  -16.333  -76.735  0.868 0.0000000000
4967  -11.683  -76.646  -2.359 0.0000000000
4968  -12.046  -76.151  -1.837 0.0000000000
4980  -11.365  -76.705  -2.772 0.0000000000
4981  -11.656  -76.164  -2.785 0.0000000000
4991  -11.587  -76.602  -3.377 0.0000000000
4992  -11.887  -75.923  -3.668 0.0000000000
5006  -12.068  -76.740  -4.371 0.0000000000
5007  -12.475  -76.125  -4.696 0.0000000000
5022  -12.483  -77.018  -5.689 0.0000000000
5023  -13.041  -76.334  -5.734 0.0000000000
5037  -12.296  -77.315  -6.720 0.0000000000
5038  -12.693  -76.676  -7.058 0.0000000000
5051  -13.180  -76.482  -8.513 0.0000000000
5052  -13.874  -76.094  -8.944 0.0000000000
5068  -13.631  -76.975  -9.104 0.0000000000
5069  -14.003  -76.657  -9.350 0.0000000000
5082  -14.420  -76.582  -9.971 0.0000000000
5098  -10.392  -78.565  -9.384 0.0000000000
5099  -13.397  -77.318  -10.761 0.0000000000
5100  -13.758  -77.042  -10.770 0.0000000000
5101  -14.350  -76.648  -10.527 0.0000000000
5112  -11.276  -78.004  -9.935 0.0000000000
5113  -11.775  -77.586  -10.338 0.0000000000
5114  -12.356  -77.259  -10.648 0.0000000000
5115  -13.169  -77.110  -10.919 0.0000000000
5116  -13.904  -76.501  -11.186 0.0000000000
5647  -14.287  -80.396  4.708 0.0000000000
5648  -14.617  -79.582  4.203 0.0000000000
5649  -14.967  -78.724  3.926 0.0000000000
5650  -15.289  -78.183  3.816 0.0000000000
5651  -15.535  -78.134  3.819 0.0000000000
5658  -14.124  -79.628  4.178 0.0000000000
5659  -14.393  -79.681  4.252 0.0000000000
5660  -14.715  -78.894  3.955 0.0000000000
5661  -15.222  -77.680  3.610 0.0000000000
5662  -15.523  -77.449  3.455 0.0000000000
5663  -15.884  -77.490  3.567 0.0000000000
5670  -13.049  -79.298  3.384 0.0000000000
5671  -13.596  -79.121  3.718 0.0000000000
5672  -14.210  -78.704  3.856 0.0000000000
5673  -16.183  -77.213  3.334 0.0000000000
5674  -16.449  -77.168  3.128 0.0000000000
5682  -12.944  -78.683  3.255 0.0000000000
5683  -16.822  -77.359  2.801 0.0000000000
5699  -17.130  -77.602  2.365 0.0000000000
5713  -17.088  -77.109  1.818 0.0000000000
5714  -17.024  -76.894  1.342 0.0000000000
5725  -17.000  -76.515  1.130 0.0000000000
5742  -16.667  -76.079  0.796 0.0000000000
5743  -16.921  -76.331  0.979 0.0000000000
5758  -13.034  -75.294  -1.189 0.0000000000
5759  -13.495  -75.157  -0.777 0.0000000000
5760  -14.308  -75.317  -0.131 0.0000000000
5761  -15.214  -75.483  0.270 0.0000000000
5762  -16.168  -75.773  0.562 0.0000000000
5774  -12.687  -75.373  -1.773 0.0000000000
5775  -13.085  -74.843  -1.503 0.0000000000
5787  -12.273  -75.426  -2.852 0.0000000000
5788  -13.022  -74.886  -2.368 0.0000000000
5795  -12.456  -75.295  -4.112 0.0000000000
5796  -13.110  -74.645  -3.499 0.0000000000
5797  -13.616  -74.272  -3.905 0.0000000000
5807  -12.869  -75.641  -5.007 0.0000000000
5808  -13.401  -75.010  -4.890 0.0000000000
5809  -13.541  -74.503  -4.245 0.0000000000
5825  -13.416  -75.774  -5.629 0.0000000000
5826  -13.903  -75.473  -5.989 0.0000000000
5843  -13.354  -75.961  -6.481 0.0000000000
5844  -13.662  -75.347  -7.089 0.0000000000
5856  -13.142  -75.911  -7.534 0.0000000000
5857  -13.483  -75.311  -8.373 0.0000000000
5872  -14.257  -75.727  -9.499 0.0000000000
5885  -14.733  -75.809  -10.354 0.0000000000
5894  -10.083  -78.599  -9.067 0.0000000000
5895  -11.359  -77.689  -9.459 0.0000000000
5896  -12.088  -76.759  -10.138 0.0000000000
5897  -14.290  -76.400  -11.037 0.0000000000
5898  -14.650  -75.847  -10.947 0.0000000000
5910  -11.631  -77.532  -10.151 0.0000000000
5911  -12.167  -76.846  -10.480 0.0000000000
5912  -12.847  -76.355  -11.102 0.0000000000
5913  -13.619  -76.021  -11.369 0.0000000000
5914  -14.384  -75.739  -11.324 0.0000000000
5915  -14.796  -75.367  -11.162 0.0000000000
6448  -14.883  -78.367  3.825 0.0000000000
6449  -15.033  -77.958  3.726 0.0000000000
6457  -14.518  -77.801  3.671 0.0000000000
6458  -14.780  -78.016  3.767 0.0000000000
6459  -15.066  -77.290  3.456 0.0000000000
6460  -15.401  -76.791  3.148 0.0000000000
6461  -15.727  -76.574  3.055 0.0000000000
6469  -13.488  -77.560  3.268 0.0000000000
6470  -14.041  -77.437  3.438 0.0000000000
6471  -15.990  -76.363  2.966 0.0000000000
6472  -16.213  -76.212  2.846 0.0000000000
6484  -12.814  -77.516  2.859 0.0000000000
6485  -16.500  -76.213  2.627 0.0000000000
6499  -16.852  -76.257  2.127 0.0000000000
6511  -17.069  -75.722  1.316 0.0000000000
6512  -17.029  -76.177  1.167 0.0000000000
6522  -17.147  -75.216  0.956 0.0000000000
6523  -17.024  -75.590  0.938 0.0000000000
6536  -16.650  -75.172  0.488 0.0000000000
6537  -16.893  -75.428  0.752 0.0000000000
6543  -13.954  -74.613  -0.739 0.0000000000
6544  -14.702  -74.494  -0.472 0.0000000000
6545  -15.562  -74.695  -0.142 0.0000000000
6546  -16.170  -74.686  0.023 0.0000000000
6554  -13.489  -74.393  -1.311 0.0000000000
6555  -14.117  -74.015  -1.290 0.0000000000
6564  -13.359  -74.489  -1.959 0.0000000000
6565  -13.741  -74.047  -2.096 0.0000000000
6573  -13.372  -74.328  -2.622 0.0000000000
6574  -13.871  -73.880  -3.251 0.0000000000
6575  -14.758  -73.747  -3.933 0.0000000000
6585  -14.128  -75.016  -5.513 0.0000000000
6586  -14.345  -74.390  -4.779 0.0000000000
6587  -15.189  -73.820  -4.644 0.0000000000
6599  -14.464  -74.807  -6.414 0.0000000000
6600  -14.978  -74.419  -5.821 0.0000000000
6617  -13.857  -74.529  -7.803 0.0000000000
6628  -12.418  -75.487  -7.837 0.0000000000
6629  -13.641  -74.380  -8.358 0.0000000000
6638  -11.927  -76.830  -8.025 0.0000000000
6639  -12.502  -75.876  -8.065 0.0000000000
6640  -14.094  -74.639  -8.990 0.0000000000
6648  -11.945  -77.132  -8.830 0.0000000000
6649  -12.391  -76.342  -8.577 0.0000000000
6650  -14.634  -74.647  -10.086 0.0000000000
6651  -14.804  -74.001  -10.409 0.0000000000
6660  -11.839  -77.096  -9.438 0.0000000000
6661  -12.240  -76.441  -9.614 0.0000000000
6662  -15.002  -75.035  -10.875 0.0000000000
6663  -15.008  -74.318  -10.689 0.0000000000
6675  -12.389  -75.987  -10.550 0.0000000000
6676  -12.699  -75.672  -11.010 0.0000000000
6677  -13.277  -75.296  -11.394 0.0000000000
6678  -14.034  -74.999  -11.516 0.0000000000
6679  -14.731  -74.743  -11.253 0.0000000000
7191  -14.487  -76.879  3.287 0.0000000000
7192  -14.830  -76.423  3.074 0.0000000000
7193  -15.227  -76.128  2.951 0.0000000000
7194  -15.565  -75.712  2.852 0.0000000000
7195  -15.857  -75.716  2.822 0.0000000000
7205  -13.537  -76.391  2.849 0.0000000000
7206  -14.321  -76.081  2.875 0.0000000000
7207  -14.632  -75.488  2.791 0.0000000000
7208  -15.776  -75.036  2.772 0.0000000000
7209  -16.099  -74.994  2.757 0.0000000000
7210  -16.339  -75.389  2.594 0.0000000000
7224  -12.279  -76.189  2.043 0.0000000000
7225  -12.931  -76.220  2.530 0.0000000000
7226  -16.422  -74.650  2.484 0.0000000000
7227  -16.700  -75.030  2.243 0.0000000000
7241  -11.907  -75.811  1.112 0.0000000000
7242  -17.022  -74.908  1.603 0.0000000000
7253  -17.180  -74.639  1.057 0.0000000000
7266  -17.188  -74.842  0.904 0.0000000000
7267  -17.078  -74.736  0.709 0.0000000000
7280  -16.773  -74.421  0.188 0.0000000000
7281  -16.914  -74.679  0.502 0.0000000000
7288  -15.220  -74.123  -0.600 0.0000000000
7289  -15.750  -73.733  -0.696 0.0000000000
7290  -16.489  -74.158  -0.132 0.0000000000
7297  -14.789  -73.615  -1.105 0.0000000000
7298  -15.211  -72.952  -1.723 0.0000000000
7306  -14.297  -73.259  -2.193 0.0000000000
7307  -15.074  -72.659  -2.786 0.0000000000
7315  -14.593  -73.207  -3.194 0.0000000000
7316  -15.550  -73.157  -4.007 0.0000000000
7327  -15.294  -74.044  -5.465 0.0000000000
7328  -15.824  -73.608  -5.148 0.0000000000
7341  -14.451  -74.193  -7.421 0.0000000000
7342  -15.286  -73.877  -6.595 0.0000000000
7343  -15.758  -73.749  -5.857 0.0000000000
7361  -13.852  -73.835  -7.969 0.0000000000
7362  -14.352  -73.442  -7.803 0.0000000000
7376  -13.668  -73.929  -8.185 0.0000000000
7377  -13.836  -73.411  -8.274 0.0000000000
7386  -12.912  -74.995  -8.034 0.0000000000
7387  -13.905  -73.882  -8.535 0.0000000000
7388  -14.076  -73.268  -8.863 0.0000000000
7396  -13.053  -75.253  -8.804 0.0000000000
7397  -13.912  -73.911  -9.372 0.0000000000
7398  -14.127  -73.413  -9.789 0.0000000000
7407  -12.890  -75.226  -10.154 0.0000000000
7408  -12.942  -74.626  -10.811 0.0000000000
7409  -14.980  -74.282  -10.961 0.0000000000
7410  -14.711  -73.496  -10.634 0.0000000000
7420  -12.698  -75.177  -10.902 0.0000000000
7421  -13.100  -74.639  -11.139 0.0000000000
7422  -13.695  -74.202  -11.420 0.0000000000
7423  -14.313  -73.931  -11.398 0.0000000000
7424  -14.734  -73.654  -11.029 0.0000000000
7425  -14.687  -73.108  -10.740 0.0000000000
7436  -13.963  -73.676  -11.418 0.0000000000
7437  -14.173  -73.618  -11.433 0.0000000000
8025  -15.073  -75.578  2.836 0.0000000000
8026  -15.268  -75.152  2.776 0.0000000000
8027  -15.527  -74.802  2.745 0.0000000000
8037  -13.842  -75.270  2.649 0.0000000000
8038  -14.313  -74.889  2.682 0.0000000000
8039  -14.821  -74.794  2.757 0.0000000000
8040  -15.241  -74.183  2.663 0.0000000000
8041  -15.682  -74.146  2.674 0.0000000000
8042  -16.010  -73.920  2.598 0.0000000000
8055  -12.529  -75.218  1.487 0.0000000000
8056  -13.222  -75.101  2.215 0.0000000000
8057  -16.328  -73.978  2.427 0.0000000000
8058  -16.631  -74.043  2.111 0.0000000000
8066  -12.566  -75.131  0.304 0.0000000000
8067  -16.922  -74.070  1.674 0.0000000000
8075  -17.167  -73.899  1.053 0.0000000000
8086  -17.176  -73.886  0.407 0.0000000000
8087  -17.047  -74.350  0.514 0.0000000000
8097  -16.893  -73.746  -0.172 0.0000000000
8098  -17.027  -74.162  0.324 0.0000000000
8107  -15.990  -72.712  -1.482 0.0000000000
8108  -16.385  -73.316  -0.742 0.0000000000
8114  -15.585  -72.230  -2.268 0.0000000000
8121  -16.066  -72.233  -3.318 0.0000000000
8122  -16.745  -71.916  -3.657 0.0000000000
8129  -16.380  -72.689  -4.276 0.0000000000
8130  -16.881  -72.196  -4.188 0.0000000000
8140  -16.303  -73.167  -4.880 0.0000000000
8141  -16.872  -72.659  -5.019 0.0000000000
8155  -15.711  -73.380  -6.711 0.0000000000
8156  -16.261  -73.159  -6.129 0.0000000000
8157  -17.046  -72.317  -5.744 0.0000000000
8178  -15.444  -72.944  -7.425 0.0000000000
8179  -16.161  -72.556  -6.967 0.0000000000
8199  -12.883  -73.977  -7.943 0.0000000000
8200  -14.193  -72.485  -8.371 0.0000000000
8213  -13.565  -74.115  -8.365 0.0000000000
8214  -13.842  -73.709  -8.505 0.0000000000
8215  -14.289  -72.544  -9.175 0.0000000000
8224  -13.788  -74.262  -8.884 0.0000000000
8225  -13.823  -73.933  -8.649 0.0000000000
8226  -14.300  -72.516  -9.864 0.0000000000
8234  -13.460  -74.632  -9.428 0.0000000000
8235  -13.422  -74.386  -10.153 0.0000000000
8236  -14.359  -72.460  -10.308 0.0000000000
8246  -13.335  -73.997  -10.800 0.0000000000
8247  -13.600  -73.695  -11.101 0.0000000000
8248  -14.330  -73.463  -11.348 0.0000000000
8249  -14.458  -73.168  -11.077 0.0000000000
8250  -14.394  -72.728  -10.580 0.0000000000
8265  -13.909  -73.400  -11.264 0.0000000000
8266  -14.211  -73.211  -11.262 0.0000000000
8267  -14.457  -72.879  -10.928 0.0000000000
8872  -13.854  -74.377  2.478 0.0000000000
8873  -14.306  -73.853  2.523 0.0000000000
8874  -14.783  -73.402  2.582 0.0000000000
8875  -15.262  -73.150  2.573 0.0000000000
8876  -15.784  -73.319  2.530 0.0000000000
8877  -16.153  -73.389  2.395 0.0000000000
8891  -13.102  -74.358  1.248 0.0000000000
8892  -13.817  -73.414  1.975 0.0000000000
8893  -14.403  -72.981  2.416 0.0000000000
8894  -14.672  -72.871  2.506 0.0000000000
8895  -15.616  -72.804  2.336 0.0000000000
8896  -16.031  -72.883  2.171 0.0000000000
8897  -16.533  -73.137  1.772 0.0000000000
8898  -16.792  -73.571  1.708 0.0000000000
8907  -13.171  -74.238  0.212 0.0000000000
8908  -13.546  -73.479  0.716 0.0000000000
8909  -16.872  -72.719  1.180 0.0000000000
8910  -17.037  -73.102  1.126 0.0000000000
8918  -13.113  -74.691  -0.987 0.0000000000
8919  -13.620  -73.767  -0.556 0.0000000000
8920  -17.289  -72.949  0.335 0.0000000000
8931  -12.940  -74.820  -2.437 0.0000000000
8932  -13.650  -74.112  -1.953 0.0000000000
8933  -17.323  -72.751  -0.283 0.0000000000
8940  -12.805  -74.920  -3.641 0.0000000000
8941  -13.440  -74.164  -3.214 0.0000000000
8942  -17.112  -72.948  -0.511 0.0000000000
8952  -12.843  -73.774  -4.470 0.0000000000
8953  -16.228  -72.395  -1.581 0.0000000000
8954  -16.540  -72.430  -1.331 0.0000000000
8963  -11.643  -73.079  -5.445 0.0000000000
8964  -12.477  -72.914  -5.255 0.0000000000
8965  -16.037  -72.118  -1.909 0.0000000000
8966  -16.212  -71.639  -2.322 0.0000000000
8973  -16.033  -71.880  -2.571 0.0000000000
8974  -16.537  -71.584  -3.179 0.0000000000
8981  -17.177  -71.657  -3.988 0.0000000000
8990  -17.434  -71.862  -4.933 0.0000000000
9002  -16.715  -72.170  -6.581 0.0000000000
9003  -17.380  -71.484  -6.042 0.0000000000
9019  -15.006  -72.014  -8.219 0.0000000000
9020  -16.039  -71.800  -7.610 0.0000000000
9021  -16.822  -71.377  -6.903 0.0000000000
9041  -12.978  -72.703  -7.730 0.0000000000
9042  -13.853  -72.404  -8.001 0.0000000000
9043  -14.707  -71.398  -8.528 0.0000000000
9044  -15.303  -71.471  -8.285 0.0000000000
9061  -13.556  -73.544  -8.010 0.0000000000
9062  -13.900  -73.082  -8.277 0.0000000000
9063  -14.527  -71.877  -8.766 0.0000000000
9078  -13.891  -74.022  -9.030 0.0000000000
9079  -13.935  -73.575  -8.940 0.0000000000
9080  -14.603  -71.812  -9.316 0.0000000000
9090  -13.867  -74.122  -9.373 0.0000000000
9091  -14.005  -73.762  -9.906 0.0000000000
9092  -14.840  -71.832  -9.715 0.0000000000
9104  -13.833  -73.238  -10.613 0.0000000000
9105  -14.058  -72.852  -10.836 0.0000000000
9106  -14.359  -72.381  -10.428 0.0000000000
9107  -14.612  -72.315  -10.389 0.0000000000
9108  -14.762  -71.701  -9.981 0.0000000000
9123  -14.150  -72.946  -11.049 0.0000000000
9124  -14.262  -72.818  -10.768 0.0000000000
9125  -14.415  -72.664  -10.637 0.0000000000
9696  -14.880  -72.875  2.553 0.0000000000
9697  -15.027  -72.697  2.465 0.0000000000
9711  -14.108  -72.546  1.696 0.0000000000
9712  -14.292  -72.547  2.065 0.0000000000
9713  -14.781  -72.604  2.256 0.0000000000
9714  -15.279  -72.569  2.115 0.0000000000
9715  -15.824  -72.436  1.740 0.0000000000
9716  -16.263  -72.532  1.584 0.0000000000
9725  -13.955  -72.702  1.015 0.0000000000
9726  -16.238  -72.090  1.151 0.0000000000
9727  -16.767  -72.199  0.847 0.0000000000
9728  -17.035  -72.513  0.880 0.0000000000
9735  -13.965  -72.894  -0.159 0.0000000000
9736  -17.109  -71.719  0.219 0.0000000000
9737  -17.221  -72.138  0.251 0.0000000000
9749  -14.180  -73.322  -1.472 0.0000000000
9750  -17.363  -72.080  -0.463 0.0000000000
9757  -14.112  -73.495  -2.799 0.0000000000
9758  -17.038  -71.976  -1.139 0.0000000000
9767  -13.973  -73.662  -3.955 0.0000000000
9768  -16.426  -71.453  -2.139 0.0000000000
9776  -10.931  -72.057  -5.374 0.0000000000
9777  -12.145  -72.006  -5.697 0.0000000000
9778  -13.371  -72.773  -4.983 0.0000000000
9779  -16.541  -71.170  -3.047 0.0000000000
9785  -12.585  -71.417  -5.848 0.0000000000
9786  -13.036  -71.805  -5.535 0.0000000000
9787  -17.184  -71.154  -3.715 0.0000000000
9788  -17.494  -70.783  -4.086 0.0000000000
9795  -17.564  -71.176  -4.409 0.0000000000
9796  -17.516  -70.572  -4.756 0.0000000000
9804  -17.680  -70.993  -5.264 0.0000000000
9805  -17.472  -70.216  -5.536 0.0000000000
9818  -17.535  -70.520  -6.034 0.0000000000
9819  -17.429  -69.876  -6.116 0.0000000000
9834  -16.626  -70.751  -7.545 0.0000000000
9835  -17.162  -70.619  -6.725 0.0000000000
9854  -13.448  -71.618  -7.838 0.0000000000
9855  -14.875  -70.754  -8.626 0.0000000000
9856  -15.677  -70.701  -8.388 0.0000000000
9875  -14.265  -72.008  -8.149 0.0000000000
9876  -15.046  -71.123  -8.835 0.0000000000
9877  -15.126  -70.274  -8.854 0.0000000000
9895  -14.195  -72.253  -8.661 0.0000000000
9896  -14.512  -71.467  -8.635 0.0000000000
9897  -14.888  -71.019  -9.360 0.0000000000
9898  -15.239  -70.242  -9.102 0.0000000000
9907  -14.208  -72.726  -9.603 0.0000000000
9908  -14.615  -71.604  -9.018 0.0000000000
9909  -14.973  -71.085  -9.708 0.0000000000
9910  -15.142  -70.250  -9.365 0.0000000000
9922  -14.333  -72.747  -10.307 0.0000000000
9923  -14.378  -71.691  -10.139 0.0000000000
9924  -14.991  -71.440  -9.931 0.0000000000
9925  -15.008  -71.026  -9.713 0.0000000000
9926  -15.155  -70.410  -9.560 0.0000000000
9927  -15.617  -69.676  -9.426 0.0000000000
10602  -14.462  -72.330  1.590 0.0000000000
10603  -14.811  -72.201  1.527 0.0000000000
10604  -15.172  -72.231  1.623 0.0000000000
10605  -15.676  -72.054  1.264 0.0000000000
10606  -15.949  -72.075  1.278 0.0000000000
10615  -14.418  -72.290  1.046 0.0000000000
10616  -14.714  -72.083  1.091 0.0000000000
10617  -15.940  -71.671  0.747 0.0000000000
10618  -16.152  -71.750  0.809 0.0000000000
10619  -16.583  -71.614  0.499 0.0000000000
10628  -14.376  -72.252  0.063 0.0000000000
10629  -14.771  -71.841  0.223 0.0000000000
10630  -17.010  -71.422  0.062 0.0000000000
10631  -17.227  -71.384  -0.293 0.0000000000
10648  -14.507  -72.457  -1.157 0.0000000000
10649  -14.949  -71.858  -1.017 0.0000000000
10650  -17.359  -71.524  -0.585 0.0000000000
10660  -8.667  -70.427  -5.037 0.0000000000
10661  -14.643  -72.912  -2.326 0.0000000000
10662  -15.131  -72.141  -2.622 0.0000000000
10663  -17.094  -71.353  -1.264 0.0000000000
10672  -9.224  -70.584  -5.519 0.0000000000
10673  -14.648  -72.889  -3.826 0.0000000000
10674  -14.809  -71.648  -4.371 0.0000000000
10675  -16.544  -71.066  -2.136 0.0000000000
10682  -10.227  -70.884  -5.166 0.0000000000
10683  -11.314  -70.913  -5.513 0.0000000000
10684  -13.908  -71.861  -5.112 0.0000000000
10685  -14.150  -70.997  -5.522 0.0000000000
10686  -16.487  -70.781  -3.000 0.0000000000
10687  -16.988  -70.422  -3.597 0.0000000000
10693  -12.089  -70.956  -6.221 0.0000000000
10694  -13.154  -71.030  -5.865 0.0000000000
10695  -13.687  -70.741  -5.959 0.0000000000
10696  -17.133  -70.768  -3.601 0.0000000000
10697  -17.280  -70.306  -4.277 0.0000000000
10704  -17.342  -69.897  -5.203 0.0000000000
10712  -17.423  -69.454  -6.031 0.0000000000
10726  -17.350  -69.904  -6.595 0.0000000000
10727  -17.493  -69.393  -6.622 0.0000000000
10745  -16.545  -70.128  -7.987 0.0000000000
10746  -17.092  -69.703  -7.400 0.0000000000
10747  -17.430  -69.467  -6.969 0.0000000000
10761  -12.932  -70.414  -7.522 0.0000000000
10762  -16.298  -69.806  -8.380 0.0000000000
10763  -16.757  -69.588  -8.033 0.0000000000
10781  -14.040  -70.650  -8.332 0.0000000000
10782  -14.747  -70.088  -8.614 0.0000000000
10783  -15.625  -69.803  -8.677 0.0000000000
10800  -14.565  -71.488  -8.394 0.0000000000
10801  -14.875  -70.668  -8.739 0.0000000000
10802  -15.599  -69.532  -9.034 0.0000000000
10811  -14.786  -70.337  -9.246 0.0000000000
10812  -15.843  -69.417  -9.249 0.0000000000
10822  -15.334  -70.363  -9.869 0.0000000000
10823  -15.479  -70.326  -9.688 0.0000000000
10824  -15.637  -69.918  -9.661 0.0000000000
10825  -15.945  -69.250  -9.595 0.0000000000
10826  -15.976  -68.941  -9.431 0.0000000000
10835  -15.932  -69.247  -9.935 0.0000000000
10836  -15.918  -68.799  -9.861 0.0000000000
11564  -14.945  -71.991  1.180 0.0000000000
11565  -15.185  -71.943  1.147 0.0000000000
11566  -15.462  -71.897  1.058 0.0000000000
11578  -15.080  -71.721  0.616 0.0000000000
11579  -15.511  -71.598  0.489 0.0000000000
11580  -15.829  -71.544  0.521 0.0000000000
11581  -16.190  -71.381  0.270 0.0000000000
11582  -16.443  -71.386  0.245 0.0000000000
11594  -15.400  -71.332  -0.867 0.0000000000
11595  -16.501  -71.158  -0.140 0.0000000000
11596  -16.740  -71.072  -0.310 0.0000000000
11597  -17.042  -70.998  -0.738 0.0000000000
11615  -8.503  -69.123  -4.466 0.0000000000
11616  -15.739  -71.569  -2.234 0.0000000000
11617  -17.005  -70.962  -1.148 0.0000000000
11625  -8.439  -69.891  -4.386 0.0000000000
11626  -9.366  -69.336  -5.164 0.0000000000
11627  -10.146  -68.801  -5.284 0.0000000000
11628  -15.493  -71.271  -3.687 0.0000000000
11629  -16.455  -70.638  -2.188 0.0000000000
11636  -10.086  -70.128  -5.836 0.0000000000
11637  -10.425  -69.405  -5.830 0.0000000000
11638  -14.860  -70.719  -5.055 0.0000000000
11639  -16.568  -70.393  -3.061 0.0000000000
11640  -16.603  -69.965  -3.603 0.0000000000
11646  -10.728  -70.261  -5.618 0.0000000000
11647  -11.248  -70.127  -6.332 0.0000000000
11648  -14.310  -70.417  -5.858 0.0000000000
11649  -16.607  -70.349  -3.364 0.0000000000
11650  -16.811  -69.966  -3.957 0.0000000000
11657  -12.467  -70.368  -6.626 0.0000000000
11658  -13.404  -70.438  -6.272 0.0000000000
11659  -13.957  -70.543  -6.041 0.0000000000
11660  -17.122  -69.605  -4.958 0.0000000000
11667  -17.285  -69.206  -5.751 0.0000000000
11674  -17.400  -68.872  -6.361 0.0000000000
11682  -17.457  -68.834  -6.825 0.0000000000
11697  -17.260  -69.172  -7.591 0.0000000000
11698  -17.413  -68.953  -7.378 0.0000000000
11714  -13.158  -69.331  -8.039 0.0000000000
11715  -16.654  -69.377  -8.314 0.0000000000
11716  -17.078  -68.944  -8.092 0.0000000000
11717  -17.422  -68.294  -8.062 0.0000000000
11736  -14.211  -69.144  -8.577 0.0000000000
11737  -15.114  -69.572  -8.863 0.0000000000
11738  -16.385  -69.175  -8.717 0.0000000000
11739  -17.004  -68.395  -8.876 0.0000000000
11761  -15.498  -69.634  -9.068 0.0000000000
11762  -15.669  -69.173  -9.271 0.0000000000
11763  -16.436  -68.393  -9.288 0.0000000000
11764  -17.023  -68.034  -9.237 0.0000000000
11775  -15.557  -69.488  -9.440 0.0000000000
11776  -15.608  -69.164  -9.501 0.0000000000
11777  -16.122  -68.233  -9.556 0.0000000000
11786  -15.736  -69.570  -9.620 0.0000000000
11787  -15.664  -69.486  -9.858 0.0000000000
11788  -15.628  -69.732  -9.793 0.0000000000
11789  -15.986  -68.505  -9.795 0.0000000000
11790  -16.112  -68.107  -9.732 0.0000000000
11800  -15.705  -69.062  -9.699 0.0000000000
11801  -15.819  -69.096  -9.893 0.0000000000
11802  -15.771  -68.341  -9.840 0.0000000000
11803  -16.152  -67.892  -9.769 0.0000000000
12586  -15.641  -71.211  -0.381 0.0000000000
12587  -15.892  -71.143  -0.240 0.0000000000
12588  -16.130  -71.094  -0.222 0.0000000000
12589  -16.304  -71.092  -0.244 0.0000000000
12599  -15.950  -70.800  -1.411 0.0000000000
12600  -16.030  -70.730  -1.015 0.0000000000
12601  -16.263  -70.689  -0.949 0.0000000000
12602  -16.481  -70.729  -0.836 0.0000000000
12603  -16.672  -70.730  -1.537 0.0000000000
12604  -16.930  -70.759  -1.342 0.0000000000
12619  -8.240  -68.539  -4.170 0.0000000000
12620  -9.273  -68.152  -4.394 0.0000000000
12621  -9.770  -67.576  -4.424 0.0000000000
12622  -16.038  -71.039  -2.192 0.0000000000
12623  -16.541  -70.339  -2.195 0.0000000000
12624  -16.502  -70.490  -2.006 0.0000000000
12636  -9.622  -68.451  -4.707 0.0000000000
12637  -10.210  -68.118  -4.809 0.0000000000
12638  -10.970  -67.867  -5.086 0.0000000000
12639  -15.869  -70.868  -3.245 0.0000000000
12640  -16.724  -70.115  -2.906 0.0000000000
12641  -16.854  -69.837  -3.418 0.0000000000
12649  -10.669  -68.705  -5.444 0.0000000000
12650  -11.212  -68.295  -5.480 0.0000000000
12651  -15.500  -70.317  -4.602 0.0000000000
12652  -15.544  -69.809  -4.950 0.0000000000
12653  -16.546  -70.319  -2.834 0.0000000000
12654  -16.776  -70.039  -3.341 0.0000000000
12659  -11.285  -69.145  -6.219 0.0000000000
12660  -12.506  -68.860  -6.212 0.0000000000
12661  -14.371  -69.708  -6.085 0.0000000000
12662  -15.249  -69.670  -5.476 0.0000000000
12663  -16.630  -69.656  -4.136 0.0000000000
12670  -12.094  -69.705  -6.577 0.0000000000
12671  -13.152  -69.869  -6.519 0.0000000000
12672  -13.903  -70.188  -6.239 0.0000000000
12673  -16.708  -69.353  -4.923 0.0000000000
12682  -17.064  -68.902  -5.694 0.0000000000
12690  -17.238  -68.577  -6.363 0.0000000000
12700  -17.359  -68.359  -6.968 0.0000000000
12718  -17.459  -68.046  -7.745 0.0000000000
12739  -12.223  -68.255  -7.968 0.0000000000
12740  -13.287  -68.146  -8.290 0.0000000000
12741  -17.378  -68.058  -8.635 0.0000000000
12742  -17.530  -67.619  -8.517 0.0000000000
12760  -14.120  -67.755  -8.540 0.0000000000
12761  -14.925  -68.215  -9.006 0.0000000000
12762  -15.331  -67.711  -9.216 0.0000000000
12763  -17.298  -67.792  -9.134 0.0000000000
12764  -17.507  -67.366  -9.048 0.0000000000
12788  -15.408  -69.084  -9.098 0.0000000000
12789  -15.601  -68.469  -9.343 0.0000000000
12790  -16.683  -67.834  -9.480 0.0000000000
12791  -17.047  -67.478  -9.522 0.0000000000
12792  -17.351  -67.296  -9.303 0.0000000000
12811  -15.670  -69.194  -9.511 0.0000000000
12812  -15.784  -68.852  -9.517 0.0000000000
12813  -16.496  -67.608  -9.563 0.0000000000
12814  -16.975  -66.968  -9.904 0.0000000000
12822  -15.638  -69.292  -9.686 0.0000000000
12823  -15.915  -69.037  -9.619 0.0000000000
12824  -16.499  -67.218  -9.832 0.0000000000
12825  -16.976  -66.501  -10.147 0.0000000000
12833  -15.989  -68.714  -9.627 0.0000000000
12834  -16.033  -68.225  -9.667 0.0000000000
12835  -16.304  -67.560  -9.810 0.0000000000
12836  -16.646  -67.100  -9.967 0.0000000000
13585  -16.348  -70.828  -1.764 0.0000000000
13586  -16.400  -70.722  -1.566 0.0000000000
13587  -16.424  -70.629  -1.796 0.0000000000
13588  -16.512  -70.430  -1.916 0.0000000000
13589  -16.708  -70.317  -1.817 0.0000000000
13603  -8.088  -67.782  -3.893 0.0000000000
13604  -8.853  -67.359  -4.027 0.0000000000
13605  -9.538  -67.097  -4.198 0.0000000000
13606  -16.394  -70.797  -2.298 0.0000000000
13607  -16.416  -70.581  -2.565 0.0000000000
13608  -16.354  -70.522  -2.361 0.0000000000
13609  -16.528  -70.175  -2.443 0.0000000000
13610  -16.644  -69.925  -2.545 0.0000000000
13611  -16.631  -70.204  -2.464 0.0000000000
13626  -10.099  -67.107  -4.495 0.0000000000
13627  -10.720  -67.343  -4.953 0.0000000000
13628  -16.229  -70.650  -3.226 0.0000000000
13629  -16.388  -70.319  -3.408 0.0000000000
13630  -16.691  -69.641  -3.254 0.0000000000
13631  -16.643  -69.730  -3.036 0.0000000000
13632  -16.698  -69.701  -3.277 0.0000000000
13641  -11.701  -67.808  -5.550 0.0000000000
13642  -15.879  -70.417  -3.824 0.0000000000
13643  -15.842  -69.963  -4.446 0.0000000000
13644  -16.569  -69.357  -3.826 0.0000000000
13645  -16.712  -69.485  -3.959 0.0000000000
13649  -13.301  -68.378  -5.976 0.0000000000
13650  -14.620  -69.039  -5.787 0.0000000000
13651  -15.401  -69.483  -5.332 0.0000000000
13652  -16.413  -69.140  -4.967 0.0000000000
13657  -16.726  -68.636  -5.753 0.0000000000
13665  -16.962  -68.181  -6.541 0.0000000000
13666  -17.004  -67.795  -7.097 0.0000000000
13674  -17.182  -68.026  -6.996 0.0000000000
13675  -17.080  -67.539  -7.536 0.0000000000
13684  -17.308  -67.767  -7.584 0.0000000000
13685  -17.266  -67.172  -8.101 0.0000000000
13701  -17.458  -67.410  -8.115 0.0000000000
13702  -17.459  -66.880  -8.594 0.0000000000
13719  -12.562  -67.082  -8.061 0.0000000000
13720  -13.472  -67.233  -8.302 0.0000000000
13721  -17.542  -67.228  -8.520 0.0000000000
13722  -17.578  -66.633  -9.015 0.0000000000
13734  -13.365  -66.576  -8.077 0.0000000000
13735  -14.064  -66.673  -8.270 0.0000000000
13736  -14.756  -66.915  -8.544 0.0000000000
13737  -15.293  -67.039  -8.894 0.0000000000
13738  -17.618  -66.859  -9.097 0.0000000000
13739  -17.759  -66.426  -9.424 0.0000000000
13755  -15.683  -67.137  -9.231 0.0000000000
13756  -17.244  -66.622  -9.885 0.0000000000
13757  -17.465  -66.599  -9.621 0.0000000000
13758  -17.647  -66.308  -9.582 0.0000000000
13772  -16.070  -67.323  -9.563 0.0000000000
13773  -16.552  -66.660  -9.682 0.0000000000
13774  -17.252  -66.235  -10.248 0.0000000000
13775  -17.575  -66.068  -10.280 0.0000000000
13794  -15.915  -67.962  -9.642 0.0000000000
13795  -16.510  -66.967  -9.779 0.0000000000
13796  -16.985  -66.406  -10.366 0.0000000000
13797  -17.395  -65.863  -10.790 0.0000000000
13798  -17.521  -65.783  -10.594 0.0000000000
13815  -16.140  -68.009  -9.705 0.0000000000
13816  -16.527  -67.174  -9.895 0.0000000000
13817  -16.930  -66.625  -10.395 0.0000000000
13818  -17.190  -66.204  -10.662 0.0000000000
13819  -17.364  -66.099  -10.881 0.0000000000
14579  -16.423  -70.406  -2.155 0.0000000000
14580  -16.514  -70.310  -2.462 0.0000000000
14595  -7.974  -66.915  -3.741 0.0000000000
14596  -8.666  -66.495  -3.904 0.0000000000
14597  -9.241  -66.264  -4.209 0.0000000000
14598  -16.566  -70.345  -3.134 0.0000000000
14599  -16.538  -70.319  -2.887 0.0000000000
14600  -16.569  -70.095  -2.896 0.0000000000
14601  -16.533  -69.889  -3.042 0.0000000000
14618  -9.796  -66.249  -4.479 0.0000000000
14619  -10.362  -66.431  -4.822 0.0000000000
14620  -16.449  -69.999  -3.701 0.0000000000
14621  -16.634  -69.840  -3.748 0.0000000000
14622  -16.510  -69.605  -3.627 0.0000000000
14623  -16.626  -69.218  -3.344 0.0000000000
14624  -16.654  -69.426  -3.697 0.0000000000
14636  -11.096  -66.709  -5.388 0.0000000000
14637  -15.934  -69.611  -4.595 0.0000000000
14638  -16.599  -69.256  -4.013 0.0000000000
14639  -16.530  -69.215  -4.465 0.0000000000
14644  -12.288  -67.344  -5.788 0.0000000000
14645  -13.677  -68.018  -5.973 0.0000000000
14646  -15.098  -68.960  -5.562 0.0000000000
14647  -16.292  -68.991  -5.135 0.0000000000
14652  -16.384  -68.443  -5.866 0.0000000000
14661  -16.553  -67.953  -6.641 0.0000000000
14662  -16.741  -67.483  -7.380 0.0000000000
14672  -16.923  -66.956  -8.057 0.0000000000
14683  -17.181  -66.466  -8.685 0.0000000000
14684  -17.180  -66.001  -9.023 0.0000000000
14698  -17.494  -66.352  -9.066 0.0000000000
14699  -17.456  -65.924  -9.157 0.0000000000
14712  -13.001  -66.175  -7.265 0.0000000000
14713  -17.648  -66.251  -9.331 0.0000000000
14714  -17.745  -65.872  -9.430 0.0000000000
14724  -13.972  -66.022  -7.413 0.0000000000
14725  -14.734  -66.023  -7.790 0.0000000000
14726  -15.480  -66.094  -8.200 0.0000000000
14727  -15.790  -66.358  -8.696 0.0000000000
14728  -17.725  -65.968  -9.659 0.0000000000
14729  -17.777  -65.457  -10.003 0.0000000000
14747  -16.126  -65.875  -8.339 0.0000000000
14748  -16.326  -66.153  -8.983 0.0000000000
14749  -16.865  -65.880  -9.212 0.0000000000
14750  -17.741  -66.117  -9.883 0.0000000000
14751  -17.774  -65.756  -10.037 0.0000000000
14752  -17.922  -65.043  -10.726 0.0000000000
14760  -16.513  -66.430  -9.440 0.0000000000
14761  -16.830  -66.101  -9.628 0.0000000000
14762  -17.687  -65.721  -10.327 0.0000000000
14763  -18.311  -64.989  -11.106 0.0000000000
14764  -18.450  -64.712  -11.099 0.0000000000
14777  -16.785  -66.328  -9.896 0.0000000000
14778  -17.712  -65.520  -11.204 0.0000000000
14779  -18.027  -65.375  -11.193 0.0000000000
14780  -18.853  -64.878  -11.669 0.0000000000
14788  -16.898  -66.200  -10.216 0.0000000000
14789  -17.322  -65.853  -10.819 0.0000000000
14790  -17.517  -65.615  -11.039 0.0000000000
14791  -17.766  -65.448  -11.612 0.0000000000
14792  -18.474  -65.119  -12.137 0.0000000000
14811  -17.425  -65.340  -11.585 0.0000000000
14812  -17.400  -65.212  -11.862 0.0000000000
14813  -17.609  -65.162  -12.093 0.0000000000
15591  -7.984  -65.829  -3.780 0.0000000000
15592  -8.599  -65.459  -4.044 0.0000000000
15593  -9.111  -65.291  -4.215 0.0000000000
15594  -9.596  -65.295  -4.464 0.0000000000
15609  -7.331  -66.125  -3.852 0.0000000000
15610  -10.086  -65.439  -4.723 0.0000000000
15611  -10.491  -65.696  -5.297 0.0000000000
15612  -16.131  -69.402  -4.653 0.0000000000
15613  -16.434  -69.354  -4.585 0.0000000000
15614  -16.495  -69.341  -4.363 0.0000000000
15615  -16.592  -69.053  -4.081 0.0000000000
15616  -16.593  -69.262  -4.256 0.0000000000
15629  -10.891  -65.925  -5.706 0.0000000000
15630  -15.322  -68.761  -5.643 0.0000000000
15631  -15.682  -68.683  -5.630 0.0000000000
15632  -16.202  -68.930  -5.283 0.0000000000
15633  -16.313  -69.087  -5.034 0.0000000000
15634  -16.385  -69.017  -4.855 0.0000000000
15635  -16.418  -69.168  -4.699 0.0000000000
15640  -11.484  -66.254  -5.916 0.0000000000
15641  -12.429  -66.685  -6.310 0.0000000000
15642  -13.904  -67.624  -6.170 0.0000000000
15643  -14.526  -67.637  -6.370 0.0000000000
15644  -16.213  -68.606  -5.610 0.0000000000
15645  -16.332  -68.713  -5.351 0.0000000000
15652  -12.759  -66.358  -6.716 0.0000000000
15653  -13.382  -66.616  -6.960 0.0000000000
15654  -13.797  -66.722  -7.169 0.0000000000
15655  -16.171  -68.296  -6.031 0.0000000000
15664  -16.157  -67.783  -6.822 0.0000000000
15665  -16.223  -67.239  -7.582 0.0000000000
15673  -16.455  -66.651  -8.169 0.0000000000
15674  -16.573  -66.178  -8.620 0.0000000000
15681  -16.744  -66.443  -8.528 0.0000000000
15682  -16.940  -65.973  -8.826 0.0000000000
15690  -17.397  -65.553  -9.130 0.0000000000
15700  -12.466  -65.329  -6.514 0.0000000000
15701  -17.550  -65.276  -9.705 0.0000000000
15711  -13.546  -65.394  -6.720 0.0000000000
15712  -14.346  -65.400  -7.226 0.0000000000
15713  -15.174  -65.435  -7.655 0.0000000000
15714  -17.787  -64.602  -10.473 0.0000000000
15729  -15.940  -65.414  -8.097 0.0000000000
15730  -16.554  -65.401  -8.466 0.0000000000
15731  -17.052  -65.442  -8.889 0.0000000000
15732  -18.151  -64.337  -11.087 0.0000000000
15742  -17.281  -65.587  -9.282 0.0000000000
15743  -19.071  -64.564  -11.717 0.0000000000
15744  -18.886  -64.301  -11.481 0.0000000000
15758  -17.356  -65.661  -9.898 0.0000000000
15759  -18.938  -64.885  -12.140 0.0000000000
15760  -19.341  -64.507  -12.111 0.0000000000
15761  -19.468  -64.156  -11.967 0.0000000000
15773  -17.553  -65.434  -10.590 0.0000000000
15774  -17.498  -65.198  -11.380 0.0000000000
15775  -18.451  -64.945  -12.567 0.0000000000
15776  -18.921  -64.759  -12.740 0.0000000000
15777  -19.362  -64.374  -12.713 0.0000000000
15778  -19.650  -64.164  -12.428 0.0000000000
15794  -17.350  -64.893  -12.088 0.0000000000
15795  -17.632  -64.700  -12.499 0.0000000000
15796  -18.107  -64.696  -12.738 0.0000000000
15797  -18.733  -64.487  -13.118 0.0000000000
15798  -19.120  -64.344  -13.180 0.0000000000
16527  -8.100  -64.742  -3.891 0.0000000000
16528  -8.695  -64.378  -4.045 0.0000000000
16529  -9.129  -64.162  -4.217 0.0000000000
16530  -9.535  -64.234  -4.369 0.0000000000
16544  -7.399  -65.168  -3.930 0.0000000000
16545  -9.978  -64.357  -4.569 0.0000000000
16546  -10.425  -64.601  -4.880 0.0000000000
16562  -10.995  -65.060  -5.738 0.0000000000
16563  -11.371  -64.547  -5.834 0.0000000000
16564  -15.021  -67.884  -6.458 0.0000000000
16565  -15.553  -68.251  -6.136 0.0000000000
16566  -15.948  -68.500  -5.829 0.0000000000
16567  -16.168  -68.812  -5.533 0.0000000000
16577  -11.663  -65.846  -6.077 0.0000000000
16578  -11.994  -65.408  -6.041 0.0000000000
16579  -14.350  -67.146  -7.153 0.0000000000
16580  -14.878  -67.548  -7.033 0.0000000000
16581  -15.325  -67.811  -6.798 0.0000000000
16582  -15.775  -68.114  -6.425 0.0000000000
16583  -15.979  -68.212  -6.176 0.0000000000
16590  -12.745  -65.550  -6.463 0.0000000000
16591  -13.589  -65.748  -6.360 0.0000000000
16592  -13.895  -66.330  -7.171 0.0000000000
16593  -14.365  -66.775  -7.422 0.0000000000
16594  -14.797  -67.319  -7.385 0.0000000000
16595  -15.550  -67.642  -7.115 0.0000000000
16596  -15.795  -67.662  -7.055 0.0000000000
16599  -13.383  -64.892  -6.483 0.0000000000
16600  -13.901  -65.278  -6.499 0.0000000000
16601  -14.363  -65.737  -6.732 0.0000000000
16602  -15.784  -67.029  -7.798 0.0000000000
16603  -15.989  -66.469  -8.280 0.0000000000
16607  -16.492  -65.933  -8.400 0.0000000000
16608  -16.786  -65.797  -8.636 0.0000000000
16612  -16.782  -65.343  -8.610 0.0000000000
16613  -17.118  -65.227  -8.935 0.0000000000
16622  -17.608  -64.797  -9.352 0.0000000000
16631  -17.685  -64.356  -9.995 0.0000000000
16641  -13.002  -64.566  -6.290 0.0000000000
16642  -13.603  -64.686  -6.912 0.0000000000
16643  -14.447  -64.869  -7.437 0.0000000000
16644  -17.668  -63.940  -10.631 0.0000000000
16658  -15.434  -64.854  -7.950 0.0000000000
16659  -16.317  -64.863  -8.380 0.0000000000
16660  -16.839  -64.840  -8.815 0.0000000000
16661  -17.799  -63.792  -11.082 0.0000000000
16670  -17.328  -64.868  -9.465 0.0000000000
16671  -18.248  -63.472  -11.551 0.0000000000
16687  -17.753  -64.763  -10.380 0.0000000000
16688  -17.670  -64.168  -10.660 0.0000000000
16689  -19.053  -63.575  -11.921 0.0000000000
16703  -17.663  -64.974  -10.975 0.0000000000
16704  -17.477  -64.411  -11.530 0.0000000000
16705  -19.587  -63.936  -12.822 0.0000000000
16706  -19.353  -63.663  -12.480 0.0000000000
16718  -17.623  -64.166  -12.471 0.0000000000
16719  -18.075  -63.921  -13.094 0.0000000000
16720  -18.557  -64.038  -13.331 0.0000000000
16721  -18.966  -64.017  -13.478 0.0000000000
16722  -19.290  -63.820  -13.218 0.0000000000
16723  -19.325  -63.582  -12.953 0.0000000000
16735  -18.370  -63.414  -13.241 0.0000000000
16736  -18.516  -63.517  -13.398 0.0000000000
16737  -18.788  -63.563  -13.478 0.0000000000
16738  -19.040  -63.581  -13.406 0.0000000000
17526  -8.343  -63.769  -3.972 0.0000000000
17527  -8.925  -63.388  -3.925 0.0000000000
17528  -9.332  -63.107  -3.917 0.0000000000
17529  -9.780  -62.985  -3.991 0.0000000000
17530  -10.250  -62.555  -3.596 0.0000000000
17547  -7.481  -64.265  -4.067 0.0000000000
17548  -9.909  -63.607  -4.333 0.0000000000
17549  -10.422  -63.108  -4.307 0.0000000000
17550  -10.980  -62.658  -4.158 0.0000000000
17568  -10.753  -64.038  -4.940 0.0000000000
17569  -11.234  -63.447  -5.018 0.0000000000
17570  -11.685  -62.911  -5.316 0.0000000000
17584  -11.673  -64.324  -5.910 0.0000000000
17585  -11.878  -63.668  -5.869 0.0000000000
17586  -15.014  -67.447  -7.385 0.0000000000
17587  -15.218  -67.502  -7.268 0.0000000000
17595  -12.261  -64.690  -5.962 0.0000000000
17596  -12.816  -64.361  -6.160 0.0000000000
17597  -14.455  -66.185  -7.406 0.0000000000
17598  -14.684  -66.684  -7.497 0.0000000000
17599  -15.221  -67.018  -7.577 0.0000000000
17600  -15.470  -66.726  -7.878 0.0000000000
17605  -13.542  -64.278  -6.528 0.0000000000
17606  -13.844  -64.444  -7.069 0.0000000000
17607  -14.474  -65.206  -7.233 0.0000000000
17608  -14.941  -65.461  -7.383 0.0000000000
17609  -15.426  -65.682  -7.738 0.0000000000
17610  -15.784  -65.927  -8.037 0.0000000000
17611  -16.200  -65.683  -8.224 0.0000000000
17614  -14.198  -64.063  -7.279 0.0000000000
17615  -14.378  -64.163  -7.661 0.0000000000
17616  -14.931  -64.075  -7.847 0.0000000000
17617  -15.708  -64.507  -7.840 0.0000000000
17618  -16.212  -64.775  -8.115 0.0000000000
17619  -16.507  -65.080  -8.454 0.0000000000
17622  -15.363  -63.430  -8.238 0.0000000000
17623  -15.778  -63.595  -8.740 0.0000000000
17624  -16.389  -64.046  -8.673 0.0000000000
17625  -16.840  -64.428  -8.891 0.0000000000
17626  -17.434  -64.351  -9.113 0.0000000000
17634  -16.241  -63.195  -9.022 0.0000000000
17635  -16.721  -63.306  -9.166 0.0000000000
17636  -17.241  -63.638  -9.287 0.0000000000
17637  -17.541  -63.937  -9.572 0.0000000000
17644  -12.742  -63.147  -6.239 0.0000000000
17645  -16.786  -63.036  -9.769 0.0000000000
17646  -17.185  -63.111  -10.005 0.0000000000
17647  -17.484  -63.574  -10.310 0.0000000000
17655  -12.623  -63.823  -6.078 0.0000000000
17656  -13.289  -63.796  -6.343 0.0000000000
17657  -13.753  -63.813  -7.038 0.0000000000
17658  -17.443  -62.783  -10.589 0.0000000000
17659  -17.757  -63.313  -10.837 0.0000000000
17670  -14.197  -64.023  -8.320 0.0000000000
17671  -15.502  -64.052  -9.054 0.0000000000
17672  -16.613  -64.434  -8.728 0.0000000000
17673  -17.869  -62.482  -11.103 0.0000000000
17674  -17.900  -63.108  -11.261 0.0000000000
17685  -15.506  -63.101  -9.624 0.0000000000
17686  -16.806  -63.837  -9.413 0.0000000000
17687  -18.093  -62.280  -11.483 0.0000000000
17688  -18.116  -62.599  -11.685 0.0000000000
17700  -17.473  -63.863  -10.311 0.0000000000
17701  -17.771  -63.494  -10.957 0.0000000000
17702  -18.143  -62.827  -12.156 0.0000000000
17714  -17.969  -63.355  -11.740 0.0000000000
17715  -18.415  -62.903  -12.532 0.0000000000
17732  -18.046  -63.354  -12.627 0.0000000000
17733  -18.515  -63.075  -12.799 0.0000000000
17734  -19.176  -63.320  -13.158 0.0000000000
17735  -18.775  -62.889  -12.838 0.0000000000
17752  -18.751  -62.814  -12.753 0.0000000000
17753  -18.763  -62.830  -13.058 0.0000000000
17754  -19.010  -62.964  -13.151 0.0000000000
17755  -19.043  -63.176  -13.217 0.0000000000
17756  -18.756  -62.910  -13.086 0.0000000000
18596  -8.518  -63.007  -3.818 0.0000000000
18597  -9.202  -62.580  -3.577 0.0000000000
18598  -9.691  -62.385  -3.254 0.0000000000
18599  -10.058  -62.352  -3.052 0.0000000000
18600  -10.342  -62.265  -2.983 0.0000000000
18615  -7.537  -63.379  -4.167 0.0000000000
18616  -10.609  -62.284  -3.205 0.0000000000
18617  -11.102  -62.139  -3.317 0.0000000000
18618  -11.696  -61.908  -3.350 0.0000000000
18631  -11.320  -62.366  -3.997 0.0000000000
18632  -11.799  -62.174  -4.342 0.0000000000
18645  -12.261  -62.616  -5.633 0.0000000000
18646  -12.914  -62.299  -5.784 0.0000000000
18659  -13.138  -63.299  -6.124 0.0000000000
18660  -13.377  -62.610  -6.251 0.0000000000
18674  -13.619  -63.561  -6.604 0.0000000000
18675  -13.905  -63.144  -6.902 0.0000000000
18676  -13.966  -62.621  -7.319 0.0000000000
18685  -14.120  -63.380  -7.457 0.0000000000
18686  -14.201  -62.812  -7.810 0.0000000000
18687  -14.857  -62.529  -8.154 0.0000000000
18697  -15.587  -62.209  -8.515 0.0000000000
18698  -16.159  -62.384  -8.855 0.0000000000
18712  -16.532  -62.398  -9.214 0.0000000000
18713  -16.856  -62.410  -9.556 0.0000000000
18721  -17.175  -62.344  -9.890 0.0000000000
18722  -17.311  -62.223  -10.400 0.0000000000
18727  -13.387  -62.621  -6.586 0.0000000000
18728  -14.022  -62.671  -7.581 0.0000000000
18729  -17.664  -62.056  -10.786 0.0000000000
18738  -14.747  -62.982  -8.632 0.0000000000
18739  -14.816  -62.686  -9.756 0.0000000000
18740  -17.783  -61.903  -11.044 0.0000000000
18752  -15.698  -62.530  -10.148 0.0000000000
18753  -17.238  -62.672  -10.304 0.0000000000
18754  -17.919  -61.956  -11.395 0.0000000000
18755  -18.180  -61.985  -11.645 0.0000000000
18766  -17.585  -62.701  -10.906 0.0000000000
18767  -17.918  -62.547  -11.408 0.0000000000
18768  -18.295  -62.204  -11.927 0.0000000000
18780  -18.203  -62.354  -12.030 0.0000000000
18781  -18.433  -61.762  -12.140 0.0000000000
18782  -18.636  -62.497  -12.111 0.0000000000
18802  -18.537  -62.749  -12.502 0.0000000000
18803  -18.407  -62.056  -12.455 0.0000000000
18804  -18.629  -61.682  -12.391 0.0000000000
18805  -18.858  -62.405  -12.467 0.0000000000
18820  -18.593  -62.130  -12.670 0.0000000000
18821  -18.676  -61.911  -12.548 0.0000000000
18822  -18.925  -62.097  -13.028 0.0000000000
18823  -18.964  -62.343  -13.032 0.0000000000
18824  -18.882  -62.464  -12.788 0.0000000000
19593  -8.602  -62.504  -3.704 0.0000000000
19594  -9.388  -62.076  -2.912 0.0000000000
19595  -9.868  -61.988  -2.443 0.0000000000
19596  -10.400  -61.939  -2.200 0.0000000000
19597  -10.483  -62.109  -2.446 0.0000000000
19609  -8.075  -62.402  -3.997 0.0000000000
19610  -8.891  -62.107  -3.293 0.0000000000
19611  -10.905  -61.750  -1.841 0.0000000000
19612  -11.031  -61.899  -2.267 0.0000000000
19613  -11.878  -61.610  -2.536 0.0000000000
19614  -12.338  -61.462  -3.106 0.0000000000
19624  -7.165  -62.655  -4.717 0.0000000000
19625  -12.694  -61.324  -4.151 0.0000000000
19626  -13.296  -60.890  -4.057 0.0000000000
19640  -12.705  -61.827  -5.251 0.0000000000
19641  -13.286  -61.318  -5.269 0.0000000000
19642  -13.858  -60.798  -5.487 0.0000000000
19658  -13.549  -62.116  -6.384 0.0000000000
19659  -13.938  -61.448  -6.111 0.0000000000
19676  -13.865  -62.199  -6.792 0.0000000000
19677  -14.054  -61.615  -7.096 0.0000000000
19685  -14.523  -61.495  -7.728 0.0000000000
19686  -15.012  -61.184  -8.215 0.0000000000
19695  -15.772  -61.008  -8.237 0.0000000000
19696  -16.346  -61.222  -8.543 0.0000000000
19697  -17.053  -60.854  -8.654 0.0000000000
19712  -16.664  -61.641  -8.888 0.0000000000
19713  -17.267  -61.365  -9.098 0.0000000000
19714  -17.805  -61.140  -9.378 0.0000000000
19729  -17.358  -61.742  -9.590 0.0000000000
19730  -17.962  -61.485  -9.800 0.0000000000
19731  -18.595  -61.124  -10.024 0.0000000000
19737  -13.873  -61.213  -6.985 0.0000000000
19738  -17.804  -61.532  -10.559 0.0000000000
19739  -18.594  -61.033  -10.589 0.0000000000
19749  -14.579  -61.553  -8.619 0.0000000000
19750  -15.273  -61.493  -9.769 0.0000000000
19751  -17.894  -61.417  -11.058 0.0000000000
19752  -18.544  -60.866  -11.236 0.0000000000
19764  -16.187  -61.409  -10.609 0.0000000000
19765  -17.661  -61.424  -10.877 0.0000000000
19766  -17.983  -60.829  -11.246 0.0000000000
19767  -17.961  -61.646  -11.177 0.0000000000
19768  -18.283  -61.369  -11.494 0.0000000000
19780  -17.683  -61.957  -11.268 0.0000000000
19781  -18.088  -61.264  -11.626 0.0000000000
19782  -18.722  -60.783  -11.579 0.0000000000
19783  -18.481  -61.494  -11.772 0.0000000000
19795  -18.313  -61.616  -11.826 0.0000000000
19796  -18.708  -61.139  -11.817 0.0000000000
19797  -18.633  -61.658  -12.117 0.0000000000
19817  -18.883  -61.187  -12.094 0.0000000000
19818  -18.845  -61.274  -12.321 0.0000000000
19819  -18.807  -61.616  -12.487 0.0000000000
19831  -19.014  -61.088  -12.313 0.0000000000
19832  -18.952  -61.210  -12.538 0.0000000000
19833  -19.044  -61.416  -12.784 0.0000000000
19834  -18.939  -61.751  -12.660 0.0000000000
20533  -9.762  -61.709  -2.282 0.0000000000
20534  -10.047  -61.747  -2.038 0.0000000000
20535  -10.263  -61.802  -1.912 0.0000000000
20542  -8.288  -61.960  -3.822 0.0000000000
20543  -9.289  -61.651  -3.036 0.0000000000
20544  -10.178  -61.353  -2.013 0.0000000000
20545  -10.796  -61.473  -1.846 0.0000000000
20546  -11.344  -61.438  -1.838 0.0000000000
20547  -12.057  -61.267  -1.928 0.0000000000
20548  -12.855  -61.079  -2.219 0.0000000000
20549  -13.477  -60.742  -2.392 0.0000000000
20558  -7.273  -62.205  -4.882 0.0000000000
20559  -8.400  -61.706  -3.884 0.0000000000
20560  -13.049  -61.019  -2.853 0.0000000000
20561  -13.633  -60.657  -3.097 0.0000000000
20562  -14.085  -60.197  -3.399 0.0000000000
20575  -6.714  -62.055  -5.790 0.0000000000
20576  -13.630  -60.558  -3.996 0.0000000000
20577  -13.999  -60.140  -4.580 0.0000000000
20578  -14.457  -59.572  -5.148 0.0000000000
20599  -14.278  -60.517  -5.886 0.0000000000
20600  -14.727  -59.509  -6.033 0.0000000000
20616  -14.408  -60.413  -7.061 0.0000000000
20617  -15.136  -59.475  -7.018 0.0000000000
20618  -15.863  -59.093  -7.295 0.0000000000
20626  -15.013  -60.564  -7.521 0.0000000000
20627  -15.501  -60.002  -7.926 0.0000000000
20628  -16.472  -59.288  -7.800 0.0000000000
20629  -17.330  -59.234  -7.940 0.0000000000
20639  -16.186  -60.294  -8.211 0.0000000000
20640  -16.921  -60.130  -8.274 0.0000000000
20641  -17.962  -59.860  -8.494 0.0000000000
20642  -19.021  -59.585  -8.709 0.0000000000
20643  -19.500  -59.373  -8.839 0.0000000000
20654  -17.915  -60.714  -9.059 0.0000000000
20655  -18.595  -60.517  -9.234 0.0000000000
20656  -19.452  -59.826  -9.141 0.0000000000
20671  -18.693  -60.873  -9.718 0.0000000000
20672  -19.502  -60.398  -9.780 0.0000000000
20673  -20.185  -59.903  -9.871 0.0000000000
20678  -14.577  -59.958  -7.591 0.0000000000
20679  -15.080  -59.218  -7.946 0.0000000000
20680  -19.459  -60.541  -10.612 0.0000000000
20681  -20.148  -60.066  -10.246 0.0000000000
20690  -14.903  -60.464  -8.101 0.0000000000
20691  -15.249  -60.024  -8.544 0.0000000000
20692  -19.349  -60.490  -11.141 0.0000000000
20693  -20.045  -60.161  -10.826 0.0000000000
20704  -15.787  -60.178  -9.901 0.0000000000
20705  -16.563  -60.095  -10.708 0.0000000000
20706  -17.491  -60.160  -11.169 0.0000000000
20707  -18.890  -60.713  -11.511 0.0000000000
20708  -19.689  -60.241  -11.329 0.0000000000
20720  -17.992  -60.210  -11.463 0.0000000000
20721  -18.436  -60.204  -11.650 0.0000000000
20722  -18.842  -60.980  -11.576 0.0000000000
20723  -19.176  -60.394  -11.636 0.0000000000
20735  -18.965  -60.311  -11.764 0.0000000000
20736  -19.161  -60.072  -11.867 0.0000000000
20737  -19.140  -60.698  -11.771 0.0000000000
20738  -19.362  -60.197  -11.734 0.0000000000
20752  -19.158  -60.676  -11.828 0.0000000000
20753  -19.127  -60.380  -12.015 0.0000000000
20754  -19.254  -60.167  -12.029 0.0000000000
20755  -19.186  -60.778  -12.268 0.0000000000
20766  -19.053  -60.691  -12.165 0.0000000000
20767  -19.185  -60.505  -12.196 0.0000000000
20768  -19.113  -60.454  -12.469 0.0000000000
20769  -19.212  -60.633  -12.691 0.0000000000
21440  -9.640  -61.090  -2.875 0.0000000000
21441  -10.156  -60.919  -2.305 0.0000000000
21442  -11.244  -60.563  -1.904 0.0000000000
21443  -12.018  -60.809  -1.766 0.0000000000
21444  -12.957  -60.626  -1.871 0.0000000000
21445  -13.587  -60.527  -2.047 0.0000000000
21446  -13.907  -60.474  -2.358 0.0000000000
21455  -8.066  -61.651  -4.411 0.0000000000
21456  -8.990  -61.150  -3.915 0.0000000000
21457  -10.038  -60.663  -2.940 0.0000000000
21458  -10.772  -60.360  -2.405 0.0000000000
21459  -14.251  -60.159  -2.677 0.0000000000
21460  -14.546  -59.604  -3.393 0.0000000000
21461  -14.889  -58.961  -3.891 0.0000000000
21479  -7.602  -61.558  -5.477 0.0000000000
21480  -8.480  -61.016  -4.837 0.0000000000
21481  -14.570  -59.350  -4.338 0.0000000000
21482  -14.980  -58.736  -4.903 0.0000000000
21483  -15.605  -58.174  -5.262 0.0000000000
21505  -7.496  -61.123  -6.180 0.0000000000
21506  -15.342  -58.709  -5.971 0.0000000000
21507  -16.168  -58.250  -5.807 0.0000000000
21522  -15.815  -58.711  -6.586 0.0000000000
21523  -16.774  -58.456  -6.640 0.0000000000
21524  -17.675  -58.270  -6.726 0.0000000000
21533  -17.256  -58.685  -7.357 0.0000000000
21534  -18.068  -58.548  -7.475 0.0000000000
21535  -18.774  -58.411  -7.612 0.0000000000
21536  -19.190  -58.341  -7.893 0.0000000000
21544  -18.395  -58.837  -8.027 0.0000000000
21545  -18.808  -58.917  -8.254 0.0000000000
21546  -19.451  -58.885  -8.486 0.0000000000
21557  -19.905  -59.240  -9.031 0.0000000000
21558  -20.236  -59.149  -9.247 0.0000000000
21570  -19.820  -59.740  -9.364 0.0000000000
21571  -20.222  -59.503  -9.524 0.0000000000
21580  -14.417  -58.560  -7.790 0.0000000000
21581  -20.523  -59.559  -9.983 0.0000000000
21589  -15.352  -58.273  -8.560 0.0000000000
21590  -15.754  -57.679  -9.215 0.0000000000
21591  -20.488  -59.626  -10.528 0.0000000000
21599  -15.734  -59.251  -9.113 0.0000000000
21600  -16.138  -58.577  -9.750 0.0000000000
21601  -17.036  -58.911  -10.730 0.0000000000
21602  -20.283  -59.719  -11.100 0.0000000000
21615  -17.670  -59.230  -11.260 0.0000000000
21616  -18.122  -59.326  -11.518 0.0000000000
21617  -19.780  -59.840  -11.620 0.0000000000
21632  -18.543  -59.131  -11.730 0.0000000000
21633  -18.935  -59.500  -11.853 0.0000000000
21634  -19.570  -59.858  -11.958 0.0000000000
21635  -19.506  -59.957  -11.774 0.0000000000
21647  -18.756  -58.718  -11.832 0.0000000000
21648  -19.079  -59.189  -11.885 0.0000000000
21649  -19.416  -59.750  -11.911 0.0000000000
21650  -19.600  -59.713  -12.230 0.0000000000
21660  -19.291  -58.964  -11.915 0.0000000000
21661  -19.557  -59.626  -11.970 0.0000000000
21662  -19.565  -59.812  -12.123 0.0000000000
21663  -19.560  -59.552  -12.091 0.0000000000
22345  -12.029  -59.933  -1.970 0.0000000000
22346  -12.410  -60.059  -1.786 0.0000000000
22347  -13.124  -60.098  -1.749 0.0000000000
22348  -13.782  -60.100  -1.906 0.0000000000
22349  -14.067  -60.181  -2.189 0.0000000000
22358  -9.864  -60.356  -3.759 0.0000000000
22359  -10.744  -60.038  -3.195 0.0000000000
22360  -11.736  -59.592  -2.520 0.0000000000
22361  -12.564  -59.428  -2.044 0.0000000000
22362  -13.233  -59.447  -1.920 0.0000000000
22363  -13.880  -59.465  -2.008 0.0000000000
22364  -14.404  -59.477  -2.522 0.0000000000
22365  -14.949  -58.833  -3.320 0.0000000000
22366  -15.216  -58.475  -3.998 0.0000000000
22384  -8.319  -61.090  -5.689 0.0000000000
22385  -9.114  -60.454  -4.824 0.0000000000
22386  -10.466  -59.632  -4.380 0.0000000000
22387  -11.297  -59.432  -3.455 0.0000000000
22388  -15.532  -57.958  -4.565 0.0000000000
22389  -16.187  -57.659  -5.090 0.0000000000
22406  -6.881  -60.741  -6.504 0.0000000000
22407  -8.239  -60.508  -6.123 0.0000000000
22408  -9.634  -59.749  -5.779 0.0000000000
22409  -10.454  -59.343  -5.231 0.0000000000
22410  -17.110  -57.780  -5.581 0.0000000000
22411  -17.894  -57.636  -5.754 0.0000000000
22421  -6.913  -60.227  -7.019 0.0000000000
22422  -8.482  -59.825  -6.515 0.0000000000
22423  -9.316  -59.486  -6.386 0.0000000000
22424  -17.647  -58.022  -6.115 0.0000000000
22425  -18.342  -57.860  -6.361 0.0000000000
22426  -18.911  -57.783  -6.594 0.0000000000
22435  -18.708  -58.058  -6.993 0.0000000000
22436  -19.108  -57.957  -7.199 0.0000000000
22437  -19.374  -58.021  -7.601 0.0000000000
22445  -19.512  -58.249  -8.113 0.0000000000
22454  -19.853  -58.540  -8.689 0.0000000000
22455  -20.166  -58.883  -9.136 0.0000000000
22463  -20.260  -58.496  -9.246 0.0000000000
22464  -20.408  -59.002  -9.344 0.0000000000
22471  -14.117  -57.404  -8.244 0.0000000000
22472  -20.524  -58.490  -9.913 0.0000000000
22473  -20.577  -59.025  -9.676 0.0000000000
22482  -14.686  -56.997  -8.733 0.0000000000
22483  -15.307  -56.978  -9.135 0.0000000000
22484  -20.492  -58.493  -10.509 0.0000000000
22485  -20.694  -59.055  -10.222 0.0000000000
22491  -15.933  -57.082  -9.662 0.0000000000
22492  -16.583  -57.504  -10.404 0.0000000000
22493  -20.320  -58.497  -11.028 0.0000000000
22494  -20.584  -59.108  -10.800 0.0000000000
22503  -17.308  -57.867  -11.219 0.0000000000
22504  -17.811  -58.698  -11.409 0.0000000000
22505  -20.019  -58.537  -11.425 0.0000000000
22506  -20.273  -59.181  -11.318 0.0000000000
22520  -17.414  -57.151  -11.859 0.0000000000
22521  -17.978  -58.271  -11.598 0.0000000000
22522  -19.680  -58.756  -11.765 0.0000000000
22523  -19.885  -59.349  -11.690 0.0000000000
22536  -17.313  -56.718  -12.369 0.0000000000
22537  -18.119  -57.448  -12.093 0.0000000000
22538  -18.784  -58.280  -11.865 0.0000000000
22539  -19.371  -58.182  -11.798 0.0000000000
22540  -19.452  -58.769  -11.900 0.0000000000
22551  -18.302  -56.756  -12.510 0.0000000000
22552  -18.862  -57.794  -12.003 0.0000000000
22553  -19.285  -58.356  -11.851 0.0000000000
22554  -19.452  -58.829  -11.866 0.0000000000
22555  -19.458  -59.046  -12.010 0.0000000000
23226  -12.283  -58.957  -2.805 0.0000000000
23227  -12.619  -58.939  -2.519 0.0000000000
23228  -13.222  -58.790  -2.300 0.0000000000
23229  -13.846  -58.811  -2.230 0.0000000000
23230  -14.393  -58.761  -2.515 0.0000000000
23231  -14.873  -58.496  -3.032 0.0000000000
23232  -15.355  -57.988  -3.762 0.0000000000
23249  -11.444  -59.091  -4.077 0.0000000000
23250  -12.005  -58.894  -3.328 0.0000000000
23251  -12.631  -58.452  -2.982 0.0000000000
23252  -13.013  -58.435  -2.635 0.0000000000
23253  -16.075  -57.375  -4.440 0.0000000000
23254  -16.956  -57.264  -4.895 0.0000000000
23268  -10.426  -59.163  -5.692 0.0000000000
23269  -11.193  -58.874  -5.127 0.0000000000
23270  -12.012  -58.531  -4.143 0.0000000000
23271  -12.453  -58.326  -3.530 0.0000000000
23272  -17.690  -57.284  -5.329 0.0000000000
23273  -18.319  -57.367  -5.725 0.0000000000
23282  -6.273  -59.790  -7.738 0.0000000000
23283  -7.701  -59.547  -7.150 0.0000000000
23284  -8.915  -59.261  -6.729 0.0000000000
23285  -10.058  -59.096  -6.463 0.0000000000
23286  -10.704  -58.865  -5.862 0.0000000000
23287  -18.839  -57.477  -6.151 0.0000000000
23288  -19.112  -57.571  -6.741 0.0000000000
23297  -6.953  -59.079  -8.042 0.0000000000
23298  -8.509  -58.884  -7.195 0.0000000000
23299  -9.356  -58.918  -6.833 0.0000000000
23300  -19.308  -57.733  -7.310 0.0000000000
23301  -19.509  -57.899  -7.753 0.0000000000
23311  -19.666  -58.073  -8.214 0.0000000000
23318  -19.852  -58.063  -8.619 0.0000000000
23324  -20.031  -57.914  -9.053 0.0000000000
23330  -13.931  -56.496  -8.690 0.0000000000
23331  -20.255  -57.907  -9.608 0.0000000000
23339  -13.126  -56.087  -9.334 0.0000000000
23340  -14.394  -56.106  -9.369 0.0000000000
23341  -15.255  -56.282  -9.725 0.0000000000
23342  -20.248  -57.838  -10.289 0.0000000000
23350  -13.365  -55.518  -10.320 0.0000000000
23351  -14.455  -55.777  -10.559 0.0000000000
23352  -15.711  -56.256  -10.490 0.0000000000
23353  -16.459  -56.717  -11.084 0.0000000000
23354  -20.156  -57.760  -10.873 0.0000000000
23359  -14.948  -55.718  -11.118 0.0000000000
23360  -15.402  -56.017  -11.798 0.0000000000
23361  -16.521  -56.659  -11.891 0.0000000000
23362  -19.970  -57.685  -11.299 0.0000000000
23370  -15.720  -55.690  -12.519 0.0000000000
23371  -16.653  -56.293  -12.473 0.0000000000
23372  -19.638  -57.577  -11.595 0.0000000000
23386  -16.056  -55.307  -12.897 0.0000000000
23387  -16.962  -55.834  -12.828 0.0000000000
23388  -17.724  -55.954  -12.859 0.0000000000
23389  -19.048  -56.682  -12.471 0.0000000000
23390  -19.200  -57.063  -12.202 0.0000000000
23391  -19.389  -57.445  -11.859 0.0000000000
23408  -18.154  -56.024  -12.874 0.0000000000
23409  -18.567  -56.571  -12.572 0.0000000000
23410  -18.977  -56.972  -12.353 0.0000000000
23411  -19.258  -57.880  -11.885 0.0000000000
24137  -13.291  -58.307  -2.579 0.0000000000
24138  -13.665  -58.247  -2.552 0.0000000000
24139  -14.267  -58.191  -2.673 0.0000000000
24140  -14.797  -58.061  -3.002 0.0000000000
24141  -15.183  -57.842  -3.437 0.0000000000
24163  -12.762  -58.076  -3.341 0.0000000000
24164  -13.204  -57.919  -3.048 0.0000000000
24165  -13.960  -57.712  -2.978 0.0000000000
24166  -14.603  -57.590  -3.161 0.0000000000
24167  -15.163  -57.460  -3.523 0.0000000000
24168  -15.727  -57.301  -4.037 0.0000000000
24169  -16.626  -56.976  -4.623 0.0000000000
24184  -11.633  -58.410  -5.477 0.0000000000
24185  -12.071  -58.257  -4.904 0.0000000000
24186  -12.742  -57.853  -4.024 0.0000000000
24187  -13.292  -57.598  -3.683 0.0000000000
24188  -17.378  -56.967  -5.062 0.0000000000
24189  -18.000  -57.027  -5.466 0.0000000000
24198  -10.369  -58.551  -6.561 0.0000000000
24199  -11.123  -58.499  -6.219 0.0000000000
24200  -12.007  -58.015  -5.619 0.0000000000
24201  -12.540  -57.804  -4.958 0.0000000000
24202  -18.568  -57.102  -5.876 0.0000000000
24203  -18.976  -57.200  -6.391 0.0000000000
24211  -7.411  -58.542  -8.336 0.0000000000
24212  -8.319  -58.428  -7.924 0.0000000000
24213  -9.661  -58.428  -7.038 0.0000000000
24214  -10.606  -58.193  -6.724 0.0000000000
24215  -19.283  -57.374  -7.231 0.0000000000
24216  -19.433  -57.684  -7.524 0.0000000000
24227  -7.798  -58.344  -8.492 0.0000000000
24228  -19.477  -57.274  -8.055 0.0000000000
24229  -19.588  -57.715  -7.958 0.0000000000
24239  -19.613  -57.115  -8.810 0.0000000000
24240  -19.782  -57.587  -8.596 0.0000000000
24249  -19.602  -56.957  -9.642 0.0000000000
24250  -19.948  -57.442  -9.258 0.0000000000
24255  -19.615  -56.686  -10.439 0.0000000000
24256  -19.965  -57.300  -10.006 0.0000000000
24260  -19.635  -56.409  -10.889 0.0000000000
24261  -19.864  -56.883  -10.862 0.0000000000
24268  -12.311  -55.026  -11.464 0.0000000000
24269  -13.340  -55.107  -11.293 0.0000000000
24270  -19.850  -57.002  -11.279 0.0000000000
24277  -12.628  -54.183  -12.119 0.0000000000
24278  -14.018  -55.066  -12.025 0.0000000000
24279  -14.796  -55.098  -12.566 0.0000000000
24280  -19.691  -56.678  -11.674 0.0000000000
24288  -11.959  -53.628  -13.122 0.0000000000
24289  -13.108  -53.598  -12.917 0.0000000000
24290  -14.096  -53.855  -12.961 0.0000000000
24291  -15.086  -54.279  -13.084 0.0000000000
24292  -19.409  -55.825  -12.370 0.0000000000
24293  -19.526  -56.385  -12.107 0.0000000000
24304  -16.009  -54.176  -13.252 0.0000000000
24305  -16.986  -54.562  -13.258 0.0000000000
24306  -17.821  -54.955  -13.103 0.0000000000
24307  -18.390  -55.185  -12.970 0.0000000000
24308  -18.925  -56.007  -12.670 0.0000000000
24309  -19.316  -56.222  -12.355 0.0000000000
24310  -19.445  -56.662  -12.128 0.0000000000
24327  -18.329  -55.777  -12.881 0.0000000000
24328  -18.694  -56.149  -12.718 0.0000000000
24329  -18.876  -56.370  -12.602 0.0000000000
25077  -13.653  -57.513  -3.472 0.0000000000
25078  -14.196  -57.233  -3.532 0.0000000000
25079  -14.905  -57.052  -3.668 0.0000000000
25080  -15.543  -56.964  -4.012 0.0000000000
25081  -16.203  -56.850  -4.374 0.0000000000
25082  -16.632  -56.750  -4.677 0.0000000000
25093  -12.927  -57.555  -4.704 0.0000000000
25094  -13.475  -57.213  -4.303 0.0000000000
25095  -14.416  -56.838  -4.141 0.0000000000
25096  -15.156  -56.681  -4.229 0.0000000000
25097  -15.830  -56.635  -4.476 0.0000000000
25098  -16.421  -56.641  -4.750 0.0000000000
25099  -17.073  -56.727  -4.954 0.0000000000
25100  -17.664  -56.874  -5.268 0.0000000000
25113  -11.062  -58.079  -6.716 0.0000000000
25114  -11.662  -57.708  -6.483 0.0000000000
25115  -12.591  -57.202  -5.441 0.0000000000
25116  -13.332  -56.803  -5.253 0.0000000000
25117  -17.535  -56.685  -5.389 0.0000000000
25118  -18.158  -56.768  -5.726 0.0000000000
25119  -18.746  -56.923  -6.133 0.0000000000
25128  -8.375  -58.128  -8.339 0.0000000000
25129  -9.157  -57.762  -7.993 0.0000000000
25130  -10.580  -57.674  -7.219 0.0000000000
25131  -11.438  -57.046  -7.004 0.0000000000
25132  -18.542  -56.720  -6.425 0.0000000000
25133  -18.991  -56.935  -6.749 0.0000000000
25144  -7.952  -57.723  -8.894 0.0000000000
25145  -9.300  -57.478  -8.783 0.0000000000
25146  -18.697  -56.674  -7.323 0.0000000000
25147  -19.174  -56.944  -7.611 0.0000000000
25156  -7.217  -57.374  -10.063 0.0000000000
25157  -8.139  -57.184  -9.516 0.0000000000
25158  -18.914  -56.665  -8.362 0.0000000000
25159  -19.319  -56.917  -8.360 0.0000000000
25168  -18.871  -56.525  -8.996 0.0000000000
25169  -19.163  -56.676  -9.194 0.0000000000
25178  -19.228  -56.365  -10.245 0.0000000000
25182  -19.612  -55.969  -11.262 0.0000000000
25185  -19.686  -55.947  -11.658 0.0000000000
25189  -19.559  -55.528  -12.163 0.0000000000
25195  -13.749  -53.063  -13.538 0.0000000000
25196  -14.403  -53.260  -13.337 0.0000000000
25197  -19.260  -55.472  -12.492 0.0000000000
25198  -19.341  -55.245  -12.438 0.0000000000
25210  -14.909  -52.865  -13.731 0.0000000000
25211  -16.280  -53.160  -13.679 0.0000000000
25212  -17.225  -53.505  -13.479 0.0000000000
25213  -17.954  -53.933  -13.336 0.0000000000
25214  -18.544  -54.440  -13.109 0.0000000000
25215  -18.995  -54.991  -12.740 0.0000000000
25216  -19.172  -54.998  -12.567 0.0000000000
26089  -13.948  -56.793  -4.843 0.0000000000
26090  -14.559  -56.600  -4.884 0.0000000000
26091  -15.283  -56.509  -4.952 0.0000000000
26092  -15.963  -56.471  -5.080 0.0000000000
26093  -16.599  -56.509  -5.242 0.0000000000
26094  -17.134  -56.536  -5.398 0.0000000000
26104  -12.070  -56.875  -6.387 0.0000000000
26105  -12.776  -56.523  -6.136 0.0000000000
26106  -13.738  -56.361  -5.604 0.0000000000
26107  -14.576  -56.260  -5.618 0.0000000000
26108  -15.323  -56.256  -5.668 0.0000000000
26109  -16.023  -56.282  -5.742 0.0000000000
26110  -16.712  -56.337  -5.919 0.0000000000
26111  -17.512  -56.474  -5.892 0.0000000000
26112  -18.054  -56.551  -6.233 0.0000000000
26123  -9.917  -57.154  -8.157 0.0000000000
26124  -10.940  -56.867  -8.034 0.0000000000
26125  -12.060  -56.764  -7.348 0.0000000000
26126  -12.693  -56.351  -6.987 0.0000000000
26127  -17.014  -56.311  -6.567 0.0000000000
26128  -17.622  -56.413  -6.675 0.0000000000
26129  -18.183  -56.525  -6.888 0.0000000000
26137  -8.810  -57.171  -9.185 0.0000000000
26138  -9.823  -56.780  -9.001 0.0000000000
26139  -10.824  -56.507  -8.886 0.0000000000
26140  -17.116  -56.271  -7.406 0.0000000000
26141  -17.736  -56.385  -7.466 0.0000000000
26142  -18.199  -56.488  -7.607 0.0000000000
26149  -8.232  -56.258  -9.827 0.0000000000
26150  -9.243  -55.784  -9.352 0.0000000000
26151  -17.367  -56.262  -8.035 0.0000000000
26152  -17.842  -56.307  -8.483 0.0000000000
26153  -18.434  -56.524  -8.156 0.0000000000
26164  -18.453  -56.337  -9.204 0.0000000000
26165  -18.831  -56.453  -9.334 0.0000000000
26207  -19.031  -54.325  -12.825 0.0000000000
27137  -13.208  -56.200  -6.445 0.0000000000
27138  -13.823  -56.035  -6.412 0.0000000000
27139  -14.578  -55.968  -6.434 0.0000000000
27140  -15.320  -56.027  -6.460 0.0000000000
27141  -15.998  -56.131  -6.496 0.0000000000
27142  -16.469  -56.215  -6.644 0.0000000000
27152  -11.497  -56.390  -8.350 0.0000000000
27153  -12.271  -56.368  -7.935 0.0000000000
27154  -13.086  -56.195  -7.413 0.0000000000
27155  -13.826  -55.840  -7.311 0.0000000000
27156  -14.522  -55.714  -7.466 0.0000000000
27157  -15.369  -55.817  -7.284 0.0000000000
27158  -16.027  -55.974  -7.277 0.0000000000
27159  -16.593  -56.152  -7.224 0.0000000000
27171  -9.984  -55.482  -9.195 0.0000000000
27172  -10.945  -55.827  -8.947 0.0000000000
27173  -14.870  -55.671  -7.985 0.0000000000
27174  -15.437  -55.801  -8.330 0.0000000000
27175  -16.276  -55.965  -7.975 0.0000000000
27176  -16.694  -56.137  -7.729 0.0000000000
27182  -9.001  -55.193  -9.870 0.0000000000
27184  -16.080  -56.079  -9.119 0.0000000000
27185  -16.856  -56.117  -8.451 0.0000000000
27186  -17.346  -56.216  -8.545 0.0000000000
28196  -11.597  -56.031  -8.895 0.0000000000
28197  -12.339  -56.039  -8.536 0.0000000000
28198  -13.124  -56.048  -8.373 0.0000000000
28199  -13.875  -55.775  -8.110 0.0000000000
28200  -14.196  -55.645  -7.981 0.0000000000
28211  -9.631  -54.573  -9.893 0.0000000000
28212  -10.617  -55.059  -9.522 0.0000000000
28213  -11.555  -55.502  -9.411 0.0000000000
28214  -12.377  -55.904  -9.361 0.0000000000
28215  -13.255  -55.875  -9.375 0.0000000000
28216  -14.261  -55.787  -8.559 0.0000000000
28217  -14.822  -55.711  -8.490 0.0000000000
28226  -8.923  -54.620  -10.628 0.0000000000
108867  -19.245  -84.772  2.645 0.0000000000
108872  -18.556  -82.776  2.343 0.0000000000
108879  -19.065  -84.780  3.286 0.0000000000
108880  -18.532  -83.248  3.468 0.0000000000
108881  -18.395  -82.738  1.998 0.0000000000
108882  -18.395  -83.263  1.772 0.0000000000
108883  -18.648  -83.729  1.499 0.0000000000
108885  -18.569  -82.423  1.883 0.0000000000
108886  -18.606  -82.874  1.665 0.0000000000
108888  -18.717  -83.018  1.456 0.0000000000
108889  -18.680  -83.359  1.403 0.0000000000
108898  -18.767  -83.570  1.325 0.0000000000
108899  -18.795  -82.653  1.410 0.0000000000
108903  -17.831  -81.478  2.350 0.0000000000
