#!ascii label  , from subject Yale_0050577 vox2ras=TkReg
213
32593  1.184  -49.475  -9.083 0.0000000000
32613  1.163  -49.435  -11.254 0.0000000000
32629  0.900  -49.576  -14.425 0.0000000000
32630  0.993  -49.634  -12.967 0.0000000000
32645  1.488  -49.765  -15.525 0.0000000000
33767  1.204  -47.891  -7.157 0.0000000000
33768  1.154  -47.210  -7.534 0.0000000000
33778  1.197  -48.746  -7.555 0.0000000000
33779  1.560  -48.186  -8.880 0.0000000000
33793  2.035  -47.848  -11.710 0.0000000000
33794  1.730  -48.337  -10.818 0.0000000000
33808  4.599  -49.269  -16.336 0.0000000000
33809  1.348  -48.289  -13.826 0.0000000000
33810  1.341  -48.854  -12.536 0.0000000000
33819  3.239  -48.845  -16.722 0.0000000000
33820  2.079  -48.734  -16.450 0.0000000000
33821  1.625  -48.994  -15.331 0.0000000000
34907  0.896  -47.294  -5.843 0.0000000000
34908  0.619  -46.516  -6.300 0.0000000000
34909  0.557  -46.062  -6.484 0.0000000000
34913  0.998  -47.698  -6.433 0.0000000000
34914  0.863  -47.144  -6.687 0.0000000000
34915  0.770  -46.342  -7.027 0.0000000000
34920  1.380  -46.626  -8.229 0.0000000000
34931  2.284  -46.938  -10.991 0.0000000000
34932  2.129  -47.197  -9.894 0.0000000000
34947  6.165  -48.859  -15.786 0.0000000000
34948  5.300  -48.999  -16.049 0.0000000000
34949  2.154  -47.164  -12.557 0.0000000000
34955  5.076  -47.916  -16.181 0.0000000000
34956  4.098  -48.107  -16.499 0.0000000000
34957  2.418  -47.647  -16.469 0.0000000000
34958  1.783  -47.590  -15.047 0.0000000000
35966  0.728  -46.467  -5.293 0.0000000000
35967  0.514  -45.630  -5.585 0.0000000000
35968  0.541  -45.402  -6.032 0.0000000000
35971  0.625  -46.347  -5.796 0.0000000000
35972  0.532  -45.908  -6.101 0.0000000000
35973  0.580  -45.513  -6.609 0.0000000000
35977  0.932  -45.501  -7.576 0.0000000000
35982  1.834  -44.754  -9.652 0.0000000000
35983  1.682  -45.512  -9.034 0.0000000000
35989  2.195  -45.770  -10.953 0.0000000000
35990  2.206  -46.423  -10.167 0.0000000000
36005  6.938  -48.581  -15.726 0.0000000000
36006  2.316  -46.248  -13.237 0.0000000000
36012  6.873  -48.088  -15.864 0.0000000000
36013  5.799  -47.738  -16.109 0.0000000000
36014  4.196  -47.069  -16.379 0.0000000000
36015  2.882  -46.701  -16.163 0.0000000000
36016  2.135  -46.438  -15.238 0.0000000000
36986  1.270  -44.286  -4.813 0.0000000000
36992  1.788  -43.710  -5.734 0.0000000000
36993  0.820  -44.648  -5.557 0.0000000000
36994  0.572  -45.112  -5.814 0.0000000000
37000  1.846  -43.583  -6.615 0.0000000000
37001  1.152  -44.141  -6.355 0.0000000000
37002  0.643  -44.867  -6.202 0.0000000000
37009  2.292  -43.239  -7.470 0.0000000000
37010  1.434  -43.953  -7.251 0.0000000000
37011  0.788  -44.682  -6.968 0.0000000000
37019  2.200  -43.171  -8.104 0.0000000000
37020  1.816  -43.853  -8.539 0.0000000000
37021  1.145  -44.625  -7.849 0.0000000000
37026  2.079  -44.216  -10.165 0.0000000000
37040  2.186  -44.826  -11.976 0.0000000000
37045  6.405  -47.261  -16.022 0.0000000000
37046  4.693  -46.447  -15.877 0.0000000000
37047  3.325  -45.835  -15.594 0.0000000000
37048  2.467  -45.460  -14.848 0.0000000000
37049  2.312  -45.413  -13.686 0.0000000000
37964  2.939  -43.605  -7.804 0.0000000000
37973  2.837  -43.130  -8.185 0.0000000000
37974  2.246  -43.205  -8.460 0.0000000000
37983  3.578  -42.902  -8.808 0.0000000000
37984  2.438  -43.042  -9.243 0.0000000000
37995  2.441  -43.509  -10.829 0.0000000000
37999  6.309  -46.308  -15.796 0.0000000000
38000  5.004  -45.764  -15.675 0.0000000000
38001  3.456  -44.927  -15.377 0.0000000000
38002  2.409  -44.380  -14.683 0.0000000000
38003  2.221  -44.061  -12.876 0.0000000000
38009  5.133  -44.999  -15.487 0.0000000000
38010  3.925  -44.643  -15.490 0.0000000000
39007  3.058  -42.257  -9.508 0.0000000000
39008  2.579  -42.606  -10.003 0.0000000000
39023  3.702  -41.867  -9.954 0.0000000000
39024  2.585  -42.159  -10.878 0.0000000000
39026  2.871  -43.821  -15.475 0.0000000000
39027  2.113  -43.407  -15.039 0.0000000000
39028  2.214  -42.603  -13.162 0.0000000000
39033  5.407  -44.124  -15.486 0.0000000000
39034  3.555  -43.559  -15.663 0.0000000000
39035  2.288  -42.597  -15.272 0.0000000000
39036  1.886  -41.989  -14.334 0.0000000000
40089  4.602  -41.840  -10.674 0.0000000000
40090  3.255  -41.318  -10.836 0.0000000000
40091  2.464  -41.181  -11.607 0.0000000000
40095  6.389  -40.936  -11.259 0.0000000000
40096  5.279  -41.091  -11.274 0.0000000000
40097  3.877  -41.242  -11.332 0.0000000000
40098  2.935  -40.660  -11.684 0.0000000000
40099  2.206  -40.743  -12.951 0.0000000000
40102  6.004  -43.348  -15.521 0.0000000000
40103  4.335  -42.614  -15.537 0.0000000000
40104  2.762  -41.902  -15.441 0.0000000000
40105  1.977  -40.822  -14.684 0.0000000000
40113  5.153  -41.513  -15.543 0.0000000000
40114  3.407  -41.156  -15.430 0.0000000000
40115  2.323  -40.546  -15.321 0.0000000000
40116  1.992  -40.089  -15.129 0.0000000000
40124  6.275  -41.387  -16.003 0.0000000000
40125  5.493  -40.556  -15.652 0.0000000000
41226  6.552  -39.977  -11.986 0.0000000000
41227  5.820  -39.840  -12.103 0.0000000000
41228  5.215  -40.504  -12.136 0.0000000000
41229  4.106  -40.715  -12.540 0.0000000000
41230  2.833  -39.819  -12.738 0.0000000000
41235  6.692  -39.123  -12.184 0.0000000000
41236  6.156  -38.974  -12.284 0.0000000000
41237  2.284  -39.606  -13.650 0.0000000000
41242  3.622  -40.331  -15.591 0.0000000000
41243  2.598  -40.031  -15.600 0.0000000000
41244  2.129  -39.631  -15.431 0.0000000000
41245  1.973  -39.553  -14.750 0.0000000000
41252  5.817  -39.706  -15.955 0.0000000000
41253  4.447  -39.659  -15.582 0.0000000000
41254  2.978  -39.364  -15.667 0.0000000000
41255  2.319  -39.336  -15.624 0.0000000000
41262  6.689  -40.076  -16.569 0.0000000000
42386  5.531  -39.182  -12.287 0.0000000000
42387  4.989  -39.435  -12.716 0.0000000000
42388  3.657  -39.315  -13.550 0.0000000000
42389  2.826  -38.996  -13.365 0.0000000000
42407  6.556  -39.058  -12.692 0.0000000000
42408  6.278  -38.641  -12.613 0.0000000000
42409  5.540  -38.649  -12.573 0.0000000000
42410  4.726  -38.510  -13.357 0.0000000000
42411  3.393  -38.423  -13.660 0.0000000000
42412  2.567  -38.649  -14.065 0.0000000000
42426  9.133  -37.754  -14.016 0.0000000000
42427  7.768  -38.394  -14.015 0.0000000000
42428  6.291  -38.134  -13.143 0.0000000000
42429  5.906  -38.164  -13.075 0.0000000000
42430  2.198  -39.117  -15.604 0.0000000000
42431  2.429  -38.858  -15.117 0.0000000000
42438  5.524  -38.235  -15.895 0.0000000000
42439  4.570  -38.246  -15.675 0.0000000000
42440  3.420  -38.404  -15.577 0.0000000000
42441  2.539  -38.707  -15.575 0.0000000000
42442  2.572  -38.604  -15.337 0.0000000000
42448  7.320  -39.096  -16.838 0.0000000000
42449  6.555  -39.001  -16.319 0.0000000000
43570  5.616  -38.312  -12.948 0.0000000000
43571  5.095  -38.066  -13.280 0.0000000000
43572  4.216  -38.097  -14.082 0.0000000000
43573  3.233  -37.864  -14.143 0.0000000000
43574  2.766  -38.181  -14.640 0.0000000000
43594  9.905  -36.661  -14.207 0.0000000000
43595  8.695  -36.758  -14.504 0.0000000000
43596  7.397  -37.894  -14.402 0.0000000000
43597  6.165  -37.919  -13.533 0.0000000000
43598  5.405  -37.882  -13.593 0.0000000000
43599  4.749  -37.507  -14.042 0.0000000000
43600  4.010  -37.320  -14.404 0.0000000000
43601  3.170  -37.657  -14.749 0.0000000000
43602  2.713  -38.276  -15.127 0.0000000000
43621  6.033  -37.714  -15.925 0.0000000000
43622  5.017  -37.723  -15.324 0.0000000000
43623  3.904  -37.476  -14.959 0.0000000000
43624  2.942  -38.004  -15.279 0.0000000000
43625  2.654  -38.371  -15.387 0.0000000000
43635  8.273  -37.761  -16.998 0.0000000000
43636  7.838  -38.235  -16.926 0.0000000000
43637  6.833  -37.699  -16.390 0.0000000000
43647  8.658  -38.534  -17.571 0.0000000000
43648  8.199  -39.130  -17.604 0.0000000000
44749  9.134  -35.652  -14.073 0.0000000000
44750  8.309  -36.382  -14.581 0.0000000000
44751  7.080  -37.831  -14.625 0.0000000000
44752  5.563  -37.561  -14.138 0.0000000000
44753  4.681  -37.343  -14.137 0.0000000000
44754  4.406  -36.962  -14.188 0.0000000000
44782  8.586  -35.600  -14.585 0.0000000000
44783  7.837  -36.485  -15.318 0.0000000000
44784  6.121  -37.679  -15.177 0.0000000000
44785  4.738  -37.374  -14.521 0.0000000000
44786  4.219  -37.070  -14.301 0.0000000000
44804  7.951  -37.110  -16.599 0.0000000000
44805  7.382  -36.627  -16.203 0.0000000000
44806  6.886  -37.185  -15.853 0.0000000000
44816  9.240  -37.675  -17.705 0.0000000000
44817  8.578  -37.141  -16.960 0.0000000000
44818  7.938  -36.350  -16.302 0.0000000000
44829  10.019  -37.922  -17.881 0.0000000000
45840  8.717  -35.305  -14.959 0.0000000000
45841  8.240  -35.596  -15.077 0.0000000000
45866  9.157  -35.370  -15.776 0.0000000000
45867  8.116  -35.765  -15.660 0.0000000000
45880  9.646  -37.140  -17.846 0.0000000000
45881  9.361  -36.493  -17.042 0.0000000000
45882  8.522  -36.066  -16.339 0.0000000000
45893  11.234  -36.927  -18.426 0.0000000000
45894  10.203  -37.025  -17.966 0.0000000000
45895  9.713  -36.723  -17.834 0.0000000000
45906  11.590  -36.537  -18.914 0.0000000000
46854  9.983  -35.509  -16.440 0.0000000000
46862  11.230  -36.063  -18.740 0.0000000000
46863  10.703  -36.190  -18.011 0.0000000000
46864  10.093  -36.204  -17.475 0.0000000000
46873  11.747  -36.109  -18.951 0.0000000000
47856  12.205  -35.084  -18.955 0.0000000000
47857  11.619  -35.672  -18.974 0.0000000000
