#!ascii label  , from subject Yale_0050553 vox2ras=TkReg
836
815  -24.746  -85.139  12.733 0.0000000000
821  -23.309  -84.340  11.588 0.0000000000
822  -24.265  -85.161  11.970 0.0000000000
823  -24.937  -84.805  11.693 0.0000000000
828  -22.260  -84.270  10.847 0.0000000000
829  -22.785  -83.894  11.344 0.0000000000
834  -21.833  -84.359  9.410 0.0000000000
845  -22.090  -84.152  8.461 0.0000000000
1064  -25.652  -84.700  15.427 0.0000000000
1078  -24.646  -85.210  14.203 0.0000000000
1079  -24.977  -84.432  14.536 0.0000000000
1091  -25.311  -84.497  13.046 0.0000000000
1092  -25.529  -83.718  13.443 0.0000000000
1102  -24.308  -84.551  10.960 0.0000000000
1103  -24.936  -84.531  11.051 0.0000000000
1104  -25.602  -84.145  11.527 0.0000000000
1105  -25.769  -83.918  12.426 0.0000000000
1115  -22.703  -83.612  10.348 0.0000000000
1116  -23.284  -83.642  10.605 0.0000000000
1117  -24.773  -84.231  10.252 0.0000000000
1118  -25.407  -84.013  10.508 0.0000000000
1129  -22.836  -83.311  9.372 0.0000000000
1130  -23.812  -83.543  9.377 0.0000000000
1143  -22.511  -83.729  7.866 0.0000000000
1499  -26.365  -83.565  16.815 0.0000000000
1511  -25.927  -83.617  15.915 0.0000000000
1527  -25.506  -83.570  14.798 0.0000000000
1543  -25.525  -82.813  13.835 0.0000000000
1554  -26.183  -83.423  11.042 0.0000000000
1555  -26.036  -83.072  11.979 0.0000000000
1566  -24.593  -83.700  9.513 0.0000000000
1567  -25.349  -83.709  9.875 0.0000000000
1568  -26.051  -83.303  10.264 0.0000000000
1569  -26.362  -83.128  10.861 0.0000000000
1581  -23.552  -83.199  8.418 0.0000000000
1582  -24.214  -83.146  8.545 0.0000000000
1583  -25.478  -83.111  9.272 0.0000000000
1584  -26.096  -82.907  9.588 0.0000000000
1602  -23.388  -83.151  7.811 0.0000000000
1603  -24.000  -82.663  7.867 0.0000000000
1619  -22.653  -83.375  7.205 0.0000000000
1982  -30.799  -83.739  18.952 0.0000000000
1995  -27.373  -83.401  17.046 0.0000000000
1996  -27.934  -82.956  17.659 0.0000000000
1997  -28.563  -82.997  18.278 0.0000000000
1998  -29.180  -83.099  18.605 0.0000000000
1999  -29.715  -82.702  18.745 0.0000000000
2000  -30.211  -82.147  18.738 0.0000000000
2011  -27.175  -82.846  16.421 0.0000000000
2012  -27.635  -82.755  16.835 0.0000000000
2021  -26.358  -82.874  16.092 0.0000000000
2028  -26.094  -82.450  15.019 0.0000000000
2036  -26.060  -81.885  13.442 0.0000000000
2048  -26.186  -81.821  11.901 0.0000000000
2060  -26.327  -82.706  9.814 0.0000000000
2061  -26.328  -82.486  10.553 0.0000000000
2076  -24.417  -82.506  8.100 0.0000000000
2077  -25.144  -82.249  8.424 0.0000000000
2078  -26.031  -82.347  9.342 0.0000000000
2079  -26.357  -82.314  9.810 0.0000000000
2097  -23.643  -82.483  7.452 0.0000000000
2098  -24.323  -82.109  7.773 0.0000000000
2099  -24.823  -81.672  8.066 0.0000000000
2114  -23.155  -82.818  7.101 0.0000000000
2522  -30.718  -82.163  18.840 0.0000000000
2523  -31.302  -82.812  19.315 0.0000000000
2535  -28.074  -82.440  17.456 0.0000000000
2536  -28.344  -82.389  17.600 0.0000000000
2537  -29.038  -82.302  17.958 0.0000000000
2538  -29.834  -81.876  17.857 0.0000000000
2539  -30.618  -81.667  17.597 0.0000000000
2540  -31.099  -81.751  18.075 0.0000000000
2551  -27.487  -82.366  16.502 0.0000000000
2552  -27.929  -82.069  16.917 0.0000000000
2553  -28.576  -81.633  16.907 0.0000000000
2554  -29.405  -81.571  16.742 0.0000000000
2555  -30.358  -81.424  16.229 0.0000000000
2556  -31.028  -81.428  16.009 0.0000000000
2570  -27.175  -81.860  15.843 0.0000000000
2571  -27.951  -80.754  15.936 0.0000000000
2572  -28.823  -80.673  16.100 0.0000000000
2573  -29.854  -80.987  15.562 0.0000000000
2574  -30.513  -81.126  15.204 0.0000000000
2589  -26.663  -80.786  14.706 0.0000000000
2590  -27.305  -80.554  15.526 0.0000000000
2609  -26.170  -80.755  13.178 0.0000000000
2623  -26.060  -80.920  11.931 0.0000000000
2644  -26.158  -81.546  10.848 0.0000000000
2665  -25.298  -81.437  8.348 0.0000000000
2666  -25.949  -81.448  8.864 0.0000000000
2667  -26.242  -81.716  9.834 0.0000000000
2684  -23.672  -81.925  7.425 0.0000000000
2685  -24.450  -81.450  7.833 0.0000000000
2686  -24.966  -81.179  8.167 0.0000000000
2698  -23.127  -82.478  7.114 0.0000000000
2699  -23.356  -82.402  7.202 0.0000000000
3243  -31.688  -82.253  19.431 0.0000000000
3244  -31.860  -81.185  19.264 0.0000000000
3251  -31.370  -81.429  16.573 0.0000000000
3252  -31.724  -81.427  17.415 0.0000000000
3253  -31.906  -81.160  18.051 0.0000000000
3264  -30.951  -81.172  15.121 0.0000000000
3265  -31.503  -81.129  15.125 0.0000000000
3266  -31.791  -81.081  15.783 0.0000000000
3280  -27.877  -80.287  15.347 0.0000000000
3281  -28.382  -80.238  15.337 0.0000000000
3282  -29.367  -80.040  15.169 0.0000000000
3283  -30.689  -80.545  14.347 0.0000000000
3284  -31.241  -80.876  14.508 0.0000000000
3300  -26.751  -79.582  13.811 0.0000000000
3301  -27.567  -79.770  14.828 0.0000000000
3302  -28.779  -79.698  14.421 0.0000000000
3303  -30.108  -79.910  13.756 0.0000000000
3304  -30.727  -80.153  13.457 0.0000000000
3327  -26.103  -80.093  12.676 0.0000000000
3348  -25.688  -80.426  11.965 0.0000000000
3368  -25.105  -80.383  10.640 0.0000000000
3369  -25.349  -80.712  11.124 0.0000000000
3382  -24.722  -80.579  8.449 0.0000000000
3383  -25.398  -80.695  8.591 0.0000000000
3384  -25.608  -80.808  9.760 0.0000000000
3385  -25.967  -81.244  10.280 0.0000000000
3395  -23.531  -81.445  7.700 0.0000000000
3396  -24.205  -81.104  7.855 0.0000000000
3397  -24.808  -80.947  8.128 0.0000000000
3398  -25.062  -80.931  8.246 0.0000000000
3977  -32.399  -80.915  20.201 0.0000000000
3992  -32.189  -80.297  19.068 0.0000000000
4004  -32.276  -80.759  16.848 0.0000000000
4005  -32.417  -80.312  17.552 0.0000000000
4014  -31.939  -80.783  14.848 0.0000000000
4015  -32.236  -80.591  15.510 0.0000000000
4016  -32.591  -80.273  16.213 0.0000000000
4026  -31.075  -80.208  13.413 0.0000000000
4027  -31.629  -80.382  13.937 0.0000000000
4028  -32.097  -80.471  14.482 0.0000000000
4038  -26.891  -78.744  13.557 0.0000000000
4039  -27.464  -78.783  13.844 0.0000000000
4040  -28.347  -78.913  13.798 0.0000000000
4041  -29.731  -79.264  13.195 0.0000000000
4042  -30.808  -79.744  13.052 0.0000000000
4043  -31.331  -80.019  13.203 0.0000000000
4054  -26.307  -79.205  12.990 0.0000000000
4065  -25.533  -79.806  12.114 0.0000000000
4075  -25.009  -79.771  9.908 0.0000000000
4076  -25.096  -79.996  10.255 0.0000000000
4077  -25.115  -79.888  11.278 0.0000000000
4089  -25.107  -79.978  9.229 0.0000000000
4090  -25.348  -80.287  9.351 0.0000000000
4647  -33.170  -80.155  20.994 0.0000000000
4663  -32.455  -79.627  19.773 0.0000000000
4673  -32.504  -79.659  18.218 0.0000000000
4686  -32.790  -79.680  17.125 0.0000000000
4695  -32.645  -79.950  15.281 0.0000000000
4696  -32.815  -79.852  16.368 0.0000000000
4705  -31.923  -80.002  13.560 0.0000000000
4706  -32.166  -79.992  14.094 0.0000000000
4713  -26.679  -78.461  13.135 0.0000000000
4714  -27.338  -78.193  13.543 0.0000000000
4715  -28.108  -78.114  13.367 0.0000000000
4716  -29.293  -78.466  12.904 0.0000000000
4717  -30.495  -78.790  12.436 0.0000000000
4718  -31.647  -79.591  13.153 0.0000000000
4719  -32.099  -79.520  13.607 0.0000000000
4725  -26.023  -78.844  12.553 0.0000000000
4726  -29.012  -77.896  12.792 0.0000000000
4727  -29.798  -78.101  12.339 0.0000000000
4728  -30.193  -78.153  12.283 0.0000000000
4736  -25.243  -78.965  11.808 0.0000000000
4737  -25.203  -79.187  11.947 0.0000000000
4748  -25.118  -79.434  11.342 0.0000000000
4749  -25.139  -79.534  11.557 0.0000000000
5295  -30.662  -80.218  17.703 0.0000000000
5296  -30.274  -80.509  17.100 0.0000000000
5297  -33.824  -78.649  21.661 0.0000000000
5306  -31.105  -79.684  17.655 0.0000000000
5307  -30.775  -80.028  17.138 0.0000000000
5308  -32.806  -78.711  20.589 0.0000000000
5321  -30.160  -80.111  16.156 0.0000000000
5322  -31.156  -79.606  16.523 0.0000000000
5323  -32.554  -78.813  19.716 0.0000000000
5337  -29.172  -79.849  14.783 0.0000000000
5338  -30.919  -79.583  15.821 0.0000000000
5339  -31.745  -79.360  16.023 0.0000000000
5340  -32.351  -78.954  18.879 0.0000000000
5359  -30.070  -79.614  14.438 0.0000000000
5360  -31.011  -79.397  14.989 0.0000000000
5361  -31.802  -79.357  15.634 0.0000000000
5362  -32.581  -79.213  16.879 0.0000000000
5363  -32.705  -79.249  17.362 0.0000000000
5376  -32.253  -79.332  14.734 0.0000000000
5377  -32.643  -79.566  15.917 0.0000000000
5378  -32.863  -79.556  16.623 0.0000000000
5390  -32.006  -78.917  13.571 0.0000000000
5391  -32.314  -79.464  14.262 0.0000000000
5403  -26.528  -78.193  12.805 0.0000000000
5404  -27.174  -77.883  13.179 0.0000000000
5405  -27.700  -77.779  13.474 0.0000000000
5406  -29.956  -77.601  12.204 0.0000000000
5407  -30.379  -77.989  12.393 0.0000000000
5408  -31.417  -78.589  12.823 0.0000000000
5409  -32.015  -79.175  13.334 0.0000000000
5418  -26.030  -78.283  12.406 0.0000000000
5419  -26.846  -77.635  12.856 0.0000000000
5420  -28.112  -77.408  13.263 0.0000000000
5421  -29.454  -77.482  12.491 0.0000000000
5422  -30.016  -77.845  12.189 0.0000000000
5434  -25.373  -78.331  12.105 0.0000000000
5969  -31.266  -79.182  18.518 0.0000000000
5970  -33.770  -77.391  21.634 0.0000000000
5971  -35.001  -77.812  22.011 0.0000000000
5972  -35.890  -77.547  22.181 0.0000000000
5979  -31.319  -79.327  18.004 0.0000000000
5980  -31.508  -79.208  17.739 0.0000000000
5981  -32.634  -77.118  20.316 0.0000000000
5982  -32.937  -77.275  20.799 0.0000000000
5991  -31.500  -79.353  17.169 0.0000000000
5992  -31.750  -79.135  16.892 0.0000000000
5993  -32.359  -76.951  20.098 0.0000000000
5994  -32.472  -78.042  19.641 0.0000000000
6009  -27.936  -79.187  14.161 0.0000000000
6010  -29.096  -79.262  14.054 0.0000000000
6011  -31.991  -78.952  16.757 0.0000000000
6012  -32.014  -78.552  16.779 0.0000000000
6013  -32.088  -77.741  17.541 0.0000000000
6014  -32.176  -77.360  18.726 0.0000000000
6015  -32.328  -78.520  18.270 0.0000000000
6033  -28.464  -78.501  13.690 0.0000000000
6034  -29.896  -78.677  13.682 0.0000000000
6035  -31.209  -79.091  14.537 0.0000000000
6036  -31.932  -79.179  15.819 0.0000000000
6037  -32.040  -78.685  16.894 0.0000000000
6038  -32.319  -78.685  17.430 0.0000000000
6039  -32.521  -78.956  17.472 0.0000000000
6052  -30.054  -77.889  13.359 0.0000000000
6053  -30.641  -78.305  13.552 0.0000000000
6054  -31.371  -78.769  13.885 0.0000000000
6055  -31.872  -79.308  15.255 0.0000000000
6056  -32.214  -79.329  16.218 0.0000000000
6069  -31.400  -78.214  13.236 0.0000000000
6070  -31.863  -78.827  13.839 0.0000000000
6082  -29.301  -76.911  12.462 0.0000000000
6083  -29.744  -77.254  12.404 0.0000000000
6084  -30.807  -77.752  12.746 0.0000000000
6085  -31.615  -78.365  13.160 0.0000000000
6097  -26.177  -77.509  12.308 0.0000000000
6098  -27.460  -77.033  12.839 0.0000000000
6099  -28.854  -76.935  12.651 0.0000000000
6100  -29.383  -77.170  12.403 0.0000000000
6112  -25.503  -77.858  12.282 0.0000000000
6620  -31.250  -77.388  19.333 0.0000000000
6621  -31.188  -77.380  19.781 0.0000000000
6639  -31.459  -77.999  18.948 0.0000000000
6640  -33.581  -76.771  21.087 0.0000000000
6641  -34.479  -76.925  21.391 0.0000000000
6642  -35.920  -76.772  21.769 0.0000000000
6658  -31.604  -78.239  18.372 0.0000000000
6659  -31.749  -78.190  17.902 0.0000000000
6660  -32.682  -76.795  20.185 0.0000000000
6661  -33.260  -76.189  20.216 0.0000000000
6662  -34.250  -76.132  20.662 0.0000000000
6663  -35.150  -76.322  20.930 0.0000000000
6678  -31.924  -78.159  17.586 0.0000000000
6679  -32.058  -78.435  17.280 0.0000000000
6680  -32.168  -75.212  19.136 0.0000000000
6681  -32.642  -75.956  19.416 0.0000000000
6682  -33.099  -75.552  19.886 0.0000000000
6698  -32.016  -77.902  17.569 0.0000000000
6699  -32.035  -77.700  17.483 0.0000000000
6700  -31.884  -76.812  17.909 0.0000000000
6701  -32.066  -75.924  18.744 0.0000000000
6702  -32.124  -76.318  19.112 0.0000000000
6712  -28.586  -77.613  13.275 0.0000000000
6725  -29.412  -77.451  13.212 0.0000000000
6726  -30.064  -77.435  13.129 0.0000000000
6727  -30.781  -77.999  13.314 0.0000000000
6741  -30.031  -77.161  12.889 0.0000000000
6742  -30.749  -77.757  13.075 0.0000000000
6755  -28.270  -76.379  12.831 0.0000000000
6756  -29.158  -76.741  12.620 0.0000000000
6757  -29.961  -77.137  12.651 0.0000000000
6758  -30.434  -77.397  12.798 0.0000000000
6775  -26.946  -76.653  12.635 0.0000000000
6776  -27.938  -76.580  12.843 0.0000000000
6777  -28.592  -76.577  12.682 0.0000000000
7267  -31.608  -76.745  19.592 0.0000000000
7268  -32.505  -76.046  19.479 0.0000000000
7285  -31.342  -77.044  19.021 0.0000000000
7286  -31.539  -76.298  19.115 0.0000000000
7287  -32.168  -76.185  19.062 0.0000000000
7303  -31.423  -77.378  18.766 0.0000000000
7304  -31.482  -76.540  18.720 0.0000000000
7305  -37.026  -75.880  22.208 0.0000000000
7306  -37.261  -74.825  21.998 0.0000000000
7325  -31.566  -77.309  18.575 0.0000000000
7326  -31.700  -77.137  18.349 0.0000000000
7327  -33.204  -75.440  19.945 0.0000000000
7328  -33.795  -75.294  20.174 0.0000000000
7329  -35.593  -75.130  20.750 0.0000000000
7330  -36.566  -74.122  21.293 0.0000000000
7350  -31.746  -76.886  18.058 0.0000000000
7351  -32.113  -74.813  18.927 0.0000000000
7352  -32.606  -74.688  18.866 0.0000000000
7353  -33.265  -74.933  19.447 0.0000000000
7354  -34.356  -74.314  19.648 0.0000000000
7355  -34.962  -73.627  20.148 0.0000000000
7371  -31.830  -76.784  17.846 0.0000000000
7372  -31.688  -76.105  18.121 0.0000000000
7373  -31.743  -75.303  18.503 0.0000000000
7374  -32.159  -74.602  18.595 0.0000000000
7375  -32.508  -74.266  18.521 0.0000000000
7400  -29.173  -76.827  13.097 0.0000000000
7412  -29.335  -76.710  12.955 0.0000000000
7428  -28.719  -76.471  12.835 0.0000000000
7429  -29.485  -76.771  12.771 0.0000000000
7448  -27.494  -76.264  12.786 0.0000000000
7995  -32.553  -75.349  19.562 0.0000000000
7996  -33.105  -74.999  19.511 0.0000000000
7997  -33.945  -74.731  19.799 0.0000000000
8013  -31.846  -75.350  18.909 0.0000000000
8014  -32.296  -75.112  19.263 0.0000000000
8015  -33.077  -74.499  19.302 0.0000000000
8033  -31.594  -75.322  18.594 0.0000000000
8034  -32.007  -74.801  18.888 0.0000000000
8035  -37.337  -73.770  21.710 0.0000000000
8048  -31.619  -75.633  18.367 0.0000000000
8049  -35.999  -73.503  20.455 0.0000000000
8050  -36.554  -73.490  21.244 0.0000000000
8061  -31.544  -75.254  18.087 0.0000000000
8062  -31.632  -74.707  18.124 0.0000000000
8063  -33.030  -74.105  19.018 0.0000000000
8064  -33.809  -73.892  18.942 0.0000000000
8065  -34.436  -72.911  19.377 0.0000000000
8066  -35.333  -72.888  19.806 0.0000000000
8077  -31.588  -75.496  18.148 0.0000000000
8078  -31.741  -74.721  18.326 0.0000000000
8079  -32.117  -74.015  18.239 0.0000000000
8080  -32.589  -73.513  18.197 0.0000000000
8081  -33.151  -73.410  18.491 0.0000000000
8082  -34.268  -72.918  18.251 0.0000000000
8083  -34.687  -72.520  18.286 0.0000000000
8718  -34.622  -73.761  20.352 0.0000000000
8719  -35.257  -73.517  21.114 0.0000000000
8730  -33.629  -74.231  19.226 0.0000000000
8731  -34.231  -73.625  19.586 0.0000000000
8744  -32.512  -74.493  18.741 0.0000000000
8745  -33.018  -73.838  18.845 0.0000000000
8746  -33.860  -73.242  19.114 0.0000000000
8762  -31.751  -74.867  18.487 0.0000000000
8763  -32.357  -74.138  18.478 0.0000000000
8764  -32.869  -73.454  18.476 0.0000000000
8765  -37.892  -72.895  21.837 0.0000000000
8776  -31.790  -74.552  18.375 0.0000000000
8777  -32.183  -73.843  18.201 0.0000000000
8778  -35.614  -72.255  20.392 0.0000000000
8779  -36.592  -72.726  21.222 0.0000000000
8788  -31.648  -74.562  18.135 0.0000000000
8789  -31.898  -73.931  18.093 0.0000000000
8790  -35.026  -72.238  18.517 0.0000000000
8791  -35.262  -72.058  19.520 0.0000000000
8797  -31.850  -74.175  18.084 0.0000000000
8798  -32.181  -73.523  17.990 0.0000000000
8799  -32.719  -72.630  17.563 0.0000000000
8800  -33.475  -72.554  17.245 0.0000000000
8801  -34.196  -72.470  17.456 0.0000000000
8802  -34.822  -72.289  17.676 0.0000000000
8807  -33.034  -72.036  16.761 0.0000000000
8808  -33.269  -72.099  16.740 0.0000000000
9448  -35.517  -72.378  21.673 0.0000000000
9457  -34.678  -73.122  19.903 0.0000000000
9458  -35.262  -72.600  20.234 0.0000000000
9467  -34.680  -72.577  19.471 0.0000000000
9468  -35.276  -72.241  19.599 0.0000000000
9477  -33.578  -73.006  18.758 0.0000000000
9478  -34.127  -72.349  18.819 0.0000000000
9495  -32.844  -73.311  18.261 0.0000000000
9496  -33.385  -72.705  18.255 0.0000000000
9497  -33.925  -71.962  18.510 0.0000000000
9498  -37.383  -72.046  21.355 0.0000000000
9514  -32.759  -73.052  18.101 0.0000000000
9515  -33.145  -72.465  17.886 0.0000000000
9516  -35.427  -71.311  19.986 0.0000000000
9517  -36.252  -71.519  20.663 0.0000000000
9523  -32.555  -72.907  17.816 0.0000000000
9524  -32.846  -72.305  17.560 0.0000000000
9525  -34.944  -71.770  18.094 0.0000000000
9526  -35.088  -71.188  19.070 0.0000000000
9533  -32.262  -73.339  17.860 0.0000000000
9534  -32.769  -72.486  17.434 0.0000000000
9535  -32.982  -71.801  16.782 0.0000000000
9536  -34.211  -72.017  16.773 0.0000000000
9537  -34.680  -71.907  16.928 0.0000000000
9538  -34.798  -71.414  17.430 0.0000000000
9539  -34.732  -70.874  18.415 0.0000000000
9548  -33.266  -71.615  16.384 0.0000000000
9549  -33.800  -71.643  16.414 0.0000000000
9550  -34.488  -71.297  16.501 0.0000000000
9551  -34.699  -71.381  16.846 0.0000000000
10216  -35.760  -71.669  22.464 0.0000000000
10217  -35.940  -71.338  22.579 0.0000000000
10227  -35.639  -71.270  21.663 0.0000000000
10240  -35.679  -71.535  20.620 0.0000000000
10252  -35.018  -72.014  19.454 0.0000000000
10253  -35.226  -71.646  19.695 0.0000000000
10265  -34.976  -71.675  19.107 0.0000000000
10266  -35.180  -71.464  19.313 0.0000000000
10280  -33.868  -71.529  18.225 0.0000000000
10281  -34.619  -71.500  18.487 0.0000000000
10282  -37.561  -71.051  21.076 0.0000000000
10283  -38.708  -70.841  21.774 0.0000000000
10301  -32.994  -72.318  17.678 0.0000000000
10302  -33.336  -71.692  17.839 0.0000000000
10303  -35.713  -70.838  20.175 0.0000000000
10304  -36.447  -70.618  20.367 0.0000000000
10315  -32.783  -72.088  17.598 0.0000000000
10316  -33.071  -71.497  17.359 0.0000000000
10317  -35.417  -70.450  19.659 0.0000000000
10318  -35.925  -70.483  19.938 0.0000000000
10333  -33.044  -71.261  16.823 0.0000000000
10334  -33.230  -71.041  16.374 0.0000000000
10335  -34.678  -70.242  18.125 0.0000000000
10336  -35.120  -70.281  18.835 0.0000000000
10350  -33.629  -70.922  16.133 0.0000000000
10351  -34.164  -70.741  16.195 0.0000000000
10352  -34.472  -70.465  16.553 0.0000000000
10353  -34.637  -70.612  17.085 0.0000000000
10986  -36.690  -71.361  22.730 0.0000000000
10995  -35.854  -71.058  22.391 0.0000000000
10996  -36.095  -70.803  22.364 0.0000000000
11002  -35.778  -70.619  21.973 0.0000000000
11003  -35.915  -70.296  22.038 0.0000000000
11013  -35.613  -70.516  21.093 0.0000000000
11026  -35.508  -70.726  19.989 0.0000000000
11041  -34.923  -70.815  18.791 0.0000000000
11042  -35.174  -71.038  19.346 0.0000000000
11063  -33.780  -70.913  17.942 0.0000000000
11064  -34.597  -70.680  18.106 0.0000000000
11065  -38.093  -70.283  21.208 0.0000000000
11066  -38.894  -69.865  21.544 0.0000000000
11093  -33.469  -70.719  17.600 0.0000000000
11094  -34.033  -70.184  17.812 0.0000000000
11095  -37.350  -70.144  20.493 0.0000000000
11096  -38.034  -69.650  20.833 0.0000000000
11112  -33.340  -70.349  17.241 0.0000000000
11113  -35.537  -69.581  19.330 0.0000000000
11114  -36.403  -69.892  19.826 0.0000000000
11130  -33.194  -70.447  16.940 0.0000000000
11131  -33.266  -70.373  16.530 0.0000000000
11132  -34.767  -69.519  17.992 0.0000000000
11133  -35.071  -69.512  18.663 0.0000000000
11148  -33.533  -70.307  16.245 0.0000000000
11149  -33.931  -70.147  16.232 0.0000000000
11150  -34.311  -69.906  16.549 0.0000000000
11151  -34.593  -69.698  17.107 0.0000000000
11761  -37.103  -70.887  22.569 0.0000000000
11762  -37.655  -70.782  22.151 0.0000000000
11763  -38.592  -70.656  21.740 0.0000000000
11764  -39.529  -70.190  21.956 0.0000000000
11765  -40.631  -70.344  22.328 0.0000000000
11772  -36.827  -70.149  22.169 0.0000000000
11773  -37.846  -69.907  21.601 0.0000000000
11774  -38.640  -69.655  21.511 0.0000000000
11775  -39.070  -69.370  21.713 0.0000000000
11783  -35.844  -70.098  21.846 0.0000000000
11784  -36.085  -69.851  21.841 0.0000000000
11793  -35.735  -69.758  21.394 0.0000000000
11794  -36.026  -69.137  21.286 0.0000000000
11807  -35.554  -69.670  20.429 0.0000000000
11823  -34.904  -70.093  18.539 0.0000000000
11824  -35.329  -69.893  19.216 0.0000000000
11848  -34.739  -69.652  18.052 0.0000000000
11849  -35.034  -69.411  18.585 0.0000000000
11850  -39.585  -69.291  21.501 0.0000000000
11875  -33.656  -69.956  17.453 0.0000000000
11876  -34.442  -69.460  17.565 0.0000000000
11877  -37.419  -69.345  20.281 0.0000000000
11878  -38.469  -68.609  20.891 0.0000000000
11879  -40.164  -68.726  21.052 0.0000000000
11896  -33.451  -69.864  17.254 0.0000000000
11897  -33.775  -69.507  17.200 0.0000000000
11898  -35.867  -69.084  18.859 0.0000000000
11899  -36.917  -68.491  19.557 0.0000000000
11900  -38.158  -67.933  20.257 0.0000000000
11914  -33.350  -69.907  17.046 0.0000000000
11915  -33.575  -69.606  16.845 0.0000000000
11916  -33.841  -69.391  16.625 0.0000000000
11917  -34.869  -68.756  17.832 0.0000000000
11918  -35.477  -68.526  18.610 0.0000000000
11919  -36.501  -67.935  18.807 0.0000000000
11934  -33.548  -69.830  16.438 0.0000000000
11935  -33.817  -69.674  16.385 0.0000000000
11936  -34.142  -69.380  16.627 0.0000000000
11937  -34.477  -68.933  17.265 0.0000000000
12637  -40.223  -69.513  22.251 0.0000000000
12638  -41.025  -69.439  22.757 0.0000000000
12650  -37.262  -69.239  21.596 0.0000000000
12651  -38.063  -69.069  21.254 0.0000000000
12652  -38.876  -68.781  21.280 0.0000000000
12653  -39.589  -68.910  22.011 0.0000000000
12654  -40.312  -68.798  22.534 0.0000000000
12664  -36.623  -69.002  21.448 0.0000000000
12665  -37.499  -68.466  21.098 0.0000000000
12666  -38.326  -68.415  20.974 0.0000000000
12675  -35.761  -68.915  20.708 0.0000000000
12676  -36.329  -68.413  20.696 0.0000000000
12677  -36.953  -68.236  20.833 0.0000000000
12690  -35.575  -68.666  19.785 0.0000000000
12691  -35.915  -68.260  20.210 0.0000000000
12705  -35.335  -68.634  18.859 0.0000000000
12718  -34.838  -69.009  17.923 0.0000000000
12719  -34.990  -68.875  18.326 0.0000000000
12740  -34.726  -68.906  17.658 0.0000000000
12741  -38.469  -67.664  20.651 0.0000000000
12742  -39.419  -67.538  20.559 0.0000000000
12743  -41.667  -68.284  21.032 0.0000000000
12760  -34.511  -69.023  17.351 0.0000000000
12761  -37.203  -67.138  19.004 0.0000000000
12762  -38.256  -67.110  20.083 0.0000000000
12763  -39.032  -66.751  20.375 0.0000000000
12773  -33.997  -68.994  17.151 0.0000000000
12774  -34.261  -68.742  17.005 0.0000000000
12775  -34.536  -68.204  17.276 0.0000000000
12776  -34.917  -68.232  17.735 0.0000000000
12777  -35.352  -67.886  18.172 0.0000000000
12778  -36.219  -67.481  18.524 0.0000000000
12788  -34.063  -69.150  16.738 0.0000000000
12789  -34.457  -68.570  17.193 0.0000000000
12790  -34.754  -68.389  17.435 0.0000000000
13475  -40.849  -68.289  23.002 0.0000000000
13476  -41.838  -69.003  22.930 0.0000000000
13491  -38.812  -68.028  21.017 0.0000000000
13492  -39.378  -67.874  21.517 0.0000000000
13493  -40.054  -67.979  22.506 0.0000000000
13502  -37.602  -67.986  20.442 0.0000000000
13503  -38.294  -67.660  20.699 0.0000000000
13504  -39.010  -67.455  20.926 0.0000000000
13512  -36.353  -67.902  20.031 0.0000000000
13513  -37.144  -67.582  20.046 0.0000000000
13514  -37.925  -67.483  20.139 0.0000000000
13526  -35.645  -68.022  19.204 0.0000000000
13527  -36.026  -67.694  19.543 0.0000000000
13528  -36.697  -67.535  19.557 0.0000000000
13539  -35.611  -67.737  18.765 0.0000000000
13540  -35.888  -67.537  19.019 0.0000000000
13554  -35.051  -68.628  18.127 0.0000000000
13555  -35.341  -68.096  18.288 0.0000000000
13567  -34.928  -68.489  17.954 0.0000000000
13568  -35.107  -67.928  17.959 0.0000000000
13569  -39.432  -66.744  20.322 0.0000000000
13570  -40.362  -66.850  20.300 0.0000000000
13571  -41.990  -66.834  20.290 0.0000000000
13572  -43.593  -66.633  20.322 0.0000000000
13586  -34.791  -68.492  17.635 0.0000000000
13587  -34.920  -68.049  17.669 0.0000000000
13588  -37.304  -66.267  18.978 0.0000000000
13589  -37.991  -66.069  19.258 0.0000000000
13590  -39.233  -66.065  19.973 0.0000000000
13591  -40.787  -65.849  19.644 0.0000000000
13592  -42.330  -65.764  19.438 0.0000000000
13593  -43.894  -65.608  19.501 0.0000000000
13594  -45.534  -65.470  19.775 0.0000000000
13595  -46.815  -65.357  19.862 0.0000000000
13607  -34.605  -68.577  17.357 0.0000000000
13608  -34.756  -67.984  17.491 0.0000000000
13609  -34.963  -67.817  17.515 0.0000000000
13610  -35.319  -67.484  17.900 0.0000000000
13611  -36.117  -67.020  18.128 0.0000000000
13612  -36.855  -66.438  18.615 0.0000000000
13613  -37.394  -65.801  18.909 0.0000000000
13623  -34.779  -68.162  17.507 0.0000000000
13624  -34.939  -68.020  17.663 0.0000000000
14354  -42.591  -68.527  22.812 0.0000000000
14382  -40.542  -67.376  22.884 0.0000000000
14383  -41.542  -67.497  23.048 0.0000000000
14384  -42.546  -67.661  22.730 0.0000000000
14405  -39.353  -67.006  21.256 0.0000000000
14406  -39.914  -66.887  22.164 0.0000000000
14407  -40.694  -66.515  22.770 0.0000000000
14417  -38.310  -67.095  20.285 0.0000000000
14418  -39.016  -66.676  20.425 0.0000000000
14428  -37.494  -67.080  19.643 0.0000000000
14429  -38.045  -66.706  19.755 0.0000000000
14430  -38.713  -66.181  19.935 0.0000000000
14445  -36.612  -67.296  19.251 0.0000000000
14446  -37.257  -66.896  19.228 0.0000000000
14447  -37.767  -66.394  19.317 0.0000000000
14458  -35.946  -67.326  18.750 0.0000000000
14459  -36.465  -67.041  18.801 0.0000000000
14460  -37.015  -66.654  18.806 0.0000000000
14470  -35.894  -67.122  18.485 0.0000000000
14471  -36.305  -66.905  18.499 0.0000000000
14481  -35.569  -67.442  18.126 0.0000000000
14490  -35.382  -67.268  17.869 0.0000000000
14491  -35.767  -66.678  17.859 0.0000000000
14492  -38.743  -65.333  19.226 0.0000000000
14493  -39.848  -64.954  19.061 0.0000000000
14494  -41.238  -64.880  18.858 0.0000000000
14495  -42.656  -64.846  18.609 0.0000000000
14496  -44.182  -64.706  18.888 0.0000000000
14497  -45.776  -64.645  19.296 0.0000000000
14498  -47.261  -64.739  19.593 0.0000000000
14512  -35.158  -67.447  17.581 0.0000000000
14513  -35.544  -66.915  17.821 0.0000000000
14514  -36.075  -66.625  17.902 0.0000000000
14515  -36.594  -66.068  18.251 0.0000000000
14516  -37.313  -65.585  18.549 0.0000000000
14517  -38.034  -65.146  18.897 0.0000000000
14518  -38.961  -64.725  18.814 0.0000000000
15218  -43.232  -67.431  22.405 0.0000000000
15239  -41.392  -66.419  22.818 0.0000000000
15240  -42.411  -66.714  22.590 0.0000000000
15241  -44.096  -67.014  22.162 0.0000000000
15267  -39.566  -66.155  21.381 0.0000000000
15268  -40.187  -65.715  21.944 0.0000000000
15269  -40.986  -65.713  22.413 0.0000000000
15270  -41.665  -65.938  22.516 0.0000000000
15271  -46.144  -65.717  21.889 0.0000000000
15291  -39.377  -65.683  20.814 0.0000000000
15292  -39.719  -65.281  21.270 0.0000000000
15303  -38.572  -65.774  19.578 0.0000000000
15304  -39.092  -65.596  20.075 0.0000000000
15317  -37.640  -66.049  19.113 0.0000000000
15318  -38.092  -65.953  19.251 0.0000000000
15331  -36.912  -66.352  18.647 0.0000000000
15332  -37.178  -66.166  18.936 0.0000000000
15342  -36.050  -66.786  18.334 0.0000000000
15343  -36.464  -66.524  18.363 0.0000000000
15353  -35.877  -66.791  18.161 0.0000000000
15354  -36.338  -66.138  18.102 0.0000000000
15362  -35.913  -66.542  17.984 0.0000000000
15363  -36.290  -65.997  17.842 0.0000000000
15364  -36.725  -65.416  17.888 0.0000000000
15365  -40.531  -64.286  18.493 0.0000000000
15366  -41.472  -64.036  18.175 0.0000000000
15367  -42.978  -64.113  18.192 0.0000000000
15368  -44.555  -64.019  18.509 0.0000000000
15369  -46.208  -63.911  19.051 0.0000000000
15370  -47.859  -64.093  19.174 0.0000000000
15382  -36.091  -66.313  17.845 0.0000000000
15383  -36.519  -65.782  18.005 0.0000000000
15384  -37.179  -65.279  18.068 0.0000000000
15385  -37.781  -64.727  18.598 0.0000000000
15386  -38.667  -64.334  18.642 0.0000000000
15387  -39.699  -64.140  18.488 0.0000000000
15388  -40.539  -63.791  18.338 0.0000000000
16123  -42.315  -65.845  22.271 0.0000000000
16124  -43.394  -66.137  22.056 0.0000000000
16125  -44.412  -66.315  21.931 0.0000000000
16145  -40.142  -64.963  21.431 0.0000000000
16146  -40.679  -64.853  21.628 0.0000000000
16147  -41.634  -65.238  21.950 0.0000000000
16148  -42.918  -65.361  21.722 0.0000000000
16149  -44.757  -65.525  21.701 0.0000000000
16150  -46.988  -64.950  21.585 0.0000000000
16171  -39.419  -64.950  20.656 0.0000000000
16172  -39.890  -64.517  20.991 0.0000000000
16173  -40.298  -64.574  21.250 0.0000000000
16174  -47.920  -64.255  21.358 0.0000000000
16195  -38.847  -65.100  19.633 0.0000000000
16196  -39.144  -64.677  20.044 0.0000000000
16197  -39.546  -64.251  20.372 0.0000000000
16208  -37.918  -65.600  19.040 0.0000000000
16209  -38.320  -65.080  19.206 0.0000000000
16210  -38.789  -64.382  19.605 0.0000000000
16222  -37.190  -65.903  18.703 0.0000000000
16223  -37.596  -65.350  18.852 0.0000000000
16224  -37.977  -64.420  19.058 0.0000000000
16233  -37.053  -65.761  18.541 0.0000000000
16234  -37.532  -64.992  18.418 0.0000000000
16244  -36.857  -65.615  18.250 0.0000000000
16245  -37.273  -64.995  18.155 0.0000000000
16255  -36.658  -65.430  18.006 0.0000000000
16256  -37.064  -64.893  17.993 0.0000000000
16257  -37.768  -64.392  18.202 0.0000000000
16258  -38.261  -64.144  18.359 0.0000000000
16259  -41.355  -63.581  18.215 0.0000000000
16260  -41.835  -63.481  18.107 0.0000000000
16261  -43.469  -63.459  18.257 0.0000000000
16262  -45.102  -63.296  18.477 0.0000000000
16263  -46.775  -63.229  18.670 0.0000000000
16279  -37.145  -65.045  17.974 0.0000000000
16280  -37.701  -64.572  18.334 0.0000000000
16281  -38.547  -64.097  18.464 0.0000000000
16282  -39.392  -63.801  18.460 0.0000000000
16283  -40.159  -63.533  18.354 0.0000000000
16284  -40.946  -63.442  18.319 0.0000000000
16285  -41.155  -63.274  18.286 0.0000000000
17040  -40.771  -64.456  21.316 0.0000000000
17041  -41.187  -64.499  21.395 0.0000000000
17042  -42.243  -64.617  21.370 0.0000000000
17043  -43.694  -64.610  21.393 0.0000000000
17044  -45.285  -64.486  21.425 0.0000000000
17065  -39.954  -63.999  20.537 0.0000000000
17066  -40.557  -64.071  20.868 0.0000000000
17067  -41.603  -64.018  20.919 0.0000000000
17068  -42.889  -64.034  20.853 0.0000000000
17069  -44.488  -63.890  21.017 0.0000000000
17070  -46.788  -63.732  21.129 0.0000000000
17071  -48.908  -63.935  21.088 0.0000000000
17095  -39.241  -63.982  19.874 0.0000000000
17096  -39.724  -63.602  20.019 0.0000000000
17097  -40.123  -63.706  20.365 0.0000000000
17098  -47.531  -63.120  20.917 0.0000000000
17099  -48.735  -63.376  20.882 0.0000000000
17112  -38.339  -64.028  19.354 0.0000000000
17113  -38.935  -63.623  19.521 0.0000000000
17114  -39.347  -63.533  19.706 0.0000000000
17127  -37.799  -64.335  18.809 0.0000000000
17128  -38.169  -63.714  19.086 0.0000000000
17129  -38.598  -63.477  19.257 0.0000000000
17142  -37.771  -64.189  18.612 0.0000000000
17143  -38.003  -63.748  18.857 0.0000000000
17151  -37.726  -64.372  18.380 0.0000000000
17152  -37.832  -64.168  18.403 0.0000000000
17161  -37.643  -64.555  18.228 0.0000000000
17162  -37.976  -64.150  18.199 0.0000000000
17163  -38.473  -63.929  18.380 0.0000000000
17164  -39.159  -63.451  18.541 0.0000000000
17165  -39.734  -63.178  18.407 0.0000000000
17166  -40.379  -63.031  18.332 0.0000000000
17167  -41.224  -63.012  18.234 0.0000000000
17168  -42.608  -62.895  18.318 0.0000000000
17169  -44.175  -62.639  18.483 0.0000000000
17170  -45.776  -62.457  18.313 0.0000000000
17171  -47.464  -62.447  18.345 0.0000000000
17186  -38.783  -63.821  18.489 0.0000000000
17187  -39.339  -63.597  18.453 0.0000000000
17188  -39.927  -63.343  18.372 0.0000000000
17189  -40.549  -63.228  18.327 0.0000000000
17190  -40.892  -63.197  18.319 0.0000000000
17943  -40.607  -63.613  20.456 0.0000000000
17944  -41.041  -63.529  20.510 0.0000000000
17945  -42.117  -63.443  20.480 0.0000000000
17946  -43.565  -63.339  20.515 0.0000000000
17947  -45.100  -63.213  20.782 0.0000000000
17969  -39.841  -63.284  19.818 0.0000000000
17970  -40.358  -63.268  20.006 0.0000000000
17971  -41.385  -63.076  20.040 0.0000000000
17972  -42.647  -62.798  20.013 0.0000000000
17973  -44.494  -62.547  20.269 0.0000000000
17974  -46.425  -62.804  20.693 0.0000000000
17975  -48.314  -62.819  20.627 0.0000000000
17993  -38.941  -63.250  19.301 0.0000000000
17994  -39.506  -63.042  19.511 0.0000000000
17995  -40.041  -62.800  19.580 0.0000000000
17996  -43.346  -62.305  19.793 0.0000000000
17997  -44.074  -62.061  19.904 0.0000000000
18008  -38.335  -63.466  18.984 0.0000000000
18009  -38.842  -63.052  19.079 0.0000000000
18010  -39.304  -62.731  19.168 0.0000000000
18025  -37.969  -63.824  18.622 0.0000000000
18026  -38.474  -63.381  18.796 0.0000000000
18027  -38.995  -62.946  18.876 0.0000000000
18040  -37.898  -63.953  18.435 0.0000000000
18041  -38.288  -63.691  18.524 0.0000000000
18042  -38.845  -63.196  18.735 0.0000000000
18051  -38.510  -63.736  18.426 0.0000000000
18052  -38.985  -63.335  18.585 0.0000000000
18053  -39.547  -63.032  18.456 0.0000000000
18054  -40.140  -62.795  18.414 0.0000000000
18055  -40.943  -62.595  18.427 0.0000000000
18056  -42.042  -62.360  18.493 0.0000000000
18057  -43.441  -61.952  18.803 0.0000000000
18058  -44.914  -61.592  18.370 0.0000000000
18059  -46.537  -61.464  17.967 0.0000000000
18947  -40.921  -62.843  19.754 0.0000000000
18948  -41.561  -62.558  19.679 0.0000000000
18949  -42.475  -62.324  19.567 0.0000000000
18950  -45.818  -62.293  20.389 0.0000000000
18951  -47.130  -62.218  20.413 0.0000000000
18952  -49.396  -62.347  20.277 0.0000000000
18968  -39.919  -62.609  19.425 0.0000000000
18969  -40.593  -62.486  19.470 0.0000000000
18970  -41.780  -62.067  19.298 0.0000000000
18971  -43.354  -61.858  19.368 0.0000000000
18972  -45.374  -61.766  20.041 0.0000000000
18973  -47.678  -61.588  20.152 0.0000000000
18974  -49.831  -61.616  20.025 0.0000000000
18986  -39.160  -62.650  19.003 0.0000000000
18987  -39.798  -62.421  19.174 0.0000000000
18988  -40.981  -61.860  19.084 0.0000000000
18989  -42.261  -61.618  19.007 0.0000000000
18990  -43.371  -61.471  18.832 0.0000000000
19006  -39.383  -62.594  18.981 0.0000000000
19007  -40.064  -62.191  18.953 0.0000000000
19008  -40.860  -61.877  18.877 0.0000000000
19024  -39.436  -62.671  18.736 0.0000000000
19025  -40.310  -62.204  18.779 0.0000000000
19026  -41.338  -61.802  18.808 0.0000000000
19027  -42.548  -61.327  18.661 0.0000000000
19028  -43.428  -60.631  18.546 0.0000000000
19029  -43.876  -60.184  18.491 0.0000000000
19046  -39.436  -62.885  18.602 0.0000000000
19047  -39.872  -62.627  18.562 0.0000000000
19048  -40.644  -62.316  18.611 0.0000000000
19049  -41.667  -61.976  18.737 0.0000000000
19050  -42.869  -61.502  18.879 0.0000000000
19051  -44.145  -60.648  18.436 0.0000000000
19052  -45.725  -60.344  17.770 0.0000000000
19931  -44.558  -61.153  19.433 0.0000000000
19932  -46.358  -61.013  19.783 0.0000000000
19933  -48.177  -61.009  19.835 0.0000000000
19934  -49.838  -61.141  19.578 0.0000000000
19947  -41.871  -61.648  18.775 0.0000000000
19948  -42.740  -61.239  18.834 0.0000000000
19949  -43.978  -60.912  18.851 0.0000000000
19950  -45.571  -60.429  19.389 0.0000000000
19951  -47.096  -60.512  19.526 0.0000000000
19952  -48.357  -60.561  19.520 0.0000000000
19953  -49.361  -60.465  19.434 0.0000000000
19965  -41.381  -61.640  18.922 0.0000000000
19966  -42.029  -61.353  18.694 0.0000000000
19967  -43.169  -60.945  18.899 0.0000000000
19980  -41.562  -61.723  18.717 0.0000000000
19981  -42.262  -61.248  18.639 0.0000000000
19982  -43.330  -60.741  18.674 0.0000000000
19983  -44.102  -59.858  18.479 0.0000000000
19984  -44.829  -59.096  17.873 0.0000000000
20001  -44.222  -59.473  17.929 0.0000000000
20002  -45.262  -59.209  17.681 0.0000000000
20003  -46.685  -59.281  17.502 0.0000000000
20894  -43.966  -60.610  18.691 0.0000000000
20895  -44.846  -60.064  19.002 0.0000000000
20896  -47.152  -59.721  19.144 0.0000000000
20908  -44.129  -60.430  18.510 0.0000000000
20909  -45.156  -59.332  18.678 0.0000000000
20910  -46.584  -58.690  18.454 0.0000000000
20911  -47.524  -58.477  18.410 0.0000000000
20928  -44.149  -59.563  18.495 0.0000000000
20929  -45.032  -58.994  18.229 0.0000000000
20930  -46.388  -58.618  17.908 0.0000000000
20931  -47.497  -58.307  17.917 0.0000000000
20949  -46.328  -58.795  17.587 0.0000000000
21906  -47.312  -58.389  18.309 0.0000000000
21921  -47.076  -58.400  18.222 0.0000000000
124430  -48.098  -58.863  18.734 0.0000000000
