#!ascii label  , from subject Yale_0050564 vox2ras=TkReg
743
103915  19.311  59.128  -10.298 0.0000000000
103946  19.529  58.953  -11.424 0.0000000000
104385  19.317  59.591  -10.177 0.0000000000
104394  19.253  59.046  -10.718 0.0000000000
104395  19.075  59.558  -10.695 0.0000000000
104404  19.270  59.182  -11.189 0.0000000000
104405  19.037  59.579  -11.101 0.0000000000
104422  19.679  59.285  -11.856 0.0000000000
104423  19.316  59.513  -11.596 0.0000000000
104424  19.093  59.690  -11.417 0.0000000000
104434  20.012  59.494  -12.167 0.0000000000
104875  19.410  60.255  -10.100 0.0000000000
104883  19.015  60.146  -10.674 0.0000000000
104893  18.924  60.123  -11.122 0.0000000000
104902  26.855  61.444  -11.336 0.0000000000
104908  19.309  59.825  -11.893 0.0000000000
104909  19.033  60.195  -11.752 0.0000000000
104910  18.938  60.075  -11.414 0.0000000000
104920  20.128  60.082  -12.330 0.0000000000
104921  19.501  60.064  -12.103 0.0000000000
104922  19.173  60.211  -11.967 0.0000000000
105324  19.661  61.024  -10.019 0.0000000000
105327  29.880  62.211  -8.948 0.0000000000
105330  18.984  61.004  -10.748 0.0000000000
105331  18.557  61.503  -11.083 0.0000000000
105340  29.893  62.393  -8.851 0.0000000000
105341  29.194  62.756  -9.693 0.0000000000
105342  28.519  62.379  -10.621 0.0000000000
105343  27.538  61.821  -11.118 0.0000000000
105344  18.826  60.658  -11.111 0.0000000000
105345  18.570  61.241  -11.258 0.0000000000
105354  28.624  62.876  -10.135 0.0000000000
105355  28.405  62.512  -10.802 0.0000000000
105356  27.591  61.951  -11.405 0.0000000000
105357  26.293  61.375  -11.748 0.0000000000
105358  25.002  60.761  -11.856 0.0000000000
105360  18.902  60.640  -11.848 0.0000000000
105361  18.698  60.931  -11.647 0.0000000000
105362  18.267  61.471  -11.535 0.0000000000
105368  25.339  61.348  -12.060 0.0000000000
105369  24.316  61.135  -12.172 0.0000000000
105370  23.146  60.891  -12.314 0.0000000000
105371  22.113  61.018  -12.386 0.0000000000
105372  21.206  60.941  -12.474 0.0000000000
105373  20.310  60.899  -12.494 0.0000000000
105374  19.523  60.908  -12.364 0.0000000000
105375  18.894  60.863  -12.066 0.0000000000
105376  18.417  61.247  -12.038 0.0000000000
105750  19.724  61.885  -9.938 0.0000000000
105751  19.120  62.128  -10.531 0.0000000000
105754  19.252  61.565  -10.482 0.0000000000
105755  18.601  61.897  -10.881 0.0000000000
105764  29.980  63.847  -8.521 0.0000000000
105765  29.519  63.247  -9.207 0.0000000000
105766  18.106  61.886  -11.300 0.0000000000
105774  29.469  64.034  -9.278 0.0000000000
105775  29.026  63.294  -9.832 0.0000000000
105776  28.584  62.694  -10.880 0.0000000000
105777  27.937  62.217  -11.540 0.0000000000
105778  27.122  61.899  -11.835 0.0000000000
105779  18.243  61.467  -11.981 0.0000000000
105780  17.928  61.957  -11.808 0.0000000000
105790  28.132  62.421  -11.644 0.0000000000
105791  27.382  62.214  -11.963 0.0000000000
105792  26.195  61.905  -12.138 0.0000000000
105793  24.806  61.882  -12.221 0.0000000000
105794  23.603  61.819  -12.316 0.0000000000
105795  22.484  61.807  -12.393 0.0000000000
105796  21.464  61.820  -12.502 0.0000000000
105797  20.513  61.811  -12.658 0.0000000000
105798  19.629  61.813  -12.696 0.0000000000
105799  18.834  61.819  -12.538 0.0000000000
105800  18.147  61.904  -12.203 0.0000000000
105801  17.626  62.417  -12.098 0.0000000000
105905  4.227  64.545  -25.389 0.0000000000
106127  19.969  62.730  -9.646 0.0000000000
106129  19.284  62.736  -10.351 0.0000000000
106130  18.562  62.605  -10.667 0.0000000000
106139  17.828  62.698  -10.962 0.0000000000
106140  17.273  63.226  -11.161 0.0000000000
106150  17.517  62.707  -11.458 0.0000000000
106151  17.056  63.504  -11.452 0.0000000000
106161  29.526  65.172  -8.720 0.0000000000
106162  29.174  64.102  -9.474 0.0000000000
106163  28.836  63.292  -10.283 0.0000000000
106164  17.250  63.106  -11.890 0.0000000000
106165  16.920  63.782  -11.680 0.0000000000
106173  28.589  62.771  -11.321 0.0000000000
106174  27.920  62.533  -12.024 0.0000000000
106175  26.785  62.511  -12.273 0.0000000000
106176  25.406  62.581  -12.320 0.0000000000
106177  24.072  62.662  -12.295 0.0000000000
106178  22.875  62.684  -12.315 0.0000000000
106179  21.788  62.694  -12.408 0.0000000000
106180  20.787  62.718  -12.670 0.0000000000
106181  19.845  62.751  -12.876 0.0000000000
106182  18.971  62.783  -12.867 0.0000000000
106183  18.177  62.836  -12.626 0.0000000000
106184  17.566  62.925  -12.288 0.0000000000
106243  13.364  65.016  -24.799 0.0000000000
106250  12.429  64.061  -24.800 0.0000000000
106251  11.217  63.555  -24.523 0.0000000000
106252  9.599  63.502  -24.461 0.0000000000
106253  7.696  63.831  -25.044 0.0000000000
106254  5.600  64.391  -25.848 0.0000000000
106255  3.493  64.839  -25.371 0.0000000000
106256  2.311  64.574  -24.009 0.0000000000
106434  19.978  63.886  -9.626 0.0000000000
106435  19.117  64.442  -10.170 0.0000000000
106437  19.480  63.291  -10.157 0.0000000000
106438  18.267  63.766  -10.663 0.0000000000
106439  17.064  64.477  -10.715 0.0000000000
106449  17.433  63.354  -10.915 0.0000000000
106450  16.903  64.056  -10.995 0.0000000000
106461  16.744  64.387  -11.440 0.0000000000
106472  30.312  66.290  -9.352 0.0000000000
106473  29.880  65.066  -9.587 0.0000000000
106474  29.463  63.894  -10.186 0.0000000000
106475  17.205  63.712  -12.140 0.0000000000
106476  16.861  64.325  -11.836 0.0000000000
106481  29.055  63.341  -10.896 0.0000000000
106482  28.532  62.974  -11.737 0.0000000000
106483  27.490  63.001  -12.283 0.0000000000
106484  26.080  63.222  -12.436 0.0000000000
106485  24.629  63.472  -12.352 0.0000000000
106486  23.304  63.600  -12.275 0.0000000000
106487  22.142  63.590  -12.242 0.0000000000
106488  21.105  63.630  -12.409 0.0000000000
106489  20.130  63.707  -12.728 0.0000000000
106490  19.228  63.793  -12.840 0.0000000000
106491  18.392  63.889  -12.745 0.0000000000
106492  17.589  64.007  -12.446 0.0000000000
106493  17.084  64.533  -12.136 0.0000000000
106517  18.689  65.425  -17.660 0.0000000000
106518  18.025  65.001  -17.680 0.0000000000
106519  17.094  64.710  -17.726 0.0000000000
106520  16.094  64.701  -17.793 0.0000000000
106521  15.125  64.972  -18.013 0.0000000000
106522  14.560  65.191  -18.268 0.0000000000
106527  18.968  66.467  -18.479 0.0000000000
106528  18.827  66.301  -18.412 0.0000000000
106529  17.751  65.392  -18.428 0.0000000000
106530  16.814  65.026  -18.275 0.0000000000
106531  15.987  65.213  -18.493 0.0000000000
106532  15.004  65.285  -18.679 0.0000000000
106540  19.203  66.081  -20.012 0.0000000000
106541  19.061  66.525  -19.575 0.0000000000
106542  18.713  66.617  -19.580 0.0000000000
106543  17.443  66.544  -19.071 0.0000000000
106544  15.875  66.495  -19.180 0.0000000000
106545  14.807  66.075  -19.161 0.0000000000
106551  19.373  66.087  -20.481 0.0000000000
106552  19.226  66.551  -20.750 0.0000000000
106553  18.838  67.923  -21.446 0.0000000000
106554  17.148  68.391  -20.092 0.0000000000
106555  16.116  68.130  -19.806 0.0000000000
106560  19.095  68.472  -23.952 0.0000000000
106565  0.007  65.105  -19.925 0.0000000000
106566  18.512  68.515  -25.369 0.0000000000
106567  17.927  68.963  -26.582 0.0000000000
106568  16.928  69.221  -26.584 0.0000000000
106569  15.847  68.531  -26.184 0.0000000000
106570  14.702  67.237  -24.612 0.0000000000
106571  13.944  66.236  -24.209 0.0000000000
106572  13.224  65.604  -24.678 0.0000000000
106573  2.062  66.513  -24.522 0.0000000000
106574  1.445  66.149  -23.968 0.0000000000
106575  0.933  65.729  -22.723 0.0000000000
106576  0.380  64.959  -21.321 0.0000000000
106580  12.044  65.322  -24.971 0.0000000000
106581  10.646  65.273  -25.400 0.0000000000
106582  8.951  65.383  -26.107 0.0000000000
106583  6.923  65.545  -26.630 0.0000000000
106584  4.795  65.776  -25.786 0.0000000000
106585  2.803  65.776  -24.596 0.0000000000
106586  1.579  65.017  -23.431 0.0000000000
106587  0.925  64.492  -22.420 0.0000000000
106588  0.634  64.085  -21.756 0.0000000000
106763  18.402  64.974  -10.191 0.0000000000
106764  17.233  65.010  -10.449 0.0000000000
106774  16.357  65.331  -10.764 0.0000000000
106775  15.782  66.047  -10.811 0.0000000000
106787  16.296  65.202  -11.164 0.0000000000
106788  15.804  65.978  -11.026 0.0000000000
106795  30.434  66.305  -10.217 0.0000000000
106796  29.637  64.538  -11.052 0.0000000000
106797  29.731  63.971  -10.767 0.0000000000
106798  25.982  64.600  -12.271 0.0000000000
106799  24.970  65.058  -12.069 0.0000000000
106800  24.093  65.383  -11.743 0.0000000000
106801  16.327  65.591  -11.569 0.0000000000
106802  15.882  66.091  -11.286 0.0000000000
106807  29.101  63.604  -11.313 0.0000000000
106808  28.281  63.480  -12.134 0.0000000000
106809  26.822  63.854  -12.404 0.0000000000
106810  25.353  64.136  -12.364 0.0000000000
106811  23.795  64.696  -12.102 0.0000000000
106812  22.476  64.513  -12.067 0.0000000000
106813  21.437  64.537  -12.115 0.0000000000
106814  20.478  64.679  -12.317 0.0000000000
106815  19.548  64.863  -12.566 0.0000000000
106816  18.681  65.029  -12.612 0.0000000000
106817  17.881  65.184  -12.492 0.0000000000
106818  17.195  65.379  -12.267 0.0000000000
106819  16.685  65.507  -11.971 0.0000000000
106831  21.609  66.411  -16.342 0.0000000000
106832  20.859  66.183  -16.451 0.0000000000
106833  20.007  65.808  -16.517 0.0000000000
106834  19.128  65.517  -16.518 0.0000000000
106835  18.250  65.292  -16.430 0.0000000000
106836  17.197  65.331  -16.519 0.0000000000
106837  16.107  65.342  -16.700 0.0000000000
106838  15.507  65.367  -16.819 0.0000000000
106846  21.818  66.507  -16.485 0.0000000000
106847  21.022  66.282  -16.961 0.0000000000
106848  20.039  65.934  -17.261 0.0000000000
106849  19.254  65.541  -17.379 0.0000000000
106850  18.464  65.033  -17.070 0.0000000000
106851  17.574  64.869  -17.091 0.0000000000
106852  16.537  64.839  -17.167 0.0000000000
106853  15.338  65.092  -17.216 0.0000000000
106854  14.093  65.522  -17.897 0.0000000000
106855  13.166  65.868  -18.041 0.0000000000
106859  20.553  66.440  -17.508 0.0000000000
106860  19.917  66.340  -17.848 0.0000000000
106861  19.011  66.490  -18.706 0.0000000000
106862  14.067  65.639  -18.745 0.0000000000
106863  12.943  66.031  -18.504 0.0000000000
106864  12.250  66.556  -18.844 0.0000000000
106872  19.289  67.029  -19.740 0.0000000000
106873  15.183  67.542  -19.726 0.0000000000
106874  14.179  66.791  -19.561 0.0000000000
106875  13.292  66.410  -19.345 0.0000000000
106876  12.515  66.708  -19.284 0.0000000000
106887  18.375  69.165  -22.977 0.0000000000
106888  17.578  69.526  -21.789 0.0000000000
106889  16.063  69.128  -20.846 0.0000000000
106890  14.564  68.529  -20.652 0.0000000000
106891  13.582  67.566  -20.238 0.0000000000
106892  12.862  67.155  -19.948 0.0000000000
106898  18.213  69.654  -24.265 0.0000000000
106899  17.225  68.961  -23.670 0.0000000000
106900  16.429  69.864  -23.067 0.0000000000
106901  15.272  69.215  -21.928 0.0000000000
106904  1.059  67.023  -18.790 0.0000000000
106905  0.258  66.577  -19.848 0.0000000000
106906  17.233  69.174  -24.989 0.0000000000
106907  17.117  69.604  -25.766 0.0000000000
106908  16.474  69.525  -24.954 0.0000000000
106909  15.370  68.843  -23.489 0.0000000000
106910  14.432  67.318  -23.233 0.0000000000
106911  13.375  66.949  -23.804 0.0000000000
106912  12.389  66.752  -24.649 0.0000000000
106913  1.514  67.188  -24.834 0.0000000000
106914  1.082  67.133  -23.530 0.0000000000
106915  0.539  66.695  -22.029 0.0000000000
106916  0.127  66.363  -20.776 0.0000000000
106917  11.215  66.803  -25.224 0.0000000000
106918  9.753  67.144  -26.201 0.0000000000
106919  7.937  67.276  -26.928 0.0000000000
106920  5.842  67.627  -27.272 0.0000000000
106921  3.604  67.310  -26.433 0.0000000000
106922  2.209  67.072  -25.647 0.0000000000
107116  17.407  65.966  -9.928 0.0000000000
107117  16.253  66.418  -10.094 0.0000000000
107126  16.497  65.760  -10.318 0.0000000000
107127  15.793  66.377  -10.538 0.0000000000
107136  15.454  66.645  -10.905 0.0000000000
107140  31.118  66.521  -11.009 0.0000000000
107141  31.137  66.768  -10.753 0.0000000000
107142  30.664  65.796  -11.271 0.0000000000
107143  29.812  64.776  -11.298 0.0000000000
107144  28.178  65.337  -11.695 0.0000000000
107145  26.280  65.496  -11.910 0.0000000000
107146  24.495  65.992  -11.441 0.0000000000
107147  23.148  65.958  -11.252 0.0000000000
107148  21.918  66.294  -11.371 0.0000000000
107149  21.156  66.306  -11.656 0.0000000000
107150  15.707  67.029  -11.550 0.0000000000
107151  15.455  66.859  -11.225 0.0000000000
107153  32.100  68.206  -12.169 0.0000000000
107154  31.924  67.558  -10.348 0.0000000000
107155  28.820  64.132  -11.803 0.0000000000
107156  27.635  64.409  -12.229 0.0000000000
107157  26.676  64.556  -12.281 0.0000000000
107158  22.567  65.299  -11.633 0.0000000000
107159  21.701  65.375  -11.757 0.0000000000
107160  20.852  65.601  -12.019 0.0000000000
107161  19.949  65.962  -12.191 0.0000000000
107162  19.027  66.295  -12.370 0.0000000000
107163  18.153  66.487  -12.392 0.0000000000
107164  17.382  66.631  -12.304 0.0000000000
107165  16.725  66.738  -12.100 0.0000000000
107166  16.154  66.820  -11.880 0.0000000000
107171  34.726  67.770  -15.254 0.0000000000
107172  23.457  67.665  -15.786 0.0000000000
107173  22.683  67.378  -15.671 0.0000000000
107174  21.754  67.224  -15.560 0.0000000000
107175  20.774  67.101  -15.557 0.0000000000
107176  19.841  67.051  -15.632 0.0000000000
107177  19.009  67.199  -15.743 0.0000000000
107178  18.550  67.501  -15.824 0.0000000000
107183  24.232  68.091  -16.192 0.0000000000
107184  23.629  67.559  -16.152 0.0000000000
107185  22.467  66.865  -16.134 0.0000000000
107186  21.737  66.594  -15.977 0.0000000000
107187  20.853  66.370  -15.948 0.0000000000
107188  19.957  66.117  -15.939 0.0000000000
107189  19.054  66.058  -15.943 0.0000000000
107190  18.051  66.526  -15.933 0.0000000000
107191  16.757  66.352  -16.248 0.0000000000
107192  15.544  66.106  -16.567 0.0000000000
107193  14.942  66.433  -16.627 0.0000000000
107200  24.243  68.528  -16.408 0.0000000000
107201  23.392  67.696  -16.578 0.0000000000
107202  22.035  66.869  -16.820 0.0000000000
107203  20.992  66.559  -17.287 0.0000000000
107204  15.160  65.429  -16.854 0.0000000000
107205  14.484  65.896  -16.991 0.0000000000
107206  13.032  66.253  -17.745 0.0000000000
107207  12.201  66.794  -18.005 0.0000000000
107211  24.131  68.994  -16.544 0.0000000000
107212  23.434  68.532  -16.855 0.0000000000
107213  22.025  67.818  -17.266 0.0000000000
107214  20.193  67.089  -18.026 0.0000000000
107215  18.705  66.866  -18.837 0.0000000000
107216  19.150  67.149  -19.183 0.0000000000
107217  12.754  66.135  -18.147 0.0000000000
107218  11.865  66.871  -18.462 0.0000000000
107219  10.926  67.818  -18.588 0.0000000000
107224  19.112  67.772  -18.742 0.0000000000
107225  18.558  67.616  -19.264 0.0000000000
107227  11.722  67.146  -19.403 0.0000000000
107228  10.680  68.075  -19.191 0.0000000000
107229  9.962  68.864  -19.655 0.0000000000
107239  13.821  68.482  -21.022 0.0000000000
107240  13.076  67.957  -20.905 0.0000000000
107241  12.107  67.579  -20.441 0.0000000000
107242  10.981  67.878  -20.533 0.0000000000
107243  9.978  68.547  -20.615 0.0000000000
107248  17.399  70.057  -24.368 0.0000000000
107249  16.929  70.049  -24.129 0.0000000000
107250  16.693  69.986  -24.415 0.0000000000
107251  14.389  68.893  -21.624 0.0000000000
107252  13.675  68.351  -21.704 0.0000000000
107253  12.630  68.023  -21.923 0.0000000000
107254  11.419  68.126  -21.872 0.0000000000
107255  10.428  68.760  -21.856 0.0000000000
107256  2.090  68.586  -19.265 0.0000000000
107257  1.025  68.226  -20.720 0.0000000000
107258  0.298  67.169  -20.612 0.0000000000
107259  17.571  69.979  -24.532 0.0000000000
107260  16.823  69.795  -25.051 0.0000000000
107261  14.859  68.995  -22.262 0.0000000000
107262  14.385  68.529  -22.376 0.0000000000
107263  13.436  67.773  -22.625 0.0000000000
107264  11.992  67.771  -23.582 0.0000000000
107265  10.734  68.719  -23.300 0.0000000000
107266  1.861  67.953  -25.809 0.0000000000
107267  1.608  68.569  -24.910 0.0000000000
107268  0.996  68.381  -22.809 0.0000000000
107269  0.529  67.368  -21.318 0.0000000000
107270  11.496  67.456  -24.658 0.0000000000
107271  10.400  68.530  -25.023 0.0000000000
107272  8.303  69.168  -26.681 0.0000000000
107273  7.148  68.686  -27.168 0.0000000000
107274  2.698  68.217  -26.364 0.0000000000
107275  2.371  68.966  -26.259 0.0000000000
107276  7.189  69.952  -27.236 0.0000000000
107277  7.140  69.680  -27.418 0.0000000000
107278  6.211  69.356  -27.065 0.0000000000
107460  15.660  67.496  -10.154 0.0000000000
107472  15.234  67.378  -10.721 0.0000000000
107473  14.872  68.367  -10.983 0.0000000000
107483  32.803  68.551  -7.851 0.0000000000
107484  32.196  68.526  -8.127 0.0000000000
107485  31.663  68.013  -8.916 0.0000000000
107486  15.149  67.623  -11.098 0.0000000000
107487  14.938  68.685  -11.359 0.0000000000
107489  31.834  68.636  -9.272 0.0000000000
107490  31.319  67.387  -10.229 0.0000000000
107491  30.676  66.455  -10.439 0.0000000000
107492  29.036  66.333  -10.655 0.0000000000
107493  27.024  66.549  -10.791 0.0000000000
107494  25.139  66.905  -10.751 0.0000000000
107495  23.440  67.135  -10.465 0.0000000000
107496  22.101  67.484  -10.767 0.0000000000
107497  20.993  67.605  -11.311 0.0000000000
107498  20.164  68.141  -11.660 0.0000000000
107499  15.557  67.794  -11.546 0.0000000000
107500  15.336  68.247  -11.499 0.0000000000
107501  15.034  69.030  -11.624 0.0000000000
107503  31.895  68.710  -12.167 0.0000000000
107504  32.414  69.127  -11.457 0.0000000000
107505  20.434  66.864  -11.858 0.0000000000
107506  19.485  67.728  -11.987 0.0000000000
107507  18.454  67.991  -12.123 0.0000000000
107508  17.596  68.152  -12.146 0.0000000000
107509  16.882  68.241  -12.142 0.0000000000
107510  16.283  68.273  -12.006 0.0000000000
107511  15.694  68.278  -11.773 0.0000000000
107512  15.369  68.787  -11.788 0.0000000000
107517  33.807  68.221  -14.118 0.0000000000
107518  33.028  69.477  -13.205 0.0000000000
107519  26.400  72.708  -15.915 0.0000000000
107520  25.717  71.081  -15.497 0.0000000000
107521  24.513  69.016  -15.602 0.0000000000
107522  23.686  68.566  -15.392 0.0000000000
107523  22.712  68.536  -15.325 0.0000000000
107524  21.616  68.555  -15.468 0.0000000000
107525  20.568  68.451  -15.566 0.0000000000
107526  19.658  68.423  -15.692 0.0000000000
107527  18.912  68.439  -15.837 0.0000000000
107531  34.981  68.508  -16.192 0.0000000000
107532  25.961  72.366  -16.185 0.0000000000
107533  24.890  69.625  -16.003 0.0000000000
107534  24.433  68.295  -16.054 0.0000000000
107535  18.244  68.228  -15.940 0.0000000000
107536  17.411  67.903  -16.094 0.0000000000
107537  16.402  67.667  -16.354 0.0000000000
107538  15.364  67.451  -16.550 0.0000000000
107539  14.649  67.699  -16.721 0.0000000000
107542  35.293  68.585  -17.909 0.0000000000
107547  25.406  71.991  -16.217 0.0000000000
107548  24.647  69.831  -16.322 0.0000000000
107549  14.576  66.789  -16.689 0.0000000000
107550  13.729  67.120  -16.944 0.0000000000
107551  12.474  67.287  -17.644 0.0000000000
107555  24.809  71.622  -16.287 0.0000000000
107556  23.947  70.059  -16.794 0.0000000000
107557  22.022  69.573  -17.438 0.0000000000
107558  20.332  68.398  -17.985 0.0000000000
107559  19.492  67.934  -18.438 0.0000000000
107560  11.643  67.317  -18.349 0.0000000000
107561  10.551  67.652  -18.438 0.0000000000
107567  19.974  69.881  -18.254 0.0000000000
107571  10.513  67.916  -18.836 0.0000000000
107572  9.610  68.312  -19.306 0.0000000000
107583  9.417  69.433  -20.359 0.0000000000
107584  8.453  69.369  -19.942 0.0000000000
107587  3.586  69.529  -19.632 0.0000000000
107588  2.758  69.325  -19.499 0.0000000000
107594  17.078  70.202  -24.545 0.0000000000
107595  16.878  70.039  -24.572 0.0000000000
107596  16.731  70.035  -24.777 0.0000000000
107597  9.633  69.885  -21.859 0.0000000000
107598  8.483  70.061  -21.846 0.0000000000
107599  7.507  70.043  -21.147 0.0000000000
107600  6.204  70.279  -21.034 0.0000000000
107601  4.651  70.351  -21.160 0.0000000000
107602  2.711  70.070  -21.010 0.0000000000
107603  1.923  69.882  -22.740 0.0000000000
107604  17.247  70.073  -24.669 0.0000000000
107605  10.067  70.160  -23.316 0.0000000000
107606  8.972  71.083  -23.196 0.0000000000
107607  2.631  70.088  -25.959 0.0000000000
107608  1.975  70.024  -24.398 0.0000000000
107609  10.259  69.783  -24.320 0.0000000000
107610  8.871  70.613  -24.870 0.0000000000
107611  6.997  70.468  -26.154 0.0000000000
107612  6.267  70.417  -27.354 0.0000000000
107793  33.493  68.773  -7.768 0.0000000000
107794  33.259  68.308  -7.123 0.0000000000
107795  32.736  68.107  -7.254 0.0000000000
107796  31.213  67.755  -7.275 0.0000000000
107797  28.873  68.510  -7.810 0.0000000000
107798  26.328  69.024  -7.950 0.0000000000
107799  24.340  69.382  -8.284 0.0000000000
107800  22.979  69.714  -8.711 0.0000000000
107803  33.395  69.562  -9.247 0.0000000000
107804  33.212  70.063  -10.677 0.0000000000
107805  31.570  67.799  -8.494 0.0000000000
107806  30.668  66.872  -9.117 0.0000000000
107807  27.890  67.488  -9.389 0.0000000000
107808  25.656  67.787  -9.325 0.0000000000
107809  23.854  68.189  -9.427 0.0000000000
107810  22.285  69.047  -9.796 0.0000000000
107811  21.109  69.235  -10.669 0.0000000000
107812  20.234  69.251  -11.202 0.0000000000
107813  15.254  69.080  -11.810 0.0000000000
107814  15.056  69.712  -11.987 0.0000000000
107816  33.110  69.745  -11.980 0.0000000000
107817  32.524  70.455  -12.769 0.0000000000
107818  29.078  73.143  -14.103 0.0000000000
107819  28.066  73.203  -13.972 0.0000000000
107820  26.622  72.632  -13.763 0.0000000000
107821  25.561  72.024  -13.924 0.0000000000
107822  24.590  71.826  -14.299 0.0000000000
107823  23.610  71.860  -14.842 0.0000000000
107824  19.589  69.394  -11.552 0.0000000000
107825  18.720  69.701  -11.753 0.0000000000
107826  17.788  69.933  -11.896 0.0000000000
107827  16.991  70.081  -11.948 0.0000000000
107828  16.428  70.058  -12.134 0.0000000000
107829  15.905  69.929  -12.145 0.0000000000
107830  15.402  69.830  -12.098 0.0000000000
107831  15.200  70.475  -12.225 0.0000000000
107836  34.301  69.316  -15.491 0.0000000000
107837  33.369  70.147  -14.821 0.0000000000
107838  32.694  71.035  -14.278 0.0000000000
107839  28.876  72.937  -15.148 0.0000000000
107840  26.941  73.236  -15.268 0.0000000000
107841  25.593  71.093  -14.684 0.0000000000
107842  24.712  70.134  -14.812 0.0000000000
107843  23.759  70.021  -15.003 0.0000000000
107844  22.571  70.661  -15.396 0.0000000000
107845  21.268  70.351  -15.681 0.0000000000
107846  20.273  70.141  -15.986 0.0000000000
107847  19.407  69.961  -16.109 0.0000000000
107848  18.673  69.793  -16.171 0.0000000000
107851  34.301  69.930  -16.799 0.0000000000
107852  33.725  70.774  -16.368 0.0000000000
107853  30.727  73.295  -17.837 0.0000000000
107854  29.471  73.843  -17.002 0.0000000000
107855  27.293  73.697  -16.660 0.0000000000
107856  17.967  69.621  -16.257 0.0000000000
107857  17.178  69.412  -16.416 0.0000000000
107858  16.295  69.149  -16.620 0.0000000000
107859  15.350  68.889  -16.718 0.0000000000
107860  14.375  68.590  -16.846 0.0000000000
107862  34.270  69.867  -18.221 0.0000000000
107863  33.636  70.262  -18.883 0.0000000000
107864  32.569  71.143  -19.077 0.0000000000
107865  30.993  72.446  -18.670 0.0000000000
107866  29.071  73.246  -18.537 0.0000000000
107867  26.820  73.883  -17.122 0.0000000000
107868  13.303  68.388  -17.142 0.0000000000
107869  12.276  68.391  -17.681 0.0000000000
107870  11.471  68.339  -18.235 0.0000000000
107874  26.141  73.378  -16.995 0.0000000000
107875  24.508  72.456  -16.842 0.0000000000
107876  23.118  71.212  -17.102 0.0000000000
107877  11.684  67.738  -18.103 0.0000000000
107878  10.760  67.885  -18.509 0.0000000000
107902  16.923  70.227  -24.738 0.0000000000
107903  16.929  69.929  -24.871 0.0000000000
107904  7.842  70.919  -22.046 0.0000000000
107905  6.915  71.176  -22.267 0.0000000000
107906  5.592  71.799  -22.366 0.0000000000
107907  4.177  71.641  -22.645 0.0000000000
107908  3.044  71.199  -23.377 0.0000000000
107909  2.425  70.812  -24.047 0.0000000000
107910  17.078  70.094  -24.778 0.0000000000
107911  7.851  71.498  -22.986 0.0000000000
107912  6.373  72.426  -23.797 0.0000000000
107913  5.203  72.684  -23.726 0.0000000000
107914  4.247  72.345  -24.210 0.0000000000
107915  3.371  71.537  -25.396 0.0000000000
107916  7.770  72.100  -24.221 0.0000000000
107917  6.286  72.610  -24.862 0.0000000000
107918  7.147  71.835  -25.381 0.0000000000
107919  5.322  71.912  -26.193 0.0000000000
108062  33.954  69.880  -6.464 0.0000000000
108063  33.392  69.732  -6.193 0.0000000000
108064  32.275  69.837  -6.090 0.0000000000
108065  30.530  70.380  -5.869 0.0000000000
108066  28.470  71.186  -6.003 0.0000000000
108067  27.132  71.748  -6.087 0.0000000000
108075  33.918  69.773  -7.538 0.0000000000
108076  33.832  69.072  -6.663 0.0000000000
108077  33.190  68.644  -6.310 0.0000000000
108078  31.978  68.779  -6.401 0.0000000000
108079  29.839  69.457  -6.529 0.0000000000
108080  27.003  70.632  -6.608 0.0000000000
108081  24.872  70.878  -7.359 0.0000000000
108082  23.190  71.148  -7.942 0.0000000000
108086  33.559  70.393  -9.019 0.0000000000
108087  32.389  71.379  -11.043 0.0000000000
108088  31.265  72.307  -11.199 0.0000000000
108089  28.328  74.189  -11.453 0.0000000000
108090  27.104  74.508  -11.427 0.0000000000
108091  25.841  74.920  -11.468 0.0000000000
108092  25.039  75.411  -11.456 0.0000000000
108093  22.055  71.084  -8.863 0.0000000000
108094  21.209  71.014  -9.928 0.0000000000
108095  20.093  71.248  -10.764 0.0000000000
108096  19.482  72.416  -11.064 0.0000000000
108100  32.061  71.647  -13.688 0.0000000000
108101  30.925  72.602  -12.714 0.0000000000
108102  29.281  73.485  -12.748 0.0000000000
108103  27.642  73.557  -12.696 0.0000000000
108104  26.371  73.580  -12.801 0.0000000000
108105  24.963  74.137  -12.739 0.0000000000
108106  23.763  73.826  -13.994 0.0000000000
108107  22.789  73.283  -14.998 0.0000000000
108108  19.755  70.300  -11.272 0.0000000000
108109  19.085  71.495  -11.329 0.0000000000
108110  18.022  71.807  -11.692 0.0000000000
108111  17.153  72.087  -11.884 0.0000000000
108112  16.581  72.229  -12.120 0.0000000000
108113  16.192  72.079  -12.178 0.0000000000
108114  15.907  71.680  -12.155 0.0000000000
108120  33.225  71.484  -16.378 0.0000000000
108121  32.559  71.758  -15.516 0.0000000000
108122  31.376  72.617  -15.413 0.0000000000
108123  29.986  72.993  -14.415 0.0000000000
108124  21.741  72.601  -15.613 0.0000000000
108125  20.723  72.206  -16.050 0.0000000000
108126  19.812  71.887  -16.370 0.0000000000
108127  19.079  71.482  -16.525 0.0000000000
108128  18.500  71.316  -16.622 0.0000000000
108132  33.868  70.739  -17.857 0.0000000000
108133  33.485  71.255  -17.291 0.0000000000
108134  31.674  73.025  -17.649 0.0000000000
108135  30.994  73.022  -17.095 0.0000000000
108136  30.085  72.800  -15.898 0.0000000000
108137  17.898  71.266  -16.770 0.0000000000
108138  17.177  70.996  -16.875 0.0000000000
108139  16.275  70.567  -16.966 0.0000000000
108140  15.266  70.015  -17.054 0.0000000000
108141  14.282  69.728  -17.138 0.0000000000
108144  33.680  70.612  -18.378 0.0000000000
108145  33.123  71.399  -18.255 0.0000000000
108146  32.075  72.432  -18.244 0.0000000000
108147  31.319  73.112  -18.048 0.0000000000
108148  13.208  69.609  -17.529 0.0000000000
108149  11.994  69.356  -17.999 0.0000000000
108150  10.941  68.915  -18.597 0.0000000000
108180  5.937  73.156  -24.532 0.0000000000
108181  5.648  73.211  -24.385 0.0000000000
108182  5.076  73.049  -24.564 0.0000000000
108183  5.497  72.984  -24.962 0.0000000000
108184  4.745  72.565  -25.160 0.0000000000
108298  31.116  72.157  -6.434 0.0000000000
108299  30.770  72.139  -6.239 0.0000000000
108300  30.000  72.415  -6.158 0.0000000000
108305  33.491  70.217  -6.322 0.0000000000
108306  32.246  71.232  -6.349 0.0000000000
108307  30.871  71.350  -5.931 0.0000000000
108308  29.137  72.196  -5.970 0.0000000000
108309  27.359  72.559  -6.099 0.0000000000
108310  26.090  72.490  -6.459 0.0000000000
108311  24.953  73.060  -6.812 0.0000000000
108319  33.584  70.501  -6.831 0.0000000000
108320  32.735  71.755  -7.421 0.0000000000
108321  31.748  72.662  -8.356 0.0000000000
108322  30.343  73.571  -8.888 0.0000000000
108323  29.008  74.455  -8.979 0.0000000000
108324  25.201  72.044  -6.732 0.0000000000
108325  23.789  72.776  -7.242 0.0000000000
108326  22.208  72.895  -8.393 0.0000000000
108327  21.394  73.539  -9.292 0.0000000000
108330  33.721  70.762  -7.801 0.0000000000
108331  32.828  71.558  -8.824 0.0000000000
108332  31.381  72.724  -9.995 0.0000000000
108333  29.618  73.867  -10.614 0.0000000000
108334  27.854  74.968  -9.874 0.0000000000
108335  26.438  75.463  -10.097 0.0000000000
108336  25.209  75.616  -10.409 0.0000000000
108337  21.385  72.431  -9.178 0.0000000000
108338  20.617  73.072  -9.960 0.0000000000
108339  19.722  73.327  -10.732 0.0000000000
108340  19.091  73.469  -11.293 0.0000000000
108344  30.615  72.981  -11.251 0.0000000000
108345  30.064  73.264  -11.820 0.0000000000
108346  24.345  75.884  -11.306 0.0000000000
108347  23.572  75.517  -12.515 0.0000000000
108348  22.524  75.156  -13.615 0.0000000000
108349  18.311  73.568  -11.685 0.0000000000
108350  17.538  73.766  -12.157 0.0000000000
108351  16.984  73.900  -12.598 0.0000000000
108352  16.760  74.141  -13.222 0.0000000000
108353  16.431  73.548  -12.689 0.0000000000
108360  32.678  72.317  -16.659 0.0000000000
108361  32.079  72.736  -16.541 0.0000000000
108362  31.649  73.034  -16.642 0.0000000000
108363  21.758  74.460  -14.825 0.0000000000
108364  20.878  74.011  -15.489 0.0000000000
108365  19.969  73.824  -16.003 0.0000000000
108366  19.073  73.450  -16.386 0.0000000000
108367  18.800  72.414  -16.698 0.0000000000
108368  17.150  74.963  -14.300 0.0000000000
108369  16.964  74.695  -13.974 0.0000000000
108375  32.920  72.061  -17.273 0.0000000000
108376  32.285  72.693  -17.400 0.0000000000
108377  31.786  73.140  -17.077 0.0000000000
108378  18.549  74.036  -16.289 0.0000000000
108379  18.395  73.146  -16.669 0.0000000000
108380  17.837  72.863  -16.906 0.0000000000
108381  17.271  72.537  -17.142 0.0000000000
108387  33.051  71.811  -17.740 0.0000000000
108388  32.674  72.167  -17.863 0.0000000000
108511  31.127  72.384  -6.646 0.0000000000
108512  30.414  72.698  -6.580 0.0000000000
108513  30.069  72.711  -6.418 0.0000000000
108519  31.542  72.435  -7.054 0.0000000000
108520  30.444  73.111  -7.029 0.0000000000
108521  29.327  73.331  -6.713 0.0000000000
108522  27.618  73.665  -6.649 0.0000000000
108523  26.217  73.598  -6.701 0.0000000000
108524  25.444  73.423  -6.812 0.0000000000
108532  31.696  72.508  -7.610 0.0000000000
108533  30.880  73.160  -7.729 0.0000000000
108534  29.577  73.901  -7.812 0.0000000000
108535  27.759  74.715  -8.028 0.0000000000
108536  26.409  74.530  -7.396 0.0000000000
108537  24.946  74.114  -7.665 0.0000000000
108538  23.137  74.192  -8.619 0.0000000000
108539  21.974  74.157  -9.256 0.0000000000
108544  26.924  75.300  -9.128 0.0000000000
108545  25.929  75.234  -8.818 0.0000000000
108546  24.159  75.188  -9.731 0.0000000000
108547  22.453  75.087  -10.202 0.0000000000
108548  21.148  74.630  -10.025 0.0000000000
108549  20.156  74.493  -10.612 0.0000000000
108550  19.406  74.557  -11.185 0.0000000000
108553  23.337  75.625  -11.108 0.0000000000
108554  22.359  75.816  -11.830 0.0000000000
108555  21.740  75.889  -12.735 0.0000000000
108556  18.722  74.795  -11.714 0.0000000000
108557  18.127  75.188  -12.628 0.0000000000
108558  17.455  75.126  -13.217 0.0000000000
108559  17.153  74.937  -13.624 0.0000000000
108564  21.415  75.510  -13.703 0.0000000000
108565  20.803  75.124  -14.491 0.0000000000
108566  19.997  75.031  -14.992 0.0000000000
108567  18.820  75.122  -14.758 0.0000000000
108568  17.900  75.134  -14.725 0.0000000000
108569  17.402  75.188  -14.813 0.0000000000
108570  17.512  75.018  -15.299 0.0000000000
108577  18.536  74.595  -15.720 0.0000000000
108578  18.144  74.544  -15.857 0.0000000000
108579  17.925  74.375  -16.222 0.0000000000
108580  17.751  74.217  -16.514 0.0000000000
108705  21.635  75.288  -11.045 0.0000000000
108706  20.881  75.152  -11.284 0.0000000000
108707  20.096  75.122  -11.683 0.0000000000
108708  19.433  75.147  -12.005 0.0000000000
108713  21.487  75.597  -11.880 0.0000000000
108714  20.854  75.518  -12.489 0.0000000000
108715  20.023  75.373  -12.747 0.0000000000
108716  19.184  75.366  -12.968 0.0000000000
108717  18.834  75.358  -13.778 0.0000000000
108722  20.600  75.499  -13.469 0.0000000000
108723  19.984  75.394  -13.829 0.0000000000
108724  19.292  75.339  -14.124 0.0000000000
108725  18.964  75.291  -14.244 0.0000000000
110436  16.969  69.616  -24.959 0.0000000000
110437  4.092  69.846  -26.982 0.0000000000
110438  3.366  70.735  -26.357 0.0000000000
110439  3.685  70.943  -26.115 0.0000000000
110440  4.275  71.278  -26.082 0.0000000000
110441  4.200  71.471  -25.443 0.0000000000
