#!ascii label  , from subject Yale_0050559 vox2ras=TkReg
1685
10762  26.718  -72.461  -3.894 0.0000000000
10780  27.559  -72.269  -5.125 0.0000000000
10781  27.008  -72.369  -4.696 0.0000000000
10782  25.730  -72.682  -5.245 0.0000000000
10789  29.227  -71.672  -6.449 0.0000000000
10790  28.838  -71.988  -6.281 0.0000000000
10791  27.871  -72.207  -5.929 0.0000000000
10792  26.629  -72.125  -6.495 0.0000000000
10793  25.245  -71.787  -6.925 0.0000000000
10797  29.426  -71.788  -6.889 0.0000000000
10798  28.600  -71.849  -7.132 0.0000000000
10799  27.514  -71.597  -7.545 0.0000000000
10800  26.323  -70.878  -8.236 0.0000000000
10801  24.783  -70.287  -8.290 0.0000000000
10803  29.262  -71.483  -7.711 0.0000000000
10804  28.369  -71.277  -8.336 0.0000000000
10805  27.287  -70.904  -8.773 0.0000000000
10806  26.712  -70.676  -8.998 0.0000000000
11440  28.219  -71.275  -3.957 0.0000000000
11441  27.578  -71.487  -3.589 0.0000000000
11442  26.758  -71.913  -3.475 0.0000000000
11455  30.736  -71.007  -5.619 0.0000000000
11456  29.878  -71.162  -5.198 0.0000000000
11457  28.844  -71.375  -4.776 0.0000000000
11458  27.795  -71.836  -4.755 0.0000000000
11459  27.319  -71.977  -4.083 0.0000000000
11466  32.831  -70.715  -7.169 0.0000000000
11467  32.260  -70.560  -7.004 0.0000000000
11468  31.244  -70.975  -6.504 0.0000000000
11469  29.913  -71.233  -6.369 0.0000000000
11470  29.071  -71.508  -5.841 0.0000000000
11471  28.507  -71.911  -5.518 0.0000000000
11478  33.007  -70.583  -7.388 0.0000000000
11479  32.515  -70.696  -7.459 0.0000000000
11480  31.639  -70.939  -7.431 0.0000000000
11481  30.369  -71.406  -7.456 0.0000000000
11482  26.596  -69.505  -9.158 0.0000000000
11483  25.917  -69.635  -8.796 0.0000000000
11484  24.561  -68.884  -8.262 0.0000000000
11486  32.858  -70.465  -7.826 0.0000000000
11487  32.145  -70.429  -8.017 0.0000000000
11488  30.999  -70.489  -8.173 0.0000000000
11489  29.486  -70.615  -8.531 0.0000000000
11490  28.062  -70.344  -9.079 0.0000000000
11491  26.962  -70.134  -8.978 0.0000000000
11492  26.479  -70.427  -8.982 0.0000000000
12107  31.474  -68.930  1.521 0.0000000000
12108  30.590  -69.132  1.390 0.0000000000
12109  29.333  -69.200  1.294 0.0000000000
12120  33.893  -69.195  0.291 0.0000000000
12121  33.182  -69.527  0.352 0.0000000000
12122  31.803  -69.626  0.724 0.0000000000
12123  29.988  -69.479  0.393 0.0000000000
12124  28.457  -69.346  0.257 0.0000000000
12136  33.977  -69.228  -0.974 0.0000000000
12137  32.412  -69.807  -0.734 0.0000000000
12138  30.698  -69.672  -0.752 0.0000000000
12139  29.076  -69.556  -0.858 0.0000000000
12140  27.593  -69.410  -1.005 0.0000000000
12152  34.161  -69.543  -2.785 0.0000000000
12153  32.806  -69.604  -2.315 0.0000000000
12154  31.266  -69.682  -2.134 0.0000000000
12155  29.734  -69.659  -2.080 0.0000000000
12156  28.308  -69.633  -2.087 0.0000000000
12157  27.120  -69.760  -2.039 0.0000000000
12165  35.390  -69.856  -5.031 0.0000000000
12166  34.601  -69.699  -4.208 0.0000000000
12167  33.204  -69.664  -3.800 0.0000000000
12168  31.741  -69.744  -3.537 0.0000000000
12169  30.349  -69.875  -3.339 0.0000000000
12170  29.054  -70.030  -3.138 0.0000000000
12171  27.887  -70.304  -3.143 0.0000000000
12172  26.946  -70.675  -2.741 0.0000000000
12181  35.453  -69.486  -6.409 0.0000000000
12182  34.486  -70.029  -5.758 0.0000000000
12183  33.372  -69.848  -5.284 0.0000000000
12184  32.093  -69.963  -4.856 0.0000000000
12185  30.903  -70.686  -4.603 0.0000000000
12186  29.696  -70.849  -4.149 0.0000000000
12187  28.719  -70.751  -3.847 0.0000000000
12192  35.292  -69.189  -7.676 0.0000000000
12193  34.443  -69.830  -7.093 0.0000000000
12194  33.223  -70.184  -6.738 0.0000000000
12195  32.195  -70.407  -6.013 0.0000000000
12196  31.477  -70.807  -5.506 0.0000000000
12203  34.845  -68.889  -8.301 0.0000000000
12204  34.409  -69.472  -8.174 0.0000000000
12205  33.554  -70.165  -7.756 0.0000000000
12206  28.491  -68.491  -9.114 0.0000000000
12207  27.952  -68.493  -9.071 0.0000000000
12208  26.714  -68.636  -8.913 0.0000000000
12209  25.436  -68.054  -8.157 0.0000000000
12210  24.391  -67.363  -7.241 0.0000000000
12212  33.661  -69.440  -8.453 0.0000000000
12213  32.877  -69.842  -8.448 0.0000000000
12214  31.796  -69.715  -8.735 0.0000000000
12215  30.487  -69.546  -8.880 0.0000000000
12216  28.918  -69.098  -9.227 0.0000000000
12217  27.592  -69.428  -9.147 0.0000000000
12218  26.942  -69.444  -9.097 0.0000000000
12785  33.872  -67.330  4.001 0.0000000000
12800  33.814  -67.348  3.392 0.0000000000
12801  32.786  -67.616  3.383 0.0000000000
12820  34.264  -67.214  2.961 0.0000000000
12821  33.216  -67.619  2.672 0.0000000000
12822  31.916  -67.961  2.671 0.0000000000
12823  30.618  -68.219  2.685 0.0000000000
12824  29.267  -68.603  2.482 0.0000000000
12836  35.421  -66.721  1.385 0.0000000000
12837  35.096  -67.252  1.441 0.0000000000
12838  34.225  -67.700  1.908 0.0000000000
12839  32.533  -68.607  1.789 0.0000000000
12840  31.139  -68.506  2.032 0.0000000000
12841  29.965  -68.682  1.986 0.0000000000
12842  29.114  -68.914  1.878 0.0000000000
12852  35.370  -67.048  0.684 0.0000000000
12853  34.826  -68.590  0.410 0.0000000000
12854  33.689  -69.123  0.983 0.0000000000
12855  32.948  -69.562  1.043 0.0000000000
12866  36.498  -66.714  -1.310 0.0000000000
12867  35.961  -67.541  -0.730 0.0000000000
12868  35.232  -68.801  -1.161 0.0000000000
12878  36.958  -67.207  -2.147 0.0000000000
12879  36.107  -68.657  -2.257 0.0000000000
12880  35.088  -69.260  -2.366 0.0000000000
12890  37.630  -66.919  -5.053 0.0000000000
12891  36.890  -68.067  -3.942 0.0000000000
12892  35.729  -69.477  -3.695 0.0000000000
12893  35.005  -69.631  -3.224 0.0000000000
12903  37.981  -67.016  -6.487 0.0000000000
12904  37.057  -67.710  -5.931 0.0000000000
12905  36.184  -68.879  -5.388 0.0000000000
12911  38.190  -67.031  -7.064 0.0000000000
12912  37.604  -67.355  -7.167 0.0000000000
12913  36.486  -68.437  -7.333 0.0000000000
12914  33.132  -66.940  -9.151 0.0000000000
12915  32.013  -66.707  -9.284 0.0000000000
12916  31.371  -66.599  -8.991 0.0000000000
12917  23.313  -64.839  -6.608 0.0000000000
12923  35.472  -68.451  -8.254 0.0000000000
12924  34.024  -68.299  -8.838 0.0000000000
12925  32.419  -67.849  -9.307 0.0000000000
12926  31.118  -67.344  -9.248 0.0000000000
12927  29.849  -67.352  -8.768 0.0000000000
12928  28.680  -67.626  -8.631 0.0000000000
12929  27.464  -67.273  -8.121 0.0000000000
12930  26.258  -66.926  -7.617 0.0000000000
12931  25.144  -66.419  -7.061 0.0000000000
12932  24.033  -65.667  -6.782 0.0000000000
12934  33.316  -69.161  -8.764 0.0000000000
12935  32.666  -68.973  -9.048 0.0000000000
12936  31.477  -68.688  -9.181 0.0000000000
12937  30.230  -68.430  -9.045 0.0000000000
12938  29.419  -68.148  -8.862 0.0000000000
13497  34.220  -65.303  7.601 0.0000000000
13509  34.739  -65.460  7.151 0.0000000000
13523  35.500  -65.305  6.142 0.0000000000
13524  35.140  -66.226  6.406 0.0000000000
13536  35.560  -65.363  5.360 0.0000000000
13537  35.101  -66.612  5.543 0.0000000000
13548  35.703  -65.457  4.439 0.0000000000
13549  34.967  -66.575  4.658 0.0000000000
13560  36.130  -65.124  2.937 0.0000000000
13561  35.704  -65.531  3.466 0.0000000000
13562  34.941  -66.802  3.762 0.0000000000
13572  35.977  -65.432  2.200 0.0000000000
13573  35.610  -66.038  2.639 0.0000000000
13574  35.027  -66.743  2.878 0.0000000000
13580  35.645  -66.060  1.308 0.0000000000
13581  35.535  -66.436  1.914 0.0000000000
13582  35.164  -66.895  2.214 0.0000000000
13587  35.775  -66.011  0.256 0.0000000000
13596  36.954  -66.236  -1.542 0.0000000000
13597  36.354  -65.917  -0.801 0.0000000000
13607  37.648  -66.097  -2.151 0.0000000000
13619  38.044  -66.259  -4.709 0.0000000000
13620  37.821  -66.274  -3.566 0.0000000000
13634  38.075  -66.290  -5.622 0.0000000000
13635  34.008  -64.764  -8.864 0.0000000000
13636  33.116  -64.782  -8.607 0.0000000000
13637  31.862  -64.808  -8.095 0.0000000000
13638  30.628  -64.626  -7.729 0.0000000000
13639  29.563  -64.326  -7.502 0.0000000000
13648  38.224  -66.554  -6.723 0.0000000000
13649  37.958  -66.736  -7.273 0.0000000000
13650  36.714  -66.968  -8.072 0.0000000000
13651  34.501  -66.069  -8.857 0.0000000000
13652  32.668  -65.776  -8.987 0.0000000000
13653  31.261  -65.789  -8.628 0.0000000000
13654  29.966  -65.183  -8.226 0.0000000000
13655  28.657  -64.578  -7.869 0.0000000000
13656  27.346  -64.419  -7.552 0.0000000000
13657  25.975  -63.953  -7.281 0.0000000000
13658  24.756  -63.936  -7.160 0.0000000000
13659  23.748  -64.076  -6.871 0.0000000000
13664  36.168  -67.946  -8.199 0.0000000000
13665  35.444  -67.570  -8.512 0.0000000000
13666  31.042  -66.519  -8.865 0.0000000000
13667  30.425  -66.369  -8.678 0.0000000000
13668  29.266  -66.052  -8.501 0.0000000000
13669  28.079  -65.851  -8.070 0.0000000000
13670  26.832  -65.600  -7.538 0.0000000000
13671  25.617  -65.217  -7.277 0.0000000000
13672  24.667  -64.959  -7.062 0.0000000000
14289  34.741  -64.370  7.329 0.0000000000
14306  35.542  -64.680  6.355 0.0000000000
14307  35.333  -64.528  6.769 0.0000000000
14319  35.718  -64.279  6.057 0.0000000000
14320  35.458  -63.756  6.453 0.0000000000
14333  36.066  -64.067  5.119 0.0000000000
14341  36.345  -64.515  3.384 0.0000000000
14342  36.268  -64.178  3.989 0.0000000000
14345  36.223  -64.203  2.818 0.0000000000
14346  36.334  -63.996  3.443 0.0000000000
14349  36.091  -64.759  1.368 0.0000000000
14351  36.001  -64.878  -0.100 0.0000000000
14355  37.290  -65.156  -1.515 0.0000000000
14356  36.455  -64.972  -0.807 0.0000000000
14365  38.343  -65.263  -2.532 0.0000000000
14366  29.705  -62.953  -4.433 0.0000000000
14367  28.703  -62.299  -4.147 0.0000000000
14368  27.501  -62.099  -3.951 0.0000000000
14369  26.283  -62.166  -3.789 0.0000000000
14379  38.518  -65.566  -4.649 0.0000000000
14380  38.777  -65.156  -3.474 0.0000000000
14381  32.308  -63.977  -6.355 0.0000000000
14382  31.413  -63.950  -5.807 0.0000000000
14383  30.389  -63.635  -5.533 0.0000000000
14384  29.292  -63.189  -5.358 0.0000000000
14385  28.111  -62.668  -5.229 0.0000000000
14386  26.913  -62.259  -5.068 0.0000000000
14387  25.672  -62.161  -4.826 0.0000000000
14396  38.278  -65.650  -5.953 0.0000000000
14397  34.844  -64.046  -8.415 0.0000000000
14398  33.572  -64.216  -7.811 0.0000000000
14399  32.271  -64.379  -7.069 0.0000000000
14400  31.146  -64.334  -6.643 0.0000000000
14401  29.969  -64.012  -6.482 0.0000000000
14402  28.689  -63.601  -6.573 0.0000000000
14403  27.409  -62.978  -6.260 0.0000000000
14404  26.275  -62.628  -6.044 0.0000000000
14405  25.140  -62.388  -5.965 0.0000000000
14406  24.026  -62.347  -5.947 0.0000000000
14407  22.987  -62.430  -5.910 0.0000000000
14409  38.289  -66.039  -6.921 0.0000000000
14410  37.718  -65.822  -7.504 0.0000000000
14411  36.113  -64.978  -8.183 0.0000000000
14412  34.647  -64.746  -8.609 0.0000000000
14413  27.742  -63.707  -7.206 0.0000000000
14414  26.729  -63.316  -7.096 0.0000000000
14415  25.781  -62.888  -6.953 0.0000000000
14416  24.889  -63.003  -6.883 0.0000000000
14417  23.840  -63.024  -6.781 0.0000000000
14418  22.940  -63.045  -6.532 0.0000000000
15111  34.895  -63.265  6.563 0.0000000000
15127  35.789  -63.641  5.647 0.0000000000
15128  35.274  -63.272  5.944 0.0000000000
15139  35.618  -63.123  5.260 0.0000000000
15148  35.615  -63.295  4.381 0.0000000000
15153  36.306  -63.679  3.177 0.0000000000
15154  35.925  -63.307  3.254 0.0000000000
15158  36.115  -63.508  2.172 0.0000000000
15159  35.772  -62.593  2.231 0.0000000000
15163  35.961  -63.741  0.591 0.0000000000
15164  27.707  -62.092  -0.971 0.0000000000
15165  27.263  -62.031  -0.904 0.0000000000
15171  37.386  -64.286  -1.598 0.0000000000
15172  36.510  -64.019  -0.860 0.0000000000
15173  29.328  -62.590  -3.212 0.0000000000
15174  29.003  -62.366  -2.625 0.0000000000
15175  28.101  -62.105  -1.626 0.0000000000
15176  27.021  -62.208  -1.682 0.0000000000
15180  38.230  -64.339  -2.082 0.0000000000
15181  30.650  -63.043  -4.563 0.0000000000
15182  29.947  -62.900  -3.913 0.0000000000
15183  29.006  -62.535  -3.109 0.0000000000
15184  27.924  -62.206  -2.742 0.0000000000
15185  26.710  -62.212  -2.741 0.0000000000
15187  39.325  -64.559  -4.091 0.0000000000
15188  39.124  -64.401  -2.976 0.0000000000
15189  32.894  -63.609  -6.481 0.0000000000
15190  31.376  -63.353  -5.309 0.0000000000
15191  30.579  -63.247  -4.983 0.0000000000
15192  38.840  -64.735  -5.272 0.0000000000
15193  35.533  -63.793  -7.901 0.0000000000
15194  34.230  -63.575  -7.615 0.0000000000
15195  38.349  -65.010  -6.460 0.0000000000
15196  37.498  -64.605  -7.166 0.0000000000
15197  36.640  -64.030  -7.471 0.0000000000
15995  35.899  -62.685  1.222 0.0000000000
16005  35.739  -62.743  -0.206 0.0000000000
16006  35.417  -62.068  0.546 0.0000000000
16007  28.068  -61.714  -1.105 0.0000000000
16008  27.614  -61.806  -0.794 0.0000000000
16009  26.444  -61.500  -0.429 0.0000000000
16017  37.492  -63.571  -1.739 0.0000000000
16018  36.544  -62.813  -1.322 0.0000000000
16019  29.155  -62.311  -2.797 0.0000000000
16020  28.496  -61.982  -1.899 0.0000000000
16021  28.160  -61.906  -1.227 0.0000000000
16025  38.663  -63.245  -2.656 0.0000000000
16026  37.491  -62.695  -2.012 0.0000000000
16027  30.273  -62.878  -4.272 0.0000000000
16028  29.512  -62.661  -3.596 0.0000000000
16031  39.579  -63.853  -4.895 0.0000000000
16032  39.571  -63.563  -3.805 0.0000000000
16033  32.208  -63.142  -5.810 0.0000000000
16034  31.102  -63.006  -4.998 0.0000000000
16035  38.974  -63.999  -5.778 0.0000000000
16036  34.906  -63.132  -7.745 0.0000000000
16037  33.625  -63.018  -6.794 0.0000000000
16038  38.232  -64.154  -6.472 0.0000000000
16039  37.737  -63.681  -7.015 0.0000000000
16040  36.476  -63.127  -7.606 0.0000000000
16041  34.914  -62.560  -7.565 0.0000000000
16893  26.845  -60.859  -0.448 0.0000000000
16894  26.019  -60.799  -0.353 0.0000000000
16909  35.358  -61.847  -0.159 0.0000000000
16911  28.144  -61.472  -1.566 0.0000000000
16912  27.523  -61.296  -0.761 0.0000000000
16913  26.984  -61.239  -0.379 0.0000000000
16920  35.857  -61.692  -1.091 0.0000000000
16921  35.267  -61.386  -0.430 0.0000000000
16922  29.381  -62.388  -3.110 0.0000000000
16923  28.931  -62.093  -2.631 0.0000000000
16929  37.709  -61.898  -2.733 0.0000000000
16930  36.833  -62.007  -1.881 0.0000000000
16931  30.725  -62.810  -4.755 0.0000000000
16932  29.846  -62.605  -4.111 0.0000000000
16933  29.379  -62.354  -3.358 0.0000000000
16937  39.523  -62.998  -4.798 0.0000000000
16938  39.179  -62.250  -3.954 0.0000000000
16939  32.692  -62.757  -6.215 0.0000000000
16940  31.644  -62.781  -5.538 0.0000000000
16941  30.822  -62.567  -5.198 0.0000000000
16942  39.531  -63.168  -5.800 0.0000000000
16943  39.449  -62.137  -5.568 0.0000000000
16944  33.683  -62.374  -6.684 0.0000000000
16945  32.550  -62.235  -6.327 0.0000000000
16946  31.538  -62.465  -5.863 0.0000000000
16947  38.700  -63.519  -6.381 0.0000000000
16948  38.672  -62.519  -7.000 0.0000000000
16949  36.565  -62.174  -7.720 0.0000000000
16950  34.699  -61.925  -7.298 0.0000000000
16951  33.639  -61.985  -6.719 0.0000000000
17746  26.292  -60.479  -0.560 0.0000000000
17747  25.190  -60.078  -0.671 0.0000000000
17764  27.838  -61.203  -1.786 0.0000000000
17765  26.926  -60.681  -1.211 0.0000000000
17766  26.021  -60.177  -0.808 0.0000000000
17771  35.889  -60.981  -1.491 0.0000000000
17772  35.236  -60.682  -0.885 0.0000000000
17773  28.309  -61.712  -2.482 0.0000000000
17774  27.519  -61.269  -2.371 0.0000000000
17781  37.366  -61.292  -2.889 0.0000000000
17782  36.666  -61.005  -2.381 0.0000000000
17783  35.915  -60.603  -1.701 0.0000000000
17784  29.589  -62.518  -4.283 0.0000000000
17785  28.955  -62.363  -4.002 0.0000000000
17786  27.966  -61.822  -3.378 0.0000000000
17790  37.821  -61.027  -3.571 0.0000000000
17791  37.232  -60.479  -3.195 0.0000000000
17792  30.035  -62.366  -4.853 0.0000000000
17793  29.730  -61.978  -5.442 0.0000000000
17794  38.766  -61.140  -5.024 0.0000000000
17795  32.471  -61.826  -6.487 0.0000000000
17796  31.279  -61.919  -6.329 0.0000000000
17797  30.189  -61.687  -6.189 0.0000000000
17798  39.080  -61.023  -6.616 0.0000000000
17799  38.071  -61.379  -7.624 0.0000000000
17800  36.155  -61.401  -7.798 0.0000000000
17801  33.589  -61.379  -7.121 0.0000000000
17802  32.136  -61.182  -6.964 0.0000000000
17803  38.603  -60.498  -7.603 0.0000000000
17804  37.523  -60.638  -8.101 0.0000000000
17805  35.802  -60.639  -8.049 0.0000000000
17806  34.606  -60.526  -7.866 0.0000000000
18555  24.766  -59.665  -0.987 0.0000000000
18556  24.173  -59.524  -0.985 0.0000000000
18557  22.841  -59.204  -1.451 0.0000000000
18569  26.098  -60.394  -1.684 0.0000000000
18570  25.246  -59.825  -1.393 0.0000000000
18571  24.179  -59.365  -1.345 0.0000000000
18572  23.591  -59.223  -1.378 0.0000000000
18580  26.501  -60.887  -2.389 0.0000000000
18581  25.406  -60.420  -2.456 0.0000000000
18588  36.868  -60.126  -2.911 0.0000000000
18589  35.981  -59.817  -2.114 0.0000000000
18590  28.043  -61.919  -4.284 0.0000000000
18591  27.049  -61.491  -3.802 0.0000000000
18592  25.776  -60.806  -3.718 0.0000000000
18593  38.511  -60.342  -4.485 0.0000000000
18594  37.595  -59.836  -3.963 0.0000000000
18595  36.869  -59.576  -3.040 0.0000000000
18596  28.772  -61.792  -4.962 0.0000000000
18597  27.953  -61.245  -5.027 0.0000000000
18598  26.699  -60.394  -4.906 0.0000000000
18599  38.603  -59.921  -5.561 0.0000000000
18600  38.126  -59.325  -4.869 0.0000000000
18601  30.505  -61.381  -6.583 0.0000000000
18602  29.450  -61.127  -6.171 0.0000000000
18603  28.130  -59.895  -6.113 0.0000000000
18604  27.099  -59.552  -5.656 0.0000000000
18605  38.618  -60.089  -7.179 0.0000000000
18606  32.533  -60.983  -7.492 0.0000000000
18607  31.118  -60.841  -7.666 0.0000000000
18608  29.391  -60.237  -7.438 0.0000000000
18609  28.673  -59.594  -7.252 0.0000000000
18610  38.418  -59.965  -8.243 0.0000000000
18611  37.231  -59.931  -8.682 0.0000000000
18612  35.538  -59.893  -8.572 0.0000000000
18613  33.447  -60.355  -8.083 0.0000000000
18614  32.263  -60.046  -8.333 0.0000000000
18615  36.745  -59.576  -9.029 0.0000000000
18616  36.197  -59.456  -9.026 0.0000000000
19378  22.193  -58.725  -1.865 0.0000000000
19390  24.499  -59.371  -1.883 0.0000000000
19391  24.051  -59.174  -1.809 0.0000000000
19392  22.782  -58.802  -1.951 0.0000000000
19393  21.868  -58.456  -2.037 0.0000000000
19403  24.558  -59.652  -2.445 0.0000000000
19404  23.904  -59.170  -2.382 0.0000000000
19405  23.186  -58.839  -2.410 0.0000000000
19412  24.660  -60.112  -3.651 0.0000000000
19413  23.529  -59.361  -3.563 0.0000000000
19414  23.299  -59.002  -2.849 0.0000000000
19415  37.488  -59.133  -4.540 0.0000000000
19416  36.794  -58.788  -3.413 0.0000000000
19417  25.249  -59.927  -4.699 0.0000000000
19418  24.044  -59.451  -4.668 0.0000000000
19419  38.196  -59.474  -6.620 0.0000000000
19420  37.946  -58.909  -5.574 0.0000000000
19421  37.279  -58.693  -4.661 0.0000000000
19422  27.079  -59.423  -6.450 0.0000000000
19423  26.183  -59.293  -5.586 0.0000000000
19424  24.734  -59.165  -5.290 0.0000000000
19425  38.198  -59.393  -7.772 0.0000000000
19426  37.979  -58.877  -6.828 0.0000000000
19427  30.104  -60.106  -8.096 0.0000000000
19428  29.217  -59.423  -8.100 0.0000000000
19429  27.776  -59.188  -7.216 0.0000000000
19430  27.047  -58.888  -6.241 0.0000000000
19431  37.955  -59.551  -8.709 0.0000000000
19432  37.541  -59.310  -9.015 0.0000000000
19433  34.529  -59.614  -8.543 0.0000000000
19434  33.643  -59.134  -8.574 0.0000000000
19435  31.176  -59.398  -8.318 0.0000000000
19436  30.144  -58.849  -8.215 0.0000000000
19437  36.874  -59.130  -9.169 0.0000000000
19438  35.545  -59.079  -8.981 0.0000000000
19439  34.835  -58.698  -9.056 0.0000000000
20203  20.603  -57.610  -1.935 0.0000000000
20213  21.898  -58.205  -2.377 0.0000000000
20214  21.273  -57.973  -2.231 0.0000000000
20215  20.516  -57.044  -1.894 0.0000000000
20224  22.257  -58.333  -2.617 0.0000000000
20225  21.372  -57.530  -2.635 0.0000000000
20226  20.845  -57.358  -2.353 0.0000000000
20233  22.763  -58.943  -4.069 0.0000000000
20234  22.593  -58.614  -3.364 0.0000000000
20235  21.736  -57.850  -3.245 0.0000000000
20236  35.848  -57.540  -2.940 0.0000000000
20238  23.091  -58.919  -4.651 0.0000000000
20239  22.273  -58.354  -4.531 0.0000000000
20240  21.859  -58.166  -3.891 0.0000000000
20241  37.938  -58.357  -6.339 0.0000000000
20242  37.187  -57.995  -5.002 0.0000000000
20243  25.339  -58.265  -5.340 0.0000000000
20244  23.654  -58.613  -5.293 0.0000000000
20245  22.772  -58.492  -5.143 0.0000000000
20246  37.388  -59.235  -8.384 0.0000000000
20247  37.791  -58.408  -7.665 0.0000000000
20248  37.804  -57.945  -6.439 0.0000000000
20249  28.267  -58.179  -7.728 0.0000000000
20250  27.066  -58.332  -6.828 0.0000000000
20251  26.473  -58.459  -5.827 0.0000000000
20252  37.784  -59.255  -9.016 0.0000000000
20253  37.734  -58.829  -9.190 0.0000000000
20254  32.865  -57.910  -8.853 0.0000000000
20255  30.690  -58.211  -8.585 0.0000000000
20256  29.575  -58.384  -8.043 0.0000000000
20257  36.854  -58.547  -9.426 0.0000000000
20258  35.669  -58.375  -9.566 0.0000000000
20259  34.432  -58.359  -9.257 0.0000000000
21072  20.587  -56.383  -1.683 0.0000000000
21080  21.077  -56.955  -2.615 0.0000000000
21081  20.729  -56.796  -2.355 0.0000000000
21087  21.381  -56.780  -2.954 0.0000000000
21088  21.031  -56.729  -2.520 0.0000000000
21091  22.047  -57.727  -4.787 0.0000000000
21092  21.718  -57.371  -4.222 0.0000000000
21093  36.513  -56.672  -4.127 0.0000000000
21095  26.352  -56.884  -6.468 0.0000000000
21096  25.470  -57.182  -5.519 0.0000000000
21097  24.206  -57.432  -5.084 0.0000000000
21098  22.606  -57.670  -5.172 0.0000000000
21099  21.945  -57.327  -4.928 0.0000000000
21100  37.702  -57.612  -8.023 0.0000000000
21101  37.675  -57.100  -6.503 0.0000000000
21102  28.202  -56.860  -7.896 0.0000000000
21103  27.425  -57.362  -6.684 0.0000000000
21104  26.409  -57.744  -5.921 0.0000000000
21105  37.813  -57.999  -8.967 0.0000000000
21106  37.858  -56.891  -8.634 0.0000000000
21107  33.638  -56.306  -9.822 0.0000000000
21108  31.274  -56.753  -8.668 0.0000000000
21109  29.610  -57.359  -7.999 0.0000000000
21110  37.485  -58.287  -9.359 0.0000000000
21111  36.980  -57.632  -9.669 0.0000000000
21112  35.021  -57.553  -9.687 0.0000000000
22035  21.232  -55.025  -0.292 0.0000000000
22036  20.816  -55.757  -1.055 0.0000000000
22043  21.237  -55.298  -1.358 0.0000000000
22044  20.830  -56.054  -1.937 0.0000000000
22050  21.151  -55.695  -2.514 0.0000000000
22051  20.958  -56.395  -2.453 0.0000000000
22053  21.529  -56.040  -3.640 0.0000000000
22054  36.334  -55.723  -4.608 0.0000000000
22056  26.554  -56.346  -6.317 0.0000000000
22057  25.758  -56.321  -5.957 0.0000000000
22058  24.627  -56.404  -5.398 0.0000000000
22059  23.234  -56.470  -5.200 0.0000000000
22060  22.032  -56.387  -4.867 0.0000000000
22061  36.872  -56.075  -5.345 0.0000000000
22062  29.088  -54.711  -8.216 0.0000000000
22063  28.621  -55.866  -7.406 0.0000000000
22064  27.383  -56.243  -6.803 0.0000000000
22065  33.002  -55.231  -9.960 0.0000000000
22066  29.436  -56.040  -8.469 0.0000000000
23022  22.017  -53.654  -0.104 0.0000000000
23023  21.744  -54.341  -0.588 0.0000000000
23029  21.624  -54.781  -1.818 0.0000000000
23035  21.645  -54.936  -2.983 0.0000000000
23040  22.666  -55.132  -4.160 0.0000000000
23041  21.969  -55.177  -4.063 0.0000000000
23042  27.687  -54.986  -5.917 0.0000000000
23043  26.743  -55.466  -5.920 0.0000000000
23044  25.023  -55.391  -6.208 0.0000000000
23045  23.928  -55.460  -5.441 0.0000000000
23046  22.804  -55.395  -5.046 0.0000000000
23047  22.448  -55.579  -4.363 0.0000000000
23048  28.101  -55.102  -6.686 0.0000000000
23049  27.562  -55.440  -6.092 0.0000000000
24078  22.153  -53.452  -0.934 0.0000000000
24079  21.951  -54.215  -1.340 0.0000000000
24085  22.499  -53.502  -2.253 0.0000000000
24086  22.110  -54.195  -2.085 0.0000000000
24091  22.764  -53.602  -2.877 0.0000000000
24092  22.491  -54.193  -3.175 0.0000000000
24097  23.022  -54.314  -4.434 0.0000000000
24098  22.346  -54.455  -4.137 0.0000000000
24101  28.991  -53.613  -7.248 0.0000000000
24102  28.238  -54.159  -6.315 0.0000000000
24103  27.198  -54.382  -5.935 0.0000000000
24104  25.881  -54.467  -5.854 0.0000000000
24105  24.437  -54.412  -5.804 0.0000000000
24106  23.559  -54.575  -5.200 0.0000000000
24107  28.429  -54.327  -7.161 0.0000000000
24116  33.973  -54.249  -10.441 0.0000000000
25172  22.450  -52.230  -0.230 0.0000000000
25177  22.511  -52.598  -1.573 0.0000000000
25181  22.663  -52.933  -2.819 0.0000000000
25182  22.770  -53.619  -3.315 0.0000000000
25187  22.767  -53.088  -4.030 0.0000000000
25188  22.902  -54.028  -3.746 0.0000000000
25191  29.128  -52.903  -6.807 0.0000000000
25192  28.729  -53.202  -6.435 0.0000000000
25193  27.746  -53.361  -6.148 0.0000000000
25194  26.443  -53.470  -6.122 0.0000000000
25195  24.994  -53.385  -6.112 0.0000000000
25196  24.105  -53.336  -4.753 0.0000000000
25197  37.503  -53.382  -6.494 0.0000000000
25198  36.756  -53.560  -4.799 0.0000000000
25199  29.326  -52.842  -7.561 0.0000000000
25206  38.044  -54.171  -8.691 0.0000000000
25215  38.304  -53.043  -10.578 0.0000000000
25216  38.144  -53.891  -10.203 0.0000000000
25217  32.886  -53.741  -10.823 0.0000000000
25226  37.687  -52.720  -10.922 0.0000000000
25227  36.848  -53.373  -10.714 0.0000000000
25228  34.310  -53.327  -10.581 0.0000000000
25229  32.735  -53.200  -10.922 0.0000000000
26241  22.521  -51.644  -1.044 0.0000000000
26244  22.607  -51.780  -2.247 0.0000000000
26246  22.506  -51.896  -3.537 0.0000000000
26253  29.020  -52.725  -6.506 0.0000000000
26254  28.416  -52.467  -6.376 0.0000000000
26255  27.082  -52.447  -6.373 0.0000000000
26256  25.572  -52.319  -6.483 0.0000000000
26257  24.747  -51.990  -5.290 0.0000000000
26258  23.591  -51.675  -4.333 0.0000000000
26269  29.162  -52.263  -6.923 0.0000000000
26270  28.665  -51.623  -6.487 0.0000000000
26283  38.671  -51.997  -8.927 0.0000000000
26284  38.350  -52.382  -7.981 0.0000000000
26285  30.668  -52.264  -9.510 0.0000000000
26286  29.724  -52.107  -8.478 0.0000000000
26295  38.716  -52.231  -9.644 0.0000000000
26296  38.471  -53.205  -9.572 0.0000000000
26297  31.578  -51.936  -9.809 0.0000000000
26303  38.044  -52.099  -10.630 0.0000000000
26304  37.031  -52.106  -11.088 0.0000000000
26305  35.238  -52.163  -10.949 0.0000000000
26306  32.923  -52.105  -10.808 0.0000000000
27272  23.192  -49.933  -0.695 0.0000000000
27273  22.976  -50.701  -1.365 0.0000000000
27275  22.879  -50.899  -2.914 0.0000000000
27278  23.132  -50.839  -3.707 0.0000000000
27293  27.783  -51.680  -6.427 0.0000000000
27294  26.342  -51.268  -6.603 0.0000000000
27295  25.158  -50.986  -5.875 0.0000000000
27296  24.108  -50.592  -5.111 0.0000000000
27297  23.092  -50.291  -4.533 0.0000000000
27312  29.254  -51.167  -7.106 0.0000000000
27313  28.014  -50.691  -6.563 0.0000000000
27314  26.584  -50.214  -6.569 0.0000000000
27328  38.763  -51.293  -8.870 0.0000000000
27329  38.359  -51.032  -7.395 0.0000000000
27330  30.361  -51.199  -9.518 0.0000000000
27331  29.759  -50.798  -8.114 0.0000000000
27338  38.632  -51.114  -10.217 0.0000000000
27339  31.761  -51.011  -10.212 0.0000000000
27347  37.659  -50.999  -11.101 0.0000000000
27348  36.045  -50.967  -11.162 0.0000000000
27349  34.233  -50.970  -10.915 0.0000000000
27350  32.790  -50.813  -10.811 0.0000000000
28199  23.709  -49.284  -1.310 0.0000000000
28200  23.392  -49.978  -1.513 0.0000000000
28203  23.513  -49.354  -2.318 0.0000000000
28204  23.266  -49.954  -2.531 0.0000000000
28213  22.432  -50.049  -3.822 0.0000000000
28228  25.450  -50.363  -6.623 0.0000000000
28229  24.423  -49.717  -5.844 0.0000000000
28230  23.165  -49.597  -5.226 0.0000000000
28231  22.719  -49.504  -4.432 0.0000000000
28248  29.168  -49.773  -7.308 0.0000000000
28249  27.448  -49.465  -6.798 0.0000000000
28250  25.792  -49.386  -6.514 0.0000000000
28251  24.958  -49.012  -6.078 0.0000000000
28262  38.722  -50.052  -8.043 0.0000000000
28264  30.727  -50.017  -10.061 0.0000000000
28265  29.792  -49.954  -9.090 0.0000000000
28274  39.011  -50.013  -9.530 0.0000000000
28275  31.980  -50.016  -10.658 0.0000000000
28281  38.584  -49.829  -10.951 0.0000000000
28282  36.977  -49.668  -11.614 0.0000000000
28283  34.965  -49.911  -11.548 0.0000000000
28284  33.297  -49.980  -11.119 0.0000000000
28287  38.020  -49.097  -11.410 0.0000000000
28288  37.535  -48.925  -11.659 0.0000000000
29113  24.381  -48.236  -1.056 0.0000000000
29120  23.414  -48.731  -2.556 0.0000000000
29121  23.220  -49.390  -2.728 0.0000000000
29133  22.125  -48.796  -3.910 0.0000000000
29134  22.386  -49.470  -3.494 0.0000000000
29147  23.135  -48.975  -5.687 0.0000000000
29148  22.529  -48.896  -4.837 0.0000000000
29149  22.254  -49.343  -4.091 0.0000000000
29163  28.331  -48.498  -7.348 0.0000000000
29164  26.673  -48.493  -6.870 0.0000000000
29165  25.335  -48.474  -6.286 0.0000000000
29166  24.324  -48.687  -5.784 0.0000000000
29176  39.029  -48.894  -8.672 0.0000000000
29177  38.383  -48.930  -7.189 0.0000000000
29178  30.317  -48.892  -9.374 0.0000000000
29179  29.663  -48.719  -8.220 0.0000000000
29186  39.108  -48.126  -10.827 0.0000000000
29187  39.087  -48.704  -10.128 0.0000000000
29188  32.228  -48.613  -10.607 0.0000000000
29189  31.289  -48.979  -10.338 0.0000000000
29192  38.803  -48.056  -11.216 0.0000000000
29193  38.726  -48.692  -11.052 0.0000000000
29194  35.631  -48.780  -11.733 0.0000000000
29195  33.712  -48.829  -11.031 0.0000000000
29196  32.424  -49.306  -10.851 0.0000000000
29197  38.509  -47.925  -11.359 0.0000000000
29198  38.080  -48.338  -11.511 0.0000000000
29199  37.020  -48.583  -11.901 0.0000000000
30039  24.162  -47.370  -1.673 0.0000000000
30050  22.621  -47.839  -3.426 0.0000000000
30060  21.988  -48.064  -4.536 0.0000000000
30073  23.546  -48.357  -5.647 0.0000000000
30074  22.741  -47.954  -5.531 0.0000000000
30090  29.619  -47.281  -8.873 0.0000000000
30091  28.895  -47.726  -8.511 0.0000000000
30092  27.268  -47.622  -7.571 0.0000000000
30093  25.894  -47.634  -6.806 0.0000000000
30094  24.344  -47.719  -6.028 0.0000000000
30095  23.401  -47.285  -5.822 0.0000000000
30105  38.456  -47.773  -7.928 0.0000000000
30106  37.933  -47.851  -6.356 0.0000000000
30107  31.374  -47.177  -10.182 0.0000000000
30108  30.431  -47.764  -9.825 0.0000000000
30109  29.906  -48.237  -8.943 0.0000000000
30113  39.279  -47.680  -10.348 0.0000000000
30114  39.242  -47.725  -9.198 0.0000000000
30115  32.478  -47.687  -10.532 0.0000000000
30116  31.417  -48.255  -10.460 0.0000000000
30117  39.090  -47.636  -11.066 0.0000000000
30118  38.685  -47.412  -11.218 0.0000000000
30119  36.329  -47.822  -11.948 0.0000000000
30120  34.657  -47.738  -11.476 0.0000000000
30121  38.741  -47.722  -11.289 0.0000000000
30122  38.264  -47.599  -11.416 0.0000000000
30123  37.466  -47.815  -11.726 0.0000000000
30969  24.829  -45.963  -0.831 0.0000000000
30970  24.033  -46.429  -1.512 0.0000000000
30981  22.894  -46.744  -2.905 0.0000000000
30982  21.572  -46.569  -3.710 0.0000000000
30989  21.606  -47.215  -4.140 0.0000000000
30990  21.355  -46.579  -4.232 0.0000000000
31004  22.054  -47.223  -4.961 0.0000000000
31005  21.733  -46.726  -4.616 0.0000000000
31020  29.213  -46.760  -8.162 0.0000000000
31021  27.826  -46.854  -7.888 0.0000000000
31022  26.444  -46.820  -7.575 0.0000000000
31023  25.213  -46.765  -6.901 0.0000000000
31024  24.035  -46.706  -6.222 0.0000000000
31025  22.703  -46.850  -5.661 0.0000000000
31026  21.766  -46.654  -5.295 0.0000000000
31035  39.121  -46.649  -8.200 0.0000000000
31036  38.262  -46.690  -6.947 0.0000000000
31037  30.958  -46.653  -9.683 0.0000000000
31038  30.104  -46.632  -8.865 0.0000000000
31039  39.036  -47.255  -10.734 0.0000000000
31040  39.306  -46.660  -9.751 0.0000000000
31041  32.034  -46.640  -10.369 0.0000000000
31042  38.847  -47.279  -11.096 0.0000000000
31043  38.276  -46.741  -11.242 0.0000000000
31044  36.004  -46.653  -12.033 0.0000000000
31045  33.615  -46.663  -11.358 0.0000000000
31046  37.819  -47.341  -11.518 0.0000000000
31047  37.179  -47.271  -11.700 0.0000000000
31899  24.061  -45.635  -1.051 0.0000000000
31906  22.659  -45.976  -1.715 0.0000000000
31907  22.125  -45.997  -2.900 0.0000000000
31915  21.373  -45.986  -3.778 0.0000000000
31932  27.481  -45.347  -7.763 0.0000000000
31933  26.304  -45.334  -7.967 0.0000000000
31934  25.224  -45.357  -7.753 0.0000000000
31935  24.345  -45.377  -6.942 0.0000000000
31936  23.835  -45.378  -6.477 0.0000000000
31937  21.558  -46.086  -4.755 0.0000000000
31949  38.138  -45.247  -6.301 0.0000000000
31951  29.792  -45.909  -8.071 0.0000000000
31952  28.563  -45.839  -7.715 0.0000000000
31953  26.998  -46.035  -7.861 0.0000000000
31954  25.749  -46.020  -7.730 0.0000000000
31955  24.710  -45.960  -7.104 0.0000000000
31956  23.723  -45.851  -6.113 0.0000000000
31957  22.404  -46.053  -5.501 0.0000000000
31963  38.673  -45.700  -7.194 0.0000000000
31964  38.099  -46.032  -6.222 0.0000000000
31965  31.369  -46.003  -9.838 0.0000000000
31966  30.590  -45.823  -8.920 0.0000000000
31967  39.307  -45.411  -8.375 0.0000000000
31968  32.397  -45.774  -10.824 0.0000000000
31969  38.913  -45.189  -10.085 0.0000000000
31970  37.163  -45.133  -11.601 0.0000000000
31971  34.520  -45.255  -11.934 0.0000000000
32789  24.133  -44.798  -0.260 0.0000000000
32790  22.504  -45.156  -1.147 0.0000000000
32791  22.315  -44.893  -1.893 0.0000000000
32797  21.957  -45.640  -1.882 0.0000000000
32798  21.479  -45.288  -2.529 0.0000000000
32805  21.090  -45.273  -4.228 0.0000000000
32822  29.407  -44.771  -7.552 0.0000000000
32823  28.486  -44.860  -7.508 0.0000000000
32824  27.090  -44.677  -7.784 0.0000000000
32825  25.825  -44.670  -7.948 0.0000000000
32826  24.899  -44.782  -7.091 0.0000000000
32827  23.703  -44.983  -6.260 0.0000000000
32828  22.126  -45.216  -5.493 0.0000000000
32840  30.528  -45.097  -8.806 0.0000000000
32841  30.106  -45.123  -8.376 0.0000000000
32842  29.379  -45.275  -7.642 0.0000000000
32843  23.592  -45.408  -6.270 0.0000000000
32844  23.185  -45.485  -5.870 0.0000000000
32852  38.821  -44.462  -6.840 0.0000000000
32853  30.947  -45.219  -9.527 0.0000000000
32854  30.572  -45.391  -8.833 0.0000000000
32860  39.107  -43.912  -8.707 0.0000000000
32861  32.588  -44.701  -11.158 0.0000000000
32862  38.185  -43.665  -10.579 0.0000000000
32863  36.120  -43.874  -11.500 0.0000000000
32864  34.232  -43.998  -11.732 0.0000000000
33734  24.816  -43.865  0.252 0.0000000000
33740  23.179  -44.122  -0.188 0.0000000000
33741  22.543  -44.241  -1.118 0.0000000000
33742  21.911  -44.340  -2.208 0.0000000000
33748  21.207  -44.384  -3.397 0.0000000000
33755  21.548  -44.313  -5.001 0.0000000000
33771  29.593  -44.501  -7.822 0.0000000000
33772  28.891  -44.285  -7.613 0.0000000000
33773  27.845  -44.073  -7.593 0.0000000000
33774  26.629  -43.942  -7.628 0.0000000000
33775  25.559  -44.038  -7.037 0.0000000000
33776  24.332  -44.133  -6.579 0.0000000000
33777  22.833  -44.218  -5.989 0.0000000000
33785  30.414  -44.903  -8.818 0.0000000000
33786  29.929  -44.408  -8.525 0.0000000000
33793  38.511  -42.984  -7.323 0.0000000000
33794  30.530  -44.621  -9.318 0.0000000000
33795  30.259  -44.013  -9.585 0.0000000000
33804  38.282  -42.567  -9.319 0.0000000000
33805  31.274  -44.314  -10.376 0.0000000000
33806  31.113  -43.481  -10.444 0.0000000000
33812  37.089  -42.586  -10.914 0.0000000000
33813  35.213  -42.927  -11.478 0.0000000000
33814  32.854  -43.391  -11.418 0.0000000000
33815  31.700  -42.912  -11.128 0.0000000000
34840  24.329  -43.157  0.193 0.0000000000
34841  22.807  -43.284  -0.186 0.0000000000
34842  22.280  -43.370  -1.475 0.0000000000
34850  21.437  -43.505  -2.618 0.0000000000
34858  21.510  -43.388  -4.266 0.0000000000
34872  29.273  -44.023  -7.912 0.0000000000
34873  28.339  -43.480  -7.786 0.0000000000
34874  27.152  -43.384  -7.523 0.0000000000
34875  26.095  -43.345  -7.184 0.0000000000
34876  24.933  -43.353  -6.902 0.0000000000
34877  23.752  -43.349  -6.232 0.0000000000
34878  22.201  -43.354  -5.683 0.0000000000
34887  29.273  -43.547  -8.603 0.0000000000
34888  28.564  -43.208  -8.205 0.0000000000
34892  37.816  -41.777  -8.146 0.0000000000
34893  36.578  -41.250  -8.844 0.0000000000
34894  29.954  -43.274  -9.807 0.0000000000
34901  37.072  -41.780  -9.894 0.0000000000
34902  35.863  -41.290  -10.606 0.0000000000
34903  30.727  -42.758  -10.512 0.0000000000
34907  36.071  -41.994  -11.086 0.0000000000
34908  34.459  -41.985  -11.597 0.0000000000
34909  32.577  -42.303  -11.694 0.0000000000
34910  31.471  -42.331  -11.115 0.0000000000
35923  25.063  -42.523  0.405 0.0000000000
35924  24.329  -42.137  0.309 0.0000000000
35925  22.593  -42.118  -0.740 0.0000000000
35926  21.945  -41.491  -0.754 0.0000000000
35934  21.736  -42.642  -1.949 0.0000000000
35935  21.652  -41.840  -1.443 0.0000000000
35944  25.078  -42.068  -7.068 0.0000000000
35945  24.326  -41.944  -6.838 0.0000000000
35946  23.815  -41.724  -6.818 0.0000000000
35947  21.453  -42.678  -3.366 0.0000000000
35948  21.438  -42.129  -2.678 0.0000000000
35962  27.295  -42.793  -7.813 0.0000000000
35963  26.369  -42.721  -7.600 0.0000000000
35964  25.515  -42.697  -7.050 0.0000000000
35965  24.472  -42.638  -6.774 0.0000000000
35966  23.270  -42.297  -6.208 0.0000000000
35967  21.546  -42.458  -5.046 0.0000000000
35968  21.364  -42.217  -3.748 0.0000000000
35978  28.578  -43.030  -8.664 0.0000000000
35979  27.965  -42.774  -8.209 0.0000000000
35984  35.506  -40.853  -9.619 0.0000000000
35985  29.027  -42.912  -9.323 0.0000000000
35986  28.246  -42.479  -8.934 0.0000000000
35992  34.652  -41.068  -11.183 0.0000000000
35993  29.728  -42.521  -10.013 0.0000000000
35994  28.765  -42.202  -9.659 0.0000000000
35998  33.371  -41.366  -11.639 0.0000000000
35999  32.000  -41.489  -11.216 0.0000000000
36000  30.456  -41.910  -10.840 0.0000000000
36001  29.308  -41.905  -10.413 0.0000000000
36864  24.944  -41.143  0.487 0.0000000000
36865  23.337  -41.285  0.599 0.0000000000
36866  22.071  -40.954  -0.092 0.0000000000
36867  21.777  -40.255  -0.406 0.0000000000
36874  21.554  -41.124  -1.082 0.0000000000
36875  21.352  -40.409  -0.682 0.0000000000
36884  25.352  -41.670  -7.310 0.0000000000
36885  24.910  -41.549  -7.094 0.0000000000
36886  24.280  -41.355  -7.028 0.0000000000
36887  20.967  -41.519  -1.969 0.0000000000
36888  20.888  -40.625  -1.527 0.0000000000
36899  27.260  -42.290  -8.057 0.0000000000
36900  26.606  -42.037  -7.846 0.0000000000
36901  25.742  -41.987  -7.566 0.0000000000
36902  23.468  -41.283  -6.753 0.0000000000
36903  22.278  -41.442  -5.835 0.0000000000
36904  21.143  -41.573  -3.972 0.0000000000
36905  20.654  -40.914  -2.601 0.0000000000
36910  27.464  -42.002  -8.517 0.0000000000
36911  26.969  -41.800  -8.086 0.0000000000
36918  27.890  -41.665  -9.196 0.0000000000
36919  27.706  -41.073  -9.099 0.0000000000
36924  34.499  -40.533  -10.716 0.0000000000
36925  34.427  -40.131  -10.389 0.0000000000
36926  28.647  -41.406  -9.907 0.0000000000
36927  27.892  -40.955  -9.681 0.0000000000
36931  33.836  -40.844  -11.473 0.0000000000
36932  32.805  -40.436  -11.730 0.0000000000
36933  30.917  -40.905  -11.190 0.0000000000
36934  29.576  -41.026  -10.488 0.0000000000
36935  28.451  -40.639  -10.492 0.0000000000
36938  31.710  -39.808  -11.887 0.0000000000
36939  30.983  -40.036  -11.385 0.0000000000
36940  29.888  -40.275  -10.956 0.0000000000
36941  29.061  -40.352  -10.795 0.0000000000
37943  22.914  -40.219  0.825 0.0000000000
37944  22.177  -39.889  0.010 0.0000000000
37945  21.269  -39.729  -0.298 0.0000000000
37956  20.775  -39.862  -0.968 0.0000000000
37967  25.590  -41.541  -7.526 0.0000000000
37968  25.319  -41.295  -7.381 0.0000000000
37969  24.827  -41.096  -7.207 0.0000000000
37970  20.093  -40.225  -2.038 0.0000000000
37981  26.596  -41.539  -7.967 0.0000000000
37982  26.053  -41.125  -7.588 0.0000000000
37983  25.326  -40.701  -7.136 0.0000000000
37984  24.457  -40.486  -6.790 0.0000000000
37985  23.056  -40.336  -6.556 0.0000000000
37986  21.622  -40.576  -5.615 0.0000000000
37987  20.264  -40.434  -4.082 0.0000000000
37995  27.410  -41.530  -8.689 0.0000000000
37996  26.848  -41.131  -8.312 0.0000000000
37997  26.276  -40.731  -7.950 0.0000000000
38005  27.502  -41.178  -8.793 0.0000000000
38006  27.368  -40.561  -9.034 0.0000000000
38012  27.802  -40.025  -9.997 0.0000000000
38017  33.778  -39.726  -11.184 0.0000000000
38018  28.823  -39.199  -11.127 0.0000000000
38019  28.529  -39.724  -10.887 0.0000000000
38029  32.298  -39.413  -11.686 0.0000000000
38030  30.950  -39.275  -11.806 0.0000000000
38031  29.618  -39.426  -11.298 0.0000000000
38032  29.315  -39.912  -10.824 0.0000000000
38927  23.873  -39.068  0.785 0.0000000000
38928  22.714  -39.134  0.793 0.0000000000
38929  21.684  -38.945  0.144 0.0000000000
38930  20.855  -38.970  -0.339 0.0000000000
38941  20.691  -38.926  -1.672 0.0000000000
38950  20.165  -39.275  -3.200 0.0000000000
38961  25.652  -40.419  -7.344 0.0000000000
38962  25.244  -39.875  -6.981 0.0000000000
38963  24.205  -39.118  -6.528 0.0000000000
38964  22.756  -39.356  -6.150 0.0000000000
38965  20.941  -39.552  -5.717 0.0000000000
38966  20.027  -39.284  -4.805 0.0000000000
38976  26.410  -40.522  -8.102 0.0000000000
38977  25.934  -40.055  -7.720 0.0000000000
38978  25.010  -38.860  -7.332 0.0000000000
38979  24.539  -38.499  -6.634 0.0000000000
38988  26.617  -40.103  -8.465 0.0000000000
38989  25.774  -38.946  -8.784 0.0000000000
38990  25.090  -38.416  -8.312 0.0000000000
39002  34.499  -39.493  -10.568 0.0000000000
39003  27.007  -39.447  -9.285 0.0000000000
39004  26.831  -38.361  -9.410 0.0000000000
39017  33.216  -38.805  -11.467 0.0000000000
39018  28.486  -38.931  -10.754 0.0000000000
39019  27.717  -38.546  -10.062 0.0000000000
39020  27.099  -38.248  -9.806 0.0000000000
39031  31.519  -38.410  -11.605 0.0000000000
39032  30.027  -38.374  -11.511 0.0000000000
39033  28.804  -38.519  -11.299 0.0000000000
39034  28.239  -38.451  -10.814 0.0000000000
39895  23.178  -38.202  0.997 0.0000000000
39896  22.321  -38.245  0.847 0.0000000000
39897  21.085  -37.927  0.333 0.0000000000
39898  21.119  -37.773  -0.971 0.0000000000
39899  20.815  -37.233  -1.711 0.0000000000
39913  23.683  -37.224  0.965 0.0000000000
39914  22.551  -37.405  1.116 0.0000000000
39915  21.532  -37.471  0.883 0.0000000000
39916  21.086  -37.438  0.461 0.0000000000
39917  20.689  -37.903  -1.849 0.0000000000
39918  20.246  -37.466  -2.366 0.0000000000
39931  20.172  -38.284  -2.672 0.0000000000
39932  19.866  -37.653  -3.231 0.0000000000
39945  23.505  -38.681  -6.164 0.0000000000
39946  22.512  -38.577  -6.154 0.0000000000
39947  20.678  -38.339  -5.827 0.0000000000
39948  19.872  -38.236  -4.153 0.0000000000
39949  19.581  -37.649  -3.773 0.0000000000
39964  24.487  -38.391  -6.900 0.0000000000
39965  23.833  -38.011  -6.587 0.0000000000
39966  22.427  -37.747  -6.224 0.0000000000
39967  21.643  -37.552  -6.017 0.0000000000
39981  25.434  -37.908  -8.606 0.0000000000
39982  24.700  -37.534  -7.852 0.0000000000
39983  23.937  -37.695  -7.235 0.0000000000
39996  34.376  -38.900  -11.097 0.0000000000
39997  25.933  -37.398  -9.395 0.0000000000
39998  25.430  -37.258  -8.743 0.0000000000
40009  33.425  -38.044  -11.441 0.0000000000
40010  27.444  -37.004  -10.271 0.0000000000
40011  26.851  -37.647  -9.905 0.0000000000
40021  32.168  -37.427  -11.411 0.0000000000
40022  30.607  -37.041  -11.198 0.0000000000
40023  29.079  -37.210  -11.160 0.0000000000
40024  28.131  -37.656  -10.882 0.0000000000
40917  20.778  -37.389  0.203 0.0000000000
40918  20.585  -37.198  0.164 0.0000000000
40919  20.812  -36.739  -1.090 0.0000000000
40930  23.124  -36.435  1.055 0.0000000000
40931  22.003  -36.675  0.992 0.0000000000
40932  20.994  -36.945  0.381 0.0000000000
40933  20.780  -36.880  0.270 0.0000000000
40934  20.025  -36.848  -1.822 0.0000000000
40946  18.987  -37.211  -2.678 0.0000000000
40960  20.480  -37.600  -4.946 0.0000000000
40961  19.958  -37.213  -4.258 0.0000000000
40962  19.197  -37.325  -3.503 0.0000000000
40976  23.021  -37.360  -6.575 0.0000000000
40977  22.137  -37.081  -6.444 0.0000000000
40978  21.053  -37.279  -5.715 0.0000000000
40979  20.666  -37.131  -4.930 0.0000000000
40988  24.421  -35.724  -8.788 0.0000000000
40989  23.550  -36.892  -7.415 0.0000000000
40990  22.587  -37.053  -7.085 0.0000000000
40997  35.016  -38.648  -10.821 0.0000000000
40998  35.004  -38.999  -10.391 0.0000000000
40999  26.092  -36.295  -9.367 0.0000000000
41000  25.507  -36.155  -9.117 0.0000000000
41009  33.999  -37.418  -11.620 0.0000000000
41010  34.180  -38.202  -11.322 0.0000000000
41011  27.245  -36.212  -10.459 0.0000000000
41012  26.680  -35.933  -9.874 0.0000000000
41013  26.067  -35.845  -9.506 0.0000000000
41025  33.286  -36.463  -11.800 0.0000000000
41026  32.880  -36.776  -11.519 0.0000000000
41027  31.135  -35.613  -11.270 0.0000000000
41028  29.481  -35.335  -10.834 0.0000000000
41029  27.898  -36.006  -10.796 0.0000000000
41030  27.168  -35.741  -10.578 0.0000000000
41038  30.556  -34.394  -11.177 0.0000000000
41039  30.061  -34.378  -10.968 0.0000000000
41904  21.083  -36.565  -0.057 0.0000000000
41905  20.799  -36.363  -0.455 0.0000000000
41911  22.705  -35.657  0.935 0.0000000000
41912  21.556  -35.971  0.591 0.0000000000
41913  20.451  -36.191  0.086 0.0000000000
41914  19.470  -36.010  -0.967 0.0000000000
41915  18.918  -35.485  -1.925 0.0000000000
41918  18.744  -36.297  -2.145 0.0000000000
41919  18.691  -35.382  -2.887 0.0000000000
41923  31.349  -32.510  -5.751 0.0000000000
41924  30.640  -32.296  -5.559 0.0000000000
41925  19.818  -36.748  -4.445 0.0000000000
41926  19.090  -36.434  -3.780 0.0000000000
41927  18.930  -35.095  -4.118 0.0000000000
41930  31.233  -32.540  -6.297 0.0000000000
41931  30.547  -32.225  -6.246 0.0000000000
41932  29.698  -30.970  -6.290 0.0000000000
41933  28.586  -31.114  -6.996 0.0000000000
41934  27.961  -31.074  -7.253 0.0000000000
41935  22.070  -36.673  -6.641 0.0000000000
41936  21.587  -36.622  -6.333 0.0000000000
41937  20.549  -36.341  -5.337 0.0000000000
41938  19.435  -35.453  -4.992 0.0000000000
41939  19.096  -34.821  -4.923 0.0000000000
41946  30.451  -31.944  -6.728 0.0000000000
41947  29.582  -30.624  -7.270 0.0000000000
41948  28.672  -30.937  -7.476 0.0000000000
41949  28.249  -30.644  -7.890 0.0000000000
41950  28.021  -30.629  -8.027 0.0000000000
41951  24.350  -33.973  -9.499 0.0000000000
41952  23.646  -35.188  -8.290 0.0000000000
41953  22.484  -36.202  -7.071 0.0000000000
41954  21.620  -35.921  -6.256 0.0000000000
41955  21.076  -35.916  -6.078 0.0000000000
41968  35.193  -38.510  -10.926 0.0000000000
41969  29.202  -30.260  -8.336 0.0000000000
41970  28.516  -30.358  -8.142 0.0000000000
41971  27.979  -30.464  -8.061 0.0000000000
41972  27.813  -30.398  -8.127 0.0000000000
41973  25.855  -33.147  -9.951 0.0000000000
41974  25.044  -34.422  -9.797 0.0000000000
41987  35.253  -37.112  -12.430 0.0000000000
41988  34.844  -37.514  -11.792 0.0000000000
41989  34.723  -37.852  -11.364 0.0000000000
41990  26.494  -33.870  -10.193 0.0000000000
41991  25.875  -34.898  -9.934 0.0000000000
42002  34.753  -36.309  -13.031 0.0000000000
42003  34.445  -36.402  -12.566 0.0000000000
42004  33.615  -36.079  -12.176 0.0000000000
42005  32.517  -35.604  -11.799 0.0000000000
42006  31.954  -35.548  -11.487 0.0000000000
42007  29.073  -33.338  -10.783 0.0000000000
42008  28.200  -33.966  -10.460 0.0000000000
42009  27.224  -34.704  -10.427 0.0000000000
42014  32.730  -34.797  -12.753 0.0000000000
42015  32.106  -34.563  -12.367 0.0000000000
42016  31.086  -34.284  -11.676 0.0000000000
42017  29.775  -33.413  -11.352 0.0000000000
42876  22.464  -34.851  0.451 0.0000000000
42877  21.361  -35.194  -0.308 0.0000000000
42878  20.200  -35.196  -1.058 0.0000000000
42879  19.360  -34.815  -1.710 0.0000000000
42883  18.998  -34.478  -2.533 0.0000000000
42892  31.503  -32.205  -5.175 0.0000000000
42893  30.350  -31.708  -5.328 0.0000000000
42894  29.466  -30.991  -5.748 0.0000000000
42895  28.721  -30.675  -6.330 0.0000000000
42896  18.881  -34.212  -3.525 0.0000000000
42908  29.346  -30.832  -6.099 0.0000000000
42909  28.502  -30.663  -6.453 0.0000000000
42910  27.784  -31.038  -7.445 0.0000000000
42911  26.797  -31.201  -8.405 0.0000000000
42912  26.289  -31.595  -8.665 0.0000000000
42913  20.348  -35.164  -5.812 0.0000000000
42914  19.658  -34.508  -5.542 0.0000000000
42915  19.056  -33.965  -4.644 0.0000000000
42926  31.237  -31.113  -7.222 0.0000000000
42927  30.259  -30.730  -7.335 0.0000000000
42928  27.428  -30.920  -8.231 0.0000000000
42929  26.511  -31.377  -8.601 0.0000000000
42930  25.426  -32.288  -9.128 0.0000000000
42931  23.931  -33.693  -8.913 0.0000000000
42932  23.230  -34.679  -7.664 0.0000000000
42933  22.094  -35.237  -7.007 0.0000000000
42934  21.334  -35.311  -6.191 0.0000000000
42945  33.449  -30.076  -8.716 0.0000000000
42946  31.698  -30.331  -8.795 0.0000000000
42947  30.002  -30.044  -8.442 0.0000000000
42948  28.804  -30.134  -8.873 0.0000000000
42949  27.919  -30.267  -8.641 0.0000000000
42950  27.332  -30.529  -8.426 0.0000000000
42951  26.452  -31.553  -8.961 0.0000000000
42952  25.516  -32.633  -9.448 0.0000000000
42959  35.432  -36.778  -13.866 0.0000000000
42960  35.411  -36.781  -13.221 0.0000000000
42961  33.195  -29.966  -9.898 0.0000000000
42962  32.276  -29.622  -9.969 0.0000000000
42963  30.676  -29.557  -10.326 0.0000000000
42964  29.339  -29.977  -9.845 0.0000000000
42965  28.260  -30.255  -9.611 0.0000000000
42966  27.462  -30.901  -9.305 0.0000000000
42967  26.726  -31.995  -9.525 0.0000000000
42974  35.758  -36.326  -14.647 0.0000000000
42975  34.838  -36.328  -14.058 0.0000000000
42976  34.023  -35.955  -13.566 0.0000000000
42977  33.785  -35.853  -12.915 0.0000000000
42978  30.364  -29.766  -11.475 0.0000000000
42979  29.763  -30.058  -11.271 0.0000000000
42980  28.912  -31.256  -11.138 0.0000000000
42981  28.108  -31.902  -10.224 0.0000000000
42982  27.261  -32.752  -10.136 0.0000000000
42989  37.735  -31.552  -14.078 0.0000000000
42990  36.940  -32.433  -15.103 0.0000000000
42991  35.930  -34.304  -15.590 0.0000000000
42992  34.741  -35.172  -15.365 0.0000000000
42993  33.789  -35.205  -14.767 0.0000000000
42994  32.950  -35.027  -13.791 0.0000000000
42995  31.980  -33.822  -13.220 0.0000000000
42996  30.544  -32.854  -13.101 0.0000000000
42997  29.833  -32.424  -11.903 0.0000000000
43004  36.149  -31.929  -15.616 0.0000000000
43005  35.782  -32.726  -15.834 0.0000000000
43006  34.886  -33.604  -15.863 0.0000000000
43007  33.883  -34.012  -15.643 0.0000000000
43008  32.995  -33.697  -14.914 0.0000000000
43009  32.030  -33.182  -14.184 0.0000000000
43010  31.139  -32.946  -13.814 0.0000000000
44016  23.259  -33.576  0.496 0.0000000000
44017  22.325  -33.786  -0.582 0.0000000000
44018  21.159  -33.858  -1.234 0.0000000000
44019  19.980  -33.699  -1.673 0.0000000000
44020  19.307  -33.440  -2.362 0.0000000000
44034  18.923  -33.178  -3.193 0.0000000000
44047  31.859  -31.846  -4.930 0.0000000000
44048  30.542  -31.453  -5.322 0.0000000000
44049  29.518  -30.851  -5.839 0.0000000000
44050  28.517  -30.673  -6.760 0.0000000000
44051  27.787  -30.987  -7.484 0.0000000000
44052  27.314  -30.929  -7.916 0.0000000000
44053  18.693  -32.990  -4.098 0.0000000000
44066  27.559  -31.138  -7.584 0.0000000000
44067  27.032  -31.196  -8.119 0.0000000000
44068  26.495  -31.367  -8.620 0.0000000000
44069  25.353  -32.059  -8.819 0.0000000000
44070  24.012  -32.652  -8.672 0.0000000000
44071  23.080  -33.115  -7.379 0.0000000000
44072  21.174  -33.957  -6.587 0.0000000000
44073  19.657  -33.306  -5.676 0.0000000000
44074  18.995  -32.799  -4.842 0.0000000000
44085  25.630  -31.981  -8.930 0.0000000000
44086  24.433  -32.646  -9.120 0.0000000000
44087  23.558  -33.502  -8.211 0.0000000000
44088  22.614  -34.204  -7.177 0.0000000000
44089  21.841  -34.696  -6.734 0.0000000000
44098  33.850  -30.007  -9.904 0.0000000000
44109  34.623  -29.803  -10.765 0.0000000000
44110  33.289  -29.680  -11.016 0.0000000000
44111  31.852  -29.445  -11.505 0.0000000000
44112  30.893  -29.645  -11.767 0.0000000000
44121  36.950  -29.738  -12.248 0.0000000000
44122  35.659  -29.275  -11.872 0.0000000000
44123  34.393  -29.222  -12.175 0.0000000000
44124  32.941  -29.033  -12.954 0.0000000000
44125  31.365  -29.253  -12.966 0.0000000000
44126  30.288  -30.083  -12.582 0.0000000000
44127  29.563  -31.001  -12.241 0.0000000000
44128  29.257  -31.512  -12.126 0.0000000000
44136  37.070  -30.394  -14.121 0.0000000000
44137  32.969  -28.835  -13.840 0.0000000000
44138  32.216  -29.086  -14.075 0.0000000000
44139  31.239  -30.398  -14.305 0.0000000000
44140  30.050  -31.337  -13.376 0.0000000000
44141  29.476  -31.792  -12.763 0.0000000000
44146  36.134  -30.857  -15.275 0.0000000000
44147  35.520  -31.662  -15.862 0.0000000000
44148  34.893  -32.333  -16.063 0.0000000000
44149  34.159  -32.768  -16.010 0.0000000000
44150  33.330  -32.674  -15.590 0.0000000000
44151  32.116  -31.929  -15.234 0.0000000000
44152  30.869  -32.125  -14.253 0.0000000000
44157  35.530  -30.452  -15.284 0.0000000000
44158  35.229  -30.800  -15.587 0.0000000000
44159  34.628  -31.308  -16.057 0.0000000000
44160  34.332  -31.806  -16.073 0.0000000000
44161  33.863  -31.763  -15.655 0.0000000000
44162  33.182  -31.721  -15.509 0.0000000000
44167  34.279  -31.110  -16.161 0.0000000000
44168  34.238  -31.287  -16.047 0.0000000000
44169  34.146  -31.365  -15.758 0.0000000000
45150  22.893  -32.485  -0.281 0.0000000000
45151  21.624  -32.515  -0.778 0.0000000000
45152  20.385  -32.482  -1.249 0.0000000000
45153  19.529  -32.358  -2.039 0.0000000000
45162  33.115  -31.712  -4.783 0.0000000000
45163  18.777  -32.154  -2.739 0.0000000000
45169  31.830  -31.588  -5.123 0.0000000000
45170  30.640  -31.169  -5.625 0.0000000000
45171  29.598  -30.698  -6.167 0.0000000000
45172  28.776  -30.921  -6.983 0.0000000000
45173  28.004  -30.920  -7.498 0.0000000000
45174  27.117  -31.011  -8.082 0.0000000000
45175  18.314  -31.945  -3.730 0.0000000000
45183  26.249  -31.405  -8.692 0.0000000000
45184  24.935  -32.007  -8.558 0.0000000000
45185  23.432  -32.331  -8.327 0.0000000000
45186  22.149  -32.483  -7.215 0.0000000000
45187  20.286  -32.500  -6.738 0.0000000000
45188  18.965  -32.074  -5.730 0.0000000000
45189  18.201  -31.874  -4.770 0.0000000000
45211  36.103  -29.163  -12.621 0.0000000000
45212  35.419  -28.849  -12.866 0.0000000000
45213  34.325  -28.742  -13.318 0.0000000000
45214  33.518  -28.624  -13.769 0.0000000000
45218  36.188  -29.276  -13.339 0.0000000000
45219  35.320  -28.864  -13.797 0.0000000000
45220  34.310  -28.865  -14.150 0.0000000000
45221  33.271  -29.128  -14.520 0.0000000000
45222  32.459  -29.838  -15.035 0.0000000000
45223  32.234  -30.624  -15.320 0.0000000000
45228  36.040  -29.619  -14.430 0.0000000000
45229  35.138  -29.470  -14.594 0.0000000000
45230  34.293  -29.653  -14.941 0.0000000000
45231  33.429  -29.961  -15.418 0.0000000000
45232  32.969  -30.429  -15.715 0.0000000000
45233  33.091  -31.143  -15.275 0.0000000000
45237  35.611  -30.078  -14.981 0.0000000000
45238  35.067  -30.096  -15.219 0.0000000000
45239  34.381  -30.482  -15.606 0.0000000000
45240  33.732  -30.629  -15.907 0.0000000000
45241  33.792  -31.028  -15.597 0.0000000000
45242  33.552  -31.353  -15.400 0.0000000000
45247  34.250  -30.897  -16.041 0.0000000000
45248  34.032  -30.983  -16.063 0.0000000000
45249  33.986  -31.234  -16.112 0.0000000000
46205  23.237  -31.170  0.208 0.0000000000
46206  21.899  -31.289  -0.014 0.0000000000
46207  20.959  -31.269  -0.827 0.0000000000
46208  19.771  -31.160  -1.751 0.0000000000
46209  18.762  -31.445  -2.163 0.0000000000
46218  18.723  -30.567  -2.112 0.0000000000
46219  18.061  -30.962  -3.019 0.0000000000
46226  33.121  -31.589  -5.224 0.0000000000
46227  31.885  -31.374  -5.624 0.0000000000
46228  30.656  -30.941  -6.069 0.0000000000
46229  29.606  -30.586  -6.556 0.0000000000
46230  28.649  -30.717  -7.115 0.0000000000
46231  27.790  -30.943  -7.655 0.0000000000
46232  17.673  -30.804  -4.346 0.0000000000
46239  27.030  -31.022  -8.377 0.0000000000
46240  25.942  -31.370  -8.591 0.0000000000
46241  24.447  -31.732  -8.215 0.0000000000
46242  22.785  -31.790  -8.102 0.0000000000
46243  21.366  -31.569  -7.180 0.0000000000
46244  19.778  -31.113  -6.183 0.0000000000
46245  17.924  -30.688  -5.547 0.0000000000
46252  18.870  -30.296  -5.922 0.0000000000
46253  18.409  -29.870  -5.491 0.0000000000
47218  22.368  -30.291  0.232 0.0000000000
47219  21.291  -30.381  -0.190 0.0000000000
47220  20.373  -30.185  -1.079 0.0000000000
47221  19.323  -30.187  -1.492 0.0000000000
47229  34.191  -31.643  -5.530 0.0000000000
47230  22.798  -29.463  0.315 0.0000000000
47231  21.824  -29.753  -0.052 0.0000000000
47232  20.765  -29.830  -0.597 0.0000000000
47233  19.631  -29.766  -1.206 0.0000000000
47234  18.828  -29.879  -1.909 0.0000000000
47235  18.226  -30.032  -2.718 0.0000000000
47243  34.589  -31.542  -5.817 0.0000000000
47244  33.398  -31.590  -6.060 0.0000000000
47245  31.820  -31.312  -6.328 0.0000000000
47246  30.550  -30.797  -6.608 0.0000000000
47247  29.466  -30.695  -7.064 0.0000000000
47248  28.369  -30.810  -7.360 0.0000000000
47249  27.508  -30.828  -7.786 0.0000000000
47250  17.498  -29.984  -3.764 0.0000000000
47261  32.754  -31.297  -6.643 0.0000000000
47262  31.587  -30.970  -6.898 0.0000000000
47263  30.228  -30.572  -7.114 0.0000000000
47264  28.978  -30.511  -7.363 0.0000000000
47265  27.736  -30.777  -7.603 0.0000000000
47266  26.829  -30.972  -8.497 0.0000000000
47267  25.457  -31.156  -8.289 0.0000000000
47268  23.918  -31.252  -7.919 0.0000000000
47269  22.265  -31.088  -7.842 0.0000000000
47270  20.862  -30.700  -7.039 0.0000000000
47271  19.626  -30.331  -6.589 0.0000000000
47272  17.372  -29.798  -4.934 0.0000000000
47284  24.669  -30.934  -8.008 0.0000000000
47285  23.516  -30.659  -7.764 0.0000000000
47286  21.962  -30.284  -7.343 0.0000000000
47287  20.180  -30.031  -7.156 0.0000000000
47288  18.804  -29.681  -6.273 0.0000000000
47289  17.648  -29.587  -5.639 0.0000000000
48235  22.636  -28.802  -0.467 0.0000000000
48236  21.678  -29.149  -1.085 0.0000000000
48237  20.534  -29.284  -1.479 0.0000000000
48238  19.247  -29.307  -2.217 0.0000000000
48239  18.469  -29.641  -2.384 0.0000000000
48247  34.541  -30.710  -6.126 0.0000000000
48248  33.516  -31.315  -6.601 0.0000000000
48249  18.670  -28.840  -3.652 0.0000000000
48250  18.105  -29.454  -3.145 0.0000000000
48263  34.319  -30.614  -7.060 0.0000000000
48264  33.068  -30.962  -7.307 0.0000000000
48265  31.069  -30.827  -7.544 0.0000000000
48266  29.589  -30.365  -7.541 0.0000000000
48267  28.341  -30.666  -7.785 0.0000000000
48268  26.920  -30.915  -7.958 0.0000000000
48269  26.118  -30.922  -8.544 0.0000000000
48270  25.352  -30.880  -8.258 0.0000000000
48271  18.194  -28.760  -4.993 0.0000000000
48272  17.557  -29.260  -4.377 0.0000000000
48283  32.637  -30.606  -8.023 0.0000000000
48284  31.531  -30.365  -7.926 0.0000000000
48285  30.070  -30.152  -7.875 0.0000000000
48286  28.774  -30.291  -8.117 0.0000000000
48287  27.379  -30.202  -8.383 0.0000000000
48288  26.427  -30.903  -8.667 0.0000000000
48289  24.848  -30.482  -8.183 0.0000000000
48290  23.011  -30.034  -7.682 0.0000000000
48291  21.477  -29.574  -7.245 0.0000000000
48292  19.913  -29.256  -6.574 0.0000000000
48293  18.250  -29.147  -5.844 0.0000000000
48294  17.428  -29.219  -5.285 0.0000000000
48303  24.304  -29.992  -8.348 0.0000000000
48304  23.486  -29.789  -8.041 0.0000000000
48305  22.447  -29.529  -7.691 0.0000000000
49217  23.066  -27.566  -0.578 0.0000000000
49218  22.159  -28.073  -1.253 0.0000000000
49219  21.227  -28.544  -1.771 0.0000000000
49220  20.537  -28.847  -2.136 0.0000000000
49233  35.455  -30.391  -6.468 0.0000000000
49238  23.323  -26.997  -1.328 0.0000000000
49239  22.323  -27.098  -1.653 0.0000000000
49240  21.316  -27.163  -1.702 0.0000000000
49241  20.469  -28.213  -2.756 0.0000000000
49254  35.264  -30.297  -7.284 0.0000000000
49255  34.093  -30.502  -7.386 0.0000000000
49256  19.817  -28.098  -4.272 0.0000000000
49264  34.574  -29.975  -8.191 0.0000000000
49265  33.610  -30.300  -8.055 0.0000000000
49266  31.974  -30.189  -8.679 0.0000000000
49267  30.378  -29.856  -8.442 0.0000000000
49268  29.003  -30.100  -8.531 0.0000000000
49269  27.730  -30.181  -8.779 0.0000000000
49270  26.612  -30.738  -8.973 0.0000000000
49271  25.906  -30.656  -8.651 0.0000000000
49272  21.646  -29.222  -7.521 0.0000000000
49273  20.812  -28.970  -6.925 0.0000000000
49274  19.699  -28.340  -5.990 0.0000000000
49283  31.356  -29.690  -9.179 0.0000000000
49284  30.507  -29.760  -9.163 0.0000000000
49285  29.160  -29.801  -9.262 0.0000000000
49286  27.977  -30.117  -9.489 0.0000000000
49287  26.429  -29.991  -9.466 0.0000000000
49288  25.054  -30.061  -8.798 0.0000000000
49289  23.687  -29.592  -8.410 0.0000000000
49290  22.333  -29.122  -8.030 0.0000000000
49291  21.080  -28.871  -7.390 0.0000000000
49292  20.528  -28.626  -6.774 0.0000000000
49296  25.472  -29.624  -9.933 0.0000000000
49297  24.740  -29.601  -9.537 0.0000000000
49298  23.591  -29.537  -9.065 0.0000000000
49299  23.008  -29.244  -8.525 0.0000000000
50165  23.690  -26.325  -2.327 0.0000000000
50166  22.411  -26.435  -2.146 0.0000000000
50167  21.412  -26.281  -2.035 0.0000000000
50168  20.909  -26.709  -2.485 0.0000000000
50179  36.200  -29.338  -7.415 0.0000000000
50183  22.804  -25.656  -3.073 0.0000000000
50184  21.789  -25.920  -2.972 0.0000000000
50185  20.656  -25.908  -3.203 0.0000000000
50186  20.219  -26.941  -3.293 0.0000000000
50197  35.361  -28.929  -8.393 0.0000000000
50198  33.921  -29.902  -8.916 0.0000000000
50199  33.031  -30.064  -8.824 0.0000000000
50200  20.357  -25.896  -4.561 0.0000000000
50201  19.812  -26.828  -4.905 0.0000000000
50210  35.183  -28.413  -9.235 0.0000000000
50211  34.024  -28.800  -9.673 0.0000000000
50212  32.332  -29.714  -9.565 0.0000000000
50213  30.598  -29.231  -9.664 0.0000000000
50214  29.292  -29.869  -10.034 0.0000000000
50215  28.029  -30.296  -10.103 0.0000000000
50216  27.243  -30.199  -9.902 0.0000000000
50217  21.736  -28.682  -8.292 0.0000000000
50218  21.141  -28.569  -7.856 0.0000000000
50219  20.109  -28.023  -6.930 0.0000000000
50223  33.377  -28.499  -10.431 0.0000000000
50224  32.409  -28.831  -10.413 0.0000000000
50225  30.928  -29.152  -10.466 0.0000000000
50226  29.509  -29.558  -10.679 0.0000000000
50227  27.696  -29.290  -10.952 0.0000000000
50228  26.177  -29.589  -10.450 0.0000000000
50229  24.342  -29.528  -10.497 0.0000000000
50230  23.271  -29.119  -9.786 0.0000000000
50231  22.076  -29.002  -9.039 0.0000000000
50232  20.958  -28.562  -8.615 0.0000000000
50233  19.982  -28.319  -8.345 0.0000000000
50239  26.580  -29.042  -11.872 0.0000000000
50240  25.662  -29.139  -11.640 0.0000000000
50241  24.305  -29.130  -11.266 0.0000000000
50242  23.159  -28.555  -10.474 0.0000000000
50243  21.918  -28.285  -9.783 0.0000000000
50244  21.044  -28.163  -9.125 0.0000000000
50245  20.901  -27.729  -8.446 0.0000000000
51185  22.821  -24.663  -3.423 0.0000000000
51186  21.971  -25.081  -3.570 0.0000000000
51187  21.415  -25.605  -3.618 0.0000000000
51196  36.303  -28.028  -8.253 0.0000000000
51201  22.774  -23.929  -4.029 0.0000000000
51202  21.724  -24.234  -4.180 0.0000000000
51203  20.945  -25.259  -4.564 0.0000000000
51204  20.043  -25.845  -5.579 0.0000000000
51209  36.596  -26.837  -8.307 0.0000000000
51210  35.938  -27.641  -9.186 0.0000000000
51211  35.004  -28.261  -9.705 0.0000000000
51212  19.602  -26.577  -6.782 0.0000000000
51217  35.438  -27.344  -10.733 0.0000000000
51218  34.367  -28.108  -10.588 0.0000000000
51219  32.702  -28.567  -11.206 0.0000000000
51220  31.085  -28.754  -11.335 0.0000000000
51221  29.543  -28.902  -11.304 0.0000000000
51222  28.597  -29.049  -11.203 0.0000000000
51223  19.486  -27.328  -8.113 0.0000000000
51228  35.350  -27.307  -11.641 0.0000000000
51229  34.753  -27.876  -11.931 0.0000000000
51230  33.481  -28.658  -12.309 0.0000000000
51231  31.570  -28.821  -12.919 0.0000000000
51232  29.500  -28.602  -12.328 0.0000000000
51233  27.629  -28.896  -12.149 0.0000000000
51234  25.633  -28.662  -12.327 0.0000000000
51235  24.266  -28.440  -11.861 0.0000000000
51236  23.199  -27.947  -11.083 0.0000000000
51237  21.831  -27.184  -10.376 0.0000000000
51238  20.552  -27.485  -9.740 0.0000000000
51239  20.374  -27.428  -8.660 0.0000000000
51244  30.816  -28.569  -13.826 0.0000000000
51245  29.598  -28.545  -13.668 0.0000000000
51246  27.780  -28.288  -13.335 0.0000000000
51247  25.951  -27.741  -12.850 0.0000000000
51248  24.359  -27.293  -12.131 0.0000000000
51249  23.099  -27.180  -11.446 0.0000000000
51250  22.406  -27.124  -11.001 0.0000000000
52233  21.644  -23.455  -5.060 0.0000000000
52234  20.590  -24.113  -5.479 0.0000000000
52235  20.110  -25.056  -5.945 0.0000000000
52240  36.389  -26.210  -8.496 0.0000000000
52245  21.925  -22.754  -6.066 0.0000000000
52246  20.700  -23.370  -6.479 0.0000000000
52247  19.571  -24.537  -7.369 0.0000000000
52248  19.368  -25.562  -6.713 0.0000000000
52252  36.004  -26.605  -9.784 0.0000000000
52253  19.296  -25.494  -9.214 0.0000000000
52254  19.209  -26.063  -7.972 0.0000000000
52259  35.492  -26.815  -11.004 0.0000000000
52260  34.995  -27.204  -12.622 0.0000000000
52261  33.823  -28.385  -13.204 0.0000000000
52262  32.821  -28.799  -13.262 0.0000000000
52263  21.165  -26.371  -10.479 0.0000000000
52264  20.271  -26.339  -10.169 0.0000000000
52265  19.463  -26.827  -9.193 0.0000000000
52270  34.557  -26.643  -13.950 0.0000000000
52271  33.653  -27.596  -14.101 0.0000000000
52272  31.991  -28.422  -14.187 0.0000000000
52273  29.967  -27.902  -14.311 0.0000000000
52274  28.167  -27.569  -14.032 0.0000000000
52275  26.371  -27.009  -13.563 0.0000000000
52276  24.249  -25.721  -12.847 0.0000000000
52277  22.819  -25.804  -11.462 0.0000000000
52278  21.586  -26.351  -11.038 0.0000000000
52279  20.963  -26.065  -10.485 0.0000000000
52283  33.895  -26.197  -14.353 0.0000000000
52284  33.273  -26.511  -14.821 0.0000000000
52285  32.105  -27.261  -14.990 0.0000000000
52286  30.453  -27.142  -15.245 0.0000000000
52287  28.583  -26.763  -14.738 0.0000000000
52288  26.879  -26.056  -13.881 0.0000000000
52289  25.631  -25.829  -13.476 0.0000000000
52294  32.843  -26.105  -15.543 0.0000000000
52295  32.088  -26.528  -15.672 0.0000000000
52296  31.253  -26.776  -15.529 0.0000000000
53298  22.151  -21.817  -6.881 0.0000000000
53299  21.015  -22.618  -7.389 0.0000000000
53300  20.277  -23.577  -7.890 0.0000000000
53304  36.127  -25.511  -8.959 0.0000000000
53308  23.176  -21.074  -6.998 0.0000000000
53309  21.722  -22.531  -8.782 0.0000000000
53310  20.736  -23.414  -9.073 0.0000000000
53311  19.750  -24.285  -9.234 0.0000000000
53315  35.731  -25.839  -10.117 0.0000000000
53316  35.126  -26.148  -11.358 0.0000000000
53317  21.005  -23.149  -10.628 0.0000000000
53318  20.309  -24.019  -10.601 0.0000000000
53319  20.023  -25.094  -10.252 0.0000000000
53322  34.750  -26.132  -12.813 0.0000000000
53323  23.192  -23.584  -12.647 0.0000000000
53324  21.785  -23.826  -11.608 0.0000000000
53325  21.029  -25.040  -10.969 0.0000000000
53326  20.691  -25.761  -10.634 0.0000000000
53329  34.004  -25.838  -13.950 0.0000000000
53330  33.677  -25.945  -14.678 0.0000000000
53331  30.180  -26.359  -15.379 0.0000000000
53332  29.260  -25.895  -15.043 0.0000000000
53333  27.121  -24.905  -14.615 0.0000000000
53334  25.086  -24.511  -13.560 0.0000000000
53338  34.090  -25.526  -15.112 0.0000000000
53339  33.767  -25.743  -15.696 0.0000000000
53340  32.445  -25.780  -16.267 0.0000000000
53341  30.474  -25.848  -15.898 0.0000000000
53342  28.204  -24.577  -15.330 0.0000000000
53343  27.410  -24.239  -14.729 0.0000000000
54344  22.790  -21.366  -7.176 0.0000000000
54345  22.360  -21.635  -7.896 0.0000000000
54348  35.992  -24.630  -9.346 0.0000000000
54353  23.201  -21.417  -8.328 0.0000000000
54354  22.467  -22.125  -9.139 0.0000000000
54359  35.675  -24.816  -10.645 0.0000000000
54360  34.910  -24.987  -11.619 0.0000000000
54361  22.716  -22.029  -10.174 0.0000000000
54362  21.648  -22.566  -10.662 0.0000000000
54367  34.092  -24.991  -12.932 0.0000000000
54368  22.005  -22.205  -12.014 0.0000000000
54369  21.186  -22.736  -11.508 0.0000000000
54373  33.384  -24.839  -14.140 0.0000000000
54374  25.446  -23.366  -13.927 0.0000000000
54375  23.740  -22.414  -12.996 0.0000000000
54379  34.228  -24.835  -15.715 0.0000000000
54380  33.259  -24.952  -16.429 0.0000000000
54381  31.294  -24.540  -16.906 0.0000000000
54382  29.147  -24.034  -16.296 0.0000000000
54383  27.884  -23.324  -15.190 0.0000000000
54384  26.769  -23.310  -14.495 0.0000000000
54390  33.767  -24.300  -16.289 0.0000000000
54391  32.506  -23.961  -16.925 0.0000000000
54392  31.264  -23.438  -17.286 0.0000000000
55353  35.778  -23.642  -9.790 0.0000000000
55357  23.482  -20.860  -9.652 0.0000000000
55358  23.095  -21.447  -9.848 0.0000000000
55364  35.767  -23.942  -11.155 0.0000000000
55365  34.897  -24.038  -12.040 0.0000000000
55368  23.964  -20.590  -11.332 0.0000000000
55369  22.910  -21.378  -11.177 0.0000000000
55375  33.895  -23.856  -13.235 0.0000000000
55376  24.249  -21.018  -12.706 0.0000000000
55377  22.988  -21.233  -12.501 0.0000000000
55383  34.187  -23.784  -14.940 0.0000000000
55384  25.018  -21.894  -13.558 0.0000000000
55385  23.685  -21.389  -12.974 0.0000000000
55390  34.369  -23.775  -15.762 0.0000000000
55391  29.838  -22.826  -16.861 0.0000000000
55392  28.144  -22.491  -15.664 0.0000000000
55393  27.053  -22.253  -14.463 0.0000000000
55394  26.082  -22.173  -14.219 0.0000000000
55402  33.269  -23.332  -16.419 0.0000000000
55403  31.841  -22.930  -17.131 0.0000000000
55404  30.867  -22.777  -17.298 0.0000000000
56381  35.364  -22.668  -10.220 0.0000000000
56382  35.216  -23.245  -11.391 0.0000000000
56389  35.359  -22.447  -11.330 0.0000000000
56390  34.799  -22.916  -12.228 0.0000000000
56392  24.878  -20.332  -12.314 0.0000000000
56396  33.931  -22.686  -13.524 0.0000000000
56397  25.354  -19.714  -13.277 0.0000000000
56398  25.122  -20.705  -13.438 0.0000000000
56402  34.599  -22.816  -14.883 0.0000000000
56403  29.454  -21.730  -16.648 0.0000000000
56404  28.612  -21.558  -15.817 0.0000000000
56405  26.876  -20.908  -14.298 0.0000000000
56406  25.949  -21.516  -13.929 0.0000000000
56414  33.999  -22.509  -15.661 0.0000000000
56415  32.500  -22.065  -16.538 0.0000000000
56416  30.592  -21.813  -16.996 0.0000000000
57471  36.015  -21.586  -10.631 0.0000000000
57478  35.506  -21.579  -12.255 0.0000000000
57479  34.997  -22.336  -12.905 0.0000000000
57485  35.998  -21.227  -13.790 0.0000000000
57486  34.626  -21.956  -13.611 0.0000000000
57487  26.298  -19.532  -13.662 0.0000000000
57490  35.647  -20.885  -14.871 0.0000000000
57491  34.960  -21.832  -14.885 0.0000000000
57492  30.039  -20.321  -16.822 0.0000000000
57493  29.111  -20.714  -16.420 0.0000000000
57494  27.994  -20.545  -15.004 0.0000000000
57495  27.278  -20.111  -14.231 0.0000000000
57502  35.101  -20.500  -15.574 0.0000000000
57503  33.927  -21.114  -16.125 0.0000000000
57504  31.504  -20.890  -16.967 0.0000000000
57505  30.237  -20.908  -16.832 0.0000000000
58765  36.133  -20.399  -11.023 0.0000000000
58771  36.122  -20.355  -12.699 0.0000000000
58774  27.316  -19.525  -14.057 0.0000000000
58779  36.582  -20.209  -14.073 0.0000000000
58780  30.820  -19.848  -17.357 0.0000000000
58781  29.262  -19.371  -16.031 0.0000000000
58782  28.161  -19.847  -15.035 0.0000000000
58783  27.733  -20.028  -14.507 0.0000000000
58790  36.048  -19.998  -15.086 0.0000000000
58791  34.572  -19.923  -16.327 0.0000000000
58792  32.572  -19.817  -17.253 0.0000000000
60001  35.949  -18.719  -13.054 0.0000000000
60007  37.277  -18.736  -14.385 0.0000000000
60008  37.197  -19.020  -14.412 0.0000000000
60009  32.278  -18.626  -17.389 0.0000000000
60010  31.366  -18.933  -17.349 0.0000000000
60011  29.809  -18.948  -16.104 0.0000000000
60016  37.029  -18.698  -14.631 0.0000000000
60017  35.690  -18.954  -15.477 0.0000000000
60018  33.335  -18.834  -17.253 0.0000000000
60019  32.448  -19.179  -17.421 0.0000000000
61165  37.187  -17.444  -13.532 0.0000000000
61166  36.830  -17.984  -13.335 0.0000000000
61175  37.373  -18.277  -14.289 0.0000000000
61176  37.464  -18.291  -13.976 0.0000000000
61177  32.103  -18.248  -17.308 0.0000000000
61178  30.750  -18.455  -16.936 0.0000000000
61184  36.682  -18.123  -14.891 0.0000000000
61185  35.124  -18.076  -16.247 0.0000000000
61186  33.690  -17.920  -17.284 0.0000000000
62270  38.022  -17.172  -13.854 0.0000000000
62277  36.193  -17.192  -15.063 0.0000000000
62278  34.780  -17.355  -16.592 0.0000000000
63366  38.492  -15.313  -13.469 0.0000000000
63367  38.536  -15.795  -13.291 0.0000000000
63374  38.537  -15.586  -13.804 0.0000000000
63375  37.757  -16.209  -14.268 0.0000000000
63376  35.851  -16.583  -15.628 0.0000000000
64415  38.587  -15.112  -13.582 0.0000000000
64416  38.239  -14.805  -12.776 0.0000000000
64426  38.386  -15.307  -14.138 0.0000000000
64427  37.303  -15.600  -15.088 0.0000000000
65552  38.023  -14.329  -13.284 0.0000000000
65553  38.349  -14.133  -12.498 0.0000000000
65566  38.374  -14.780  -14.548 0.0000000000
66598  37.892  -13.598  -13.031 0.0000000000
66611  37.925  -13.825  -13.668 0.0000000000
120071  37.777  -55.546  -10.148 0.0000000000
120072  37.214  -55.827  -9.991 0.0000000000
120073  37.964  -55.681  -9.396 0.0000000000
120074  37.278  -54.871  -10.153 0.0000000000
120075  37.678  -56.653  -10.112 0.0000000000
120076  35.886  -55.492  -10.472 0.0000000000
120077  36.043  -56.554  -10.257 0.0000000000
120078  35.030  -55.929  -10.350 0.0000000000
120079  34.379  -55.199  -10.374 0.0000000000
120080  35.298  -55.127  -10.515 0.0000000000
120081  35.495  -54.571  -10.513 0.0000000000
120082  36.823  -55.646  -5.297 0.0000000000
120083  37.240  -55.231  -6.099 0.0000000000
120084  31.233  -54.929  -9.100 0.0000000000
120085  32.749  -54.440  -10.340 0.0000000000
120086  29.862  -54.227  -8.705 0.0000000000
120087  29.735  -53.570  -8.952 0.0000000000
120088  31.621  -53.239  -10.065 0.0000000000
120089  30.518  -52.750  -9.150 0.0000000000
