#!ascii label  , from subject fsaverage vox2ras=TkReg
932
56  -17.322  57.987  -4.413 0.0000000000
259  -7.146  59.595  -15.994 0.0000000000
388  -28.384  51.177  -4.580 0.0000000000
389  -23.417  50.248  2.035 0.0000000000
517  -21.806  56.186  -13.190 0.0000000000
886  -28.874  48.082  2.411 0.0000000000
1133  -21.554  52.362  -5.307 0.0000000000
1134  -25.613  57.025  -8.809 0.0000000000
1135  -18.547  55.291  -10.365 0.0000000000
1617  -11.744  57.585  -9.525 0.0000000000
1865  -31.681  50.964  -0.317 0.0000000000
1866  -24.982  49.803  -1.697 0.0000000000
1867  -20.236  54.958  -0.925 0.0000000000
2191  -32.378  54.302  -8.131 0.0000000000
2194  -14.833  58.137  -15.315 0.0000000000
3053  -18.915  54.531  -4.583 0.0000000000
3054  -19.846  53.522  -7.953 0.0000000000
3055  -16.704  54.663  -7.202 0.0000000000
4097  -32.701  50.888  2.219 0.0000000000
4098  -25.724  48.000  1.811 0.0000000000
4099  -26.954  48.139  0.035 0.0000000000
4100  -23.706  49.479  0.134 0.0000000000
4101  -22.087  51.756  -1.354 0.0000000000
4102  -21.674  52.607  0.502 0.0000000000
4838  -31.546  52.277  -3.520 0.0000000000
4839  -33.624  52.976  -5.658 0.0000000000
4840  -30.332  52.194  -6.317 0.0000000000
4841  -23.981  57.855  -11.339 0.0000000000
4842  -27.356  57.252  -10.387 0.0000000000
4846  -9.273  58.288  -12.704 0.0000000000
4847  -12.766  56.393  -12.898 0.0000000000
4848  -11.065  58.316  -15.876 0.0000000000
6201  -32.451  49.177  5.585 0.0000000000
6202  -31.193  49.733  3.608 0.0000000000
6203  -30.032  48.816  5.108 0.0000000000
6204  -27.621  48.040  4.206 0.0000000000
6647  -25.006  51.893  -5.301 0.0000000000
6648  -26.749  53.751  -6.923 0.0000000000
6649  -23.542  54.241  -7.512 0.0000000000
6650  -22.137  56.680  -9.888 0.0000000000
6651  -20.470  58.343  -12.244 0.0000000000
6653  -8.834  58.495  -18.597 0.0000000000
7611  -14.513  58.003  -6.814 0.0000000000
8215  -29.872  51.624  -2.097 0.0000000000
8216  -30.305  48.926  0.898 0.0000000000
8217  -28.558  49.670  -1.158 0.0000000000
8218  -26.623  50.782  -3.062 0.0000000000
8219  -23.295  51.300  -3.484 0.0000000000
8220  -20.810  53.571  -2.922 0.0000000000
8221  -19.430  56.902  -2.737 0.0000000000
8228  -20.301  56.402  0.772 0.0000000000
9134  -35.133  53.486  -7.570 0.0000000000
9135  -33.631  53.818  -10.333 0.0000000000
9136  -28.850  56.092  -8.179 0.0000000000
9137  -30.815  56.156  -10.344 0.0000000000
9138  -30.870  52.341  -11.492 0.0000000000
9142  -14.722  55.282  -9.952 0.0000000000
9143  -16.751  57.139  -12.835 0.0000000000
9144  -18.265  57.694  -14.509 0.0000000000
10733  -18.084  56.056  -4.389 0.0000000000
10734  -17.689  54.570  -5.815 0.0000000000
10735  -16.728  56.160  -5.557 0.0000000000
11778  -24.429  48.930  1.832 0.0000000000
11779  -24.717  48.604  0.887 0.0000000000
11780  -23.395  49.677  1.108 0.0000000000
11781  -22.587  50.799  0.354 0.0000000000
11782  -22.538  51.331  1.332 0.0000000000
12518  -30.163  51.451  -4.006 0.0000000000
12519  -31.143  51.698  -4.868 0.0000000000
12520  -29.439  51.517  -5.447 0.0000000000
12521  -23.045  57.266  -12.426 0.0000000000
12522  -24.645  56.779  -11.771 0.0000000000
12526  -8.081  59.049  -14.448 0.0000000000
12527  -9.861  57.880  -14.606 0.0000000000
12528  -8.931  58.895  -16.262 0.0000000000
14176  -31.133  49.119  5.427 0.0000000000
14177  -30.806  48.393  6.019 0.0000000000
14918  -23.300  52.012  -5.398 0.0000000000
14919  -24.195  52.955  -6.462 0.0000000000
14920  -22.442  52.928  -6.598 0.0000000000
14921  -19.172  54.316  -9.189 0.0000000000
14922  -21.033  54.873  -9.056 0.0000000000
14923  -20.339  56.063  -10.193 0.0000000000
14924  -21.362  57.800  -11.015 0.0000000000
14925  -19.603  57.198  -11.342 0.0000000000
18051  -31.305  52.338  -1.721 0.0000000000
18052  -30.763  51.384  -1.212 0.0000000000
18053  -30.176  48.794  2.934 0.0000000000
18054  -30.901  49.232  2.166 0.0000000000
18055  -29.562  48.357  1.588 0.0000000000
18056  -25.872  48.785  -0.862 0.0000000000
18057  -27.716  48.772  -0.617 0.0000000000
18058  -26.701  49.471  -1.509 0.0000000000
18059  -27.572  50.259  -2.048 0.0000000000
18060  -25.769  50.273  -2.417 0.0000000000
18061  -24.968  50.821  -3.450 0.0000000000
18062  -24.091  50.587  -2.625 0.0000000000
18063  -21.065  53.267  -1.056 0.0000000000
18064  -21.400  52.690  -2.067 0.0000000000
18065  -20.565  54.341  -1.833 0.0000000000
18066  -20.039  55.189  -2.796 0.0000000000
18067  -19.855  56.060  -1.778 0.0000000000
18084  -21.292  55.163  1.663 0.0000000000
20276  -32.981  53.071  -7.048 0.0000000000
20277  -34.504  53.411  -6.629 0.0000000000
20278  -33.943  53.918  -8.029 0.0000000000
20279  -34.603  53.777  -9.050 0.0000000000
20280  -33.348  54.798  -9.236 0.0000000000
20281  -26.119  55.560  -7.704 0.0000000000
20282  -27.768  54.935  -7.536 0.0000000000
20283  -27.263  56.770  -8.372 0.0000000000
20284  -27.946  56.055  -10.906 0.0000000000
20285  -29.177  56.896  -10.258 0.0000000000
20286  -29.655  55.458  -11.055 0.0000000000
20287  -31.059  54.628  -11.312 0.0000000000
20288  -29.655  53.489  -11.283 0.0000000000
20296  -13.191  57.757  -8.140 0.0000000000
20297  -14.360  56.322  -8.262 0.0000000000
20298  -13.176  56.306  -9.625 0.0000000000
20299  -13.950  57.448  -14.258 0.0000000000
20300  -14.789  56.394  -12.925 0.0000000000
20301  -15.823  57.872  -14.098 0.0000000000
20302  -17.519  58.280  -13.803 0.0000000000
20303  -16.587  58.117  -14.962 0.0000000000
20305  -10.895  57.877  -18.073 0.0000000000
23927  -19.973  53.291  -4.937 0.0000000000
23928  -20.591  52.993  -6.578 0.0000000000
23929  -18.991  53.491  -6.266 0.0000000000
23930  -18.121  53.766  -7.649 0.0000000000
23931  -17.393  54.234  -8.964 0.0000000000
25807  -32.396  50.761  0.886 0.0000000000
25808  -27.317  47.704  2.005 0.0000000000
25809  -27.934  47.880  1.111 0.0000000000
25810  -26.278  47.955  0.838 0.0000000000
25811  -25.218  48.582  -0.045 0.0000000000
25812  -24.243  49.508  -0.843 0.0000000000
25813  -23.396  50.573  -1.654 0.0000000000
25814  -22.956  50.659  -0.605 0.0000000000
25815  -21.736  52.112  -0.409 0.0000000000
25816  -20.827  53.806  -0.180 0.0000000000
27142  -32.561  52.560  -4.511 0.0000000000
27143  -32.063  52.201  -5.899 0.0000000000
27144  -31.331  53.231  -7.211 0.0000000000
27145  -24.847  57.827  -10.075 0.0000000000
27146  -26.619  57.593  -9.529 0.0000000000
27147  -25.690  57.539  -10.776 0.0000000000
27148  -26.226  56.340  -11.202 0.0000000000
27154  -10.455  57.768  -11.023 0.0000000000
27155  -11.943  56.501  -11.209 0.0000000000
27156  -10.884  56.990  -12.800 0.0000000000
27157  -11.884  57.253  -14.457 0.0000000000
27158  -12.964  58.143  -15.601 0.0000000000
29829  -32.968  49.874  4.994 0.0000000000
29830  -32.279  50.441  4.195 0.0000000000
29831  -31.634  49.747  4.835 0.0000000000
29832  -30.527  49.282  4.438 0.0000000000
29833  -29.531  48.624  3.830 0.0000000000
29834  -29.572  48.139  5.759 0.0000000000
29835  -29.024  48.386  4.724 0.0000000000
29836  -28.321  48.057  3.312 0.0000000000
29837  -26.743  47.836  2.918 0.0000000000
29838  -25.364  48.466  2.796 0.0000000000
30869  -26.619  51.514  -4.977 0.0000000000
30870  -27.521  52.179  -5.967 0.0000000000
30871  -25.852  52.656  -6.224 0.0000000000
30872  -25.216  54.271  -7.228 0.0000000000
30873  -24.603  55.763  -8.175 0.0000000000
30874  -21.710  53.853  -7.812 0.0000000000
30875  -22.899  55.489  -8.641 0.0000000000
30876  -23.885  57.004  -9.372 0.0000000000
30877  -23.037  57.948  -10.622 0.0000000000
30878  -22.328  58.293  -11.836 0.0000000000
30879  -21.301  57.897  -13.041 0.0000000000
30881  -7.877  59.174  -17.637 0.0000000000
33273  -15.909  58.122  -5.530 0.0000000000
33274  -14.992  59.758  -5.552 0.0000000000
33275  -13.567  59.554  -6.791 0.0000000000
33276  -12.157  59.362  -8.130 0.0000000000
33279  -10.650  59.298  -9.424 0.0000000000
33280  -9.295  59.501  -10.857 0.0000000000
33281  -8.001  59.935  -12.548 0.0000000000
34943  -31.984  52.927  -2.374 0.0000000000
34944  -30.650  52.155  -2.719 0.0000000000
34945  -29.267  51.325  -3.322 0.0000000000
34946  -31.961  50.291  2.928 0.0000000000
34947  -31.641  49.847  1.490 0.0000000000
34948  -31.100  49.842  0.275 0.0000000000
34949  -28.669  48.345  0.382 0.0000000000
34950  -29.517  49.167  -0.215 0.0000000000
34951  -30.171  50.219  -0.730 0.0000000000
34952  -29.243  50.699  -1.610 0.0000000000
34953  -28.363  50.946  -2.634 0.0000000000
34954  -27.457  51.121  -3.806 0.0000000000
34955  -25.785  51.229  -4.148 0.0000000000
34956  -24.175  51.489  -4.365 0.0000000000
34957  -22.515  51.838  -4.404 0.0000000000
34958  -22.577  51.423  -2.437 0.0000000000
34959  -21.857  52.147  -3.230 0.0000000000
34960  -20.979  52.738  -4.041 0.0000000000
34961  -19.965  54.200  -3.742 0.0000000000
34962  -19.217  55.800  -3.607 0.0000000000
34963  -18.645  57.566  -3.694 0.0000000000
34982  -21.936  53.303  1.583 0.0000000000
34983  -20.889  54.499  0.766 0.0000000000
34984  -20.047  55.689  -0.107 0.0000000000
34986  -19.670  57.598  -0.268 0.0000000000
34987  -19.664  56.748  -0.965 0.0000000000
37643  -35.797  53.420  -6.239 0.0000000000
37644  -36.182  52.679  -7.133 0.0000000000
37645  -35.244  52.526  -8.386 0.0000000000
37646  -34.327  52.424  -9.711 0.0000000000
37647  -33.227  51.882  -10.771 0.0000000000
37648  -28.467  52.913  -6.718 0.0000000000
37649  -29.443  53.962  -7.400 0.0000000000
37650  -30.520  54.995  -8.119 0.0000000000
37651  -28.296  57.385  -9.234 0.0000000000
37652  -29.987  56.654  -9.091 0.0000000000
37653  -31.659  55.717  -9.144 0.0000000000
37654  -32.407  55.098  -10.456 0.0000000000
37655  -32.302  53.319  -11.255 0.0000000000
37666  -15.505  56.251  -6.967 0.0000000000
37667  -15.711  54.940  -8.593 0.0000000000
37668  -16.576  54.891  -10.286 0.0000000000
37669  -13.691  55.625  -11.364 0.0000000000
37670  -15.672  55.554  -11.586 0.0000000000
37671  -17.713  56.313  -11.549 0.0000000000
37672  -18.588  57.955  -12.553 0.0000000000
37673  -19.395  58.261  -13.489 0.0000000000
37674  -19.977  57.001  -13.896 0.0000000000
37675  -10.028  58.904  -17.448 0.0000000000
37676  -12.079  58.454  -16.976 0.0000000000
37677  -13.823  57.844  -16.399 0.0000000000
37680  -15.533  57.266  -15.863 0.0000000000
37681  -17.143  56.797  -15.270 0.0000000000
37682  -18.674  56.017  -14.673 0.0000000000
41453  -17.641  57.035  -4.378 0.0000000000
41454  -17.352  56.149  -4.938 0.0000000000
41455  -16.978  57.056  -4.914 0.0000000000
42498  -23.856  49.542  1.941 0.0000000000
42499  -23.874  49.296  1.477 0.0000000000
42500  -23.351  49.965  1.577 0.0000000000
42501  -22.896  50.429  1.188 0.0000000000
42502  -22.951  50.719  1.702 0.0000000000
43238  -29.386  51.132  -4.267 0.0000000000
43239  -29.858  51.287  -4.702 0.0000000000
43240  -28.949  51.316  -4.999 0.0000000000
43241  -22.428  56.710  -12.838 0.0000000000
43242  -23.252  56.348  -12.504 0.0000000000
43243  -22.640  55.720  -12.857 0.0000000000
43246  -7.603  59.426  -15.283 0.0000000000
43247  -8.464  58.914  -15.490 0.0000000000
43248  -7.958  59.240  -16.198 0.0000000000
44896  -31.405  48.610  6.201 0.0000000000
44897  -31.249  48.339  6.619 0.0000000000
45638  -22.434  52.154  -5.394 0.0000000000
45639  -22.837  52.456  -6.039 0.0000000000
45640  -21.969  52.520  -5.996 0.0000000000
45641  -18.840  54.730  -9.773 0.0000000000
45642  -19.733  55.042  -9.748 0.0000000000
45643  -19.457  55.679  -10.307 0.0000000000
45644  -20.009  56.668  -10.769 0.0000000000
45645  -19.107  56.243  -10.885 0.0000000000
48770  -31.965  51.484  -0.668 0.0000000000
48771  -31.504  51.694  -1.079 0.0000000000
48772  -31.251  51.142  -0.796 0.0000000000
48773  -29.558  48.396  2.658 0.0000000000
48774  -29.897  48.504  2.189 0.0000000000
48775  -29.196  48.128  1.980 0.0000000000
48776  -25.443  49.321  -1.277 0.0000000000
48777  -26.299  49.143  -1.197 0.0000000000
48778  -25.864  49.591  -1.641 0.0000000000
48779  -26.289  49.920  -1.957 0.0000000000
48780  -25.387  50.047  -2.066 0.0000000000
48781  -24.913  50.366  -2.543 0.0000000000
48782  -24.509  50.232  -2.136 0.0000000000
48783  -20.636  54.110  -0.978 0.0000000000
48784  -20.818  53.819  -1.390 0.0000000000
48785  -20.381  54.701  -1.358 0.0000000000
48786  -20.193  55.204  -1.803 0.0000000000
48787  -20.034  55.558  -1.323 0.0000000000
50996  -32.728  53.580  -7.707 0.0000000000
50997  -33.455  53.570  -7.592 0.0000000000
50998  -33.200  54.089  -8.118 0.0000000000
50999  -33.701  54.361  -8.670 0.0000000000
51000  -32.881  54.667  -8.630 0.0000000000
51001  -25.887  56.368  -8.196 0.0000000000
51002  -26.680  56.216  -8.014 0.0000000000
51003  -26.401  56.931  -8.566 0.0000000000
51004  -28.126  55.100  -11.032 0.0000000000
51005  -28.839  55.775  -10.958 0.0000000000
51006  -28.958  54.854  -11.091 0.0000000000
51007  -29.697  54.523  -11.201 0.0000000000
51008  -28.968  53.874  -11.149 0.0000000000
51016  -12.482  57.663  -8.824 0.0000000000
51017  -13.113  56.989  -8.860 0.0000000000
51018  -12.428  56.924  -9.534 0.0000000000
51019  -14.426  57.976  -14.830 0.0000000000
51020  -14.915  57.652  -14.200 0.0000000000
51021  -15.334  58.121  -14.718 0.0000000000
51022  -16.194  58.229  -14.575 0.0000000000
51023  -15.723  58.138  -15.173 0.0000000000
55238  -19.398  53.880  -4.739 0.0000000000
55239  -19.419  53.407  -5.592 0.0000000000
55240  -18.803  53.887  -5.369 0.0000000000
55241  -17.172  54.636  -6.490 0.0000000000
55242  -17.828  54.017  -6.707 0.0000000000
55243  -17.377  54.119  -7.399 0.0000000000
55244  -17.762  53.990  -8.295 0.0000000000
55245  -16.970  54.303  -8.090 0.0000000000
58372  -32.540  50.777  1.521 0.0000000000
58373  -26.495  47.778  1.880 0.0000000000
58374  -26.782  47.796  1.415 0.0000000000
58375  -25.976  47.915  1.302 0.0000000000
58376  -24.147  49.013  0.493 0.0000000000
58377  -24.947  48.586  0.432 0.0000000000
58378  -24.407  48.983  0.039 0.0000000000
58379  -24.700  49.004  -0.452 0.0000000000
58380  -23.928  49.455  -0.346 0.0000000000
58381  -23.568  50.039  -0.715 0.0000000000
58382  -23.329  50.037  -0.234 0.0000000000
58383  -22.130  51.675  0.428 0.0000000000
58384  -22.192  51.477  -0.053 0.0000000000
58385  -21.696  52.310  0.050 0.0000000000
58386  -21.287  52.920  -0.282 0.0000000000
58387  -21.235  53.208  0.133 0.0000000000
60593  -32.149  52.804  -3.335 0.0000000000
60594  -32.673  52.927  -3.830 0.0000000000
60595  -32.033  52.390  -4.000 0.0000000000
60596  -30.768  51.734  -5.631 0.0000000000
60597  -31.598  51.905  -5.375 0.0000000000
60598  -31.216  52.102  -6.098 0.0000000000
60599  -31.711  52.580  -6.595 0.0000000000
60600  -30.821  52.716  -6.754 0.0000000000
60601  -24.403  57.921  -10.720 0.0000000000
60602  -25.308  57.862  -10.453 0.0000000000
60603  -24.842  57.687  -11.045 0.0000000000
60605  -25.435  56.540  -11.459 0.0000000000
60616  -9.860  57.966  -11.822 0.0000000000
60617  -10.569  57.323  -11.875 0.0000000000
60618  -10.057  57.572  -12.737 0.0000000000
60619  -10.452  58.081  -15.279 0.0000000000
60620  -10.912  57.449  -14.486 0.0000000000
60621  -11.473  57.884  -15.157 0.0000000000
60622  -12.482  57.805  -15.057 0.0000000000
60623  -12.042  58.240  -15.750 0.0000000000
65565  -32.710  49.500  5.297 0.0000000000
65566  -32.276  49.843  4.942 0.0000000000
65567  -32.000  49.513  5.244 0.0000000000
65568  -30.602  48.920  5.237 0.0000000000
65569  -30.821  49.225  4.968 0.0000000000
65570  -30.287  49.023  4.764 0.0000000000
65571  -30.042  48.952  4.140 0.0000000000
65572  -29.774  48.794  4.530 0.0000000000
65574  -29.944  47.943  6.257 0.0000000000
65577  -28.653  48.129  5.077 0.0000000000
65578  -28.364  48.232  4.442 0.0000000000
65579  -28.690  48.272  4.014 0.0000000000
65580  -27.994  48.044  3.759 0.0000000000
65581  -27.586  47.817  3.062 0.0000000000
65582  -27.246  47.925  3.543 0.0000000000
67793  -25.819  51.672  -5.153 0.0000000000
67794  -26.223  52.027  -5.637 0.0000000000
67795  -25.395  52.233  -5.775 0.0000000000
67796  -23.857  53.609  -6.983 0.0000000000
67797  -24.687  53.562  -6.890 0.0000000000
67798  -24.411  54.321  -7.367 0.0000000000
67799  -24.895  55.027  -7.658 0.0000000000
67800  -24.115  55.039  -7.865 0.0000000000
67801  -20.205  53.249  -7.257 0.0000000000
67802  -21.106  53.303  -7.241 0.0000000000
67803  -20.754  53.602  -7.927 0.0000000000
67804  -21.594  55.773  -9.466 0.0000000000
67805  -21.985  55.209  -8.850 0.0000000000
67806  -22.547  56.053  -9.247 0.0000000000
67807  -23.463  56.294  -9.027 0.0000000000
67808  -23.000  56.887  -9.629 0.0000000000
67809  -23.438  57.509  -9.989 0.0000000000
67810  -22.594  57.439  -10.243 0.0000000000
67811  -20.919  58.198  -11.588 0.0000000000
67812  -21.818  58.301  -11.437 0.0000000000
67813  -21.404  58.392  -12.062 0.0000000000
67814  -21.850  58.160  -12.428 0.0000000000
67815  -20.926  58.347  -12.713 0.0000000000
73199  -12.882  59.440  -7.467 0.0000000000
73209  -9.969  59.356  -10.100 0.0000000000
73214  -7.387  60.169  -13.372 0.0000000000
77192  -32.296  52.943  -1.842 0.0000000000
77193  -30.585  52.019  -1.883 0.0000000000
77194  -30.926  52.364  -2.153 0.0000000000
77195  -30.221  51.955  -2.395 0.0000000000
77196  -29.983  51.705  -3.041 0.0000000000
77197  -29.543  51.534  -2.684 0.0000000000
77198  -31.681  50.163  3.938 0.0000000000
77199  -32.059  50.521  3.634 0.0000000000
77200  -31.549  49.981  3.239 0.0000000000
77201  -30.645  49.023  1.504 0.0000000000
77202  -31.275  49.517  1.811 0.0000000000
77203  -31.034  49.350  1.138 0.0000000000
77204  -31.402  49.791  0.846 0.0000000000
77205  -30.693  49.366  0.578 0.0000000000
77206  -27.448  47.931  0.545 0.0000000000
77207  -28.267  48.024  0.689 0.0000000000
77208  -27.813  48.184  0.186 0.0000000000
77209  -28.138  49.170  -0.892 0.0000000000
77210  -28.633  48.911  -0.425 0.0000000000
77211  -29.054  49.401  -0.697 0.0000000000
77212  -29.868  49.682  -0.475 0.0000000000
77213  -29.429  49.924  -0.952 0.0000000000
77214  -29.706  50.501  -1.168 0.0000000000
77215  -28.925  50.197  -1.397 0.0000000000
77216  -27.034  50.633  -2.538 0.0000000000
77217  -27.950  50.611  -2.251 0.0000000000
77218  -27.499  50.832  -2.863 0.0000000000
77219  -27.931  51.052  -3.235 0.0000000000
77220  -27.056  50.960  -3.417 0.0000000000
77221  -26.608  51.116  -3.988 0.0000000000
77222  -26.218  50.953  -3.586 0.0000000000
77223  -24.154  51.024  -3.510 0.0000000000
77224  -24.587  51.159  -3.917 0.0000000000
77225  -23.754  51.347  -3.946 0.0000000000
77226  -23.344  51.625  -4.414 0.0000000000
77227  -22.866  51.576  -3.914 0.0000000000
77228  -22.712  51.119  -1.555 0.0000000000
77229  -22.967  51.004  -2.077 0.0000000000
77230  -22.321  51.583  -1.872 0.0000000000
77231  -21.119  53.129  -2.482 0.0000000000
77232  -21.625  52.386  -2.639 0.0000000000
77233  -21.290  52.780  -3.066 0.0000000000
77234  -21.490  52.504  -3.662 0.0000000000
77235  -20.923  53.172  -3.492 0.0000000000
77236  -20.431  53.473  -3.864 0.0000000000
77237  -20.444  53.941  -3.359 0.0000000000
77238  -19.688  55.997  -2.760 0.0000000000
77239  -19.664  55.492  -3.239 0.0000000000
77240  -19.370  56.364  -3.215 0.0000000000
77241  -18.929  56.688  -3.599 0.0000000000
77242  -19.134  57.290  -3.256 0.0000000000
77289  -22.373  52.650  2.001 0.0000000000
77290  -22.176  53.663  2.087 0.0000000000
77291  -20.795  55.794  1.230 0.0000000000
77292  -21.083  54.829  1.202 0.0000000000
77293  -20.569  55.433  0.766 0.0000000000
77294  -20.443  55.096  0.332 0.0000000000
77295  -20.162  56.037  0.314 0.0000000000
77302  -19.639  57.143  -0.615 0.0000000000
83866  -33.783  53.282  -4.937 0.0000000000
83868  -34.253  53.434  -5.439 0.0000000000
83869  -34.856  53.501  -7.151 0.0000000000
83870  -35.147  53.538  -6.433 0.0000000000
83871  -35.490  53.384  -6.869 0.0000000000
83872  -36.066  53.156  -6.687 0.0000000000
83873  -35.628  53.105  -7.313 0.0000000000
83874  -35.681  52.574  -7.723 0.0000000000
83875  -35.261  53.110  -8.027 0.0000000000
83876  -34.158  53.880  -9.782 0.0000000000
83877  -34.525  53.207  -9.459 0.0000000000
83878  -34.032  53.104  -10.105 0.0000000000
83879  -33.806  52.226  -10.290 0.0000000000
83880  -33.475  52.888  -10.643 0.0000000000
83881  -27.110  52.888  -6.532 0.0000000000
83882  -27.977  52.546  -6.371 0.0000000000
83883  -27.569  53.353  -6.837 0.0000000000
83884  -28.352  55.525  -7.900 0.0000000000
83885  -28.595  54.443  -7.484 0.0000000000
83886  -29.100  55.032  -7.812 0.0000000000
83887  -29.928  54.481  -7.734 0.0000000000
83888  -29.646  55.584  -8.140 0.0000000000
83889  -26.998  57.597  -10.003 0.0000000000
83890  -27.444  57.557  -9.332 0.0000000000
83891  -27.888  57.487  -9.867 0.0000000000
83892  -30.015  56.562  -10.270 0.0000000000
83893  -29.622  57.059  -9.723 0.0000000000
83894  -30.425  56.628  -9.712 0.0000000000
83895  -30.801  56.173  -9.096 0.0000000000
83896  -31.297  56.134  -9.770 0.0000000000
83897  -32.154  55.611  -9.831 0.0000000000
83898  -31.642  55.681  -10.442 0.0000000000
83899  -30.956  53.524  -11.454 0.0000000000
83900  -31.731  54.039  -11.347 0.0000000000
83901  -31.544  52.887  -11.465 0.0000000000
83902  -32.093  52.140  -11.362 0.0000000000
83903  -31.408  51.654  -11.485 0.0000000000
83926  -15.250  58.078  -6.120 0.0000000000
83927  -15.646  57.169  -6.224 0.0000000000
83928  -14.992  57.137  -6.892 0.0000000000
83929  -14.447  55.618  -9.076 0.0000000000
83930  -15.001  55.562  -8.409 0.0000000000
83931  -15.190  55.128  -9.221 0.0000000000
83932  -16.059  54.747  -9.437 0.0000000000
83933  -15.610  55.005  -10.109 0.0000000000
83934  -12.261  56.288  -12.056 0.0000000000
83935  -12.793  55.990  -11.261 0.0000000000
83936  -13.200  55.933  -12.118 0.0000000000
83937  -15.784  56.691  -12.902 0.0000000000
83938  -15.233  55.942  -12.252 0.0000000000
83939  -16.253  56.306  -12.265 0.0000000000
83940  -16.698  55.829  -11.604 0.0000000000
83941  -17.244  56.736  -12.182 0.0000000000
83942  -18.185  57.205  -12.053 0.0000000000
83943  -17.692  57.539  -12.700 0.0000000000
83944  -17.948  58.201  -14.261 0.0000000000
83945  -18.404  58.291  -13.680 0.0000000000
83946  -18.819  57.964  -14.026 0.0000000000
83947  -19.720  57.761  -13.754 0.0000000000
83948  -19.110  57.340  -14.201 0.0000000000
83949  -8.319  58.935  -18.216 0.0000000000
83950  -8.891  59.068  -17.621 0.0000000000
83951  -9.464  58.772  -18.058 0.0000000000
83953  -11.483  58.253  -17.574 0.0000000000
83954  -12.392  57.950  -17.260 0.0000000000
83955  -12.955  58.161  -16.737 0.0000000000
83956  -13.165  57.534  -16.900 0.0000000000
83963  -14.851  56.767  -16.120 0.0000000000
83964  -15.704  56.500  -15.837 0.0000000000
83965  -16.286  57.079  -15.602 0.0000000000
83966  -16.529  56.215  -15.529 0.0000000000
83968  -18.094  55.496  -14.894 0.0000000000
83970  -19.478  55.567  -14.302 0.0000000000
93047  -18.495  55.266  -4.472 0.0000000000
93048  -18.269  54.541  -5.183 0.0000000000
93049  -17.782  55.307  -5.029 0.0000000000
93050  -17.141  55.349  -5.631 0.0000000000
93051  -16.603  55.365  -6.326 0.0000000000
94928  -25.045  48.396  1.784 0.0000000000
94929  -25.219  48.187  1.291 0.0000000000
94930  -24.543  48.642  1.319 0.0000000000
94931  -24.009  49.090  0.972 0.0000000000
94932  -23.529  49.489  0.615 0.0000000000
94933  -23.118  50.076  0.235 0.0000000000
94934  -22.974  50.190  0.720 0.0000000000
94935  -22.508  51.047  0.820 0.0000000000
94936  -22.125  51.990  0.931 0.0000000000
96260  -30.887  51.818  -3.743 0.0000000000
96261  -31.425  51.902  -4.137 0.0000000000
96262  -30.681  51.515  -4.406 0.0000000000
96263  -30.333  51.459  -5.152 0.0000000000
96264  -29.879  51.847  -5.897 0.0000000000
96265  -23.540  57.649  -11.906 0.0000000000
96266  -24.351  57.418  -11.609 0.0000000000
96267  -23.840  57.025  -12.123 0.0000000000
96268  -24.042  56.094  -12.133 0.0000000000
96274  -8.648  58.653  -13.636 0.0000000000
96275  -9.494  57.970  -13.660 0.0000000000
96276  -8.908  58.395  -14.610 0.0000000000
96277  -9.445  58.437  -15.446 0.0000000000
96278  -10.022  58.547  -16.113 0.0000000000
99244  -31.765  49.163  5.520 0.0000000000
99245  -31.585  48.891  5.857 0.0000000000
99246  -30.985  48.746  5.702 0.0000000000
99247  -30.396  48.575  5.544 0.0000000000
100580  -24.154  51.911  -5.344 0.0000000000
100581  -24.570  52.369  -5.895 0.0000000000
100582  -23.734  52.410  -5.973 0.0000000000
100583  -23.333  52.953  -6.547 0.0000000000
100584  -23.006  53.510  -7.095 0.0000000000
100585  -19.502  53.901  -8.594 0.0000000000
100586  -20.441  54.080  -8.558 0.0000000000
100587  -20.095  54.559  -9.165 0.0000000000
100588  -20.641  55.440  -9.656 0.0000000000
100589  -21.212  56.383  -10.042 0.0000000000
100590  -21.741  57.260  -10.447 0.0000000000
100591  -20.866  56.988  -10.607 0.0000000000
100592  -20.490  57.523  -11.189 0.0000000000
100593  -20.026  57.947  -11.789 0.0000000000
106219  -32.015  52.601  -1.575 0.0000000000
106220  -31.757  52.208  -1.329 0.0000000000
106221  -31.013  51.964  -1.445 0.0000000000
106222  -30.287  51.605  -1.607 0.0000000000
106223  -30.691  49.304  3.282 0.0000000000
106224  -31.063  49.482  2.883 0.0000000000
106225  -30.520  48.979  2.521 0.0000000000
106226  -30.272  48.728  1.835 0.0000000000
106227  -29.942  48.603  1.229 0.0000000000
106228  -26.433  48.462  -0.428 0.0000000000
106229  -27.322  48.427  -0.311 0.0000000000
106230  -26.783  48.752  -0.782 0.0000000000
106231  -27.184  49.096  -1.070 0.0000000000
106232  -27.622  49.505  -1.345 0.0000000000
106233  -28.068  49.941  -1.609 0.0000000000
106234  -27.190  49.849  -1.795 0.0000000000
106235  -26.687  50.239  -2.253 0.0000000000
106236  -26.124  50.558  -2.726 0.0000000000
106237  -25.759  50.743  -3.236 0.0000000000
106238  -25.292  50.558  -2.913 0.0000000000
106239  -24.515  50.684  -3.054 0.0000000000
106240  -23.729  50.947  -3.095 0.0000000000
106241  -21.508  52.472  -1.174 0.0000000000
106242  -21.733  52.253  -1.687 0.0000000000
106243  -21.223  53.010  -1.526 0.0000000000
106244  -20.960  53.497  -1.910 0.0000000000
106245  -20.680  53.979  -2.354 0.0000000000
106246  -20.409  54.381  -2.841 0.0000000000
106247  -20.386  54.802  -2.311 0.0000000000
106248  -19.993  55.670  -2.282 0.0000000000
106249  -19.695  56.516  -2.251 0.0000000000
106278  -21.832  54.573  2.099 0.0000000000
106280  -21.072  56.147  1.712 0.0000000000
106281  -20.616  56.760  1.257 0.0000000000
110224  -33.305  52.856  -6.356 0.0000000000
110225  -34.042  53.201  -6.135 0.0000000000
110226  -33.731  53.204  -6.875 0.0000000000
110227  -34.170  53.548  -7.421 0.0000000000
110228  -34.577  53.729  -7.822 0.0000000000
110229  -34.839  53.598  -8.306 0.0000000000
110230  -34.345  54.012  -8.516 0.0000000000
110231  -34.055  54.318  -9.205 0.0000000000
110232  -33.651  54.509  -9.894 0.0000000000
110233  -26.423  54.676  -7.298 0.0000000000
110234  -27.222  54.379  -7.198 0.0000000000
110235  -26.937  55.353  -7.584 0.0000000000
110236  -27.516  55.967  -7.932 0.0000000000
110237  -28.078  56.483  -8.250 0.0000000000
110238  -27.685  56.723  -10.702 0.0000000000
110239  -28.290  57.130  -10.306 0.0000000000
110240  -28.617  56.565  -10.662 0.0000000000
110241  -29.505  56.251  -10.671 0.0000000000
110242  -30.282  55.906  -10.783 0.0000000000
110243  -31.039  55.493  -10.897 0.0000000000
110244  -30.375  55.096  -11.180 0.0000000000
110245  -30.337  54.069  -11.348 0.0000000000
110246  -30.274  52.973  -11.412 0.0000000000
110260  -13.865  57.902  -7.452 0.0000000000
110261  -14.379  57.147  -7.526 0.0000000000
110262  -13.763  57.098  -8.166 0.0000000000
110263  -13.768  56.352  -8.905 0.0000000000
110264  -13.925  55.732  -9.785 0.0000000000
110265  -13.346  56.791  -13.631 0.0000000000
110266  -13.777  56.298  -12.919 0.0000000000
110267  -14.404  56.903  -13.625 0.0000000000
110268  -15.337  57.124  -13.559 0.0000000000
110269  -16.267  57.497  -13.461 0.0000000000
110270  -17.176  57.841  -13.333 0.0000000000
110271  -16.672  58.136  -13.966 0.0000000000
110272  -17.071  58.289  -14.430 0.0000000000
110273  -17.441  58.039  -14.782 0.0000000000
110275  -9.951  58.222  -18.374 0.0000000000
116230  -31.080  48.099  7.052 0.0000000000
117269  -20.614  52.744  -5.150 0.0000000000
117270  -21.061  52.705  -5.918 0.0000000000
117271  -20.184  53.007  -5.784 0.0000000000
117272  -19.750  53.176  -6.472 0.0000000000
117273  -19.392  53.311  -7.194 0.0000000000
117274  -18.305  53.955  -6.029 0.0000000000
117275  -18.563  53.565  -6.949 0.0000000000
117276  -18.954  53.575  -7.851 0.0000000000
117277  -18.589  53.854  -8.502 0.0000000000
117278  -18.271  54.194  -9.120 0.0000000000
117279  -17.934  54.580  -9.747 0.0000000000
121657  -32.098  50.822  0.244 0.0000000000
121658  -28.134  47.845  2.183 0.0000000000
121659  -28.428  47.919  1.723 0.0000000000
121660  -27.616  47.806  1.574 0.0000000000
121661  -27.119  47.829  0.985 0.0000000000
121662  -26.608  48.019  0.427 0.0000000000
121663  -25.483  48.219  0.851 0.0000000000
121664  -25.770  48.249  0.386 0.0000000000
121665  -26.100  48.262  -0.072 0.0000000000
121666  -25.555  48.653  -0.474 0.0000000000
121667  -25.031  49.068  -0.894 0.0000000000
121668  -24.601  49.624  -1.289 0.0000000000
121669  -24.152  50.132  -1.691 0.0000000000
121670  -23.812  50.054  -1.226 0.0000000000
121671  -23.149  50.593  -1.147 0.0000000000
121672  -22.502  51.239  -1.034 0.0000000000
121673  -22.741  50.714  -0.148 0.0000000000
121674  -22.299  51.370  -0.592 0.0000000000
121675  -21.900  51.936  -0.879 0.0000000000
121676  -21.371  52.694  -0.720 0.0000000000
121677  -20.950  53.511  -0.621 0.0000000000
121678  -20.490  54.405  -0.539 0.0000000000
124769  -33.215  53.092  -4.377 0.0000000000
124770  -33.087  52.767  -5.070 0.0000000000
124771  -31.880  52.083  -4.659 0.0000000000
124772  -32.402  52.275  -5.176 0.0000000000
124773  -32.866  52.506  -5.761 0.0000000000
124774  -32.531  52.578  -6.475 0.0000000000
124775  -32.200  53.076  -7.148 0.0000000000
124776  -31.846  53.742  -7.720 0.0000000000
124777  -25.268  57.500  -9.427 0.0000000000
124778  -26.116  57.408  -9.167 0.0000000000
124779  -25.763  57.731  -9.778 0.0000000000
124780  -26.143  57.713  -10.206 0.0000000000
124781  -26.499  57.383  -10.551 0.0000000000
124782  -25.200  57.205  -11.278 0.0000000000
124783  -25.989  57.032  -11.032 0.0000000000
124784  -26.810  56.857  -10.828 0.0000000000
124785  -27.037  56.154  -10.939 0.0000000000
124798  -11.095  57.664  -10.237 0.0000000000
124799  -11.784  56.965  -10.310 0.0000000000
124800  -11.155  57.090  -11.051 0.0000000000
124801  -11.374  56.770  -11.949 0.0000000000
124802  -11.809  56.643  -12.861 0.0000000000
124803  -10.412  57.382  -13.664 0.0000000000
124804  -11.368  57.001  -13.682 0.0000000000
124805  -12.339  56.828  -13.669 0.0000000000
124806  -12.931  57.284  -14.329 0.0000000000
124807  -13.460  57.815  -14.910 0.0000000000
124808  -13.913  58.122  -15.447 0.0000000000
131434  -32.943  50.568  4.370 0.0000000000
131435  -32.587  50.215  4.641 0.0000000000
131436  -31.873  50.168  4.530 0.0000000000
131437  -31.360  49.848  4.283 0.0000000000
131438  -31.384  49.397  5.129 0.0000000000
131439  -31.076  49.516  4.647 0.0000000000
131440  -30.847  49.505  3.997 0.0000000000
131441  -30.351  49.102  3.690 0.0000000000
131442  -29.849  48.670  3.388 0.0000000000
131443  -29.258  48.326  3.095 0.0000000000
131444  -30.607  48.117  6.400 0.0000000000
131445  -30.169  48.247  5.885 0.0000000000
131446  -29.798  48.459  5.424 0.0000000000
131447  -28.972  48.010  5.619 0.0000000000
131448  -29.299  48.301  5.296 0.0000000000
131449  -29.549  48.603  4.954 0.0000000000
131450  -29.301  48.492  4.274 0.0000000000
131451  -28.963  48.323  3.553 0.0000000000
131452  -28.593  48.022  2.844 0.0000000000
131453  -27.839  47.791  2.623 0.0000000000
131454  -27.027  47.737  2.468 0.0000000000
131455  -26.228  47.869  2.363 0.0000000000
131456  -26.503  47.989  3.406 0.0000000000
131457  -26.015  48.051  2.850 0.0000000000
131458  -25.499  48.151  2.289 0.0000000000
131459  -24.902  48.669  2.268 0.0000000000
131460  -24.357  49.197  2.314 0.0000000000
134255  -27.463  51.343  -4.794 0.0000000000
134256  -27.962  51.583  -5.286 0.0000000000
134257  -27.039  51.854  -5.541 0.0000000000
134258  -26.664  52.442  -6.134 0.0000000000
134259  -26.321  53.154  -6.645 0.0000000000
134260  -25.021  52.880  -6.367 0.0000000000
134261  -25.509  53.396  -6.773 0.0000000000
134262  -25.990  54.036  -7.034 0.0000000000
134263  -25.661  54.891  -7.457 0.0000000000
134264  -25.366  55.708  -7.914 0.0000000000
134265  -25.110  56.463  -8.467 0.0000000000
134266  -21.537  52.926  -6.600 0.0000000000
134267  -22.063  53.409  -7.182 0.0000000000
134268  -22.632  54.073  -7.665 0.0000000000
134269  -21.383  54.352  -8.429 0.0000000000
134270  -22.316  54.650  -8.252 0.0000000000
134271  -23.216  54.896  -8.061 0.0000000000
134272  -23.780  55.687  -8.421 0.0000000000
134273  -24.296  56.476  -8.766 0.0000000000
134274  -24.762  57.052  -9.098 0.0000000000
134275  -24.357  57.520  -9.731 0.0000000000
134276  -23.929  57.892  -10.367 0.0000000000
134277  -23.552  58.082  -11.029 0.0000000000
134278  -22.228  57.981  -10.825 0.0000000000
134279  -22.696  58.242  -11.265 0.0000000000
134280  -23.156  58.075  -11.631 0.0000000000
134281  -22.718  57.909  -12.165 0.0000000000
134282  -22.149  57.602  -12.721 0.0000000000
134283  -21.568  57.130  -13.153 0.0000000000
134285  -7.439  59.339  -16.872 0.0000000000
140979  -16.610  58.125  -4.920 0.0000000000
140980  -16.255  59.014  -5.014 0.0000000000
140981  -15.497  58.960  -5.536 0.0000000000
140982  -14.751  58.879  -6.084 0.0000000000
140984  -14.229  59.664  -6.094 0.0000000000
140985  -14.063  58.787  -6.737 0.0000000000
140986  -13.384  58.641  -7.440 0.0000000000
140987  -12.682  58.506  -8.119 0.0000000000
140988  -11.932  58.421  -8.785 0.0000000000
140996  -11.415  59.309  -8.764 0.0000000000
140997  -11.192  58.392  -9.457 0.0000000000
140998  -10.504  58.449  -10.174 0.0000000000
140999  -9.859  58.591  -10.917 0.0000000000
141000  -9.229  58.746  -11.748 0.0000000000
141002  -8.625  59.667  -11.690 0.0000000000
141003  -8.601  59.091  -12.640 0.0000000000
141004  -7.996  59.435  -13.465 0.0000000000
141005  -7.394  59.749  -14.277 0.0000000000
145848  -32.366  53.113  -2.735 0.0000000000
145849  -31.739  52.687  -2.934 0.0000000000
145850  -31.610  52.673  -2.014 0.0000000000
145851  -31.314  52.566  -2.516 0.0000000000
145852  -31.090  52.237  -3.065 0.0000000000
145853  -30.429  51.797  -3.376 0.0000000000
145854  -29.697  51.421  -3.660 0.0000000000
145855  -28.850  51.229  -3.933 0.0000000000
145856  -32.699  50.760  3.924 0.0000000000
145857  -32.496  50.766  3.299 0.0000000000
145858  -32.348  50.608  2.616 0.0000000000
145859  -31.441  49.743  2.526 0.0000000000
145860  -31.832  50.040  2.190 0.0000000000
145861  -32.173  50.357  1.856 0.0000000000
145862  -32.026  50.282  1.200 0.0000000000
145863  -31.792  50.280  0.587 0.0000000000
145864  -31.379  50.417  0.012 0.0000000000
145865  -28.760  48.067  1.328 0.0000000000
145866  -29.163  48.293  0.961 0.0000000000
145867  -29.508  48.596  0.626 0.0000000000
145868  -28.210  48.501  -0.131 0.0000000000
145869  -29.076  48.715  0.069 0.0000000000
145870  -29.911  49.009  0.328 0.0000000000
145871  -30.351  49.481  0.033 0.0000000000
145872  -30.634  50.029  -0.236 0.0000000000
145873  -30.937  50.596  -0.486 0.0000000000
145874  -30.478  50.821  -0.960 0.0000000000
145875  -29.999  51.048  -1.372 0.0000000000
145876  -29.534  51.222  -1.819 0.0000000000
145877  -28.429  50.403  -1.826 0.0000000000
145878  -28.755  50.871  -2.043 0.0000000000
145879  -29.169  51.205  -2.386 0.0000000000
145880  -28.793  51.210  -2.980 0.0000000000
145881  -28.361  51.218  -3.587 0.0000000000
145882  -27.896  51.219  -4.197 0.0000000000
145883  -27.012  51.239  -4.390 0.0000000000
145884  -26.203  51.379  -4.563 0.0000000000
145885  -25.388  51.537  -4.704 0.0000000000
145886  -25.397  51.023  -3.782 0.0000000000
145887  -24.967  51.349  -4.289 0.0000000000
145888  -24.569  51.663  -4.805 0.0000000000
145889  -23.757  51.753  -4.871 0.0000000000
145890  -22.910  51.867  -4.931 0.0000000000
145891  -22.050  52.096  -4.872 0.0000000000
145892  -23.677  50.523  -2.180 0.0000000000
145893  -23.298  50.949  -2.587 0.0000000000
145894  -22.872  51.315  -3.003 0.0000000000
145895  -21.953  51.980  -2.229 0.0000000000
145896  -22.203  51.781  -2.816 0.0000000000
145897  -22.505  51.663  -3.377 0.0000000000
145898  -22.145  51.968  -3.821 0.0000000000
145899  -21.716  52.196  -4.298 0.0000000000
145900  -21.215  52.495  -4.689 0.0000000000
145901  -20.499  53.052  -4.477 0.0000000000
145902  -19.933  53.712  -4.294 0.0000000000
145903  -19.447  54.375  -4.149 0.0000000000
145904  -20.023  54.726  -3.291 0.0000000000
145905  -19.563  54.968  -3.658 0.0000000000
145906  -19.057  55.163  -4.059 0.0000000000
145907  -18.705  55.987  -4.009 0.0000000000
145908  -18.352  56.862  -4.016 0.0000000000
145909  -18.002  57.781  -4.067 0.0000000000
145964  -22.623  51.638  1.889 0.0000000000
145965  -22.216  52.331  1.476 0.0000000000
145966  -21.759  52.986  1.064 0.0000000000
145967  -21.637  54.240  1.638 0.0000000000
145968  -21.435  53.888  1.169 0.0000000000
145969  -21.256  53.560  0.643 0.0000000000
145970  -20.791  54.165  0.305 0.0000000000
145971  -20.377  54.754  -0.102 0.0000000000
145972  -20.123  55.290  -0.497 0.0000000000
145975  -20.186  57.355  0.771 0.0000000000
145978  -19.963  56.994  0.280 0.0000000000
145979  -19.826  56.643  -0.155 0.0000000000
145980  -19.844  56.212  -0.528 0.0000000000
145981  -19.901  55.823  -0.897 0.0000000000
145982  -19.777  56.438  -1.344 0.0000000000
145983  -19.633  56.938  -1.795 0.0000000000
153889  -34.740  53.500  -5.923 0.0000000000
153896  -35.616  51.918  -8.085 0.0000000000
153897  -35.067  51.840  -8.639 0.0000000000
153898  -34.931  53.159  -8.786 0.0000000000
153899  -34.796  52.516  -9.053 0.0000000000
153900  -34.554  51.728  -9.265 0.0000000000
153901  -34.065  51.558  -9.863 0.0000000000
153904  -28.469  51.849  -5.715 0.0000000000
153905  -28.940  52.168  -6.150 0.0000000000
153906  -29.424  52.526  -6.543 0.0000000000
153907  -28.061  53.874  -7.160 0.0000000000
153908  -28.967  53.419  -7.053 0.0000000000
153909  -29.895  53.009  -6.914 0.0000000000
153910  -30.387  53.486  -7.304 0.0000000000
153911  -30.877  54.037  -7.712 0.0000000000
153912  -31.510  54.605  -8.128 0.0000000000
153913  -26.958  57.303  -8.933 0.0000000000
153914  -27.792  57.160  -8.752 0.0000000000
153915  -28.604  56.899  -8.648 0.0000000000
153916  -28.794  57.320  -9.782 0.0000000000
153917  -29.155  57.073  -9.144 0.0000000000
153918  -29.410  56.477  -8.586 0.0000000000
153919  -30.248  55.926  -8.577 0.0000000000
153920  -31.132  55.451  -8.587 0.0000000000
153921  -32.034  55.044  -8.611 0.0000000000
153922  -32.531  55.254  -9.192 0.0000000000
153923  -32.929  55.081  -9.864 0.0000000000
153924  -33.084  54.495  -10.437 0.0000000000
153925  -31.768  54.956  -10.958 0.0000000000
153926  -32.454  54.327  -10.939 0.0000000000
153927  -33.031  53.664  -10.845 0.0000000000
153928  -32.793  52.566  -11.065 0.0000000000
153929  -32.587  51.380  -11.162 0.0000000000
153958  -16.308  57.157  -5.532 0.0000000000
153959  -16.098  56.219  -6.235 0.0000000000
153960  -16.067  55.408  -7.064 0.0000000000
153961  -14.925  56.266  -7.608 0.0000000000
153962  -15.535  55.459  -7.760 0.0000000000
153963  -16.203  54.803  -7.915 0.0000000000
153964  -16.484  54.497  -8.773 0.0000000000
153965  -16.990  54.568  -9.632 0.0000000000
153966  -17.571  55.024  -10.362 0.0000000000
153967  -12.547  56.361  -10.385 0.0000000000
153968  -13.371  55.814  -10.488 0.0000000000
153969  -14.198  55.399  -10.666 0.0000000000
153970  -14.159  55.767  -12.174 0.0000000000
153971  -14.656  55.476  -11.494 0.0000000000
153972  -15.147  55.228  -10.805 0.0000000000
153973  -16.127  55.241  -10.918 0.0000000000
153974  -17.140  55.467  -10.966 0.0000000000
153975  -18.138  55.833  -10.952 0.0000000000
153976  -18.656  56.802  -11.468 0.0000000000
153977  -19.090  57.674  -11.940 0.0000000000
153978  -19.518  58.197  -12.407 0.0000000000
153979  -18.061  58.118  -13.194 0.0000000000
153980  -18.981  58.315  -13.032 0.0000000000
153981  -19.942  58.386  -12.876 0.0000000000
153982  -20.372  58.133  -13.288 0.0000000000
153983  -20.637  57.521  -13.476 0.0000000000
153984  -20.879  56.634  -13.564 0.0000000000
153985  -8.346  59.159  -17.001 0.0000000000
153986  -9.488  58.915  -16.907 0.0000000000
153987  -10.594  58.696  -16.692 0.0000000000
153988  -10.504  58.523  -17.839 0.0000000000
153989  -11.030  58.737  -17.258 0.0000000000
153990  -11.598  58.532  -16.465 0.0000000000
153991  -12.513  58.385  -16.269 0.0000000000
153992  -13.390  58.206  -16.108 0.0000000000
153993  -14.341  58.049  -15.849 0.0000000000
154000  -13.992  57.118  -16.480 0.0000000000
154001  -14.702  57.528  -16.086 0.0000000000
154002  -15.220  57.883  -15.720 0.0000000000
154003  -16.076  57.775  -15.480 0.0000000000
154004  -16.912  57.628  -15.211 0.0000000000
154005  -17.714  57.342  -14.931 0.0000000000
154006  -17.322  55.879  -15.209 0.0000000000
154007  -17.926  56.412  -14.976 0.0000000000
154008  -18.508  56.934  -14.622 0.0000000000
154009  -19.334  56.481  -14.289 0.0000000000
154010  -20.170  56.071  -13.976 0.0000000000
154011  -21.089  55.633  -13.540 0.0000000000
