#!ascii label  , from subject fsaverage vox2ras=TkReg
1957
74  -8.258  5.947  36.421 0.0000000000
111  -10.018  11.172  50.005 0.0000000000
115  -11.628  24.613  33.105 0.0000000000
253  -10.478  17.542  41.317 0.0000000000
422  -4.378  12.164  30.484 0.0000000000
501  -9.885  1.955  48.683 0.0000000000
509  -8.292  21.804  27.857 0.0000000000
510  -11.817  14.242  34.264 0.0000000000
511  -10.489  8.658  41.726 0.0000000000
944  -5.907  9.542  34.397 0.0000000000
945  -4.382  5.849  32.169 0.0000000000
946  -4.530  3.416  36.101 0.0000000000
1116  -11.367  25.920  24.584 0.0000000000
1117  -13.458  22.181  29.322 0.0000000000
1118  -10.641  17.832  30.794 0.0000000000
1119  -13.542  18.980  33.820 0.0000000000
1120  -10.976  14.609  45.617 0.0000000000
1121  -11.622  12.723  41.543 0.0000000000
1122  -9.747  10.200  45.087 0.0000000000
1123  -9.970  5.060  45.169 0.0000000000
1607  -10.894  21.153  37.581 0.0000000000
2170  -5.441  25.086  23.539 0.0000000000
2171  -5.168  19.392  25.189 0.0000000000
2172  -6.276  17.503  29.537 0.0000000000
2173  -8.357  13.951  32.465 0.0000000000
2174  -9.946  10.584  35.325 0.0000000000
2175  -12.115  15.733  37.796 0.0000000000
2176  -11.450  11.557  38.298 0.0000000000
2177  -11.048  7.374  38.536 0.0000000000
2178  -11.298  3.884  41.667 0.0000000000
2864  -6.893  7.872  35.534 0.0000000000
2865  -5.063  6.777  35.337 0.0000000000
2866  -5.898  5.013  36.651 0.0000000000
3035  -12.332  26.722  30.620 0.0000000000
3036  -13.636  25.355  28.675 0.0000000000
3037  -13.434  23.484  31.390 0.0000000000
3038  -13.648  20.590  31.637 0.0000000000
3039  -12.907  21.875  33.703 0.0000000000
3040  -10.941  12.974  47.904 0.0000000000
3041  -10.625  12.320  45.450 0.0000000000
3042  -9.689  10.806  47.363 0.0000000000
3043  -8.530  8.621  46.850 0.0000000000
4274  -4.628  13.101  28.330 0.0000000000
4276  -4.990  9.995  29.366 0.0000000000
4788  -9.852  23.743  26.199 0.0000000000
4789  -7.781  26.032  24.691 0.0000000000
4790  -6.731  23.742  26.142 0.0000000000
4791  -5.006  22.317  24.423 0.0000000000
4792  -6.131  21.348  27.273 0.0000000000
4793  -5.339  18.840  27.596 0.0000000000
4794  -7.297  19.846  28.875 0.0000000000
4795  -11.420  15.849  32.403 0.0000000000
4796  -9.299  15.898  31.600 0.0000000000
4797  -10.020  14.093  33.125 0.0000000000
4798  -9.273  12.068  33.885 0.0000000000
4799  -10.522  12.577  34.821 0.0000000000
4800  -10.737  19.346  39.465 0.0000000000
4801  -11.644  18.317  37.856 0.0000000000
4802  -11.474  16.605  39.551 0.0000000000
4803  -11.200  10.586  41.658 0.0000000000
4804  -11.793  11.933  39.772 0.0000000000
4805  -10.906  10.195  40.140 0.0000000000
4806  -10.477  9.794  38.654 0.0000000000
4807  -10.485  8.087  40.307 0.0000000000
4808  -11.254  5.601  40.113 0.0000000000
4809  -10.599  6.321  41.882 0.0000000000
4810  -9.729  3.458  46.928 0.0000000000
4811  -10.454  2.779  45.184 0.0000000000
4812  -10.253  1.162  46.816 0.0000000000
4814  -9.913  -0.530  48.303 0.0000000000
6308  -5.085  10.996  32.620 0.0000000000
6309  -4.354  9.012  31.281 0.0000000000
6310  -4.796  7.908  33.396 0.0000000000
6311  -4.436  4.787  34.169 0.0000000000
6618  -12.747  24.019  26.762 0.0000000000
6619  -11.361  21.618  28.125 0.0000000000
6620  -9.495  19.914  29.422 0.0000000000
6621  -12.276  19.802  29.915 0.0000000000
6622  -12.972  17.958  31.785 0.0000000000
6623  -12.993  16.287  33.818 0.0000000000
6624  -10.596  15.950  43.481 0.0000000000
6625  -11.338  15.038  41.456 0.0000000000
6626  -11.149  13.731  43.511 0.0000000000
6627  -10.864  11.416  43.423 0.0000000000
6628  -10.325  9.333  43.278 0.0000000000
6629  -10.206  6.903  43.339 0.0000000000
6630  -9.364  7.653  45.008 0.0000000000
6631  -9.181  5.740  47.120 0.0000000000
6632  -9.426  4.336  48.940 0.0000000000
7588  -9.701  25.622  34.605 0.0000000000
7589  -11.014  22.911  35.419 0.0000000000
7590  -9.960  23.922  36.802 0.0000000000
7591  -10.069  22.106  39.041 0.0000000000
7592  -9.711  20.302  41.047 0.0000000000
7596  -9.976  16.888  45.493 0.0000000000
7597  -10.594  15.545  48.022 0.0000000000
7598  -10.596  13.775  50.485 0.0000000000
9015  -9.531  1.799  50.554 0.0000000000
9018  -9.531  -0.762  50.075 0.0000000000
9071  -5.232  28.867  19.876 0.0000000000
9073  -6.163  27.843  22.678 0.0000000000
9074  -5.123  25.979  20.688 0.0000000000
9075  -5.934  23.087  21.696 0.0000000000
9079  -4.654  15.995  27.743 0.0000000000
9080  -5.115  14.909  30.093 0.0000000000
9081  -8.319  17.986  30.267 0.0000000000
9082  -7.355  15.779  31.035 0.0000000000
9083  -6.144  13.485  31.993 0.0000000000
9084  -7.137  11.751  33.479 0.0000000000
9085  -8.129  9.944  34.661 0.0000000000
9086  -9.352  8.244  35.736 0.0000000000
9087  -12.137  20.124  35.831 0.0000000000
9088  -12.721  17.376  35.905 0.0000000000
9089  -12.641  14.799  35.867 0.0000000000
9090  -12.006  14.122  39.608 0.0000000000
9091  -12.234  13.322  37.840 0.0000000000
9092  -11.752  12.793  36.320 0.0000000000
9093  -10.595  11.174  36.726 0.0000000000
9094  -10.610  9.043  36.872 0.0000000000
9095  -10.546  6.469  36.942 0.0000000000
9096  -11.093  4.811  38.265 0.0000000000
9099  -10.674  4.571  43.458 0.0000000000
10544  -7.522  6.838  35.998 0.0000000000
10545  -6.386  6.511  36.116 0.0000000000
10546  -7.077  5.523  36.550 0.0000000000
10713  -10.764  26.239  32.558 0.0000000000
10715  -12.004  25.678  31.823 0.0000000000
10716  -12.956  25.108  31.044 0.0000000000
10717  -12.637  24.108  32.324 0.0000000000
10718  -13.190  22.667  32.556 0.0000000000
10719  -12.356  23.292  33.424 0.0000000000
10720  -10.599  12.072  49.017 0.0000000000
10721  -10.387  11.782  47.648 0.0000000000
10722  -9.834  10.894  48.672 0.0000000000
11954  -4.321  12.646  29.363 0.0000000000
11955  -4.805  11.563  28.873 0.0000000000
11956  -4.392  11.097  29.779 0.0000000000
12468  -9.087  22.781  27.080 0.0000000000
12469  -8.067  23.841  26.386 0.0000000000
12470  -7.522  22.841  27.034 0.0000000000
12471  -6.421  22.561  26.694 0.0000000000
12472  -7.197  21.718  27.637 0.0000000000
12473  -6.757  20.631  28.095 0.0000000000
12474  -7.758  20.865  28.404 0.0000000000
12475  -11.654  14.995  33.305 0.0000000000
12476  -10.618  14.974  32.825 0.0000000000
12477  -10.891  14.174  33.663 0.0000000000
12478  -10.319  13.294  33.967 0.0000000000
12479  -11.125  13.453  34.548 0.0000000000
12480  -10.624  18.479  40.328 0.0000000000
12481  -11.095  17.924  39.516 0.0000000000
12482  -11.035  17.064  40.400 0.0000000000
12483  -10.786  9.654  41.691 0.0000000000
12484  -11.121  10.311  40.879 0.0000000000
12485  -10.691  9.479  40.954 0.0000000000
12486  -10.464  9.272  40.318 0.0000000000
12487  -10.335  8.433  41.106 0.0000000000
12488  -10.519  7.236  41.109 0.0000000000
12489  -10.404  7.572  41.850 0.0000000000
12490  -9.784  2.784  47.793 0.0000000000
12491  -10.029  2.316  46.898 0.0000000000
12492  -10.032  1.570  47.739 0.0000000000
12493  -10.121  0.382  47.603 0.0000000000
12494  -9.985  0.700  48.553 0.0000000000
14354  -5.507  10.257  33.609 0.0000000000
14355  -4.968  9.435  33.055 0.0000000000
14356  -5.231  8.850  34.068 0.0000000000
14357  -4.734  5.155  35.660 0.0000000000
14358  -4.653  5.855  34.737 0.0000000000
14359  -4.462  4.146  35.103 0.0000000000
14360  -4.332  3.107  34.599 0.0000000000
14868  -13.672  23.738  28.998 0.0000000000
14869  -13.497  24.585  27.559 0.0000000000
14870  -13.165  23.129  28.015 0.0000000000
14871  -12.114  22.769  27.383 0.0000000000
14872  -12.602  21.760  28.560 0.0000000000
14873  -11.839  20.703  29.046 0.0000000000
14874  -12.968  20.981  29.562 0.0000000000
14875  -13.642  19.805  32.744 0.0000000000
14876  -13.408  19.207  31.702 0.0000000000
14877  -13.508  18.388  32.747 0.0000000000
14878  -13.045  17.111  32.800 0.0000000000
14879  -13.375  17.598  33.858 0.0000000000
14880  -10.819  15.288  44.516 0.0000000000
14881  -11.037  14.861  43.513 0.0000000000
14882  -11.072  14.170  44.545 0.0000000000
14883  -10.183  11.263  45.246 0.0000000000
14884  -10.680  11.913  44.402 0.0000000000
14885  -10.356  10.795  44.287 0.0000000000
14886  -10.585  10.405  43.380 0.0000000000
14887  -10.006  9.738  44.178 0.0000000000
14888  -9.776  8.586  44.062 0.0000000000
14889  -9.411  9.052  44.933 0.0000000000
14891  -8.704  7.018  46.930 0.0000000000
14892  -8.767  6.153  48.054 0.0000000000
14893  -9.306  5.049  48.012 0.0000000000
14894  -8.981  5.572  49.055 0.0000000000
16672  -9.188  26.079  35.286 0.0000000000
16673  -9.787  24.759  35.712 0.0000000000
16674  -9.357  25.246  36.316 0.0000000000
16676  -9.661  23.468  38.555 0.0000000000
16677  -9.594  22.575  39.708 0.0000000000
16678  -9.919  21.264  40.069 0.0000000000
16688  -9.632  17.509  44.241 0.0000000000
16691  -9.850  16.774  47.847 0.0000000000
16692  -10.125  16.040  49.128 0.0000000000
16693  -10.743  14.707  49.256 0.0000000000
16694  -10.167  15.167  50.419 0.0000000000
18592  -4.353  7.469  31.674 0.0000000000
18593  -4.491  7.994  30.705 0.0000000000
18594  -4.537  6.432  31.223 0.0000000000
19986  -9.376  3.145  50.725 0.0000000000
20125  -10.489  26.971  23.683 0.0000000000
20126  -6.397  25.807  24.376 0.0000000000
20127  -6.913  27.018  23.769 0.0000000000
20128  -5.824  26.493  23.094 0.0000000000
20129  -5.315  27.041  21.755 0.0000000000
20130  -5.092  25.552  22.107 0.0000000000
20131  -5.467  24.489  21.183 0.0000000000
20132  -5.035  24.087  22.482 0.0000000000
20133  -5.062  20.862  24.846 0.0000000000
20134  -5.540  21.240  23.423 0.0000000000
20135  -5.853  19.839  23.945 0.0000000000
20137  -6.033  18.384  24.450 0.0000000000
20139  -5.402  18.046  25.359 0.0000000000
20140  -5.710  18.270  28.664 0.0000000000
20141  -4.970  17.386  27.640 0.0000000000
20142  -5.243  16.909  28.841 0.0000000000
20143  -4.726  15.483  28.956 0.0000000000
20144  -5.718  16.221  29.784 0.0000000000
20145  -10.044  18.863  30.102 0.0000000000
20146  -8.783  18.981  29.873 0.0000000000
20147  -9.295  17.899  30.562 0.0000000000
20148  -8.872  14.963  32.059 0.0000000000
20149  -8.382  15.943  31.352 0.0000000000
20150  -7.842  14.885  31.808 0.0000000000
20151  -6.728  14.658  31.525 0.0000000000
20152  -7.245  13.797  32.257 0.0000000000
20153  -6.663  12.660  32.754 0.0000000000
20154  -7.784  12.802  32.930 0.0000000000
20155  -9.658  11.370  34.598 0.0000000000
20156  -8.778  11.026  34.246 0.0000000000
20157  -9.229  10.194  34.916 0.0000000000
20158  -8.728  9.056  35.204 0.0000000000
20159  -9.709  9.439  35.519 0.0000000000
20160  -10.943  22.057  36.564 0.0000000000
20161  -11.600  21.514  35.667 0.0000000000
20162  -11.483  20.619  36.783 0.0000000000
20163  -11.881  17.021  37.804 0.0000000000
20164  -12.156  17.869  36.886 0.0000000000
20165  -12.330  16.544  36.808 0.0000000000
20166  -12.738  16.052  35.866 0.0000000000
20167  -12.508  15.255  36.839 0.0000000000
20168  -11.576  13.824  41.473 0.0000000000
20169  -11.707  14.554  40.506 0.0000000000
20170  -11.849  13.388  40.530 0.0000000000
20171  -11.701  11.652  38.977 0.0000000000
20172  -12.017  12.624  38.786 0.0000000000
20173  -11.915  12.355  37.981 0.0000000000
20174  -12.131  13.076  37.043 0.0000000000
20175  -11.627  12.166  37.310 0.0000000000
20176  -11.108  12.058  36.560 0.0000000000
20177  -10.980  11.462  37.547 0.0000000000
20178  -10.705  8.588  38.616 0.0000000000
20179  -10.597  9.391  37.743 0.0000000000
20180  -10.910  8.181  37.703 0.0000000000
20181  -10.686  7.796  36.915 0.0000000000
20182  -11.025  6.955  37.649 0.0000000000
20183  -10.877  5.649  37.604 0.0000000000
20184  -11.233  6.091  38.396 0.0000000000
20185  -11.295  4.698  40.893 0.0000000000
20186  -11.434  4.317  39.987 0.0000000000
20190  -10.116  5.977  44.206 0.0000000000
20191  -10.435  5.729  43.392 0.0000000000
20192  -10.367  4.805  44.330 0.0000000000
20193  -10.656  1.669  45.139 0.0000000000
20194  -10.803  2.503  44.257 0.0000000000
23588  -6.337  8.740  35.044 0.0000000000
23589  -5.429  8.238  34.939 0.0000000000
23590  -5.840  7.443  35.599 0.0000000000
23591  -5.371  5.987  36.073 0.0000000000
23592  -5.031  4.333  36.465 0.0000000000
23896  -13.430  26.903  28.318 0.0000000000
23897  -13.178  26.083  29.698 0.0000000000
23898  -13.546  24.454  30.050 0.0000000000
23899  -13.719  22.822  30.340 0.0000000000
23900  -13.594  21.382  30.494 0.0000000000
23901  -13.664  22.026  31.554 0.0000000000
23902  -13.495  21.254  32.704 0.0000000000
23903  -13.319  20.430  33.837 0.0000000000
23904  -11.056  13.856  46.774 0.0000000000
23905  -10.955  13.448  45.601 0.0000000000
23906  -10.766  12.625  46.628 0.0000000000
23907  -10.254  11.616  46.339 0.0000000000
23908  -9.600  10.667  46.119 0.0000000000
23909  -9.076  9.624  45.831 0.0000000000
23910  -8.992  9.916  47.076 0.0000000000
26131  -4.424  4.206  32.619 0.0000000000
26132  -4.667  4.780  31.783 0.0000000000
27050  -10.574  24.808  25.338 0.0000000000
27051  -9.645  25.943  24.533 0.0000000000
27052  -8.778  24.911  25.421 0.0000000000
27053  -7.138  24.940  25.476 0.0000000000
27054  -5.961  24.427  24.916 0.0000000000
27055  -5.122  23.692  23.976 0.0000000000
27056  -5.687  23.237  25.481 0.0000000000
27057  -5.499  21.947  25.960 0.0000000000
27058  -5.246  20.644  26.391 0.0000000000
27059  -5.065  19.157  26.372 0.0000000000
27060  -5.707  20.209  27.507 0.0000000000
27061  -6.301  19.558  28.433 0.0000000000
27062  -6.820  18.769  29.258 0.0000000000
27063  -11.092  16.784  31.577 0.0000000000
27064  -9.739  16.891  31.265 0.0000000000
27065  -10.194  15.862  31.991 0.0000000000
27066  -9.700  14.909  32.353 0.0000000000
27067  -9.255  13.993  32.784 0.0000000000
27068  -8.803  12.957  33.183 0.0000000000
27069  -9.595  13.133  33.522 0.0000000000
27070  -9.974  12.381  34.264 0.0000000000
27071  -10.148  11.687  35.065 0.0000000000
27072  -10.819  20.295  38.556 0.0000000000
27073  -11.321  19.718  37.762 0.0000000000
27074  -11.203  18.795  38.688 0.0000000000
27075  -11.493  17.402  38.708 0.0000000000
27076  -11.734  16.170  38.697 0.0000000000
27077  -11.465  11.603  41.616 0.0000000000
27078  -11.752  12.289  40.645 0.0000000000
27079  -11.461  11.264  40.744 0.0000000000
27080  -11.388  11.045  39.967 0.0000000000
27081  -11.208  10.871  39.241 0.0000000000
27082  -10.857  10.783  38.508 0.0000000000
27083  -10.660  10.079  39.497 0.0000000000
27084  -10.467  8.978  39.495 0.0000000000
27085  -10.790  7.718  39.425 0.0000000000
27086  -11.177  6.503  39.312 0.0000000000
27087  -10.851  6.854  40.265 0.0000000000
27088  -10.902  5.987  40.996 0.0000000000
27089  -10.968  5.104  41.778 0.0000000000
27090  -9.759  4.209  46.068 0.0000000000
27091  -10.156  3.936  45.195 0.0000000000
27092  -10.039  3.029  46.061 0.0000000000
27093  -10.283  1.931  46.015 0.0000000000
27094  -10.466  0.839  45.874 0.0000000000
27096  -10.275  0.011  46.595 0.0000000000
27097  -10.031  -0.845  47.321 0.0000000000
30080  -4.699  11.636  31.568 0.0000000000
30081  -4.348  10.639  30.889 0.0000000000
30082  -4.606  10.075  31.999 0.0000000000
30083  -4.566  8.524  32.350 0.0000000000
30084  -4.501  6.875  32.727 0.0000000000
30085  -4.930  7.411  34.412 0.0000000000
30086  -4.608  6.417  33.764 0.0000000000
30087  -4.414  5.307  33.149 0.0000000000
30088  -4.321  3.637  33.595 0.0000000000
30799  -12.732  26.225  25.049 0.0000000000
30800  -13.633  26.103  27.243 0.0000000000
30801  -13.210  25.419  26.283 0.0000000000
30802  -12.114  24.923  25.591 0.0000000000
30803  -11.441  23.711  26.309 0.0000000000
30804  -10.700  22.673  27.052 0.0000000000
30805  -9.837  21.718  27.973 0.0000000000
30806  -8.937  20.910  28.649 0.0000000000
30807  -10.407  20.784  28.781 0.0000000000
30808  -10.989  19.759  29.578 0.0000000000
30809  -11.522  18.751  30.346 0.0000000000
30810  -13.234  20.067  30.657 0.0000000000
30811  -12.683  18.861  30.802 0.0000000000
30812  -11.940  17.739  31.146 0.0000000000
30813  -12.240  16.779  32.007 0.0000000000
30814  -12.421  15.961  32.970 0.0000000000
30815  -12.457  15.165  33.989 0.0000000000
30816  -10.464  16.673  42.398 0.0000000000
30817  -10.996  16.197  41.419 0.0000000000
30818  -10.951  15.527  42.551 0.0000000000
30819  -11.232  14.353  42.514 0.0000000000
30820  -11.362  13.171  42.456 0.0000000000
30821  -10.966  13.057  44.516 0.0000000000
30822  -11.084  12.571  43.467 0.0000000000
30823  -11.324  12.073  42.496 0.0000000000
30824  -11.123  11.006  42.487 0.0000000000
30825  -10.809  9.955  42.485 0.0000000000
30826  -10.476  8.935  42.461 0.0000000000
30827  -10.311  7.877  42.448 0.0000000000
30828  -10.118  8.082  43.232 0.0000000000
30829  -9.829  7.237  44.208 0.0000000000
30830  -9.651  6.323  45.095 0.0000000000
30831  -8.928  8.104  45.831 0.0000000000
30832  -9.183  6.579  46.065 0.0000000000
30833  -9.526  5.361  46.087 0.0000000000
30834  -9.511  4.550  47.022 0.0000000000
30835  -9.580  3.919  47.901 0.0000000000
30836  -9.674  3.230  48.755 0.0000000000
32558  -8.911  4.998  36.827 0.0000000000
33214  -10.521  25.095  33.857 0.0000000000
33215  -11.233  23.718  34.294 0.0000000000
33216  -10.372  24.244  35.075 0.0000000000
33217  -10.371  23.438  36.182 0.0000000000
33218  -10.393  22.537  37.272 0.0000000000
33219  -9.580  24.390  37.398 0.0000000000
33220  -10.059  23.060  37.925 0.0000000000
33221  -10.426  21.665  38.321 0.0000000000
33222  -10.345  20.765  39.326 0.0000000000
33223  -10.187  19.878  40.207 0.0000000000
33224  -10.070  18.876  41.177 0.0000000000
33233  -9.912  17.854  42.215 0.0000000000
33234  -10.048  17.068  43.284 0.0000000000
33235  -10.311  16.366  44.381 0.0000000000
33236  -10.585  15.765  45.542 0.0000000000
33238  -10.299  16.319  46.719 0.0000000000
33239  -10.864  15.165  46.794 0.0000000000
33240  -11.048  14.290  48.058 0.0000000000
33241  -10.875  13.360  49.253 0.0000000000
33242  -10.498  12.396  50.388 0.0000000000
35605  -4.446  9.527  30.261 0.0000000000
37291  -9.305  4.442  49.934 0.0000000000
37292  -9.558  3.209  49.669 0.0000000000
37293  -9.751  1.900  49.574 0.0000000000
37301  -9.602  0.483  50.415 0.0000000000
37302  -9.891  0.595  49.504 0.0000000000
37303  -9.799  -0.635  49.222 0.0000000000
37456  -5.137  29.313  18.415 0.0000000000
37457  -5.305  27.812  18.812 0.0000000000
37461  -8.598  27.000  23.826 0.0000000000
37464  -5.634  28.461  21.267 0.0000000000
37465  -5.079  27.410  20.223 0.0000000000
37466  -5.671  26.422  19.354 0.0000000000
37470  -5.249  22.608  22.945 0.0000000000
37471  -6.285  21.697  22.224 0.0000000000
37479  -4.965  17.716  26.414 0.0000000000
37480  -4.861  16.310  26.664 0.0000000000
37481  -5.003  14.951  27.017 0.0000000000
37482  -4.508  14.565  28.025 0.0000000000
37483  -4.402  14.098  29.153 0.0000000000
37484  -4.626  13.632  30.314 0.0000000000
37485  -8.247  19.953  29.203 0.0000000000
37486  -7.819  18.927  29.634 0.0000000000
37487  -7.344  17.893  29.959 0.0000000000
37488  -8.821  16.929  30.925 0.0000000000
37489  -7.884  16.899  30.664 0.0000000000
37490  -6.817  16.707  30.313 0.0000000000
37491  -6.251  15.482  30.681 0.0000000000
37492  -5.618  14.237  31.135 0.0000000000
37493  -5.061  13.003  31.382 0.0000000000
37494  -5.551  12.280  32.348 0.0000000000
37495  -6.033  11.498  33.272 0.0000000000
37496  -6.529  10.642  33.982 0.0000000000
37497  -8.282  11.855  33.600 0.0000000000
37498  -7.644  10.831  34.049 0.0000000000
37499  -6.929  9.758  34.571 0.0000000000
37500  -7.530  8.875  35.108 0.0000000000
37501  -8.169  7.933  35.603 0.0000000000
37502  -8.814  7.067  36.063 0.0000000000
37503  -11.982  22.390  34.540 0.0000000000
37504  -12.540  20.982  34.785 0.0000000000
37505  -12.999  19.576  34.861 0.0000000000
37506  -11.876  19.199  36.902 0.0000000000
37507  -12.556  18.703  35.887 0.0000000000
37508  -13.191  18.176  34.924 0.0000000000
37509  -13.106  16.866  34.862 0.0000000000
37510  -12.885  15.571  34.891 0.0000000000
37511  -12.440  14.454  35.056 0.0000000000
37512  -11.391  15.782  40.465 0.0000000000
37513  -11.770  15.360  39.567 0.0000000000
37514  -12.070  14.916  38.699 0.0000000000
37515  -12.002  12.960  39.672 0.0000000000
37516  -12.155  13.734  38.705 0.0000000000
37517  -12.348  14.468  37.721 0.0000000000
37518  -12.453  14.102  36.838 0.0000000000
37519  -12.259  13.696  36.041 0.0000000000
37520  -11.853  13.479  35.301 0.0000000000
37521  -11.183  12.734  35.577 0.0000000000
37522  -10.582  11.871  35.786 0.0000000000
37523  -10.319  10.906  35.952 0.0000000000
37524  -10.506  10.513  37.679 0.0000000000
37525  -10.517  10.174  36.825 0.0000000000
37526  -10.289  9.784  36.063 0.0000000000
37527  -10.204  8.611  36.172 0.0000000000
37528  -9.989  7.420  36.315 0.0000000000
37529  -9.504  6.161  36.521 0.0000000000
37530  -10.099  5.249  36.965 0.0000000000
37533  -11.339  5.220  39.149 0.0000000000
37534  -11.271  3.913  38.981 0.0000000000
37539  -10.411  6.701  42.578 0.0000000000
37540  -10.653  5.424  42.613 0.0000000000
37541  -10.942  4.213  42.557 0.0000000000
37542  -10.596  3.679  44.332 0.0000000000
37543  -10.872  3.354  43.403 0.0000000000
41264  -7.872  6.406  36.200 0.0000000000
41265  -7.304  6.194  36.255 0.0000000000
41266  -7.701  5.730  36.474 0.0000000000
41433  -11.219  25.423  32.813 0.0000000000
41434  -11.405  25.954  32.196 0.0000000000
41435  -11.810  25.168  32.447 0.0000000000
41436  -12.333  24.886  32.084 0.0000000000
41437  -12.132  24.405  32.722 0.0000000000
41438  -12.469  23.753  32.868 0.0000000000
41439  -12.003  23.950  33.278 0.0000000000
41440  -10.323  11.604  49.533 0.0000000000
41441  -10.290  11.422  48.869 0.0000000000
41442  -9.956  11.024  49.332 0.0000000000
41443  -9.540  10.551  49.123 0.0000000000
42674  -4.268  12.383  29.921 0.0000000000
42675  -4.353  11.860  29.572 0.0000000000
42676  -4.279  11.636  30.091 0.0000000000
43188  -8.638  22.321  27.468 0.0000000000
43189  -8.263  22.841  27.084 0.0000000000
43190  -7.895  22.334  27.419 0.0000000000
43191  -7.363  22.306  27.311 0.0000000000
43192  -7.677  21.766  27.767 0.0000000000
43193  -7.465  21.273  28.039 0.0000000000
43194  -7.991  21.337  28.146 0.0000000000
43195  -11.733  14.603  33.783 0.0000000000
43196  -11.263  14.585  33.491 0.0000000000
43197  -11.366  14.213  33.943 0.0000000000
43198  -11.006  13.798  34.100 0.0000000000
43199  -11.476  13.853  34.403 0.0000000000
43200  -10.563  18.017  40.808 0.0000000000
43201  -10.840  17.750  40.368 0.0000000000
43202  -10.780  17.291  40.858 0.0000000000
43203  -10.605  9.179  41.703 0.0000000000
43204  -10.745  9.561  41.310 0.0000000000
43205  -10.568  9.081  41.345 0.0000000000
43206  -10.445  8.997  41.017 0.0000000000
43207  -10.432  8.549  41.406 0.0000000000
43208  -10.364  7.996  41.476 0.0000000000
43209  -10.448  8.106  41.752 0.0000000000
43210  -9.820  2.394  48.227 0.0000000000
43211  -9.905  2.197  47.770 0.0000000000
43212  -9.928  1.795  48.189 0.0000000000
43213  -10.022  1.165  48.129 0.0000000000
43214  -9.950  1.328  48.622 0.0000000000
45074  -5.727  9.921  34.024 0.0000000000
45075  -5.361  9.535  33.853 0.0000000000
45076  -5.514  9.229  34.273 0.0000000000
45077  -4.608  4.290  35.825 0.0000000000
45078  -4.548  4.657  35.378 0.0000000000
45079  -4.466  3.803  35.594 0.0000000000
45080  -4.364  3.356  35.330 0.0000000000
45588  -13.586  22.944  29.130 0.0000000000
45589  -13.481  23.418  28.468 0.0000000000
45590  -13.311  22.657  28.659 0.0000000000
45591  -12.909  22.424  28.284 0.0000000000
45592  -13.102  21.928  28.916 0.0000000000
45593  -12.789  21.367  29.055 0.0000000000
45594  -13.246  21.562  29.434 0.0000000000
45595  -13.596  19.404  33.279 0.0000000000
45596  -13.625  19.076  32.745 0.0000000000
45597  -13.622  18.657  33.272 0.0000000000
45598  -13.487  17.992  33.299 0.0000000000
45599  -13.510  18.270  33.841 0.0000000000
45600  -10.900  14.950  45.047 0.0000000000
45601  -10.982  14.732  44.534 0.0000000000
45602  -11.025  14.390  45.077 0.0000000000
45603  -9.955  10.748  45.156 0.0000000000
45604  -10.240  11.049  44.742 0.0000000000
45605  -10.069  10.500  44.703 0.0000000000
45606  -10.197  10.278  44.254 0.0000000000
45607  -9.884  9.957  44.634 0.0000000000
45608  -9.722  9.407  44.557 0.0000000000
45609  -9.561  9.667  44.981 0.0000000000
45613  -8.864  5.847  48.560 0.0000000000
47393  -9.276  25.647  35.784 0.0000000000
47396  -9.321  23.227  39.502 0.0000000000
47398  -9.558  22.118  40.271 0.0000000000
47413  -10.180  15.646  49.779 0.0000000000
49312  -4.343  6.711  31.872 0.0000000000
49313  -4.348  6.970  31.372 0.0000000000
49314  -4.381  6.170  31.645 0.0000000000
50843  -11.700  26.534  24.233 0.0000000000
50845  -10.922  26.449  24.117 0.0000000000
50846  -5.895  25.489  23.987 0.0000000000
50847  -6.103  26.195  23.716 0.0000000000
50848  -5.633  25.805  23.296 0.0000000000
50849  -5.364  26.023  22.652 0.0000000000
50850  -5.204  25.306  22.852 0.0000000000
50851  -5.024  24.850  22.277 0.0000000000
50852  -5.061  24.597  23.030 0.0000000000
50853  -5.118  20.124  25.014 0.0000000000
50854  -5.305  20.276  24.297 0.0000000000
50855  -5.478  19.535  24.539 0.0000000000
50856  -5.978  19.114  24.192 0.0000000000
50857  -5.540  18.878  24.767 0.0000000000
50858  -5.698  18.217  24.903 0.0000000000
50859  -5.273  18.717  25.270 0.0000000000
50860  -5.996  17.911  29.153 0.0000000000
50861  -5.484  17.592  28.757 0.0000000000
50862  -5.757  17.270  29.230 0.0000000000
50863  -5.470  16.580  29.311 0.0000000000
50864  -6.011  16.879  29.656 0.0000000000
50865  -10.360  18.345  30.436 0.0000000000
50866  -9.620  18.397  30.353 0.0000000000
50867  -9.914  17.881  30.693 0.0000000000
50868  -8.612  14.490  32.257 0.0000000000
50869  -8.392  14.977  31.903 0.0000000000
50870  -8.107  14.431  32.125 0.0000000000
50871  -7.538  14.339  32.033 0.0000000000
50872  -7.811  13.875  32.348 0.0000000000
50873  -7.513  13.306  32.589 0.0000000000
50874  -8.079  13.382  32.687 0.0000000000
50875  -9.778  10.991  34.967 0.0000000000
50876  -9.450  10.785  34.768 0.0000000000
50877  -9.638  10.381  35.116 0.0000000000
50878  -9.455  9.794  35.230 0.0000000000
50879  -9.844  10.001  35.432 0.0000000000
50880  -10.928  21.595  37.083 0.0000000000
50881  -11.234  21.334  36.692 0.0000000000
50882  -11.203  20.882  37.206 0.0000000000
50883  -11.974  16.377  37.808 0.0000000000
50884  -12.107  16.804  37.322 0.0000000000
50885  -12.206  16.146  37.313 0.0000000000
50886  -12.440  15.891  36.831 0.0000000000
50887  -12.349  15.491  37.316 0.0000000000
50888  -11.628  13.244  41.477 0.0000000000
50889  -11.707  13.605  40.991 0.0000000000
50890  -11.736  13.044  41.040 0.0000000000
50891  -11.614  11.585  38.643 0.0000000000
50892  -11.815  12.004  38.483 0.0000000000
50893  -11.674  11.863  38.155 0.0000000000
50894  -11.775  12.227  37.658 0.0000000000
50895  -11.508  11.844  37.798 0.0000000000
50896  -11.277  11.808  37.421 0.0000000000
50897  -11.220  11.514  37.926 0.0000000000
50898  -10.880  8.015  38.593 0.0000000000
50899  -10.816  8.412  38.172 0.0000000000
50900  -10.970  7.807  38.122 0.0000000000
50901  -10.996  7.598  37.673 0.0000000000
50902  -11.089  7.166  38.077 0.0000000000
50903  -11.142  6.535  38.018 0.0000000000
50904  -11.184  6.746  38.462 0.0000000000
50905  -11.307  4.297  41.275 0.0000000000
50906  -11.445  4.104  40.825 0.0000000000
50907  -11.421  3.676  41.192 0.0000000000
50910  -10.076  5.531  44.682 0.0000000000
50911  -10.266  5.398  44.264 0.0000000000
50912  -10.176  4.933  44.751 0.0000000000
54674  -6.607  8.341  35.298 0.0000000000
54675  -6.059  8.144  35.336 0.0000000000
54676  -6.343  7.697  35.588 0.0000000000
54677  -6.130  5.783  36.391 0.0000000000
54678  -5.816  6.296  36.140 0.0000000000
54679  -5.616  5.534  36.396 0.0000000000
54680  -5.184  5.184  36.280 0.0000000000
54681  -5.416  4.727  36.613 0.0000000000
55181  -11.789  27.008  30.974 0.0000000000
55185  -12.516  27.242  29.932 0.0000000000
55186  -12.961  26.877  29.477 0.0000000000
55187  -12.794  26.433  30.151 0.0000000000
55188  -13.221  24.309  31.206 0.0000000000
55189  -13.307  24.803  30.568 0.0000000000
55190  -13.497  23.956  30.721 0.0000000000
55191  -13.661  23.605  30.195 0.0000000000
55192  -13.627  23.149  30.874 0.0000000000
55193  -13.702  22.425  30.953 0.0000000000
55194  -13.585  22.760  31.474 0.0000000000
55195  -13.048  22.296  33.161 0.0000000000
55196  -13.360  21.959  32.653 0.0000000000
55197  -13.259  21.544  33.256 0.0000000000
55198  -13.418  20.839  33.282 0.0000000000
55199  -13.135  21.144  33.787 0.0000000000
55200  -11.047  13.432  47.349 0.0000000000
55201  -10.957  13.208  46.734 0.0000000000
55202  -10.858  12.801  47.270 0.0000000000
55203  -10.031  11.265  47.494 0.0000000000
55204  -10.301  11.704  46.997 0.0000000000
55205  -9.985  11.221  46.838 0.0000000000
55206  -9.925  11.141  46.227 0.0000000000
55207  -9.642  10.765  46.735 0.0000000000
55208  -9.304  10.338  46.600 0.0000000000
55209  -9.353  10.380  47.234 0.0000000000
58904  -4.929  13.352  27.879 0.0000000000
58906  -5.028  12.565  28.155 0.0000000000
58907  -4.899  10.797  29.130 0.0000000000
58912  -4.419  3.381  32.814 0.0000000000
58913  -4.552  3.693  32.392 0.0000000000
60443  -10.209  24.285  25.753 0.0000000000
60444  -9.697  24.840  25.339 0.0000000000
60445  -9.328  24.317  25.798 0.0000000000
60446  -7.347  23.854  26.299 0.0000000000
60447  -7.586  24.419  25.936 0.0000000000
60448  -6.898  24.347  25.816 0.0000000000
60449  -6.507  24.782  25.278 0.0000000000
60450  -6.327  24.155  25.588 0.0000000000
60451  -5.804  23.845  25.227 0.0000000000
60452  -6.168  23.558  25.899 0.0000000000
60453  -6.275  21.959  26.985 0.0000000000
60454  -5.959  22.323  26.388 0.0000000000
60455  -5.811  21.674  26.668 0.0000000000
60456  -5.340  21.264  26.184 0.0000000000
60457  -5.627  21.065  26.916 0.0000000000
60458  -5.429  20.469  26.991 0.0000000000
60459  -5.877  20.812  27.440 0.0000000000
60460  -7.064  20.246  28.478 0.0000000000
60461  -6.556  20.108  28.274 0.0000000000
60462  -6.842  19.740  28.677 0.0000000000
60463  -6.553  19.199  28.883 0.0000000000
60464  -7.063  19.313  29.067 0.0000000000
60465  -11.273  16.273  32.000 0.0000000000
60466  -10.631  16.350  31.827 0.0000000000
60467  -10.840  15.817  32.218 0.0000000000
60468  -10.282  14.548  32.988 0.0000000000
60469  -10.085  14.938  32.580 0.0000000000
60470  -9.871  14.500  32.745 0.0000000000
60471  -9.516  14.461  32.566 0.0000000000
60472  -9.653  14.034  32.944 0.0000000000
60473  -9.424  13.548  33.155 0.0000000000
60474  -9.814  13.622  33.324 0.0000000000
60475  -10.439  12.924  34.394 0.0000000000
60476  -10.138  12.835  34.126 0.0000000000
60477  -10.267  12.455  34.499 0.0000000000
60478  -10.076  12.041  34.636 0.0000000000
60479  -10.312  12.129  34.949 0.0000000000
60480  -10.784  19.812  39.033 0.0000000000
60481  -11.030  19.507  38.647 0.0000000000
60482  -10.977  19.067  39.057 0.0000000000
60483  -11.270  17.246  39.549 0.0000000000
60484  -11.302  17.649  39.136 0.0000000000
60485  -11.461  16.996  39.122 0.0000000000
60486  -11.600  16.767  38.681 0.0000000000
60487  -11.593  16.382  39.116 0.0000000000
60488  -11.339  11.079  41.638 0.0000000000
60489  -11.469  11.423  41.160 0.0000000000
60490  -11.331  10.900  41.198 0.0000000000
60491  -11.033  10.231  40.508 0.0000000000
60492  -11.254  10.683  40.418 0.0000000000
60493  -11.150  10.603  40.056 0.0000000000
60494  -11.294  10.937  39.580 0.0000000000
60495  -11.041  10.536  39.722 0.0000000000
60496  -10.934  10.481  39.373 0.0000000000
60497  -10.821  10.153  39.834 0.0000000000
60498  -10.399  8.708  40.341 0.0000000000
60499  -10.459  9.161  39.921 0.0000000000
60500  -10.445  8.545  39.919 0.0000000000
60501  -10.580  8.358  39.453 0.0000000000
60502  -10.621  7.896  39.850 0.0000000000
60503  -10.832  7.287  39.825 0.0000000000
60504  -10.657  7.458  40.252 0.0000000000
60505  -10.577  6.735  41.498 0.0000000000
60506  -10.698  6.606  41.055 0.0000000000
60507  -10.746  6.145  41.435 0.0000000000
60508  -10.936  5.543  41.380 0.0000000000
60509  -10.774  5.715  41.807 0.0000000000
60510  -9.706  3.786  46.481 0.0000000000
60511  -9.891  3.592  46.048 0.0000000000
60512  -9.862  3.223  46.474 0.0000000000
60513  -10.168  1.737  46.877 0.0000000000
60514  -10.140  2.113  46.459 0.0000000000
60515  -10.273  1.569  46.415 0.0000000000
60516  -10.435  1.369  45.954 0.0000000000
60517  -10.341  1.023  46.355 0.0000000000
60518  -10.368  0.467  46.253 0.0000000000
60519  -10.265  0.585  46.725 0.0000000000
60520  -10.042  -0.085  47.980 0.0000000000
60521  -10.102  -0.247  47.493 0.0000000000
60522  -9.976  -0.680  47.830 0.0000000000
66104  -4.919  11.319  32.111 0.0000000000
66105  -4.654  10.852  31.817 0.0000000000
66106  -4.826  10.538  32.333 0.0000000000
66107  -4.914  8.668  33.217 0.0000000000
66108  -4.761  9.021  32.693 0.0000000000
66109  -4.698  8.189  32.878 0.0000000000
66110  -4.537  7.674  32.540 0.0000000000
66111  -4.647  7.396  33.060 0.0000000000
66112  -5.237  7.526  35.129 0.0000000000
66113  -5.136  7.868  34.712 0.0000000000
66114  -4.968  7.113  34.884 0.0000000000
66115  -4.525  5.354  34.447 0.0000000000
66116  -4.630  6.148  34.243 0.0000000000
66117  -4.514  5.633  33.961 0.0000000000
66118  -4.492  5.885  33.443 0.0000000000
66119  -4.432  5.056  33.668 0.0000000000
66120  -4.370  4.466  33.376 0.0000000000
66121  -4.364  4.189  33.882 0.0000000000
67643  -13.543  26.132  28.497 0.0000000000
67644  -13.591  26.500  27.767 0.0000000000
67645  -13.651  25.736  27.965 0.0000000000
67646  -13.213  24.267  27.119 0.0000000000
67647  -13.387  25.001  26.904 0.0000000000
67648  -12.993  24.727  26.472 0.0000000000
67649  -12.735  25.153  25.890 0.0000000000
67650  -12.438  24.476  26.167 0.0000000000
67651  -11.753  24.278  25.935 0.0000000000
67652  -12.134  23.828  26.495 0.0000000000
67653  -11.742  22.190  27.717 0.0000000000
67654  -11.430  22.709  27.158 0.0000000000
67655  -11.065  22.143  27.577 0.0000000000
67656  -10.325  22.138  27.497 0.0000000000
67657  -10.625  21.643  28.021 0.0000000000
67658  -10.126  21.258  28.382 0.0000000000
67659  -10.883  21.189  28.458 0.0000000000
67660  -12.075  20.232  29.479 0.0000000000
67661  -11.417  20.223  29.317 0.0000000000
67662  -11.647  19.683  29.720 0.0000000000
67663  -11.274  19.247  29.948 0.0000000000
67664  -11.898  19.260  30.126 0.0000000000
67665  -13.641  20.970  31.060 0.0000000000
67666  -13.436  20.699  30.571 0.0000000000
67667  -13.516  20.303  31.139 0.0000000000
67668  -13.206  18.564  31.724 0.0000000000
67669  -13.091  18.995  31.206 0.0000000000
67670  -12.846  18.401  31.303 0.0000000000
67671  -12.362  18.267  30.965 0.0000000000
67672  -12.499  17.807  31.422 0.0000000000
67673  -12.099  17.245  31.575 0.0000000000
67674  -12.631  17.340  31.863 0.0000000000
67675  -13.061  16.697  33.313 0.0000000000
67676  -12.753  16.529  32.857 0.0000000000
67677  -12.773  16.101  33.358 0.0000000000
67678  -12.443  15.548  33.484 0.0000000000
67679  -12.744  15.703  33.880 0.0000000000
67680  -10.490  16.285  42.942 0.0000000000
67681  -10.731  16.086  42.495 0.0000000000
67682  -10.755  15.738  43.000 0.0000000000
67683  -11.117  14.302  43.521 0.0000000000
67684  -11.131  14.637  43.009 0.0000000000
67685  -11.194  14.039  43.021 0.0000000000
67686  -11.320  13.761  42.498 0.0000000000
67687  -11.242  13.457  42.980 0.0000000000
67688  -10.821  12.864  45.559 0.0000000000
67689  -10.947  13.249  45.068 0.0000000000
67690  -10.802  12.687  44.996 0.0000000000
67691  -10.754  11.666  43.895 0.0000000000
67692  -10.902  12.255  43.941 0.0000000000
67693  -10.983  11.970  43.431 0.0000000000
67694  -11.205  12.281  42.975 0.0000000000
67695  -11.113  11.685  42.978 0.0000000000
67696  -11.246  11.541  42.482 0.0000000000
67697  -11.014  11.191  42.933 0.0000000000
67698  -10.456  9.849  43.310 0.0000000000
67699  -10.729  10.165  42.933 0.0000000000
67700  -10.587  9.645  42.887 0.0000000000
67701  -10.639  9.452  42.479 0.0000000000
67702  -10.430  9.137  42.871 0.0000000000
67703  -10.305  8.556  42.822 0.0000000000
67704  -10.206  8.745  43.242 0.0000000000
67705  -9.548  8.160  44.499 0.0000000000
67706  -9.754  7.941  44.065 0.0000000000
67707  -9.600  7.471  44.548 0.0000000000
67708  -9.725  6.797  44.609 0.0000000000
67709  -9.475  6.929  45.086 0.0000000000
67710  -8.804  9.149  46.295 0.0000000000
67711  -8.944  8.897  45.786 0.0000000000
67712  -8.717  8.351  46.269 0.0000000000
67713  -8.915  6.299  47.057 0.0000000000
67714  -8.932  6.777  46.494 0.0000000000
67715  -9.154  6.133  46.577 0.0000000000
67716  -9.377  5.949  46.072 0.0000000000
67717  -9.361  5.523  46.592 0.0000000000
67718  -9.507  4.924  46.581 0.0000000000
67719  -9.373  5.115  47.082 0.0000000000
67720  -9.353  4.704  48.487 0.0000000000
67721  -9.470  4.488  47.959 0.0000000000
67722  -9.516  4.109  48.446 0.0000000000
67723  -9.630  3.595  48.338 0.0000000000
67724  -9.574  3.774  48.855 0.0000000000
71504  -9.185  4.518  37.017 0.0000000000
73056  -10.094  25.913  33.589 0.0000000000
73057  -10.042  25.352  34.238 0.0000000000
73058  -10.398  24.664  34.474 0.0000000000
73059  -10.035  24.913  34.855 0.0000000000
73060  -9.888  24.337  36.261 0.0000000000
73061  -10.074  24.111  35.949 0.0000000000
73062  -10.142  23.693  36.491 0.0000000000
73063  -10.389  23.001  36.725 0.0000000000
73064  -10.188  23.255  37.030 0.0000000000
73068  -9.896  22.788  38.818 0.0000000000
73069  -9.896  23.280  38.251 0.0000000000
73070  -10.076  22.609  38.466 0.0000000000
73071  -10.252  22.375  38.119 0.0000000000
73072  -10.243  21.927  38.645 0.0000000000
73073  -10.432  21.215  38.826 0.0000000000
73074  -10.183  21.438  39.207 0.0000000000
73075  -9.808  20.792  40.575 0.0000000000
73076  -10.039  20.574  40.160 0.0000000000
73077  -9.945  20.098  40.632 0.0000000000
73078  -10.128  19.389  40.696 0.0000000000
73079  -9.847  19.603  41.117 0.0000000000
73101  -9.690  18.544  42.103 0.0000000000
73102  -9.653  18.073  42.635 0.0000000000
73103  -9.925  17.405  42.761 0.0000000000
73104  -9.708  17.655  43.195 0.0000000000
73105  -9.801  17.161  44.846 0.0000000000
73106  -9.987  16.925  44.314 0.0000000000
73107  -10.150  16.589  44.928 0.0000000000
73108  -10.443  16.050  44.957 0.0000000000
73109  -10.311  16.325  45.533 0.0000000000
73113  -10.257  16.174  47.929 0.0000000000
73114  -10.109  16.552  47.277 0.0000000000
73115  -10.440  15.960  47.362 0.0000000000
73116  -10.589  15.753  46.763 0.0000000000
73117  -10.725  15.377  47.397 0.0000000000
73118  -10.958  14.757  47.405 0.0000000000
73119  -10.847  14.936  48.026 0.0000000000
73120  -10.675  14.249  49.854 0.0000000000
73121  -10.852  14.031  49.309 0.0000000000
73122  -10.755  13.551  49.897 0.0000000000
73123  -10.733  12.852  49.852 0.0000000000
73124  -10.599  13.068  50.480 0.0000000000
78817  -4.347  9.825  31.098 0.0000000000
78818  -4.293  10.068  30.527 0.0000000000
78819  -4.309  9.262  30.728 0.0000000000
78820  -4.701  7.510  30.544 0.0000000000
78821  -4.711  8.255  30.280 0.0000000000
78825  -4.935  4.247  31.629 0.0000000000
78826  -4.850  5.065  31.367 0.0000000000
82996  -9.128  5.047  50.053 0.0000000000
82997  -9.234  4.472  50.482 0.0000000000
82998  -9.461  2.470  50.599 0.0000000000
82999  -9.459  3.197  50.169 0.0000000000
83000  -9.586  2.530  50.083 0.0000000000
83001  -9.686  2.535  49.620 0.0000000000
83002  -9.656  1.900  50.043 0.0000000000
83021  -9.316  -0.826  50.544 0.0000000000
83022  -9.390  -0.246  50.746 0.0000000000
83023  -9.572  -0.181  50.253 0.0000000000
83024  -9.746  0.547  49.946 0.0000000000
83025  -9.750  -0.109  49.793 0.0000000000
83026  -9.883  -0.045  49.349 0.0000000000
83027  -9.704  -0.694  49.666 0.0000000000
83403  -5.304  29.653  19.700 0.0000000000
83404  -5.150  29.882  18.962 0.0000000000
83405  -5.102  29.109  19.145 0.0000000000
83406  -5.193  28.574  18.626 0.0000000000
83407  -5.091  28.357  19.292 0.0000000000
83416  -8.670  25.983  24.657 0.0000000000
83417  -9.107  26.473  24.199 0.0000000000
83418  -8.152  26.525  24.276 0.0000000000
83419  -6.535  27.430  23.233 0.0000000000
83420  -7.232  27.571  23.422 0.0000000000
83421  -6.810  28.028  22.932 0.0000000000
83423  -6.388  28.490  22.410 0.0000000000
83424  -6.047  28.870  21.809 0.0000000000
83425  -5.850  28.218  22.051 0.0000000000
83426  -5.071  26.501  21.211 0.0000000000
83427  -5.180  27.260  21.014 0.0000000000
83428  -5.072  26.705  20.468 0.0000000000
83429  -5.194  26.949  19.791 0.0000000000
83430  -5.351  26.196  20.022 0.0000000000
83431  -5.863  25.705  19.616 0.0000000000
83432  -5.558  25.452  20.280 0.0000000000
83433  -5.718  23.785  21.405 0.0000000000
83434  -6.032  24.012  20.816 0.0000000000
83435  -6.254  23.313  21.044 0.0000000000
83438  -5.036  23.009  24.200 0.0000000000
83439  -4.927  23.144  23.433 0.0000000000
83440  -4.957  22.451  23.615 0.0000000000
83441  -6.058  20.759  23.073 0.0000000000
83442  -5.922  21.442  22.811 0.0000000000
83460  -5.210  19.022  26.985 0.0000000000
83461  -5.049  18.434  26.361 0.0000000000
83462  -5.084  18.272  26.988 0.0000000000
83463  -4.770  16.692  27.703 0.0000000000
83464  -4.754  16.840  27.067 0.0000000000
83465  -4.644  16.155  27.184 0.0000000000
83466  -4.909  15.621  26.833 0.0000000000
83467  -4.605  15.458  27.350 0.0000000000
83468  -4.661  14.749  27.521 0.0000000000
83469  -4.542  15.273  27.873 0.0000000000
83470  -4.897  15.173  29.522 0.0000000000
83471  -4.544  14.786  29.052 0.0000000000
83472  -4.681  14.534  29.643 0.0000000000
83473  -4.477  13.845  29.746 0.0000000000
83474  -4.874  14.288  30.245 0.0000000000
83475  -9.219  20.443  29.053 0.0000000000
83476  -8.560  20.466  28.931 0.0000000000
83477  -8.815  19.989  29.325 0.0000000000
83478  -8.531  18.488  30.072 0.0000000000
83479  -8.304  18.923  29.778 0.0000000000
83480  -8.064  18.465  29.955 0.0000000000
83481  -7.600  18.445  29.837 0.0000000000
83482  -7.848  17.949  30.132 0.0000000000
83483  -9.466  16.376  31.408 0.0000000000
83484  -9.267  16.880  31.080 0.0000000000
83485  -9.052  16.418  31.252 0.0000000000
83486  -7.876  15.889  31.223 0.0000000000
83487  -8.136  16.424  31.019 0.0000000000
83488  -7.617  16.345  30.859 0.0000000000
83489  -7.357  16.844  30.502 0.0000000000
83490  -7.080  16.242  30.682 0.0000000000
83491  -6.534  16.070  30.488 0.0000000000
83492  -6.789  15.650  30.883 0.0000000000
83493  -6.442  14.077  31.779 0.0000000000
83494  -6.166  14.486  31.365 0.0000000000
83495  -5.877  13.880  31.572 0.0000000000
83496  -5.325  13.601  31.274 0.0000000000
83497  -5.590  13.261  31.739 0.0000000000
83498  -5.296  12.656  31.856 0.0000000000
83499  -5.827  12.889  32.165 0.0000000000
83500  -6.915  12.213  33.131 0.0000000000
83501  -6.343  12.080  33.021 0.0000000000
83502  -6.587  11.641  33.434 0.0000000000
83503  -6.297  11.079  33.684 0.0000000000
83504  -6.834  11.208  33.745 0.0000000000
83505  -9.032  12.484  33.539 0.0000000000
83506  -8.578  12.416  33.370 0.0000000000
83507  -8.836  11.937  33.726 0.0000000000
83508  -8.451  10.491  34.439 0.0000000000
83509  -8.196  10.907  34.123 0.0000000000
83510  -7.870  10.380  34.364 0.0000000000
83511  -7.312  10.262  34.309 0.0000000000
83512  -7.539  9.844  34.610 0.0000000000
83513  -7.187  9.322  34.854 0.0000000000
83514  -7.824  9.399  34.891 0.0000000000
83515  -9.049  8.634  35.474 0.0000000000
83516  -8.456  8.502  35.393 0.0000000000
83517  -8.744  8.082  35.645 0.0000000000
83518  -8.474  7.513  35.817 0.0000000000
83519  -9.089  7.644  35.900 0.0000000000
83520  -11.077  23.324  34.854 0.0000000000
83521  -11.583  23.076  34.428 0.0000000000
83522  -11.434  22.652  34.971 0.0000000000
83523  -11.866  20.808  35.769 0.0000000000
83524  -12.059  21.225  35.242 0.0000000000
83525  -12.336  20.533  35.308 0.0000000000
83526  -12.778  20.276  34.851 0.0000000000
83527  -12.588  19.851  35.336 0.0000000000
83528  -11.494  19.004  37.844 0.0000000000
83529  -11.576  19.484  37.367 0.0000000000
83530  -11.758  18.792  37.416 0.0000000000
83531  -12.446  17.628  36.396 0.0000000000
83532  -12.342  18.280  36.412 0.0000000000
83533  -12.665  18.027  35.922 0.0000000000
83534  -12.952  18.427  35.441 0.0000000000
83535  -12.976  17.787  35.424 0.0000000000
83536  -13.164  17.515  34.906 0.0000000000
83537  -12.964  17.116  35.392 0.0000000000
83538  -12.713  15.415  35.867 0.0000000000
83539  -12.876  15.805  35.370 0.0000000000
83540  -12.749  15.190  35.382 0.0000000000
83541  -12.676  14.989  34.935 0.0000000000
83542  -12.592  14.613  35.450 0.0000000000
83543  -11.193  15.639  41.429 0.0000000000
83544  -11.203  15.995  40.900 0.0000000000
83545  -11.357  15.400  40.921 0.0000000000
83546  -11.868  14.345  40.076 0.0000000000
83547  -11.767  14.948  40.013 0.0000000000
83548  -11.911  14.746  39.592 0.0000000000
83549  -11.947  15.147  39.142 0.0000000000
83550  -12.032  14.507  39.159 0.0000000000
83551  -11.835  12.104  40.173 0.0000000000
83552  -11.894  12.625  40.159 0.0000000000
83553  -11.923  12.438  39.713 0.0000000000
83554  -12.128  12.971  38.306 0.0000000000
83555  -12.109  13.164  38.736 0.0000000000
83556  -12.204  13.521  38.270 0.0000000000
83557  -12.238  14.097  38.240 0.0000000000
83558  -12.328  13.879  37.778 0.0000000000
83559  -12.406  14.280  37.300 0.0000000000
83560  -12.327  13.712  37.344 0.0000000000
83561  -11.959  12.906  36.701 0.0000000000
83562  -12.198  13.400  36.526 0.0000000000
83563  -12.008  13.219  36.183 0.0000000000
83564  -12.111  13.554  35.702 0.0000000000
83565  -11.821  13.134  35.797 0.0000000000
83566  -11.517  13.107  35.413 0.0000000000
83567  -11.482  12.759  35.908 0.0000000000
83568  -10.815  11.651  36.663 0.0000000000
83569  -10.830  11.974  36.194 0.0000000000
83570  -10.600  11.520  36.259 0.0000000000
83571  -10.420  11.421  35.883 0.0000000000
83572  -10.471  11.037  36.327 0.0000000000
83573  -10.579  10.322  38.611 0.0000000000
83574  -10.660  10.676  38.102 0.0000000000
83575  -10.520  10.158  38.140 0.0000000000
83576  -10.647  9.245  37.297 0.0000000000
83577  -10.532  9.795  37.273 0.0000000000
83578  -10.559  9.633  36.844 0.0000000000
83579  -10.462  9.974  36.403 0.0000000000
83580  -10.475  9.378  36.458 0.0000000000
83581  -10.248  9.205  36.122 0.0000000000
83582  -10.480  8.808  36.491 0.0000000000
83583  -10.652  7.130  36.935 0.0000000000
83584  -10.414  7.570  36.583 0.0000000000
83585  -10.282  6.949  36.651 0.0000000000
83586  -9.795  6.807  36.446 0.0000000000
83587  -10.101  6.324  36.685 0.0000000000
83588  -9.834  5.710  36.735 0.0000000000
83589  -10.406  5.867  36.881 0.0000000000
83590  -10.980  5.235  37.940 0.0000000000
83591  -10.677  4.959  37.585 0.0000000000
83592  -10.820  4.562  37.894 0.0000000000
83595  -11.230  6.052  39.713 0.0000000000
83596  -11.290  5.875  39.240 0.0000000000
83597  -11.357  5.426  39.636 0.0000000000
83598  -11.449  3.666  39.868 0.0000000000
83599  -11.383  4.097  39.464 0.0000000000
83610  -10.251  7.414  42.859 0.0000000000
83611  -10.329  7.305  42.510 0.0000000000
83612  -10.300  6.847  42.914 0.0000000000
83613  -10.535  5.181  43.439 0.0000000000
83614  -10.541  5.619  43.003 0.0000000000
83615  -10.659  5.002  43.026 0.0000000000
83616  -10.792  4.817  42.604 0.0000000000
83617  -10.789  4.394  43.021 0.0000000000
83618  -10.315  3.364  45.187 0.0000000000
83619  -10.427  3.829  44.764 0.0000000000
83620  -10.561  3.225  44.749 0.0000000000
83621  -10.948  2.352  43.804 0.0000000000
83622  -10.843  2.926  43.846 0.0000000000
83623  -11.013  2.753  43.367 0.0000000000
83624  -11.050  3.176  42.910 0.0000000000
92708  -7.195  7.359  35.777 0.0000000000
92709  -6.650  7.191  35.828 0.0000000000
92710  -6.962  6.693  36.051 0.0000000000
92711  -6.710  6.028  36.339 0.0000000000
92712  -6.463  5.275  36.624 0.0000000000
93014  -11.601  26.480  31.583 0.0000000000
93015  -12.172  26.200  31.214 0.0000000000
93016  -12.654  25.902  30.857 0.0000000000
93017  -12.515  25.392  31.458 0.0000000000
93018  -12.817  24.589  31.684 0.0000000000
93019  -13.078  23.790  31.891 0.0000000000
93020  -13.305  23.066  31.974 0.0000000000
93021  -12.927  23.413  32.460 0.0000000000
93022  -12.778  23.049  33.026 0.0000000000
93023  -12.644  22.603  33.581 0.0000000000
93024  -10.778  12.515  48.455 0.0000000000
93025  -10.693  12.340  47.789 0.0000000000
93026  -10.476  11.878  48.316 0.0000000000
93027  -10.112  11.319  48.160 0.0000000000
93028  -9.723  10.817  48.012 0.0000000000
93029  -9.345  10.368  47.866 0.0000000000
93030  -9.409  10.454  48.470 0.0000000000
95246  -4.414  12.904  28.814 0.0000000000
95247  -4.711  12.320  28.604 0.0000000000
95248  -4.472  12.087  29.066 0.0000000000
95249  -4.547  11.335  29.298 0.0000000000
95250  -4.599  10.558  29.518 0.0000000000
96170  -9.473  23.221  26.651 0.0000000000
96171  -8.975  23.779  26.280 0.0000000000
96172  -8.630  23.309  26.708 0.0000000000
96173  -7.787  23.347  26.752 0.0000000000
96174  -7.150  23.287  26.610 0.0000000000
96175  -6.573  23.154  26.413 0.0000000000
96176  -6.942  22.736  26.893 0.0000000000
96177  -6.787  22.163  27.197 0.0000000000
96178  -6.631  21.558  27.516 0.0000000000
96179  -6.412  21.031  27.730 0.0000000000
96180  -6.946  21.160  27.926 0.0000000000
96181  -7.264  20.764  28.278 0.0000000000
96182  -7.540  20.362  28.670 0.0000000000
96183  -11.552  15.414  32.841 0.0000000000
96184  -11.007  15.385  32.610 0.0000000000
96185  -11.158  14.978  33.042 0.0000000000
96186  -10.783  14.599  33.281 0.0000000000
96187  -10.423  14.153  33.366 0.0000000000
96188  -10.178  13.687  33.519 0.0000000000
96189  -10.554  13.747  33.800 0.0000000000
96190  -10.692  13.366  34.255 0.0000000000
96191  -10.799  13.029  34.668 0.0000000000
96192  -10.683  18.911  39.889 0.0000000000
96193  -10.934  18.632  39.476 0.0000000000
96194  -10.886  18.191  39.902 0.0000000000
96195  -11.040  17.491  39.945 0.0000000000
96196  -11.258  16.833  39.974 0.0000000000
96197  -11.002  10.110  41.671 0.0000000000
96198  -11.155  10.409  41.263 0.0000000000
96199  -10.948  9.981  41.320 0.0000000000
96200  -10.917  9.890  40.925 0.0000000000
96201  -10.783  9.848  40.546 0.0000000000
96202  -10.672  9.768  40.230 0.0000000000
96203  -10.547  9.347  40.648 0.0000000000
96204  -10.392  8.813  40.725 0.0000000000
96205  -10.349  8.271  40.737 0.0000000000
96206  -10.477  7.707  40.709 0.0000000000
96207  -10.386  7.842  41.130 0.0000000000
96208  -10.417  7.376  41.529 0.0000000000
96209  -10.452  6.972  41.901 0.0000000000
96210  -9.750  3.138  47.365 0.0000000000
96211  -9.864  2.886  46.903 0.0000000000
96212  -9.869  2.564  47.343 0.0000000000
96213  -10.037  1.975  47.342 0.0000000000
96214  -10.155  1.343  47.296 0.0000000000
96215  -10.187  0.755  47.202 0.0000000000
96216  -10.121  0.939  47.691 0.0000000000
96217  -10.071  0.514  48.098 0.0000000000
96218  -10.001  0.054  48.490 0.0000000000
99566  -5.300  10.625  33.123 0.0000000000
99567  -4.999  10.216  32.862 0.0000000000
99568  -5.179  9.849  33.375 0.0000000000
99569  -5.123  9.127  33.565 0.0000000000
99570  -5.002  8.411  33.755 0.0000000000
99571  -4.891  5.984  35.511 0.0000000000
99572  -4.821  6.324  35.077 0.0000000000
99573  -4.679  5.516  35.222 0.0000000000
99574  -4.543  5.017  34.921 0.0000000000
99575  -4.450  4.458  34.641 0.0000000000
99576  -4.360  3.907  34.384 0.0000000000
99577  -4.375  3.641  34.850 0.0000000000
100490  -13.687  24.549  28.830 0.0000000000
100491  -13.645  24.955  28.107 0.0000000000
100492  -13.591  24.175  28.291 0.0000000000
100493  -13.374  23.846  27.796 0.0000000000
100494  -12.999  23.558  27.389 0.0000000000
100495  -12.458  23.368  27.081 0.0000000000
100496  -12.718  22.888  27.690 0.0000000000
100497  -12.372  22.250  27.955 0.0000000000
100498  -12.010  21.627  28.310 0.0000000000
100499  -11.597  21.155  28.598 0.0000000000
100500  -12.235  21.219  28.775 0.0000000000
100501  -12.453  20.795  29.251 0.0000000000
100502  -12.663  20.349  29.738 0.0000000000
100503  -13.658  20.200  32.196 0.0000000000
100504  -13.578  19.901  31.702 0.0000000000
100505  -13.618  19.479  32.217 0.0000000000
100506  -13.498  18.775  32.222 0.0000000000
100507  -13.277  18.136  32.231 0.0000000000
100508  -13.008  17.520  32.289 0.0000000000
100509  -13.307  17.733  32.767 0.0000000000
100510  -13.298  17.336  33.295 0.0000000000
100511  -13.202  16.924  33.809 0.0000000000
100512  -10.723  15.628  43.979 0.0000000000
100513  -10.873  15.415  43.490 0.0000000000
100514  -10.952  15.070  44.007 0.0000000000
100515  -11.078  14.505  44.046 0.0000000000
100516  -11.119  13.962  44.032 0.0000000000
100517  -10.413  11.784  45.357 0.0000000000
100518  -10.640  12.110  44.903 0.0000000000
100519  -10.445  11.538  44.826 0.0000000000
100520  -10.508  11.347  44.335 0.0000000000
100521  -10.609  11.111  43.872 0.0000000000
100522  -10.732  10.908  43.405 0.0000000000
100523  -10.449  10.613  43.830 0.0000000000
100524  -10.282  10.078  43.760 0.0000000000
100525  -10.131  9.520  43.697 0.0000000000
100526  -10.009  8.979  43.675 0.0000000000
100527  -9.869  9.188  44.109 0.0000000000
100528  -9.604  8.823  44.496 0.0000000000
100529  -9.345  8.377  44.944 0.0000000000
100531  -8.560  7.806  46.860 0.0000000000
100532  -8.469  7.248  47.440 0.0000000000
100533  -8.717  6.540  47.524 0.0000000000
100534  -8.979  5.907  47.570 0.0000000000
100535  -9.233  5.352  47.562 0.0000000000
100536  -9.054  5.562  48.067 0.0000000000
100537  -9.126  5.272  48.536 0.0000000000
100538  -9.219  4.928  48.999 0.0000000000
103738  -9.432  25.849  34.966 0.0000000000
103739  -9.739  25.168  35.189 0.0000000000
103740  -9.503  25.359  35.510 0.0000000000
103741  -9.573  24.986  36.029 0.0000000000
103742  -9.694  24.564  36.568 0.0000000000
103744  -9.367  24.176  38.290 0.0000000000
103745  -9.369  23.669  38.906 0.0000000000
103746  -9.628  23.010  39.147 0.0000000000
103747  -9.847  22.351  39.364 0.0000000000
103748  -10.004  21.685  39.557 0.0000000000
103749  -9.814  21.925  39.898 0.0000000000
103750  -9.724  21.439  40.447 0.0000000000
103769  -9.574  17.442  45.431 0.0000000000
103773  -10.037  16.402  48.478 0.0000000000
103774  -10.400  15.782  48.583 0.0000000000
103775  -10.691  15.142  48.644 0.0000000000
103776  -10.467  15.394  49.214 0.0000000000
103777  -10.475  14.951  49.816 0.0000000000
103778  -10.429  14.466  50.437 0.0000000000
107194  -4.358  8.229  31.475 0.0000000000
107195  -4.316  8.480  30.921 0.0000000000
107196  -4.358  7.712  31.144 0.0000000000
107197  -4.506  7.216  30.957 0.0000000000
107198  -4.747  6.688  30.832 0.0000000000
109702  -9.275  3.795  50.921 0.0000000000
109704  -9.325  2.391  51.173 0.0000000000
109705  -9.384  1.721  51.067 0.0000000000
109720  -9.453  -1.351  49.899 0.0000000000
109948  -5.531  29.424  20.397 0.0000000000
109954  -7.029  26.018  24.620 0.0000000000
109955  -7.296  26.556  24.250 0.0000000000
109956  -6.637  26.439  24.076 0.0000000000
109957  -6.318  26.806  23.496 0.0000000000
109958  -5.994  27.161  22.900 0.0000000000
109959  -5.692  27.544  22.281 0.0000000000
109960  -5.550  26.818  22.461 0.0000000000
109961  -5.183  26.287  21.928 0.0000000000
109962  -5.064  25.767  21.387 0.0000000000
109963  -5.244  25.238  20.893 0.0000000000
109964  -5.114  25.042  21.589 0.0000000000
109965  -5.224  24.309  21.805 0.0000000000
109966  -5.383  23.566  22.042 0.0000000000
109967  -5.031  21.601  24.649 0.0000000000
109968  -5.039  21.756  23.835 0.0000000000
109969  -5.153  21.030  24.067 0.0000000000
109970  -5.691  20.544  23.704 0.0000000000
109971  -6.180  20.061  23.340 0.0000000000
109973  -6.294  19.331  23.589 0.0000000000
109979  -5.446  17.383  25.507 0.0000000000
109980  -5.488  18.592  28.141 0.0000000000
109981  -5.181  18.097  27.590 0.0000000000
109982  -5.299  17.856  28.187 0.0000000000
109983  -5.081  17.166  28.272 0.0000000000
109984  -4.863  16.474  28.278 0.0000000000
109985  -4.670  15.772  28.317 0.0000000000
109986  -4.943  16.230  28.872 0.0000000000
109987  -5.175  15.881  29.406 0.0000000000
109988  -5.402  15.553  29.927 0.0000000000
109989  -9.798  19.378  29.754 0.0000000000
109990  -9.111  19.443  29.667 0.0000000000
109991  -9.375  18.926  30.000 0.0000000000
109992  -9.001  18.500  30.195 0.0000000000
109993  -8.789  17.985  30.391 0.0000000000
109994  -9.109  15.428  31.821 0.0000000000
109995  -8.864  15.941  31.455 0.0000000000
109996  -8.647  15.474  31.686 0.0000000000
109997  -8.135  15.444  31.576 0.0000000000
109998  -7.582  15.336  31.435 0.0000000000
109999  -7.017  15.226  31.267 0.0000000000
110000  -7.270  14.779  31.667 0.0000000000
110001  -6.991  14.228  31.921 0.0000000000
110002  -6.699  13.661  32.156 0.0000000000
110003  -6.392  13.084  32.387 0.0000000000
110004  -6.950  13.237  32.480 0.0000000000
110005  -7.215  12.758  32.846 0.0000000000
110006  -7.439  12.275  33.205 0.0000000000
110007  -9.472  11.721  34.221 0.0000000000
110008  -9.059  11.553  34.061 0.0000000000
110009  -9.264  11.192  34.403 0.0000000000
110010  -9.017  10.640  34.569 0.0000000000
110011  -8.736  10.048  34.730 0.0000000000
110012  -8.432  9.488  34.918 0.0000000000
110013  -8.979  9.604  35.053 0.0000000000
110014  -9.266  9.209  35.346 0.0000000000
110015  -9.555  8.854  35.598 0.0000000000
110016  -10.969  22.495  36.011 0.0000000000
110017  -11.316  22.243  35.537 0.0000000000
110018  -11.251  21.818  36.158 0.0000000000
110019  -11.552  21.066  36.273 0.0000000000
110020  -11.783  20.364  36.307 0.0000000000
110021  -11.774  17.652  37.836 0.0000000000
110022  -11.902  18.093  37.407 0.0000000000
110023  -12.014  17.457  37.354 0.0000000000
110024  -12.272  17.229  36.838 0.0000000000
110025  -12.491  16.966  36.349 0.0000000000
110026  -12.725  16.709  35.845 0.0000000000
110027  -12.522  16.313  36.331 0.0000000000
110028  -12.585  15.636  36.386 0.0000000000
110029  -12.593  15.009  36.352 0.0000000000
110030  -11.471  14.431  41.473 0.0000000000
110031  -11.514  14.808  40.946 0.0000000000
110032  -11.633  14.194  40.972 0.0000000000
110033  -11.792  13.964  40.551 0.0000000000
110034  -11.941  13.741  40.058 0.0000000000
110035  -11.755  11.776  39.365 0.0000000000
110036  -11.921  12.258  39.279 0.0000000000
110037  -11.878  12.115  38.869 0.0000000000
110038  -11.987  12.480  38.337 0.0000000000
110039  -12.099  12.831  37.886 0.0000000000
110040  -12.225  13.173  37.418 0.0000000000
110041  -12.036  12.708  37.511 0.0000000000
110042  -11.888  12.595  37.198 0.0000000000
110043  -11.687  12.473  36.828 0.0000000000
110044  -11.434  12.406  36.439 0.0000000000
110045  -11.379  12.100  36.939 0.0000000000
110046  -11.050  11.775  37.038 0.0000000000
110047  -10.723  11.381  37.166 0.0000000000
110048  -10.555  9.201  38.625 0.0000000000
110049  -10.521  9.593  38.177 0.0000000000
110050  -10.650  8.956  38.216 0.0000000000
110051  -10.748  8.807  37.749 0.0000000000
110052  -10.734  8.627  37.303 0.0000000000
110053  -10.632  8.428  36.906 0.0000000000
110054  -10.816  8.013  37.300 0.0000000000
110055  -10.908  7.408  37.272 0.0000000000
110056  -10.867  6.737  37.261 0.0000000000
110057  -10.739  6.068  37.252 0.0000000000
110058  -10.984  6.318  37.618 0.0000000000
110059  -11.082  5.892  37.985 0.0000000000
110060  -11.186  5.439  38.347 0.0000000000
110061  -11.281  5.120  40.537 0.0000000000
110062  -11.389  4.958  40.059 0.0000000000
110063  -11.425  4.512  40.471 0.0000000000
110064  -11.489  3.907  40.344 0.0000000000
110070  -10.163  6.409  43.788 0.0000000000
110071  -10.315  6.318  43.363 0.0000000000
110072  -10.316  5.814  43.814 0.0000000000
110073  -10.425  5.252  43.854 0.0000000000
110074  -10.531  4.691  43.890 0.0000000000
110075  -10.569  2.200  45.169 0.0000000000
110076  -10.652  2.649  44.728 0.0000000000
110077  -10.741  2.092  44.687 0.0000000000
116480  -6.071  9.139  34.773 0.0000000000
116481  -5.657  8.877  34.675 0.0000000000
116482  -5.809  8.517  35.072 0.0000000000
116483  -5.576  7.871  35.325 0.0000000000
116484  -5.368  7.173  35.542 0.0000000000
116485  -6.094  6.982  35.877 0.0000000000
116486  -5.596  6.734  35.843 0.0000000000
116487  -5.164  6.446  35.753 0.0000000000
116488  -4.950  5.642  35.927 0.0000000000
116489  -4.828  4.778  36.080 0.0000000000
116490  -4.705  3.894  36.328 0.0000000000
117197  -13.139  27.299  28.848 0.0000000000
117198  -13.326  26.475  28.998 0.0000000000
117199  -13.481  25.700  29.228 0.0000000000
117200  -13.056  25.633  30.391 0.0000000000
117201  -13.377  25.278  29.896 0.0000000000
117202  -13.604  24.916  29.354 0.0000000000
117203  -13.675  24.081  29.516 0.0000000000
117204  -13.700  23.277  29.662 0.0000000000
117205  -13.666  22.490  29.810 0.0000000000
117206  -13.557  21.781  29.900 0.0000000000
117207  -13.690  22.091  30.421 0.0000000000
117208  -13.713  21.694  31.038 0.0000000000
117209  -13.683  21.298  31.601 0.0000000000
117210  -13.477  22.347  32.055 0.0000000000
117211  -13.589  21.632  32.141 0.0000000000
117212  -13.642  20.922  32.163 0.0000000000
117213  -13.594  20.534  32.728 0.0000000000
117214  -13.528  20.124  33.285 0.0000000000
117215  -13.456  19.715  33.829 0.0000000000
117216  -11.061  14.252  46.189 0.0000000000
117217  -11.011  14.029  45.625 0.0000000000
117218  -11.018  13.609  46.205 0.0000000000
117219  -10.881  13.033  46.128 0.0000000000
117220  -10.669  12.474  46.027 0.0000000000
117221  -10.605  12.238  47.142 0.0000000000
117222  -10.497  12.059  46.521 0.0000000000
117223  -10.429  11.957  45.914 0.0000000000
117224  -10.181  11.474  45.785 0.0000000000
117225  -9.906  10.961  45.646 0.0000000000
117226  -9.633  10.486  45.543 0.0000000000
117227  -9.407  9.947  45.439 0.0000000000
117228  -9.324  10.191  45.988 0.0000000000
117229  -9.005  9.816  46.416 0.0000000000
117230  -8.666  9.378  46.860 0.0000000000
117231  -9.045  9.952  47.715 0.0000000000
122413  -4.407  5.017  32.411 0.0000000000
122414  -4.450  5.322  31.946 0.0000000000
122415  -4.505  4.493  32.218 0.0000000000
122416  -4.723  3.967  32.019 0.0000000000
124556  -10.967  25.334  24.947 0.0000000000
124557  -10.521  25.870  24.523 0.0000000000
124558  -10.112  25.328  24.934 0.0000000000
124559  -9.199  25.427  24.968 0.0000000000
124560  -8.248  25.492  25.081 0.0000000000
124561  -8.400  24.389  25.896 0.0000000000
124562  -7.903  24.962  25.513 0.0000000000
124563  -7.443  25.500  25.096 0.0000000000
124564  -6.717  25.424  24.984 0.0000000000
124565  -6.175  25.127  24.671 0.0000000000
124566  -5.677  24.778  24.232 0.0000000000
124567  -5.247  24.375  23.750 0.0000000000
124568  -5.495  24.108  24.488 0.0000000000
124569  -5.355  23.480  24.746 0.0000000000
124570  -5.252  22.835  24.979 0.0000000000
124571  -6.056  22.935  26.123 0.0000000000
124572  -5.597  22.603  25.720 0.0000000000
124573  -5.214  22.145  25.215 0.0000000000
124574  -5.152  21.432  25.425 0.0000000000
124575  -5.098  20.729  25.597 0.0000000000
124576  -5.076  20.016  25.755 0.0000000000
124577  -5.063  19.269  25.763 0.0000000000
124578  -5.133  19.925  26.395 0.0000000000
124579  -5.327  19.771  26.983 0.0000000000
124580  -5.537  19.558  27.546 0.0000000000
124581  -6.186  20.494  27.908 0.0000000000
124582  -6.032  19.902  28.001 0.0000000000
124583  -5.728  19.282  28.080 0.0000000000
124584  -5.960  18.970  28.577 0.0000000000
124585  -6.267  18.584  29.053 0.0000000000
124586  -6.541  18.127  29.413 0.0000000000
124587  -10.918  17.313  31.154 0.0000000000
124588  -10.175  17.372  31.037 0.0000000000
124589  -10.421  16.877  31.423 0.0000000000
124590  -9.996  16.382  31.616 0.0000000000
124591  -9.685  15.880  31.771 0.0000000000
124592  -10.417  15.376  32.406 0.0000000000
124593  -9.905  15.381  32.163 0.0000000000
124594  -9.518  15.391  31.969 0.0000000000
124595  -9.311  14.931  32.199 0.0000000000
124596  -9.074  14.471  32.420 0.0000000000
124597  -8.835  14.011  32.615 0.0000000000
124598  -8.620  13.468  32.805 0.0000000000
124599  -9.021  13.484  32.992 0.0000000000
124600  -9.191  13.022  33.365 0.0000000000
124601  -9.411  12.611  33.712 0.0000000000
124602  -9.987  13.217  33.717 0.0000000000
124603  -9.786  12.748  33.915 0.0000000000
124604  -9.644  12.241  34.047 0.0000000000
124605  -9.833  11.911  34.371 0.0000000000
124606  -9.920  11.544  34.794 0.0000000000
124607  -10.039  11.159  35.196 0.0000000000
124608  -10.854  20.749  38.069 0.0000000000
124609  -11.124  20.451  37.691 0.0000000000
124610  -11.072  19.987  38.164 0.0000000000
124611  -11.257  19.252  38.237 0.0000000000
124612  -11.414  18.538  38.290 0.0000000000
124613  -11.155  18.363  39.090 0.0000000000
124614  -11.362  18.086  38.714 0.0000000000
124615  -11.555  17.838  38.289 0.0000000000
124616  -11.665  17.203  38.260 0.0000000000
124617  -11.778  16.556  38.264 0.0000000000
124618  -11.915  15.928  38.267 0.0000000000
124619  -11.564  12.166  41.584 0.0000000000
124620  -11.709  12.498  41.107 0.0000000000
124621  -11.597  11.944  41.131 0.0000000000
124622  -11.623  11.768  40.683 0.0000000000
124623  -11.622  11.605  40.278 0.0000000000
124624  -11.312  10.770  40.788 0.0000000000
124625  -11.442  11.135  40.339 0.0000000000
124626  -11.606  11.452  39.866 0.0000000000
124627  -11.540  11.343  39.467 0.0000000000
124628  -11.462  11.262  39.106 0.0000000000
124629  -11.371  11.218  38.772 0.0000000000
124630  -11.164  11.190  38.409 0.0000000000
124631  -11.077  10.822  38.881 0.0000000000
124632  -10.749  10.426  39.018 0.0000000000
124633  -10.549  9.948  39.080 0.0000000000
124634  -10.595  9.696  39.895 0.0000000000
124635  -10.499  9.564  39.516 0.0000000000
124636  -10.480  9.403  39.084 0.0000000000
124637  -10.565  8.809  39.020 0.0000000000
124638  -10.767  8.153  39.037 0.0000000000
124639  -10.964  7.541  38.991 0.0000000000
124640  -11.126  6.947  38.916 0.0000000000
124641  -11.014  7.115  39.374 0.0000000000
124642  -11.047  6.677  39.776 0.0000000000
124643  -11.072  6.252  40.167 0.0000000000
124644  -10.665  7.063  40.671 0.0000000000
124645  -10.877  6.431  40.621 0.0000000000
124646  -11.098  5.810  40.549 0.0000000000
124647  -11.113  5.333  40.939 0.0000000000
124648  -11.151  4.908  41.342 0.0000000000
124649  -11.156  4.499  41.739 0.0000000000
124650  -9.843  4.639  45.636 0.0000000000
124651  -10.051  4.471  45.211 0.0000000000
124652  -9.957  4.049  45.628 0.0000000000
124653  -10.078  3.485  45.617 0.0000000000
124654  -10.224  2.919  45.626 0.0000000000
124655  -10.020  2.661  46.474 0.0000000000
124656  -10.157  2.488  46.044 0.0000000000
124657  -10.343  2.313  45.636 0.0000000000
124658  -10.478  1.746  45.570 0.0000000000
124659  -10.571  1.220  45.489 0.0000000000
124662  -10.517  0.313  45.746 0.0000000000
124663  -10.418  -0.121  46.092 0.0000000000
124664  -10.263  -0.560  46.464 0.0000000000
124665  -10.180  0.156  47.094 0.0000000000
124666  -10.150  -0.425  46.967 0.0000000000
132116  -4.491  11.912  31.034 0.0000000000
132117  -4.343  11.396  30.666 0.0000000000
132118  -4.458  11.153  31.239 0.0000000000
132119  -4.446  10.380  31.452 0.0000000000
132120  -4.429  9.564  31.651 0.0000000000
132121  -4.772  9.761  32.527 0.0000000000
132122  -4.582  9.318  32.167 0.0000000000
132123  -4.436  8.757  31.816 0.0000000000
132124  -4.408  7.975  32.005 0.0000000000
132125  -4.391  7.200  32.190 0.0000000000
132126  -4.385  6.390  32.408 0.0000000000
132127  -5.317  8.566  34.514 0.0000000000
132128  -5.088  8.181  34.271 0.0000000000
132129  -4.889  7.677  33.923 0.0000000000
132130  -4.787  6.637  34.560 0.0000000000
132131  -4.767  6.913  34.077 0.0000000000
132132  -4.754  7.171  33.569 0.0000000000
132133  -4.581  6.644  33.247 0.0000000000
132134  -4.458  6.131  32.922 0.0000000000
132135  -4.383  5.556  32.652 0.0000000000
132136  -4.371  4.738  32.858 0.0000000000
132137  -4.350  3.911  33.078 0.0000000000
132138  -4.312  3.087  33.273 0.0000000000
132139  -4.308  3.370  34.104 0.0000000000
134065  -12.108  26.040  24.751 0.0000000000
134066  -13.522  27.308  27.648 0.0000000000
134067  -13.623  26.894  27.070 0.0000000000
134068  -13.581  26.482  26.527 0.0000000000
134069  -13.602  25.338  27.420 0.0000000000
134070  -13.537  25.732  26.747 0.0000000000
134071  -13.379  26.126  26.073 0.0000000000
134072  -12.995  25.816  25.662 0.0000000000
134073  -12.468  25.567  25.312 0.0000000000
134074  -11.765  25.431  25.057 0.0000000000
134075  -11.386  24.844  25.399 0.0000000000
134076  -11.019  24.270  25.793 0.0000000000
134077  -10.693  23.735  26.184 0.0000000000
134078  -11.821  23.240  26.843 0.0000000000
134079  -11.085  23.190  26.673 0.0000000000
134080  -10.296  23.182  26.611 0.0000000000
134081  -9.898  22.693  27.044 0.0000000000
134082  -9.469  22.240  27.483 0.0000000000
134083  -9.040  21.793  27.909 0.0000000000
134084  -8.615  21.412  28.231 0.0000000000
134085  -9.362  21.323  28.328 0.0000000000
134086  -9.646  20.847  28.736 0.0000000000
134087  -9.940  20.356  29.111 0.0000000000
134088  -11.158  20.711  28.899 0.0000000000
134089  -10.707  20.295  29.194 0.0000000000
134090  -10.255  19.824  29.482 0.0000000000
134091  -10.555  19.293  29.834 0.0000000000
134092  -10.830  18.797  30.186 0.0000000000
134093  -11.087  18.290  30.559 0.0000000000
134094  -13.346  21.145  30.002 0.0000000000
134095  -13.100  20.513  30.116 0.0000000000
134096  -12.814  19.910  30.233 0.0000000000
134097  -13.334  19.649  31.199 0.0000000000
134098  -12.967  19.454  30.708 0.0000000000
134099  -12.467  19.351  30.353 0.0000000000
134100  -12.138  18.768  30.546 0.0000000000
134101  -11.749  18.254  30.740 0.0000000000
134102  -11.334  17.788  30.933 0.0000000000
134103  -11.519  17.240  31.348 0.0000000000
134104  -11.679  16.718  31.767 0.0000000000
134105  -11.830  16.293  32.194 0.0000000000
134106  -12.696  16.930  32.368 0.0000000000
134107  -12.350  16.375  32.476 0.0000000000
134108  -11.953  15.876  32.657 0.0000000000
134109  -12.052  15.425  33.134 0.0000000000
134110  -12.091  15.043  33.626 0.0000000000
134111  -12.135  14.668  34.125 0.0000000000
134112  -10.444  17.074  41.864 0.0000000000
134113  -10.727  16.827  41.377 0.0000000000
134114  -10.726  16.448  41.938 0.0000000000
134115  -10.965  15.859  41.985 0.0000000000
134116  -11.154  15.286  41.992 0.0000000000
134117  -10.980  15.203  43.012 0.0000000000
134118  -11.110  14.949  42.529 0.0000000000
134119  -11.296  14.690  41.986 0.0000000000
134120  -11.430  14.069  41.994 0.0000000000
134121  -11.501  13.471  41.965 0.0000000000
134122  -11.517  12.938  41.974 0.0000000000
134123  -11.059  13.816  45.078 0.0000000000
134124  -11.063  13.611  44.542 0.0000000000
134125  -11.089  13.407  44.000 0.0000000000
134126  -10.856  12.491  44.457 0.0000000000
134127  -11.021  12.839  43.971 0.0000000000
134128  -11.172  13.167  43.472 0.0000000000
134129  -11.243  12.872  42.967 0.0000000000
134130  -11.376  12.622  42.485 0.0000000000
134131  -11.488  12.434  42.009 0.0000000000
134132  -11.439  11.893  42.026 0.0000000000
134133  -11.327  11.322  42.043 0.0000000000
134134  -11.164  10.786  42.080 0.0000000000
134135  -10.876  10.693  42.951 0.0000000000
134136  -10.936  10.463  42.535 0.0000000000
134137  -11.006  10.280  42.076 0.0000000000
134138  -10.828  9.782  42.061 0.0000000000
134139  -10.603  9.298  42.090 0.0000000000
134140  -10.471  8.802  42.068 0.0000000000
134141  -10.402  8.287  42.075 0.0000000000
134142  -10.364  8.427  42.428 0.0000000000
134143  -10.252  7.985  42.829 0.0000000000
134144  -10.125  7.479  43.281 0.0000000000
134145  -9.940  8.362  43.609 0.0000000000
134146  -9.965  7.686  43.697 0.0000000000
134147  -10.041  7.030  43.760 0.0000000000
134148  -9.951  6.575  44.178 0.0000000000
134149  -9.891  6.149  44.635 0.0000000000
134150  -9.825  5.688  45.131 0.0000000000
134151  -9.234  9.331  45.363 0.0000000000
134152  -9.128  8.634  45.343 0.0000000000
134153  -9.129  7.866  45.420 0.0000000000
134154  -8.762  7.542  46.339 0.0000000000
134155  -9.017  7.310  45.940 0.0000000000
134156  -9.253  7.104  45.541 0.0000000000
134157  -9.407  6.439  45.590 0.0000000000
134158  -9.560  5.848  45.586 0.0000000000
134159  -9.714  5.222  45.611 0.0000000000
134160  -9.644  4.784  46.078 0.0000000000
134161  -9.578  4.355  46.505 0.0000000000
134162  -9.615  4.011  46.958 0.0000000000
134163  -9.437  4.809  47.512 0.0000000000
134164  -9.546  4.236  47.463 0.0000000000
134165  -9.652  3.687  47.408 0.0000000000
134166  -9.688  3.351  47.840 0.0000000000
134167  -9.718  2.997  48.270 0.0000000000
134168  -9.730  2.591  48.700 0.0000000000
138914  -8.617  5.474  36.624 0.0000000000
138915  -8.071  5.224  36.703 0.0000000000
138916  -8.358  4.750  36.902 0.0000000000
140811  -10.630  25.666  33.205 0.0000000000
140812  -11.070  24.842  33.475 0.0000000000
140813  -11.439  24.146  33.717 0.0000000000
140814  -10.887  24.388  34.092 0.0000000000
140815  -10.736  23.977  34.699 0.0000000000
140816  -10.700  23.573  35.268 0.0000000000
140817  -10.050  24.498  35.424 0.0000000000
140818  -10.388  23.848  35.642 0.0000000000
140819  -10.690  23.163  35.834 0.0000000000
140820  -10.664  22.752  36.398 0.0000000000
140821  -10.652  22.300  36.926 0.0000000000
140822  -10.650  21.838  37.429 0.0000000000
140824  -9.500  24.814  36.857 0.0000000000
140825  -9.788  24.146  37.083 0.0000000000
140826  -9.648  23.944  37.963 0.0000000000
140827  -9.844  23.730  37.662 0.0000000000
140828  -9.998  23.506  37.354 0.0000000000
140829  -10.224  22.811  37.585 0.0000000000
140830  -10.430  22.105  37.791 0.0000000000
140831  -10.624  21.421  37.966 0.0000000000
140832  -10.615  20.998  38.454 0.0000000000
140833  -10.604  20.571  38.973 0.0000000000
140834  -10.535  20.080  39.413 0.0000000000
140835  -10.104  21.006  39.717 0.0000000000
140836  -10.271  20.317  39.773 0.0000000000
140837  -10.471  19.614  39.846 0.0000000000
140838  -10.367  19.194  40.286 0.0000000000
140839  -10.335  18.706  40.754 0.0000000000
140840  -10.267  18.224  41.244 0.0000000000
140865  -9.759  19.066  41.607 0.0000000000
140866  -9.972  18.358  41.687 0.0000000000
140867  -10.181  17.705  41.765 0.0000000000
140868  -10.185  17.248  42.302 0.0000000000
140869  -10.241  16.855  42.821 0.0000000000
140870  -10.350  16.510  43.368 0.0000000000
140871  -9.844  17.275  43.759 0.0000000000
140872  -10.185  16.714  43.824 0.0000000000
140873  -10.466  16.164  43.916 0.0000000000
140874  -10.614  15.828  44.430 0.0000000000
140875  -10.705  15.496  44.999 0.0000000000
140876  -10.832  15.183  45.584 0.0000000000
140879  -9.761  17.164  46.070 0.0000000000
140880  -9.662  17.108  47.228 0.0000000000
140881  -9.937  16.860  46.677 0.0000000000
140882  -10.170  16.624  46.133 0.0000000000
140883  -10.469  16.065  46.140 0.0000000000
140884  -10.728  15.478  46.174 0.0000000000
140885  -10.936  14.859  46.196 0.0000000000
140886  -11.029  14.502  46.789 0.0000000000
140887  -11.085  14.089  47.397 0.0000000000
140888  -11.069  13.625  47.996 0.0000000000
140889  -10.892  14.490  48.676 0.0000000000
140890  -11.001  13.832  48.679 0.0000000000
140891  -10.978  13.157  48.568 0.0000000000
140892  -10.793  12.704  49.138 0.0000000000
140893  -10.576  12.222  49.710 0.0000000000
140894  -10.303  11.762  50.222 0.0000000000
147811  -4.283  10.857  30.309 0.0000000000
147812  -4.412  10.321  29.999 0.0000000000
147813  -4.639  9.774  29.783 0.0000000000
147814  -4.474  8.759  30.479 0.0000000000
147815  -4.672  9.011  30.058 0.0000000000
147816  -4.987  9.232  29.685 0.0000000000
147820  -4.587  5.602  31.506 0.0000000000
147821  -4.790  5.877  31.103 0.0000000000
147865  -7.448  5.011  36.781 0.0000000000
152733  -10.361  13.852  51.067 0.0000000000
152736  -10.431  13.142  51.064 0.0000000000
152737  -10.362  12.449  51.003 0.0000000000
152738  -10.191  11.779  50.877 0.0000000000
152839  -8.960  5.611  49.598 0.0000000000
152840  -9.169  4.984  49.515 0.0000000000
152841  -9.374  4.375  49.426 0.0000000000
152842  -9.364  3.829  50.347 0.0000000000
152843  -9.453  3.828  49.796 0.0000000000
152844  -9.549  3.777  49.323 0.0000000000
152845  -9.667  3.174  49.211 0.0000000000
152846  -9.740  2.544  49.169 0.0000000000
152847  -9.825  1.918  49.125 0.0000000000
152868  -9.429  1.058  51.005 0.0000000000
152870  -9.457  0.411  50.905 0.0000000000
152871  -9.576  1.141  50.504 0.0000000000
152872  -9.697  1.239  50.002 0.0000000000
152873  -9.823  1.250  49.547 0.0000000000
152874  -9.902  1.281  49.090 0.0000000000
152875  -9.926  0.641  49.016 0.0000000000
152876  -9.915  -0.005  48.911 0.0000000000
152877  -9.841  -0.580  48.758 0.0000000000
152878  -9.607  -1.272  49.473 0.0000000000
153332  -5.265  29.494  17.677 0.0000000000
153333  -5.374  28.769  17.938 0.0000000000
153334  -5.541  28.027  18.175 0.0000000000
153345  -10.045  26.453  24.093 0.0000000000
153346  -9.554  26.981  23.736 0.0000000000
153348  -7.677  27.052  23.863 0.0000000000
153349  -8.114  27.567  23.421 0.0000000000
153355  -5.779  29.171  21.090 0.0000000000
153356  -5.413  28.680  20.552 0.0000000000
153357  -5.480  27.793  21.555 0.0000000000
153358  -5.297  27.955  20.754 0.0000000000
153359  -5.138  28.117  19.995 0.0000000000
153360  -5.118  27.637  19.487 0.0000000000
153361  -5.477  27.118  19.080 0.0000000000
153366  -5.792  24.723  20.558 0.0000000000
153372  -4.957  23.871  23.215 0.0000000000
153373  -5.117  23.337  22.715 0.0000000000
153374  -5.560  22.837  22.325 0.0000000000
153375  -5.398  21.920  23.171 0.0000000000
153376  -5.760  22.137  22.561 0.0000000000
153377  -6.123  22.390  21.984 0.0000000000
153399  -5.082  18.560  25.778 0.0000000000
153400  -5.079  17.883  25.824 0.0000000000
153401  -5.065  17.229  25.921 0.0000000000
153402  -4.933  17.534  27.011 0.0000000000
153403  -4.895  17.017  26.512 0.0000000000
153404  -5.115  16.484  26.158 0.0000000000
153409  -4.784  14.082  27.693 0.0000000000
153410  -4.552  13.863  28.171 0.0000000000
153411  -4.477  15.057  28.413 0.0000000000
153412  -4.361  14.340  28.558 0.0000000000
153413  -4.353  13.629  28.685 0.0000000000
153414  -4.319  13.379  29.264 0.0000000000
153415  -4.328  13.113  29.847 0.0000000000
153416  -4.476  12.901  30.411 0.0000000000
153417  -8.294  20.913  28.505 0.0000000000
153418  -8.018  20.407  28.796 0.0000000000
153419  -7.773  19.899  29.060 0.0000000000
153420  -8.492  19.483  29.564 0.0000000000
153421  -8.029  19.425  29.428 0.0000000000
153422  -7.551  19.382  29.261 0.0000000000
153423  -7.334  18.878  29.456 0.0000000000
153424  -7.084  18.315  29.621 0.0000000000
153425  -6.812  17.706  29.773 0.0000000000
153426  -9.542  17.376  30.902 0.0000000000
153427  -9.042  17.383  30.741 0.0000000000
153428  -8.588  17.464  30.601 0.0000000000
153429  -8.608  16.443  31.131 0.0000000000
153430  -8.368  16.939  30.813 0.0000000000
153431  -8.125  17.439  30.465 0.0000000000
153432  -7.624  17.395  30.302 0.0000000000
153433  -7.087  17.310  30.135 0.0000000000
153434  -6.544  17.093  29.922 0.0000000000
153435  -6.271  16.488  30.096 0.0000000000
153436  -5.990  15.872  30.262 0.0000000000
153437  -5.689  15.241  30.419 0.0000000000
153438  -6.496  15.073  31.114 0.0000000000
153439  -5.932  14.864  30.908 0.0000000000
153440  -5.380  14.592  30.641 0.0000000000
153441  -5.098  13.958  30.767 0.0000000000
153442  -4.841  13.313  30.862 0.0000000000
153443  -4.638  12.637  30.971 0.0000000000
153444  -4.856  12.352  31.478 0.0000000000
153445  -5.089  12.000  31.989 0.0000000000
153446  -5.313  11.653  32.516 0.0000000000
153447  -6.075  12.498  32.606 0.0000000000
153448  -5.785  11.906  32.832 0.0000000000
153449  -5.526  11.284  32.991 0.0000000000
153450  -5.754  10.895  33.446 0.0000000000
153451  -6.015  10.513  33.870 0.0000000000
153452  -6.213  10.101  34.197 0.0000000000
153453  -8.334  12.911  33.015 0.0000000000
153454  -8.023  12.343  33.259 0.0000000000
153455  -7.698  11.793  33.523 0.0000000000
153456  -8.573  11.394  33.931 0.0000000000
153457  -7.964  11.342  33.821 0.0000000000
153458  -7.397  11.295  33.772 0.0000000000
153459  -7.073  10.744  34.028 0.0000000000
153460  -6.734  10.204  34.279 0.0000000000
153461  -6.390  9.683  34.530 0.0000000000
153462  -6.621  9.257  34.808 0.0000000000
153463  -6.929  8.832  35.068 0.0000000000
153464  -7.235  8.379  35.312 0.0000000000
153465  -8.137  8.946  35.132 0.0000000000
153466  -7.861  8.407  35.351 0.0000000000
153467  -7.529  7.886  35.565 0.0000000000
153468  -7.822  7.393  35.811 0.0000000000
153469  -8.172  6.958  36.004 0.0000000000
153470  -8.504  6.524  36.217 0.0000000000
153471  -11.816  23.509  33.858 0.0000000000
153472  -12.170  22.835  33.994 0.0000000000
153473  -12.473  22.156  34.127 0.0000000000
153474  -11.772  21.960  35.090 0.0000000000
153475  -12.281  21.679  34.681 0.0000000000
153476  -12.750  21.473  34.246 0.0000000000
153477  -12.973  20.761  34.338 0.0000000000
153478  -13.165  19.996  34.376 0.0000000000
153479  -13.313  19.265  34.382 0.0000000000
153480  -11.390  20.176  37.293 0.0000000000
153481  -11.677  19.921  36.832 0.0000000000
153482  -12.004  19.649  36.355 0.0000000000
153483  -12.024  18.523  36.914 0.0000000000
153484  -12.202  18.942  36.387 0.0000000000
153485  -12.394  19.391  35.828 0.0000000000
153486  -12.804  19.163  35.364 0.0000000000
153487  -13.140  18.858  34.909 0.0000000000
153488  -13.405  18.573  34.393 0.0000000000
153489  -13.337  17.886  34.395 0.0000000000
153490  -13.236  17.223  34.366 0.0000000000
153491  -13.109  16.555  34.333 0.0000000000
153492  -12.930  16.447  35.365 0.0000000000
153493  -13.036  16.207  34.873 0.0000000000
153494  -12.953  15.891  34.342 0.0000000000
153495  -12.735  15.328  34.407 0.0000000000
153496  -12.480  14.826  34.526 0.0000000000
153497  -12.186  14.332  34.659 0.0000000000
153498  -11.017  16.616  40.880 0.0000000000
153499  -11.242  16.401  40.423 0.0000000000
153500  -11.431  16.186  40.007 0.0000000000
153501  -11.570  15.166  40.468 0.0000000000
153502  -11.588  15.558  40.017 0.0000000000
153503  -11.599  15.959  39.557 0.0000000000
153504  -11.747  15.781  39.124 0.0000000000
153505  -11.924  15.549  38.697 0.0000000000
153506  -12.089  15.326  38.238 0.0000000000
153507  -11.845  12.832  40.615 0.0000000000
153508  -11.950  13.159  40.088 0.0000000000
153509  -12.086  13.518  39.571 0.0000000000
153510  -12.022  12.780  39.233 0.0000000000
153511  -12.120  13.341  39.170 0.0000000000
153512  -12.131  13.913  39.138 0.0000000000
153513  -12.156  14.297  38.708 0.0000000000
153514  -12.221  14.686  38.233 0.0000000000
153515  -12.252  15.095  37.755 0.0000000000
153516  -12.433  14.867  37.286 0.0000000000
153517  -12.514  14.646  36.826 0.0000000000
153518  -12.551  14.453  36.361 0.0000000000
153519  -12.326  13.580  36.916 0.0000000000
153520  -12.426  13.928  36.414 0.0000000000
153521  -12.534  14.234  35.925 0.0000000000
153522  -12.379  14.070  35.559 0.0000000000
153523  -12.164  13.927  35.190 0.0000000000
153524  -11.874  13.823  34.787 0.0000000000
153525  -11.514  13.469  34.908 0.0000000000
153526  -11.172  13.082  35.049 0.0000000000
153527  -10.843  12.665  35.182 0.0000000000
153528  -11.146  12.383  36.054 0.0000000000
153529  -10.839  12.309  35.686 0.0000000000
153530  -10.530  12.227  35.307 0.0000000000
153531  -10.370  11.772  35.419 0.0000000000
153532  -10.269  11.264  35.511 0.0000000000
153533  -10.195  10.732  35.597 0.0000000000
153534  -10.930  11.154  38.040 0.0000000000
153535  -10.709  11.041  37.645 0.0000000000
153536  -10.551  10.863  37.222 0.0000000000
153537  -10.501  9.965  37.705 0.0000000000
153538  -10.497  10.325  37.252 0.0000000000
153539  -10.520  10.669  36.779 0.0000000000
153540  -10.422  10.530  36.376 0.0000000000
153541  -10.315  10.351  36.004 0.0000000000
153542  -10.112  10.192  35.699 0.0000000000
153543  -10.036  9.617  35.766 0.0000000000
153544  -9.946  9.032  35.833 0.0000000000
153545  -9.835  8.436  35.907 0.0000000000
153546  -10.462  8.214  36.528 0.0000000000
153547  -10.122  8.013  36.225 0.0000000000
153548  -9.687  7.802  36.023 0.0000000000
153549  -9.435  7.200  36.182 0.0000000000
153550  -9.139  6.593  36.314 0.0000000000
153551  -8.848  6.019  36.439 0.0000000000
153552  -9.211  5.567  36.656 0.0000000000
153553  -9.505  5.087  36.859 0.0000000000
153554  -9.777  4.647  37.101 0.0000000000
153555  -10.548  5.422  37.241 0.0000000000
153556  -10.280  4.779  37.274 0.0000000000
153561  -11.258  6.314  38.856 0.0000000000
153562  -11.282  5.655  38.780 0.0000000000
153563  -11.263  5.009  38.688 0.0000000000
153564  -11.387  4.763  39.557 0.0000000000
153565  -11.327  4.550  39.038 0.0000000000
153566  -11.198  4.399  38.608 0.0000000000
153579  -10.375  7.737  42.117 0.0000000000
153580  -10.368  7.174  42.221 0.0000000000
153581  -10.489  6.533  42.264 0.0000000000
153582  -10.430  6.223  42.956 0.0000000000
153583  -10.537  6.081  42.623 0.0000000000
153584  -10.632  5.892  42.242 0.0000000000
153585  -10.793  5.263  42.196 0.0000000000
153586  -10.956  4.635  42.179 0.0000000000
153587  -11.127  4.060  42.104 0.0000000000
153588  -10.289  4.368  44.778 0.0000000000
153589  -10.484  4.248  44.343 0.0000000000
153590  -10.645  4.109  43.908 0.0000000000
153591  -10.696  3.098  44.310 0.0000000000
153592  -10.724  3.531  43.882 0.0000000000
153593  -10.769  3.964  43.442 0.0000000000
153594  -10.914  3.761  42.958 0.0000000000
153595  -11.096  3.616  42.484 0.0000000000
153596  -11.255  3.440  42.032 0.0000000000
