#!ascii label  , from subject Yale_0050554 vox2ras=TkReg
1181
47409  -10.016  -37.990  48.442 0.0000000000
47410  -10.769  -38.082  48.276 0.0000000000
48379  -7.202  -36.160  49.189 0.0000000000
48380  -8.670  -37.202  48.530 0.0000000000
48381  -9.456  -37.666  48.406 0.0000000000
48388  -7.842  -35.349  49.019 0.0000000000
48389  -8.521  -36.020  48.589 0.0000000000
48390  -9.688  -37.064  48.098 0.0000000000
48391  -10.868  -37.228  47.651 0.0000000000
48392  -11.696  -37.860  47.770 0.0000000000
48399  -11.119  -36.606  47.346 0.0000000000
48400  -11.842  -37.402  47.327 0.0000000000
49410  -5.725  -34.795  49.843 0.0000000000
49417  -7.087  -34.681  49.251 0.0000000000
49418  -8.231  -34.622  48.830 0.0000000000
49419  -9.340  -35.670  48.170 0.0000000000
49420  -10.040  -36.369  47.786 0.0000000000
49427  -8.376  -33.906  48.582 0.0000000000
49428  -9.059  -34.459  48.291 0.0000000000
49429  -10.309  -35.406  47.580 0.0000000000
49430  -11.471  -36.282  47.029 0.0000000000
49431  -12.060  -36.819  46.896 0.0000000000
49437  -10.577  -34.562  47.241 0.0000000000
49438  -11.189  -35.202  46.912 0.0000000000
49439  -12.358  -36.090  46.431 0.0000000000
49445  -12.770  -35.419  45.923 0.0000000000
50348  -5.808  -33.406  49.385 0.0000000000
50349  -7.167  -33.819  49.046 0.0000000000
50357  -6.707  -33.037  49.042 0.0000000000
50358  -7.576  -33.283  48.728 0.0000000000
50359  -8.342  -33.304  48.230 0.0000000000
50360  -9.350  -33.945  47.982 0.0000000000
50367  -8.879  -33.035  47.961 0.0000000000
50368  -9.802  -33.633  47.472 0.0000000000
50369  -10.776  -34.036  46.806 0.0000000000
50370  -11.608  -34.763  46.539 0.0000000000
50377  -11.309  -33.992  46.330 0.0000000000
50378  -12.188  -34.531  46.065 0.0000000000
50379  -13.091  -34.872  45.527 0.0000000000
50387  -13.618  -34.704  45.171 0.0000000000
51246  -10.950  -31.427  55.100 0.0000000000
51247  -11.765  -31.330  54.787 0.0000000000
51259  -9.719  -31.090  54.826 0.0000000000
51260  -10.903  -31.140  54.653 0.0000000000
51261  -11.794  -31.103  54.593 0.0000000000
51274  -8.351  -30.323  54.397 0.0000000000
51275  -9.605  -30.524  54.388 0.0000000000
51276  -10.645  -30.594  54.455 0.0000000000
51277  -10.272  -30.184  54.370 0.0000000000
51288  -5.830  -29.683  53.234 0.0000000000
51289  -7.162  -29.265  53.664 0.0000000000
51290  -8.257  -29.454  53.950 0.0000000000
51291  -9.122  -29.648  54.023 0.0000000000
51292  -9.864  -29.986  54.273 0.0000000000
51301  -4.564  -31.749  50.666 0.0000000000
51302  -5.461  -30.169  51.498 0.0000000000
51303  -6.471  -29.197  52.397 0.0000000000
51304  -7.433  -29.124  52.721 0.0000000000
51305  -8.228  -29.949  53.279 0.0000000000
51312  -6.095  -32.152  49.293 0.0000000000
51313  -5.850  -30.730  49.613 0.0000000000
51314  -6.301  -29.702  50.962 0.0000000000
51315  -6.798  -29.028  51.830 0.0000000000
51326  -6.599  -32.498  48.579 0.0000000000
51327  -7.045  -31.782  48.420 0.0000000000
51328  -7.999  -32.536  47.812 0.0000000000
51341  -7.371  -31.179  48.027 0.0000000000
51342  -8.356  -31.971  47.629 0.0000000000
51343  -10.055  -32.580  46.802 0.0000000000
51344  -10.859  -33.426  46.490 0.0000000000
51357  -10.575  -32.222  46.366 0.0000000000
51358  -11.241  -33.077  46.051 0.0000000000
51359  -12.588  -33.584  45.342 0.0000000000
51360  -13.262  -34.256  45.246 0.0000000000
51372  -13.080  -33.169  44.887 0.0000000000
51373  -13.628  -33.871  44.876 0.0000000000
51374  -14.508  -34.048  44.496 0.0000000000
52264  -11.802  -31.165  55.704 0.0000000000
52276  -11.468  -31.383  55.464 0.0000000000
52277  -12.257  -31.170  55.236 0.0000000000
52288  -11.933  -31.379  55.013 0.0000000000
52289  -12.421  -31.124  54.782 0.0000000000
52290  -12.583  -30.938  54.671 0.0000000000
52294  -12.287  -31.017  54.595 0.0000000000
52295  -12.121  -30.742  54.563 0.0000000000
52302  -11.724  -30.864  54.490 0.0000000000
52303  -10.970  -30.343  54.515 0.0000000000
52304  -10.331  -29.945  54.399 0.0000000000
52310  -8.954  -29.533  53.788 0.0000000000
52311  -9.358  -29.552  54.109 0.0000000000
52312  -9.683  -29.653  54.438 0.0000000000
52322  -7.593  -29.105  52.199 0.0000000000
52323  -8.223  -29.648  52.754 0.0000000000
52324  -8.546  -29.589  52.504 0.0000000000
52337  -6.595  -30.419  49.567 0.0000000000
52338  -6.165  -29.836  49.521 0.0000000000
52339  -7.058  -29.052  51.055 0.0000000000
52340  -7.863  -28.834  51.274 0.0000000000
52341  -8.228  -29.065  51.499 0.0000000000
52354  -6.469  -30.481  48.860 0.0000000000
52355  -6.906  -29.736  48.811 0.0000000000
52356  -7.490  -28.923  49.809 0.0000000000
52357  -7.846  -28.615  50.252 0.0000000000
52370  -6.973  -30.683  48.290 0.0000000000
52371  -7.609  -30.583  47.936 0.0000000000
52372  -8.751  -30.915  47.134 0.0000000000
52388  -9.990  -31.466  46.462 0.0000000000
52389  -10.827  -31.882  45.968 0.0000000000
52390  -11.707  -32.299  45.480 0.0000000000
52405  -12.600  -32.469  44.955 0.0000000000
52406  -13.577  -32.670  44.581 0.0000000000
52407  -14.093  -33.362  44.543 0.0000000000
52419  -14.015  -32.253  44.264 0.0000000000
52420  -14.558  -32.869  44.168 0.0000000000
52434  -15.385  -32.913  43.635 0.0000000000
53288  -12.328  -30.783  55.663 0.0000000000
53299  -12.644  -30.654  55.075 0.0000000000
53300  -12.788  -30.324  55.022 0.0000000000
53313  -12.704  -30.833  54.859 0.0000000000
53314  -12.569  -30.503  54.820 0.0000000000
53326  -11.599  -30.136  54.644 0.0000000000
53327  -11.061  -29.820  54.685 0.0000000000
53334  -10.920  -30.091  54.500 0.0000000000
53335  -10.452  -29.791  54.549 0.0000000000
53348  -9.044  -29.432  53.549 0.0000000000
53349  -9.506  -29.607  54.404 0.0000000000
53364  -8.569  -29.496  52.114 0.0000000000
53380  -8.066  -28.549  50.681 0.0000000000
53381  -8.374  -28.672  50.895 0.0000000000
53395  -7.424  -29.852  48.143 0.0000000000
53396  -7.555  -29.316  48.380 0.0000000000
53397  -8.128  -28.560  49.241 0.0000000000
53398  -8.523  -28.127  49.685 0.0000000000
53411  -7.881  -29.993  47.759 0.0000000000
53412  -8.535  -29.579  47.579 0.0000000000
53413  -8.980  -28.914  47.913 0.0000000000
53429  -9.483  -30.436  46.709 0.0000000000
53430  -10.429  -30.855  46.156 0.0000000000
53431  -11.216  -31.404  45.718 0.0000000000
53442  -11.185  -30.711  45.846 0.0000000000
53443  -12.012  -31.298  45.327 0.0000000000
53444  -12.934  -31.632  44.702 0.0000000000
53455  -13.627  -31.693  44.322 0.0000000000
53456  -14.226  -31.796  43.994 0.0000000000
53467  -14.905  -31.962  43.695 0.0000000000
53468  -15.499  -32.075  43.303 0.0000000000
53486  -4.875  -32.266  49.308 0.0000000000
53487  -15.897  -32.191  42.905 0.0000000000
53505  -5.863  -31.840  48.339 0.0000000000
53506  -7.347  -31.631  47.974 0.0000000000
53507  -16.030  -32.282  42.401 0.0000000000
53525  -8.731  -31.574  46.374 0.0000000000
53526  -9.528  -32.016  45.391 0.0000000000
53543  -9.229  -30.890  45.047 0.0000000000
53544  -10.183  -31.713  44.237 0.0000000000
53545  -11.668  -31.896  43.073 0.0000000000
53566  -12.505  -32.063  42.483 0.0000000000
53567  -13.184  -32.182  42.114 0.0000000000
54300  -12.066  -30.245  56.103 0.0000000000
54315  -12.560  -30.151  55.667 0.0000000000
54316  -12.654  -30.065  55.296 0.0000000000
54333  -12.551  -29.940  55.111 0.0000000000
54355  -12.165  -29.758  54.961 0.0000000000
54356  -11.454  -29.597  54.928 0.0000000000
54378  -9.784  -29.633  54.590 0.0000000000
54379  -10.419  -29.586  54.780 0.0000000000
54396  -9.348  -29.509  54.120 0.0000000000
54397  -9.867  -29.634  54.556 0.0000000000
54410  -8.725  -29.327  52.312 0.0000000000
54421  -8.676  -28.345  50.517 0.0000000000
54428  -8.998  -28.399  48.598 0.0000000000
54429  -9.011  -27.955  49.118 0.0000000000
54436  -9.610  -29.667  47.135 0.0000000000
54437  -9.882  -28.973  47.500 0.0000000000
54438  -9.620  -28.337  48.152 0.0000000000
54447  -10.056  -30.215  46.632 0.0000000000
54448  -10.612  -29.895  46.428 0.0000000000
54456  -11.675  -30.159  45.739 0.0000000000
54457  -12.737  -30.467  44.976 0.0000000000
54458  -13.266  -31.117  44.505 0.0000000000
54461  -13.206  -30.059  44.732 0.0000000000
54462  -13.790  -30.663  44.169 0.0000000000
54463  -14.440  -31.333  43.719 0.0000000000
54466  -14.295  -30.197  43.818 0.0000000000
54467  -14.804  -30.930  43.390 0.0000000000
54468  -15.494  -31.595  43.112 0.0000000000
54475  -2.417  -31.502  48.204 0.0000000000
54476  -4.396  -31.516  49.352 0.0000000000
54477  -5.493  -31.586  49.225 0.0000000000
54478  -15.040  -30.704  43.100 0.0000000000
54479  -15.407  -31.338  42.910 0.0000000000
54486  -0.797  -30.564  47.162 0.0000000000
54487  -3.491  -30.542  49.278 0.0000000000
54488  -6.505  -30.748  48.736 0.0000000000
54489  -7.850  -31.095  47.544 0.0000000000
54490  -15.518  -31.588  42.635 0.0000000000
54502  -1.094  -30.245  45.027 0.0000000000
54503  -7.804  -30.119  47.637 0.0000000000
54504  -8.429  -30.465  46.449 0.0000000000
54505  -15.746  -31.969  42.258 0.0000000000
54518  -9.196  -30.296  44.926 0.0000000000
54519  -10.034  -30.575  44.133 0.0000000000
54520  -11.375  -30.933  43.227 0.0000000000
54521  -12.029  -30.653  42.886 0.0000000000
54522  -15.428  -31.939  41.936 0.0000000000
54531  -12.085  -31.519  42.864 0.0000000000
54532  -12.521  -31.233  42.631 0.0000000000
54533  -13.380  -31.545  42.279 0.0000000000
54534  -13.960  -31.724  41.975 0.0000000000
54535  -14.461  -31.830  41.869 0.0000000000
54536  -14.960  -32.030  41.712 0.0000000000
55209  -11.556  -29.577  56.316 0.0000000000
55210  -12.102  -29.500  55.997 0.0000000000
55224  -12.289  -29.442  55.637 0.0000000000
55225  -12.274  -29.362  55.396 0.0000000000
55238  -12.101  -29.199  55.454 0.0000000000
55250  -11.705  -29.057  55.483 0.0000000000
55251  -11.107  -29.025  55.509 0.0000000000
55267  -10.034  -29.533  54.778 0.0000000000
55268  -10.423  -29.222  55.212 0.0000000000
55283  -8.850  -29.549  53.803 0.0000000000
55284  -9.502  -29.603  54.451 0.0000000000
55285  -10.017  -29.355  54.952 0.0000000000
55299  -8.726  -29.336  52.761 0.0000000000
55300  -8.886  -29.381  53.251 0.0000000000
55315  -8.743  -29.081  51.934 0.0000000000
55316  -8.739  -28.992  51.441 0.0000000000
55331  -9.005  -27.927  49.640 0.0000000000
55347  -10.282  -28.541  47.490 0.0000000000
55348  -9.954  -28.015  48.187 0.0000000000
55363  -10.895  -29.086  46.717 0.0000000000
55364  -11.014  -28.414  46.957 0.0000000000
55382  -11.332  -29.555  46.149 0.0000000000
55383  -12.040  -29.102  45.652 0.0000000000
55384  -12.859  -28.656  45.151 0.0000000000
55401  -12.850  -29.748  45.022 0.0000000000
55402  -13.299  -29.396  44.712 0.0000000000
55403  -13.957  -29.051  44.296 0.0000000000
55420  -14.016  -29.752  44.151 0.0000000000
55421  -14.341  -29.575  43.731 0.0000000000
55437  -14.651  -30.024  43.248 0.0000000000
55438  -15.023  -30.560  42.958 0.0000000000
55451  -0.973  -29.292  47.303 0.0000000000
55452  -2.463  -29.226  48.770 0.0000000000
55453  -5.345  -29.360  49.540 0.0000000000
55454  -14.747  -30.218  43.124 0.0000000000
55455  -15.124  -30.968  42.926 0.0000000000
55467  -0.905  -29.325  45.955 0.0000000000
55468  -7.351  -29.534  48.285 0.0000000000
55469  -8.214  -29.636  46.497 0.0000000000
55470  -8.984  -29.498  45.298 0.0000000000
55471  -14.817  -30.573  42.936 0.0000000000
55472  -15.236  -31.334  42.626 0.0000000000
55487  -1.567  -29.379  43.984 0.0000000000
55488  -8.859  -29.925  45.350 0.0000000000
55489  -9.669  -29.804  44.407 0.0000000000
55490  -10.686  -29.972  43.629 0.0000000000
55491  -11.730  -30.049  43.069 0.0000000000
55492  -12.442  -29.996  42.797 0.0000000000
55493  -14.472  -30.829  42.600 0.0000000000
55494  -14.790  -31.025  42.574 0.0000000000
55495  -15.418  -31.732  42.262 0.0000000000
55508  -2.243  -29.512  41.598 0.0000000000
55509  -12.375  -30.488  42.803 0.0000000000
55510  -12.962  -30.603  42.622 0.0000000000
55511  -13.558  -30.968  42.472 0.0000000000
55512  -13.995  -31.085  42.363 0.0000000000
55513  -14.435  -31.099  42.385 0.0000000000
55514  -15.034  -31.659  41.985 0.0000000000
56215  -10.867  -28.810  56.205 0.0000000000
56230  -11.509  -28.761  55.998 0.0000000000
56231  -11.757  -28.727  55.699 0.0000000000
56243  -11.773  -28.612  55.541 0.0000000000
56244  -11.796  -28.365  55.492 0.0000000000
56258  -11.609  -28.527  55.529 0.0000000000
56274  -11.356  -28.533  55.784 0.0000000000
56275  -11.126  -28.583  55.865 0.0000000000
56291  -10.794  -28.667  55.719 0.0000000000
56312  -8.493  -29.649  54.126 0.0000000000
56313  -8.734  -29.589  54.176 0.0000000000
56314  -9.337  -29.229  54.614 0.0000000000
56315  -10.086  -28.942  55.382 0.0000000000
56334  -8.558  -29.192  54.037 0.0000000000
56335  -8.708  -29.421  53.408 0.0000000000
56349  -8.455  -29.559  53.200 0.0000000000
56350  -8.656  -29.205  52.278 0.0000000000
56351  -8.736  -28.704  51.132 0.0000000000
56365  -8.894  -28.100  50.020 0.0000000000
56380  -9.704  -27.621  48.686 0.0000000000
56395  -11.073  -27.693  47.372 0.0000000000
56396  -11.985  -27.546  46.403 0.0000000000
56412  -11.689  -28.079  46.315 0.0000000000
56413  -12.552  -27.955  45.575 0.0000000000
56432  -13.505  -28.296  44.768 0.0000000000
56433  -14.176  -28.368  44.106 0.0000000000
56453  -14.354  -28.899  43.556 0.0000000000
56470  -14.447  -29.310  43.267 0.0000000000
56486  -1.614  -27.917  47.379 0.0000000000
56487  -3.977  -27.919  49.465 0.0000000000
56488  -6.836  -28.413  48.058 0.0000000000
56489  -7.836  -28.441  46.969 0.0000000000
56490  -14.513  -29.683  43.112 0.0000000000
56506  -1.553  -28.272  44.854 0.0000000000
56507  -7.681  -29.088  47.153 0.0000000000
56508  -8.401  -28.932  46.337 0.0000000000
56509  -9.937  -29.099  44.657 0.0000000000
56510  -10.763  -28.873  44.011 0.0000000000
56511  -14.502  -30.106  42.934 0.0000000000
56529  -2.131  -28.429  42.855 0.0000000000
56530  -10.351  -29.498  43.980 0.0000000000
56531  -11.016  -29.229  43.579 0.0000000000
56532  -12.034  -29.286  42.957 0.0000000000
56533  -12.982  -29.675  42.658 0.0000000000
56534  -13.589  -29.699  42.666 0.0000000000
56535  -13.938  -29.863  42.725 0.0000000000
56536  -14.266  -30.310  42.719 0.0000000000
56537  -14.472  -30.318  42.805 0.0000000000
56562  -1.914  -28.371  40.722 0.0000000000
56563  -13.296  -30.398  42.606 0.0000000000
56564  -13.577  -30.373  42.586 0.0000000000
56565  -13.904  -30.429  42.599 0.0000000000
56566  -14.150  -30.456  42.612 0.0000000000
56588  -1.720  -28.472  39.057 0.0000000000
57338  -10.226  -27.908  56.062 0.0000000000
57352  -10.914  -27.877  55.836 0.0000000000
57353  -11.277  -27.892  55.487 0.0000000000
57367  -11.479  -27.830  55.401 0.0000000000
57368  -11.705  -27.739  55.406 0.0000000000
57379  -11.780  -27.971  55.420 0.0000000000
57391  -11.376  -28.044  55.419 0.0000000000
57392  -11.021  -28.133  55.671 0.0000000000
57401  -10.695  -28.190  55.957 0.0000000000
57409  -8.542  -29.430  54.126 0.0000000000
57410  -9.103  -28.949  54.687 0.0000000000
57411  -9.688  -28.563  55.435 0.0000000000
57412  -10.272  -28.215  55.826 0.0000000000
57422  -8.374  -29.471  53.820 0.0000000000
57423  -8.716  -29.143  54.422 0.0000000000
57428  -8.431  -29.266  52.378 0.0000000000
57429  -8.775  -28.465  50.883 0.0000000000
57430  -8.747  -28.189  50.271 0.0000000000
57434  -9.011  -27.832  49.829 0.0000000000
57435  -9.345  -27.610  49.287 0.0000000000
57439  -10.819  -27.174  47.964 0.0000000000
57442  -11.951  -27.092  46.969 0.0000000000
57443  -12.668  -27.121  46.018 0.0000000000
57446  -13.325  -27.303  45.170 0.0000000000
57449  -14.008  -27.561  44.581 0.0000000000
57450  -14.259  -27.586  44.195 0.0000000000
57453  -14.303  -27.921  43.825 0.0000000000
57456  -2.616  -25.541  47.845 0.0000000000
57457  -4.183  -25.982  48.616 0.0000000000
57458  -5.179  -26.292  48.600 0.0000000000
57459  -14.299  -28.352  43.436 0.0000000000
57462  -1.872  -26.366  47.010 0.0000000000
57463  -2.977  -26.677  48.671 0.0000000000
57464  -5.404  -27.002  48.598 0.0000000000
57465  -7.820  -27.764  47.209 0.0000000000
57466  -8.948  -27.631  46.563 0.0000000000
57467  -14.303  -28.763  43.197 0.0000000000
57471  -1.492  -27.043  45.414 0.0000000000
57472  -8.323  -28.400  46.565 0.0000000000
57473  -9.445  -28.284  46.135 0.0000000000
57474  -10.950  -28.377  44.513 0.0000000000
57475  -11.999  -27.941  43.637 0.0000000000
57476  -12.511  -27.808  43.226 0.0000000000
57477  -14.132  -28.677  42.919 0.0000000000
57478  -14.275  -29.199  43.003 0.0000000000
57481  -1.793  -27.496  43.788 0.0000000000
57482  -11.088  -28.769  43.775 0.0000000000
57483  -11.605  -28.639  43.461 0.0000000000
57484  -12.552  -28.432  42.952 0.0000000000
57485  -13.302  -28.835  42.700 0.0000000000
57486  -13.742  -29.075  42.720 0.0000000000
57487  -14.048  -29.197  42.824 0.0000000000
57488  -14.283  -29.821  42.868 0.0000000000
57495  -2.005  -27.397  42.013 0.0000000000
57503  -1.773  -27.393  39.843 0.0000000000
58242  -9.052  -26.882  56.232 0.0000000000
58243  -9.897  -26.939  56.214 0.0000000000
58252  -10.618  -26.878  56.022 0.0000000000
58253  -11.138  -26.979  55.617 0.0000000000
58263  -11.415  -27.019  55.311 0.0000000000
58264  -11.661  -26.986  55.276 0.0000000000
58272  -11.881  -27.081  55.150 0.0000000000
58279  -11.759  -27.289  55.228 0.0000000000
58280  -11.375  -27.433  55.368 0.0000000000
58288  -11.026  -27.525  55.710 0.0000000000
58297  -9.451  -28.261  55.438 0.0000000000
58298  -10.175  -27.709  55.730 0.0000000000
58299  -10.691  -27.750  55.887 0.0000000000
58309  -7.514  -29.252  53.698 0.0000000000
58310  -8.096  -29.079  54.012 0.0000000000
58311  -8.413  -28.721  54.468 0.0000000000
58312  -9.031  -28.428  54.988 0.0000000000
58313  -9.577  -27.913  55.586 0.0000000000
58317  -7.547  -29.148  52.845 0.0000000000
58318  -7.844  -29.143  52.870 0.0000000000
58319  -8.263  -29.120  52.257 0.0000000000
58320  -8.488  -28.918  51.436 0.0000000000
58324  -8.765  -28.182  50.638 0.0000000000
58325  -8.876  -28.049  50.274 0.0000000000
58326  -9.638  -27.354  49.138 0.0000000000
58330  -10.768  -26.874  48.269 0.0000000000
58333  -11.989  -26.627  47.429 0.0000000000
58334  -12.864  -26.597  46.628 0.0000000000
58337  -13.433  -26.623  45.775 0.0000000000
58339  -13.994  -26.796  44.885 0.0000000000
58340  -14.192  -27.220  44.424 0.0000000000
58343  -14.171  -26.631  44.548 0.0000000000
58344  -14.284  -27.101  44.193 0.0000000000
58347  -2.540  -24.581  46.998 0.0000000000
58348  -3.865  -25.127  47.689 0.0000000000
58349  -5.638  -25.696  48.209 0.0000000000
58350  -7.553  -25.916  47.535 0.0000000000
58351  -8.594  -26.021  47.199 0.0000000000
58352  -14.313  -27.525  43.657 0.0000000000
58355  -2.050  -25.241  46.429 0.0000000000
58356  -5.686  -26.435  48.378 0.0000000000
58357  -6.855  -26.620  47.915 0.0000000000
58358  -9.069  -26.840  46.883 0.0000000000
58359  -10.834  -26.840  45.886 0.0000000000
58360  -11.580  -26.782  45.359 0.0000000000
58361  -14.136  -27.549  43.170 0.0000000000
58362  -14.244  -27.922  43.306 0.0000000000
58366  -1.852  -26.023  45.484 0.0000000000
58367  -9.544  -27.638  46.408 0.0000000000
58368  -10.396  -27.626  45.880 0.0000000000
58369  -11.744  -27.341  44.840 0.0000000000
58370  -12.546  -27.277  43.508 0.0000000000
58371  -13.138  -27.275  43.037 0.0000000000
58372  -13.598  -27.596  42.890 0.0000000000
58373  -13.967  -28.150  42.879 0.0000000000
58374  -14.203  -28.323  43.043 0.0000000000
58377  -1.947  -26.380  43.608 0.0000000000
58378  -12.826  -27.718  43.074 0.0000000000
58379  -13.216  -28.001  42.916 0.0000000000
58380  -13.645  -28.339  42.765 0.0000000000
58381  -13.870  -28.650  42.760 0.0000000000
58387  -1.984  -26.331  41.246 0.0000000000
58393  -1.906  -26.236  39.438 0.0000000000
59127  -9.105  -25.730  56.497 0.0000000000
59128  -9.667  -26.327  56.418 0.0000000000
59136  -10.006  -25.171  56.540 0.0000000000
59137  -10.332  -25.844  56.364 0.0000000000
59138  -11.081  -25.939  55.945 0.0000000000
59148  -11.529  -26.034  55.583 0.0000000000
59149  -11.822  -26.093  55.347 0.0000000000
59159  -11.996  -26.107  55.170 0.0000000000
59170  -11.867  -26.356  55.097 0.0000000000
59171  -11.776  -27.004  55.139 0.0000000000
59182  -11.990  -26.140  55.076 0.0000000000
59183  -11.625  -26.790  55.068 0.0000000000
59195  -4.636  -27.346  54.006 0.0000000000
59196  -5.325  -27.505  54.327 0.0000000000
59197  -5.861  -27.358  54.671 0.0000000000
59198  -10.881  -26.667  55.341 0.0000000000
59199  -11.031  -27.084  55.648 0.0000000000
59210  -4.610  -27.556  53.613 0.0000000000
59211  -5.123  -27.913  53.488 0.0000000000
59212  -6.166  -28.140  54.268 0.0000000000
59213  -7.344  -28.358  54.436 0.0000000000
59214  -8.224  -28.171  54.693 0.0000000000
59215  -8.935  -27.712  54.923 0.0000000000
59216  -9.462  -27.375  55.148 0.0000000000
59217  -9.945  -27.385  55.421 0.0000000000
59222  -5.434  -27.983  52.725 0.0000000000
59223  -5.910  -28.413  52.833 0.0000000000
59224  -7.038  -28.778  52.548 0.0000000000
59225  -7.815  -29.028  52.044 0.0000000000
59226  -8.071  -29.102  52.000 0.0000000000
59230  -7.664  -27.954  51.133 0.0000000000
59231  -8.084  -28.035  51.060 0.0000000000
59232  -8.525  -28.345  50.699 0.0000000000
59233  -9.582  -27.319  49.351 0.0000000000
59234  -9.773  -27.184  49.289 0.0000000000
59238  -10.514  -26.539  48.505 0.0000000000
59239  -10.718  -26.626  48.417 0.0000000000
59242  -12.023  -26.218  47.656 0.0000000000
59243  -12.965  -26.118  47.008 0.0000000000
59247  -13.507  -26.180  46.373 0.0000000000
59251  -13.875  -26.111  45.691 0.0000000000
59255  -14.099  -26.204  44.925 0.0000000000
59256  -14.199  -26.585  44.321 0.0000000000
59259  -2.605  -23.896  46.414 0.0000000000
59260  -3.465  -24.177  46.845 0.0000000000
59261  -5.042  -24.508  47.436 0.0000000000
59262  -6.768  -24.863  47.575 0.0000000000
59263  -8.408  -25.277  47.217 0.0000000000
59264  -9.487  -25.401  46.825 0.0000000000
59265  -14.046  -26.293  44.426 0.0000000000
59266  -14.214  -26.880  43.931 0.0000000000
59270  -2.374  -24.310  45.947 0.0000000000
59271  -9.198  -25.930  46.965 0.0000000000
59272  -10.179  -25.984  46.356 0.0000000000
59273  -11.454  -26.203  45.600 0.0000000000
59274  -12.305  -26.155  44.976 0.0000000000
59275  -12.929  -26.264  44.353 0.0000000000
59276  -13.420  -26.399  43.791 0.0000000000
59277  -13.889  -26.697  43.706 0.0000000000
59278  -14.234  -27.263  43.494 0.0000000000
59283  -2.165  -25.035  44.612 0.0000000000
59284  -12.014  -26.669  45.057 0.0000000000
59285  -12.446  -26.688  44.270 0.0000000000
59286  -13.030  -26.729  43.545 0.0000000000
59287  -13.519  -26.950  43.241 0.0000000000
59288  -13.868  -27.323  43.080 0.0000000000
59292  -2.181  -25.324  42.367 0.0000000000
59298  -2.085  -25.296  40.449 0.0000000000
60013  -8.442  -24.757  56.598 0.0000000000
60022  -9.645  -24.599  56.624 0.0000000000
60023  -10.659  -24.611  56.277 0.0000000000
60024  -10.984  -25.272  56.116 0.0000000000
60035  -11.148  -24.141  55.826 0.0000000000
60036  -11.558  -24.781  55.666 0.0000000000
60037  -11.839  -25.454  55.464 0.0000000000
60048  -12.027  -24.299  55.213 0.0000000000
60049  -12.063  -24.974  55.135 0.0000000000
60062  -12.108  -25.222  54.850 0.0000000000
60073  -12.008  -25.500  54.738 0.0000000000
60074  -11.814  -26.147  54.934 0.0000000000
60085  -3.538  -26.150  54.002 0.0000000000
60086  -4.130  -26.587  54.335 0.0000000000
60087  -4.885  -26.726  54.542 0.0000000000
60088  -5.583  -26.725  54.856 0.0000000000
60089  -11.621  -25.500  54.574 0.0000000000
60090  -11.532  -26.204  55.201 0.0000000000
60101  -3.474  -26.217  53.263 0.0000000000
60102  -4.098  -27.069  53.511 0.0000000000
60103  -4.642  -27.579  53.339 0.0000000000
60104  -6.341  -26.831  55.058 0.0000000000
60105  -7.273  -27.146  55.209 0.0000000000
60106  -8.300  -27.068  55.096 0.0000000000
60107  -9.581  -26.228  54.865 0.0000000000
60108  -10.506  -25.760  54.581 0.0000000000
60109  -10.760  -26.173  54.772 0.0000000000
60116  -3.468  -26.068  52.687 0.0000000000
60117  -3.952  -26.521  52.600 0.0000000000
60118  -4.867  -27.375  52.563 0.0000000000
60119  -5.873  -27.848  51.953 0.0000000000
60120  -6.407  -28.324  52.120 0.0000000000
60121  -10.449  -25.127  54.349 0.0000000000
60122  -10.508  -25.371  54.433 0.0000000000
60129  -6.221  -27.280  51.145 0.0000000000
60130  -7.031  -27.542  51.105 0.0000000000
60131  -8.254  -27.162  50.048 0.0000000000
60132  -8.852  -27.335  49.709 0.0000000000
60133  -9.408  -27.175  49.249 0.0000000000
60140  -9.125  -26.553  49.162 0.0000000000
60141  -9.769  -26.401  48.797 0.0000000000
60142  -10.578  -26.246  48.442 0.0000000000
60143  -11.195  -26.116  48.112 0.0000000000
60148  -11.662  -25.682  47.921 0.0000000000
60149  -12.245  -25.692  47.661 0.0000000000
60150  -12.958  -25.762  47.242 0.0000000000
60154  -13.188  -25.373  47.118 0.0000000000
60155  -13.637  -25.614  46.525 0.0000000000
60159  -14.017  -25.623  45.661 0.0000000000
60164  -13.942  -25.712  45.119 0.0000000000
60173  -2.692  -23.669  45.760 0.0000000000
60174  -3.272  -23.439  46.056 0.0000000000
60175  -4.618  -23.556  46.552 0.0000000000
60176  -6.152  -23.733  47.071 0.0000000000
60177  -7.749  -24.148  47.071 0.0000000000
60178  -9.267  -24.578  46.765 0.0000000000
60179  -10.404  -24.696  46.283 0.0000000000
60180  -11.181  -24.899  45.829 0.0000000000
60181  -12.814  -25.306  45.051 0.0000000000
60182  -13.079  -25.441  44.950 0.0000000000
60183  -13.621  -25.750  44.694 0.0000000000
60196  -2.794  -23.934  44.807 0.0000000000
60197  -10.097  -25.204  46.442 0.0000000000
60198  -10.933  -25.406  46.010 0.0000000000
60199  -11.801  -25.428  45.399 0.0000000000
60200  -12.652  -25.544  45.012 0.0000000000
60201  -13.279  -25.954  44.497 0.0000000000
60202  -13.606  -26.155  44.089 0.0000000000
60214  -3.029  -24.376  43.093 0.0000000000
60224  -2.538  -24.405  41.302 0.0000000000
60231  -2.304  -24.304  39.715 0.0000000000
60941  -7.914  -24.004  56.521 0.0000000000
60950  -9.079  -23.836  56.575 0.0000000000
60951  -10.103  -23.719  56.394 0.0000000000
60961  -10.839  -23.620  55.908 0.0000000000
60962  -11.422  -23.621  55.525 0.0000000000
60974  -11.929  -23.680  55.180 0.0000000000
60975  -12.227  -23.806  54.834 0.0000000000
60991  -12.318  -24.079  54.529 0.0000000000
61006  -12.246  -24.395  54.354 0.0000000000
61023  -3.289  -25.576  54.179 0.0000000000
61024  -3.815  -25.657  54.472 0.0000000000
61025  -4.404  -25.995  54.868 0.0000000000
61026  -5.107  -26.097  55.028 0.0000000000
61027  -12.216  -24.109  53.939 0.0000000000
61028  -12.327  -23.316  53.266 0.0000000000
61046  -3.280  -25.554  53.689 0.0000000000
61047  -4.285  -25.422  54.762 0.0000000000
61048  -4.850  -25.315  55.015 0.0000000000
61049  -5.924  -25.546  55.255 0.0000000000
61050  -7.298  -25.594  55.186 0.0000000000
61051  -8.276  -25.893  55.101 0.0000000000
61052  -9.151  -25.696  54.736 0.0000000000
61053  -11.219  -24.716  54.129 0.0000000000
61054  -11.725  -24.229  53.784 0.0000000000
61055  -12.376  -23.025  52.909 0.0000000000
61068  -3.211  -25.541  52.832 0.0000000000
61069  -3.594  -25.762  52.018 0.0000000000
61070  -4.563  -26.252  51.468 0.0000000000
61071  -5.530  -26.983  51.288 0.0000000000
61072  -8.266  -24.843  54.654 0.0000000000
61073  -9.188  -24.588  54.374 0.0000000000
61074  -10.234  -24.554  54.200 0.0000000000
61075  -11.189  -24.292  53.811 0.0000000000
61076  -12.024  -23.305  52.921 0.0000000000
61090  -5.436  -26.053  50.620 0.0000000000
61091  -6.519  -26.353  50.343 0.0000000000
61092  -7.999  -26.203  49.653 0.0000000000
61093  -8.860  -26.204  49.206 0.0000000000
61110  -8.951  -25.484  49.007 0.0000000000
61111  -9.778  -25.503  48.647 0.0000000000
61112  -10.699  -25.567  48.238 0.0000000000
61113  -11.442  -25.481  47.951 0.0000000000
61131  -10.660  -24.970  48.052 0.0000000000
61132  -11.448  -24.946  47.782 0.0000000000
61133  -12.340  -25.086  47.576 0.0000000000
61134  -12.964  -25.116  47.264 0.0000000000
61153  -13.006  -24.824  47.161 0.0000000000
61154  -13.480  -24.893  46.698 0.0000000000
61155  -13.878  -25.182  46.084 0.0000000000
61174  -13.706  -24.826  45.920 0.0000000000
61175  -13.924  -25.267  45.619 0.0000000000
61194  -12.881  -24.759  45.428 0.0000000000
61195  -13.340  -24.826  45.499 0.0000000000
61196  -13.736  -25.221  45.323 0.0000000000
61213  -3.304  -23.186  45.088 0.0000000000
61214  -4.244  -22.584  45.530 0.0000000000
61215  -5.665  -22.696  46.274 0.0000000000
61216  -7.170  -23.078  46.548 0.0000000000
61217  -8.574  -23.517  46.586 0.0000000000
61218  -9.784  -23.918  46.405 0.0000000000
61219  -10.791  -24.303  46.111 0.0000000000
61220  -11.763  -24.800  45.600 0.0000000000
61221  -12.596  -24.976  45.262 0.0000000000
61222  -13.207  -25.121  45.116 0.0000000000
61223  -13.501  -25.213  45.137 0.0000000000
61236  -3.683  -23.314  43.605 0.0000000000
61237  -3.933  -22.621  44.432 0.0000000000
61238  -12.177  -25.205  45.277 0.0000000000
61239  -12.386  -25.091  45.242 0.0000000000
61244  -3.476  -23.609  42.003 0.0000000000
61254  -2.706  -23.451  40.636 0.0000000000
61937  -7.304  -23.506  56.325 0.0000000000
61949  -7.191  -22.966  56.120 0.0000000000
61950  -8.294  -23.132  56.224 0.0000000000
61951  -9.505  -23.057  56.142 0.0000000000
61964  -10.341  -22.965  55.820 0.0000000000
61965  -11.079  -22.821  55.446 0.0000000000
61978  -11.725  -22.803  55.067 0.0000000000
61979  -12.189  -22.888  54.684 0.0000000000
61989  -12.449  -22.977  54.268 0.0000000000
61998  -12.537  -23.160  53.795 0.0000000000
62007  -3.300  -25.261  53.915 0.0000000000
62008  -3.512  -25.196  54.111 0.0000000000
62009  -12.607  -22.842  53.122 0.0000000000
62010  -12.613  -22.611  52.695 0.0000000000
62023  -3.106  -23.819  52.856 0.0000000000
62024  -3.271  -24.501  53.354 0.0000000000
62025  -4.192  -24.554  54.530 0.0000000000
62026  -5.497  -24.126  55.064 0.0000000000
62027  -7.130  -23.962  54.716 0.0000000000
62028  -7.852  -24.493  54.661 0.0000000000
62029  -12.399  -22.728  52.557 0.0000000000
62030  -12.642  -22.412  52.415 0.0000000000
62040  -2.930  -23.863  52.241 0.0000000000
62041  -2.904  -24.839  51.835 0.0000000000
62042  -4.033  -25.007  50.757 0.0000000000
62043  -4.894  -25.591  50.570 0.0000000000
62044  -7.860  -23.017  54.168 0.0000000000
62045  -8.621  -23.485  54.068 0.0000000000
62046  -10.249  -23.143  53.147 0.0000000000
62047  -11.197  -23.264  52.930 0.0000000000
62048  -11.989  -22.840  52.419 0.0000000000
62049  -12.352  -22.566  52.275 0.0000000000
62053  -4.567  -24.352  50.010 0.0000000000
62054  -5.793  -24.772  49.752 0.0000000000
62055  -7.676  -25.134  49.380 0.0000000000
62056  -8.532  -25.268  49.133 0.0000000000
62057  -10.739  -22.440  52.314 0.0000000000
62058  -11.158  -22.477  52.186 0.0000000000
62059  -11.761  -22.442  52.036 0.0000000000
62062  -6.788  -23.633  49.101 0.0000000000
62063  -7.684  -23.953  48.981 0.0000000000
62064  -9.194  -24.399  48.489 0.0000000000
62065  -10.162  -24.757  48.126 0.0000000000
62068  -9.884  -23.745  47.767 0.0000000000
62069  -10.759  -24.203  47.497 0.0000000000
62070  -12.095  -24.591  47.255 0.0000000000
62071  -12.700  -24.755  47.212 0.0000000000
62075  -11.189  -23.739  47.004 0.0000000000
62076  -11.846  -24.030  46.805 0.0000000000
62077  -12.893  -24.581  46.794 0.0000000000
62078  -13.306  -24.665  46.616 0.0000000000
62082  -11.938  -24.115  46.300 0.0000000000
62083  -12.722  -24.346  46.328 0.0000000000
62084  -13.301  -24.611  46.369 0.0000000000
62089  -9.498  -22.816  46.183 0.0000000000
62090  -10.348  -23.397  46.230 0.0000000000
62091  -11.132  -23.885  46.154 0.0000000000
62092  -11.884  -24.211  46.002 0.0000000000
62093  -12.678  -24.466  45.862 0.0000000000
62094  -13.226  -24.570  45.977 0.0000000000
62100  -5.401  -21.887  45.276 0.0000000000
62101  -6.658  -22.138  46.024 0.0000000000
62102  -7.987  -22.584  46.170 0.0000000000
62103  -9.162  -23.057  46.196 0.0000000000
62104  -10.170  -23.550  46.266 0.0000000000
62105  -11.049  -24.071  46.075 0.0000000000
62106  -11.827  -24.451  45.805 0.0000000000
62107  -12.400  -24.581  45.650 0.0000000000
62115  -4.028  -22.119  43.616 0.0000000000
62116  -4.509  -22.085  44.564 0.0000000000
62122  -3.707  -22.501  42.435 0.0000000000
62127  -3.197  -22.638  41.297 0.0000000000
62138  -2.723  -22.607  40.347 0.0000000000
62846  -7.470  -22.248  55.679 0.0000000000
62847  -8.930  -22.285  55.587 0.0000000000
62848  -9.809  -22.493  55.598 0.0000000000
62866  -9.603  -21.992  55.168 0.0000000000
62867  -10.382  -22.139  55.050 0.0000000000
62868  -11.286  -22.061  54.773 0.0000000000
62885  -11.929  -21.982  54.416 0.0000000000
62886  -12.376  -22.231  54.170 0.0000000000
62901  -12.252  -21.572  53.816 0.0000000000
62902  -12.626  -21.833  53.533 0.0000000000
62919  -12.784  -21.944  52.944 0.0000000000
62937  -12.815  -21.957  52.358 0.0000000000
62938  -12.755  -22.207  52.357 0.0000000000
62961  -3.235  -23.106  52.928 0.0000000000
62962  -3.840  -23.061  54.094 0.0000000000
62963  -4.897  -22.896  54.761 0.0000000000
62964  -6.483  -22.546  54.593 0.0000000000
62965  -7.410  -22.839  54.258 0.0000000000
62966  -12.817  -21.908  51.996 0.0000000000
62967  -12.787  -22.099  52.150 0.0000000000
62993  -2.682  -22.900  51.590 0.0000000000
62994  -2.690  -23.856  51.101 0.0000000000
62995  -3.197  -24.363  50.896 0.0000000000
62996  -6.955  -21.672  53.990 0.0000000000
62997  -8.060  -21.946  53.349 0.0000000000
62998  -9.706  -22.327  52.710 0.0000000000
62999  -10.450  -22.407  52.423 0.0000000000
63000  -12.418  -22.191  51.893 0.0000000000
63001  -12.613  -21.966  51.808 0.0000000000
63018  -2.528  -22.519  50.843 0.0000000000
63019  -2.552  -23.029  50.509 0.0000000000
63020  -3.701  -23.625  49.967 0.0000000000
63021  -4.887  -24.012  49.652 0.0000000000
63022  -8.777  -20.857  52.049 0.0000000000
63023  -9.675  -21.283  51.874 0.0000000000
63024  -10.793  -21.796  51.770 0.0000000000
63025  -11.714  -21.785  51.442 0.0000000000
63026  -12.271  -21.926  51.571 0.0000000000
63027  -12.542  -21.859  51.593 0.0000000000
63030  -4.570  -22.827  49.167 0.0000000000
63031  -5.696  -23.269  49.098 0.0000000000
63032  -7.635  -22.921  48.533 0.0000000000
63033  -8.524  -23.458  48.501 0.0000000000
63038  -8.298  -22.450  48.058 0.0000000000
63039  -9.200  -22.986  47.800 0.0000000000
63040  -10.149  -23.530  47.448 0.0000000000
63045  -9.695  -22.544  46.996 0.0000000000
63046  -10.581  -23.341  47.050 0.0000000000
63047  -11.247  -23.716  46.786 0.0000000000
63053  -8.923  -22.006  46.305 0.0000000000
63054  -9.691  -22.589  46.532 0.0000000000
63055  -10.507  -23.143  46.610 0.0000000000
63056  -11.220  -23.701  46.561 0.0000000000
63064  -8.035  -21.846  45.979 0.0000000000
63065  -8.840  -22.160  46.111 0.0000000000
63066  -9.636  -22.716  46.312 0.0000000000
63067  -10.422  -23.249  46.386 0.0000000000
63068  -11.185  -23.743  46.337 0.0000000000
63076  -5.494  -21.250  44.903 0.0000000000
63077  -6.208  -21.519  45.523 0.0000000000
63078  -7.359  -21.837  45.847 0.0000000000
63079  -8.550  -22.310  46.055 0.0000000000
63084  -4.194  -21.281  43.438 0.0000000000
63085  -4.765  -21.405  44.253 0.0000000000
63091  -3.765  -21.502  42.738 0.0000000000
63097  -3.334  -21.645  41.754 0.0000000000
63098  -3.049  -21.426  41.104 0.0000000000
63110  -2.967  -22.007  40.945 0.0000000000
63111  -2.763  -21.786  40.334 0.0000000000
63806  -6.722  -21.281  55.095 0.0000000000
63807  -8.267  -21.297  54.886 0.0000000000
63808  -9.143  -21.671  55.113 0.0000000000
63818  -8.751  -20.657  54.320 0.0000000000
63819  -9.560  -21.183  54.575 0.0000000000
63820  -10.779  -21.133  54.176 0.0000000000
63821  -11.462  -21.529  54.309 0.0000000000
63825  -11.040  -20.611  53.642 0.0000000000
63826  -11.609  -20.996  53.729 0.0000000000
63829  -12.360  -20.828  53.136 0.0000000000
63830  -12.672  -21.185  53.162 0.0000000000
63834  -12.534  -20.481  52.661 0.0000000000
63835  -12.727  -20.934  52.760 0.0000000000
63839  -12.925  -20.985  52.210 0.0000000000
63842  -3.519  -21.838  53.887 0.0000000000
63843  -4.307  -21.495  54.538 0.0000000000
63844  -5.584  -21.634  54.753 0.0000000000
63845  -6.423  -21.627  54.297 0.0000000000
63846  -12.960  -21.059  51.745 0.0000000000
63860  -2.985  -21.867  52.597 0.0000000000
63861  -4.215  -20.729  54.891 0.0000000000
63862  -4.932  -20.723  54.784 0.0000000000
63863  -6.721  -20.774  53.442 0.0000000000
63864  -7.980  -20.918  52.556 0.0000000000
63865  -12.783  -21.146  51.451 0.0000000000
63888  -2.660  -21.945  51.280 0.0000000000
63889  -2.727  -22.098  50.209 0.0000000000
63890  -2.952  -22.801  49.929 0.0000000000
63891  -7.319  -19.726  52.529 0.0000000000
63892  -8.284  -20.122  51.953 0.0000000000
63893  -9.700  -20.089  51.070 0.0000000000
63894  -10.745  -20.693  50.977 0.0000000000
63895  -11.571  -20.995  50.914 0.0000000000
63896  -12.234  -20.911  50.888 0.0000000000
63897  -12.569  -21.359  51.325 0.0000000000
63912  -2.828  -21.797  49.404 0.0000000000
63913  -3.575  -22.352  49.263 0.0000000000
63914  -5.426  -22.187  48.520 0.0000000000
63915  -6.657  -22.503  48.534 0.0000000000
63916  -10.293  -19.454  50.498 0.0000000000
63917  -10.808  -19.816  50.424 0.0000000000
63918  -11.521  -20.242  50.460 0.0000000000
63919  -11.943  -20.530  50.582 0.0000000000
63924  -6.258  -21.612  47.570 0.0000000000
63925  -7.492  -22.133  47.930 0.0000000000
63926  -8.493  -22.321  47.788 0.0000000000
63930  -6.741  -21.287  46.768 0.0000000000
63931  -7.778  -21.643  47.138 0.0000000000
63932  -8.685  -22.122  47.395 0.0000000000
63936  -6.981  -21.325  46.177 0.0000000000
63937  -8.002  -21.518  46.486 0.0000000000
63938  -8.885  -21.947  46.765 0.0000000000
63943  -6.133  -21.101  45.570 0.0000000000
63944  -6.995  -21.528  45.954 0.0000000000
63945  -8.058  -21.642  46.115 0.0000000000
63956  -5.114  -20.716  44.446 0.0000000000
63957  -5.751  -20.924  45.164 0.0000000000
63958  -6.474  -21.396  45.675 0.0000000000
63966  -3.980  -20.696  43.053 0.0000000000
63967  -4.471  -20.691  43.756 0.0000000000
63971  -3.467  -20.740  42.383 0.0000000000
63977  -3.145  -20.830  41.675 0.0000000000
63978  -3.036  -20.916  40.924 0.0000000000
64702  -6.468  -20.035  54.808 0.0000000000
64703  -7.274  -20.748  54.557 0.0000000000
64711  -7.163  -19.395  54.182 0.0000000000
64712  -7.883  -20.095  54.094 0.0000000000
64713  -9.194  -20.069  53.674 0.0000000000
64714  -10.023  -20.597  53.914 0.0000000000
64720  -9.625  -19.419  53.202 0.0000000000
64721  -10.452  -19.946  53.237 0.0000000000
64722  -11.171  -20.375  53.361 0.0000000000
64726  -10.886  -19.377  52.729 0.0000000000
64727  -11.468  -19.905  52.850 0.0000000000
64730  -12.321  -19.825  52.389 0.0000000000
64731  -12.630  -20.296  52.447 0.0000000000
64734  -12.504  -19.390  52.003 0.0000000000
64735  -12.718  -19.937  52.038 0.0000000000
64738  -3.825  -20.956  54.551 0.0000000000
64739  -4.000  -20.766  54.777 0.0000000000
64740  -12.874  -20.083  51.562 0.0000000000
64750  -3.569  -20.684  53.673 0.0000000000
64751  -4.081  -20.234  54.977 0.0000000000
64752  -5.404  -19.554  54.353 0.0000000000
64753  -6.574  -19.745  53.233 0.0000000000
64754  -12.851  -20.215  51.192 0.0000000000
64769  -3.024  -20.790  51.894 0.0000000000
64770  -2.768  -21.410  50.787 0.0000000000
64771  -5.714  -18.685  54.193 0.0000000000
64772  -6.711  -19.036  52.909 0.0000000000
64773  -8.229  -19.018  51.647 0.0000000000
64774  -9.000  -19.542  51.205 0.0000000000
64775  -12.396  -20.289  50.678 0.0000000000
64776  -12.589  -20.361  50.883 0.0000000000
64792  -3.003  -20.173  51.523 0.0000000000
64793  -2.829  -20.827  49.997 0.0000000000
64794  -3.291  -21.693  48.681 0.0000000000
64795  -4.125  -21.926  48.576 0.0000000000
64796  -8.946  -18.470  50.969 0.0000000000
64797  -9.670  -18.944  50.705 0.0000000000
64798  -10.745  -18.991  50.251 0.0000000000
64799  -11.495  -19.387  50.213 0.0000000000
64800  -12.132  -19.994  50.433 0.0000000000
64801  -12.431  -20.038  50.595 0.0000000000
64806  -2.919  -20.453  48.809 0.0000000000
64807  -3.353  -20.994  47.972 0.0000000000
64808  -4.525  -21.575  48.030 0.0000000000
64812  -4.210  -20.679  46.700 0.0000000000
64813  -5.003  -21.322  47.055 0.0000000000
64818  -5.048  -20.403  45.806 0.0000000000
64819  -5.666  -21.043  46.255 0.0000000000
64824  -4.780  -19.667  44.770 0.0000000000
64825  -5.477  -20.378  45.254 0.0000000000
64826  -6.092  -20.972  45.770 0.0000000000
64836  -4.014  -19.619  43.647 0.0000000000
64837  -4.613  -19.989  44.127 0.0000000000
64838  -5.196  -20.297  44.744 0.0000000000
64850  -3.662  -19.889  42.996 0.0000000000
64851  -4.112  -20.158  43.484 0.0000000000
64854  -3.303  -19.977  42.251 0.0000000000
64855  -3.263  -19.698  41.871 0.0000000000
64856  -3.267  -19.538  41.560 0.0000000000
64860  -3.176  -20.315  41.579 0.0000000000
64861  -3.178  -20.182  41.204 0.0000000000
65640  -5.863  -19.241  55.072 0.0000000000
65644  -6.111  -17.917  54.964 0.0000000000
65645  -6.599  -18.582  54.548 0.0000000000
65646  -7.845  -18.714  53.674 0.0000000000
65647  -8.473  -19.437  53.623 0.0000000000
65652  -8.484  -18.144  53.332 0.0000000000
65653  -8.990  -18.743  53.234 0.0000000000
65654  -9.873  -18.751  52.848 0.0000000000
65659  -10.523  -18.762  52.594 0.0000000000
65660  -11.101  -18.773  52.393 0.0000000000
65664  -11.725  -18.874  52.165 0.0000000000
65668  -12.224  -18.902  51.906 0.0000000000
65669  -12.479  -18.963  51.683 0.0000000000
65673  -12.656  -19.081  51.390 0.0000000000
65682  -3.768  -19.587  54.421 0.0000000000
65683  -4.533  -19.047  54.981 0.0000000000
65684  -5.180  -18.816  54.724 0.0000000000
65685  -12.733  -19.240  51.058 0.0000000000
65706  -3.134  -19.724  53.261 0.0000000000
65707  -3.941  -18.518  54.209 0.0000000000
65708  -5.157  -18.326  54.408 0.0000000000
65709  -6.474  -18.114  52.926 0.0000000000
65710  -7.455  -18.499  52.213 0.0000000000
65711  -12.601  -19.416  50.778 0.0000000000
65727  -2.752  -19.912  52.354 0.0000000000
65728  -3.023  -19.288  51.996 0.0000000000
65729  -7.336  -17.555  52.327 0.0000000000
65730  -8.208  -17.987  51.466 0.0000000000
65731  -9.513  -18.050  50.539 0.0000000000
65732  -10.527  -18.095  50.251 0.0000000000
65733  -11.330  -18.297  50.201 0.0000000000
65734  -11.985  -18.990  50.274 0.0000000000
65735  -12.376  -19.574  50.544 0.0000000000
65740  -3.014  -19.572  49.278 0.0000000000
65741  -3.042  -20.319  48.342 0.0000000000
65742  -10.850  -17.719  50.199 0.0000000000
65743  -11.013  -17.903  50.210 0.0000000000
65748  -3.214  -19.128  47.553 0.0000000000
65749  -3.245  -20.125  47.590 0.0000000000
65756  -3.476  -18.860  46.097 0.0000000000
65757  -3.671  -19.892  46.302 0.0000000000
65763  -4.142  -18.783  45.008 0.0000000000
65764  -4.574  -19.610  45.402 0.0000000000
65773  -3.744  -19.045  43.507 0.0000000000
65774  -4.186  -19.139  44.218 0.0000000000
65790  -3.448  -19.139  42.909 0.0000000000
65791  -3.401  -18.724  42.738 0.0000000000
65801  -3.337  -19.283  42.391 0.0000000000
65802  -3.390  -18.897  42.220 0.0000000000
66601  -5.759  -17.324  55.157 0.0000000000
66602  -6.388  -17.278  54.250 0.0000000000
66603  -7.294  -17.522  53.688 0.0000000000
66608  -8.181  -17.536  53.416 0.0000000000
66609  -8.894  -17.502  53.134 0.0000000000
66610  -9.578  -17.657  52.845 0.0000000000
66615  -10.203  -17.715  52.551 0.0000000000
66616  -10.725  -17.776  52.242 0.0000000000
66621  -11.230  -17.877  51.914 0.0000000000
66626  -11.842  -17.941  51.615 0.0000000000
66627  -12.228  -18.459  51.601 0.0000000000
66644  -12.021  -17.440  51.382 0.0000000000
66645  -12.251  -18.038  51.302 0.0000000000
66666  -12.450  -18.252  50.995 0.0000000000
66686  -4.177  -17.616  54.463 0.0000000000
66687  -4.950  -17.681  54.320 0.0000000000
66688  -5.702  -17.683  54.089 0.0000000000
66689  -12.419  -18.469  50.748 0.0000000000
66694  -3.637  -17.674  53.389 0.0000000000
66695  -4.857  -17.219  54.001 0.0000000000
66696  -6.362  -17.217  53.113 0.0000000000
66697  -8.088  -17.120  51.598 0.0000000000
66698  -9.490  -17.276  50.539 0.0000000000
66699  -10.068  -17.679  50.286 0.0000000000
66700  -11.405  -17.522  50.310 0.0000000000
66701  -11.844  -18.062  50.340 0.0000000000
66702  -12.249  -18.701  50.508 0.0000000000
66709  -2.967  -18.363  51.082 0.0000000000
66710  -10.215  -17.045  50.300 0.0000000000
66711  -10.546  -17.410  50.249 0.0000000000
66712  -11.089  -17.637  50.242 0.0000000000
66721  -3.299  -18.236  49.216 0.0000000000
66729  -3.282  -18.015  47.397 0.0000000000
66734  -3.436  -17.794  45.829 0.0000000000
66742  -3.581  -18.652  43.407 0.0000000000
66743  -3.699  -18.049  44.179 0.0000000000
66756  -3.507  -18.467  43.213 0.0000000000
66757  -3.372  -17.880  43.066 0.0000000000
67484  -5.200  -16.116  55.816 0.0000000000
67485  -5.953  -15.568  55.120 0.0000000000
67492  -5.508  -16.729  55.401 0.0000000000
67493  -6.239  -16.205  54.873 0.0000000000
67494  -7.477  -16.170  53.805 0.0000000000
67495  -8.459  -15.652  53.700 0.0000000000
67499  -7.817  -16.874  53.420 0.0000000000
67500  -8.672  -16.362  53.463 0.0000000000
67501  -9.561  -16.550  53.132 0.0000000000
67511  -10.105  -16.657  52.795 0.0000000000
67512  -10.583  -16.646  52.409 0.0000000000
67526  -10.978  -16.819  51.968 0.0000000000
67541  -11.405  -17.024  51.668 0.0000000000
67557  -11.764  -16.939  51.474 0.0000000000
67558  -11.987  -16.937  51.278 0.0000000000
67566  -12.147  -17.236  51.052 0.0000000000
67573  -12.203  -17.489  50.813 0.0000000000
67584  -3.591  -16.674  53.573 0.0000000000
67585  -4.677  -16.793  54.259 0.0000000000
67586  -6.164  -16.523  53.325 0.0000000000
67587  -7.769  -16.438  51.905 0.0000000000
67588  -9.049  -16.524  50.782 0.0000000000
67589  -11.253  -16.853  50.403 0.0000000000
67590  -11.698  -17.201  50.443 0.0000000000
67591  -12.086  -17.758  50.550 0.0000000000
67604  -3.127  -17.249  51.404 0.0000000000
67605  -9.956  -16.687  50.312 0.0000000000
67606  -10.574  -16.884  50.269 0.0000000000
67607  -11.007  -17.153  50.257 0.0000000000
67617  -3.484  -17.283  48.913 0.0000000000
67623  -3.301  -16.887  47.309 0.0000000000
67627  -3.610  -16.666  45.593 0.0000000000
67635  -3.332  -16.644  44.155 0.0000000000
68410  -6.226  -14.838  55.340 0.0000000000
68411  -7.933  -14.303  54.915 0.0000000000
68412  -8.806  -14.145  54.705 0.0000000000
68426  -6.249  -15.357  54.796 0.0000000000
68427  -7.066  -15.204  54.517 0.0000000000
68428  -8.735  -14.761  54.107 0.0000000000
68429  -9.738  -14.476  54.027 0.0000000000
68441  -8.950  -15.470  53.701 0.0000000000
68442  -9.853  -15.190  53.564 0.0000000000
68443  -10.736  -14.730  53.407 0.0000000000
68454  -10.118  -15.990  53.163 0.0000000000
68455  -10.733  -15.529  53.034 0.0000000000
68465  -11.273  -15.613  52.452 0.0000000000
68466  -11.749  -15.043  52.541 0.0000000000
68473  -11.355  -16.166  51.846 0.0000000000
68474  -11.702  -15.337  52.207 0.0000000000
68483  -11.552  -16.493  51.626 0.0000000000
68484  -11.659  -15.934  51.606 0.0000000000
68494  -11.822  -16.197  51.300 0.0000000000
68506  -4.046  -15.637  54.886 0.0000000000
68507  -4.285  -15.805  54.916 0.0000000000
68508  -11.952  -16.626  51.056 0.0000000000
68521  -3.783  -15.840  54.182 0.0000000000
68522  -4.630  -16.160  54.505 0.0000000000
68523  -6.008  -15.974  53.617 0.0000000000
68524  -7.599  -15.742  52.250 0.0000000000
68525  -9.020  -15.787  51.031 0.0000000000
68526  -10.136  -15.775  50.504 0.0000000000
68527  -10.906  -16.119  50.487 0.0000000000
68528  -11.461  -16.394  50.626 0.0000000000
68529  -11.841  -16.708  50.790 0.0000000000
68538  -3.161  -16.088  52.408 0.0000000000
68539  -9.744  -16.190  50.421 0.0000000000
68540  -10.429  -16.380  50.329 0.0000000000
68541  -10.877  -16.687  50.332 0.0000000000
68546  -3.525  -16.136  49.521 0.0000000000
68551  -3.332  -15.685  47.087 0.0000000000
68555  -3.278  -15.468  45.294 0.0000000000
69370  -5.756  -14.112  56.285 0.0000000000
69371  -7.659  -13.647  55.969 0.0000000000
69372  -9.246  -13.656  55.284 0.0000000000
69373  -10.137  -13.406  55.151 0.0000000000
69380  -9.255  -14.032  54.638 0.0000000000
69381  -10.117  -13.802  54.538 0.0000000000
69382  -11.012  -13.508  54.405 0.0000000000
69390  -10.145  -14.293  53.936 0.0000000000
69391  -10.834  -14.023  53.831 0.0000000000
69400  -11.417  -14.335  53.260 0.0000000000
69401  -11.997  -14.058  53.173 0.0000000000
69407  -11.354  -15.026  52.922 0.0000000000
69408  -11.792  -14.643  52.854 0.0000000000
69412  -12.005  -14.605  52.573 0.0000000000
69418  -11.951  -14.796  52.202 0.0000000000
69428  -11.849  -15.050  51.858 0.0000000000
69438  -4.223  -15.208  54.479 0.0000000000
69439  -4.696  -15.212  54.975 0.0000000000
69440  -5.921  -14.913  54.418 0.0000000000
69441  -6.948  -14.645  53.372 0.0000000000
69442  -11.473  -14.877  51.675 0.0000000000
69443  -11.614  -15.542  51.558 0.0000000000
69450  -3.335  -15.124  53.287 0.0000000000
69451  -5.025  -15.598  54.739 0.0000000000
69452  -5.951  -15.431  53.986 0.0000000000
69453  -7.447  -14.991  52.686 0.0000000000
69454  -8.753  -14.988  51.605 0.0000000000
69455  -9.884  -15.134  51.068 0.0000000000
69456  -10.667  -15.363  50.894 0.0000000000
69457  -11.229  -15.502  51.175 0.0000000000
69458  -11.569  -16.039  50.966 0.0000000000
69462  -3.210  -15.081  51.284 0.0000000000
69465  -3.716  -14.758  48.666 0.0000000000
69468  -3.709  -13.716  46.170 0.0000000000
69469  -3.664  -14.347  46.466 0.0000000000
69474  -3.368  -13.719  45.722 0.0000000000
69475  -3.199  -14.261  44.927 0.0000000000
70305  -9.007  -12.986  56.172 0.0000000000
70306  -10.321  -12.910  55.448 0.0000000000
70307  -11.049  -12.531  55.147 0.0000000000
70312  -10.500  -13.284  55.059 0.0000000000
70313  -11.077  -13.003  54.822 0.0000000000
70319  -11.720  -13.210  54.213 0.0000000000
70320  -12.333  -12.911  54.017 0.0000000000
70328  -11.596  -13.729  53.722 0.0000000000
70329  -12.202  -13.458  53.576 0.0000000000
70336  -12.324  -13.850  52.995 0.0000000000
70345  -12.276  -14.058  52.605 0.0000000000
70355  -12.232  -13.992  52.363 0.0000000000
70363  -12.055  -14.095  52.126 0.0000000000
70367  -4.164  -14.239  54.017 0.0000000000
70368  -4.580  -14.552  55.422 0.0000000000
70369  -5.800  -14.233  54.872 0.0000000000
70370  -7.306  -13.839  53.577 0.0000000000
70371  -8.823  -13.543  52.833 0.0000000000
70372  -9.908  -13.577  52.333 0.0000000000
70373  -10.727  -13.818  52.082 0.0000000000
70374  -11.311  -14.267  51.836 0.0000000000
70375  -11.804  -14.111  51.977 0.0000000000
70378  -2.961  -14.128  52.613 0.0000000000
70379  -7.891  -14.223  52.824 0.0000000000
70380  -8.840  -14.275  52.280 0.0000000000
70381  -9.855  -14.400  51.731 0.0000000000
70382  -10.613  -14.728  51.501 0.0000000000
70383  -10.969  -15.029  51.369 0.0000000000
70386  -3.525  -13.851  50.182 0.0000000000
70389  -3.970  -12.863  47.019 0.0000000000
70390  -3.821  -13.466  47.721 0.0000000000
70394  -3.760  -13.168  46.252 0.0000000000
70395  -3.856  -13.668  46.591 0.0000000000
70401  -3.273  -13.228  45.252 0.0000000000
71237  -10.939  -12.147  55.406 0.0000000000
71245  -11.624  -12.149  54.844 0.0000000000
71246  -12.110  -11.804  54.566 0.0000000000
71255  -11.719  -12.654  54.569 0.0000000000
71256  -12.286  -12.315  54.347 0.0000000000
71268  -12.739  -12.608  53.796 0.0000000000
71283  -12.737  -13.037  53.317 0.0000000000
71297  -12.694  -13.146  52.849 0.0000000000
71301  -12.548  -13.008  52.509 0.0000000000
71305  -4.000  -12.587  55.664 0.0000000000
71306  -5.254  -12.726  55.724 0.0000000000
71307  -6.364  -12.629  55.287 0.0000000000
71308  -12.273  -12.960  52.305 0.0000000000
71311  -3.232  -13.007  54.154 0.0000000000
71312  -4.261  -13.605  55.487 0.0000000000
71313  -5.505  -13.509  55.337 0.0000000000
71314  -7.154  -12.964  54.489 0.0000000000
71315  -8.678  -12.723  53.369 0.0000000000
71316  -9.905  -12.658  52.747 0.0000000000
71317  -10.812  -12.720  52.454 0.0000000000
71318  -11.445  -12.843  52.288 0.0000000000
71319  -11.903  -12.928  52.232 0.0000000000
71321  -3.168  -12.953  51.645 0.0000000000
71323  -3.636  -12.704  49.348 0.0000000000
71325  -3.853  -12.355  46.625 0.0000000000
71326  -3.916  -12.471  47.710 0.0000000000
71329  -3.478  -12.397  45.695 0.0000000000
72180  -12.884  -11.723  53.978 0.0000000000
72188  -13.039  -12.097  53.326 0.0000000000
72196  -12.944  -12.028  52.786 0.0000000000
72217  -3.461  -11.866  50.530 0.0000000000
72220  -3.700  -11.186  47.454 0.0000000000
72221  -3.815  -11.651  48.613 0.0000000000
72224  -3.559  -11.505  46.341 0.0000000000
72225  -3.928  -11.826  47.288 0.0000000000
