#!ascii label  , from subject Yale_0050551 vox2ras=TkReg
1003
106204  -17.387  44.070  -3.883 0.0000000000
106205  -18.061  43.760  -3.962 0.0000000000
106216  -18.843  43.443  -3.847 0.0000000000
106860  -27.708  47.056  -0.935 0.0000000000
106861  -27.739  46.812  -0.982 0.0000000000
106881  -16.817  45.234  -2.231 0.0000000000
106882  -17.194  45.356  -2.645 0.0000000000
106883  -27.498  46.730  -1.530 0.0000000000
106884  -27.627  46.701  -1.327 0.0000000000
106901  -17.067  44.842  -2.764 0.0000000000
106902  -17.399  45.080  -3.301 0.0000000000
106903  -18.130  44.966  -3.670 0.0000000000
106904  -19.075  45.237  -3.593 0.0000000000
106905  -27.241  46.318  -2.040 0.0000000000
106918  -18.661  44.457  -3.766 0.0000000000
106919  -19.757  44.655  -3.672 0.0000000000
106920  -21.014  44.453  -3.855 0.0000000000
107507  -27.112  48.421  1.417 0.0000000000
107508  -27.174  48.270  1.239 0.0000000000
107509  -27.278  47.980  0.818 0.0000000000
107510  -27.451  47.660  0.335 0.0000000000
107524  -17.545  45.631  -1.595 0.0000000000
107525  -18.138  46.009  -1.788 0.0000000000
107526  -27.169  48.710  0.643 0.0000000000
107527  -27.294  48.508  0.864 0.0000000000
107528  -27.618  47.953  0.160 0.0000000000
107529  -27.774  47.388  -0.547 0.0000000000
107530  -27.902  47.030  -0.685 0.0000000000
107548  -17.426  45.623  -2.157 0.0000000000
107549  -18.070  45.921  -2.590 0.0000000000
107550  -18.847  46.229  -2.828 0.0000000000
107551  -27.097  48.634  0.153 0.0000000000
107552  -27.399  48.184  -0.739 0.0000000000
107553  -27.529  47.122  -1.294 0.0000000000
107554  -27.618  47.111  -1.018 0.0000000000
107566  -18.206  45.655  -3.225 0.0000000000
107567  -19.192  45.957  -3.227 0.0000000000
107568  -20.147  45.980  -3.542 0.0000000000
107569  -27.056  47.384  -2.368 0.0000000000
107570  -26.738  46.135  -2.406 0.0000000000
107580  -21.153  45.831  -3.759 0.0000000000
107581  -22.261  45.748  -3.894 0.0000000000
107582  -23.728  45.806  -3.707 0.0000000000
107583  -25.578  46.284  -3.119 0.0000000000
108138  -25.854  48.813  2.665 0.0000000000
108139  -25.959  48.432  2.676 0.0000000000
108140  -26.027  48.286  2.635 0.0000000000
108141  -26.183  48.265  2.479 0.0000000000
108151  -26.774  49.094  1.929 0.0000000000
108152  -26.816  48.547  1.865 0.0000000000
108153  -26.717  48.255  1.883 0.0000000000
108154  -26.867  48.093  1.663 0.0000000000
108155  -27.622  47.953  0.386 0.0000000000
108168  -18.361  46.321  -1.392 0.0000000000
108169  -18.809  46.911  -2.228 0.0000000000
108170  -19.629  47.553  -2.357 0.0000000000
108171  -26.937  49.040  0.536 0.0000000000
108172  -27.077  48.784  1.424 0.0000000000
108188  -18.917  46.531  -2.511 0.0000000000
108189  -20.062  47.174  -2.673 0.0000000000
108190  -21.401  47.962  -2.911 0.0000000000
108191  -27.234  49.030  -0.979 0.0000000000
108192  -27.118  48.493  -2.153 0.0000000000
108206  -20.257  46.619  -3.207 0.0000000000
108207  -21.741  47.371  -3.418 0.0000000000
108208  -23.131  48.062  -3.485 0.0000000000
108209  -26.331  47.836  -2.984 0.0000000000
108218  -22.104  46.580  -3.795 0.0000000000
108219  -23.247  47.228  -3.707 0.0000000000
108220  -24.759  47.296  -3.552 0.0000000000
108221  -25.636  47.493  -3.366 0.0000000000
108757  -24.234  49.307  4.870 0.0000000000
108758  -24.249  49.094  4.659 0.0000000000
108759  -24.382  48.534  4.325 0.0000000000
108760  -24.728  48.635  4.017 0.0000000000
108761  -24.998  48.766  3.704 0.0000000000
108765  -24.576  49.455  4.453 0.0000000000
108766  -25.048  49.105  3.724 0.0000000000
108767  -25.150  48.527  3.480 0.0000000000
108768  -25.296  48.371  3.299 0.0000000000
108769  -25.776  48.580  3.152 0.0000000000
108770  -26.094  48.850  2.527 0.0000000000
108775  -25.344  49.866  3.561 0.0000000000
108776  -26.059  49.477  2.756 0.0000000000
108777  -26.353  48.499  2.383 0.0000000000
108778  -26.959  48.673  1.792 0.0000000000
108787  -18.386  46.712  -1.439 0.0000000000
108788  -18.835  47.368  -1.985 0.0000000000
108789  -19.526  47.890  -2.196 0.0000000000
108790  -25.863  50.294  2.374 0.0000000000
108791  -26.412  50.004  1.003 0.0000000000
108808  -20.376  48.214  -2.286 0.0000000000
108809  -21.492  48.710  -2.544 0.0000000000
108810  -22.838  49.645  -2.705 0.0000000000
108811  -26.733  49.917  -1.161 0.0000000000
108812  -26.926  49.264  -2.122 0.0000000000
108827  -22.246  48.626  -3.047 0.0000000000
108828  -23.814  49.203  -3.146 0.0000000000
108829  -25.713  49.349  -2.744 0.0000000000
108830  -26.436  48.695  -2.750 0.0000000000
108834  -23.679  48.247  -3.453 0.0000000000
108835  -24.495  48.321  -3.401 0.0000000000
108836  -25.636  48.222  -3.281 0.0000000000
109385  -22.520  48.816  6.905 0.0000000000
109386  -22.920  48.877  6.683 0.0000000000
109387  -23.439  48.896  6.280 0.0000000000
109388  -23.771  48.954  5.972 0.0000000000
109403  -22.714  48.848  6.473 0.0000000000
109404  -23.121  48.845  6.288 0.0000000000
109405  -23.602  48.813  5.990 0.0000000000
109406  -23.866  48.816  5.621 0.0000000000
109407  -24.109  49.064  5.022 0.0000000000
109411  -23.072  49.245  5.928 0.0000000000
109412  -24.016  49.279  5.336 0.0000000000
109413  -23.989  48.775  5.130 0.0000000000
109414  -24.206  48.764  4.744 0.0000000000
109415  -24.553  49.050  4.335 0.0000000000
109416  -25.117  49.148  3.669 0.0000000000
109417  -25.643  49.462  3.305 0.0000000000
109421  -23.688  50.130  5.098 0.0000000000
109422  -24.478  50.281  4.178 0.0000000000
109423  -25.670  49.061  3.015 0.0000000000
109424  -26.410  49.450  2.483 0.0000000000
109425  -27.270  50.007  1.852 0.0000000000
109431  -25.084  50.825  2.818 0.0000000000
109432  -27.145  49.336  1.546 0.0000000000
109443  -19.008  47.813  -2.054 0.0000000000
109444  -19.630  48.403  -2.165 0.0000000000
109445  -20.407  48.765  -2.100 0.0000000000
109446  -25.676  51.387  0.900 0.0000000000
109447  -26.216  50.919  -0.809 0.0000000000
109461  -21.206  49.306  -2.244 0.0000000000
109462  -22.432  50.144  -2.254 0.0000000000
109463  -24.383  50.968  -1.742 0.0000000000
109464  -25.667  50.377  -2.120 0.0000000000
109478  -24.722  50.120  -2.499 0.0000000000
109479  -25.037  49.828  -2.723 0.0000000000
110081  -20.960  49.155  8.100 0.0000000000
110082  -21.570  49.073  8.119 0.0000000000
110083  -22.148  49.119  7.865 0.0000000000
110084  -22.448  49.174  7.640 0.0000000000
110103  -21.292  49.396  7.318 0.0000000000
110104  -21.790  48.887  7.503 0.0000000000
110105  -22.260  48.916  7.407 0.0000000000
110106  -22.828  49.086  7.098 0.0000000000
110107  -23.658  49.479  6.010 0.0000000000
110108  -24.171  49.931  5.547 0.0000000000
110117  -21.785  50.284  6.241 0.0000000000
110118  -22.311  49.328  6.670 0.0000000000
110119  -23.897  49.143  5.549 0.0000000000
110120  -24.416  49.691  4.960 0.0000000000
110121  -25.036  50.137  4.665 0.0000000000
110125  -22.305  51.161  4.912 0.0000000000
110126  -22.853  50.303  5.574 0.0000000000
110127  -24.748  49.389  4.245 0.0000000000
110128  -25.324  49.849  4.129 0.0000000000
110129  -26.311  50.109  3.429 0.0000000000
110133  -22.691  51.940  4.148 0.0000000000
110134  -23.568  51.564  3.863 0.0000000000
110135  -24.409  51.130  3.273 0.0000000000
110136  -26.993  50.535  2.620 0.0000000000
110144  -23.871  52.478  2.541 0.0000000000
110145  -24.377  51.866  1.951 0.0000000000
110156  -19.285  48.356  -2.181 0.0000000000
110157  -20.022  48.971  -2.002 0.0000000000
110158  -20.635  49.413  -2.062 0.0000000000
110159  -20.992  49.495  -2.105 0.0000000000
110160  -24.549  52.095  -0.075 0.0000000000
110172  -20.238  49.784  -2.150 0.0000000000
110173  -20.916  50.347  -2.008 0.0000000000
110174  -21.725  50.508  -1.966 0.0000000000
110175  -23.161  51.243  -1.476 0.0000000000
110176  -23.979  51.666  -0.979 0.0000000000
110788  -20.745  49.552  9.101 0.0000000000
110789  -20.989  49.554  9.066 0.0000000000
110800  -19.826  49.777  8.230 0.0000000000
110801  -20.188  49.570  8.484 0.0000000000
110802  -20.790  49.435  8.834 0.0000000000
110803  -21.559  49.421  8.607 0.0000000000
110804  -22.259  49.603  7.849 0.0000000000
110805  -22.549  50.325  7.237 0.0000000000
110806  -31.756  50.886  7.304 0.0000000000
110807  -32.129  50.404  7.631 0.0000000000
110808  -32.978  49.469  7.730 0.0000000000
110822  -19.715  50.203  7.696 0.0000000000
110823  -20.372  49.527  7.861 0.0000000000
110824  -22.548  49.360  7.356 0.0000000000
110825  -23.019  50.019  6.739 0.0000000000
110826  -24.457  50.411  6.007 0.0000000000
110827  -25.186  50.979  5.782 0.0000000000
110828  -31.569  51.497  6.578 0.0000000000
110829  -32.223  50.198  6.971 0.0000000000
110830  -32.899  49.173  7.288 0.0000000000
110837  -20.179  51.024  6.602 0.0000000000
110838  -20.781  50.343  7.019 0.0000000000
110839  -24.480  50.183  5.373 0.0000000000
110840  -25.326  50.732  5.144 0.0000000000
110841  -26.033  51.409  4.778 0.0000000000
110842  -31.753  52.041  5.133 0.0000000000
110843  -32.423  50.646  5.926 0.0000000000
110848  -20.388  51.457  5.878 0.0000000000
110849  -21.116  51.303  5.547 0.0000000000
110850  -25.483  50.386  4.544 0.0000000000
110851  -26.341  51.152  4.133 0.0000000000
110852  -26.898  52.294  3.602 0.0000000000
110856  -21.999  52.071  4.206 0.0000000000
110857  -22.742  52.547  3.392 0.0000000000
110858  -26.743  50.876  3.312 0.0000000000
110859  -27.296  51.944  2.855 0.0000000000
110860  -28.253  52.409  1.776 0.0000000000
110866  -23.333  52.778  2.503 0.0000000000
110867  -23.734  52.828  1.627 0.0000000000
110875  -24.002  52.690  0.539 0.0000000000
110884  -20.634  50.361  -1.498 0.0000000000
110885  -21.128  51.178  -1.534 0.0000000000
110886  -21.744  51.652  -1.450 0.0000000000
110887  -22.734  51.797  -1.062 0.0000000000
110888  -23.652  52.058  -0.549 0.0000000000
111457  -19.308  50.300  9.015 0.0000000000
111458  -19.697  50.171  9.084 0.0000000000
111459  -20.561  49.816  9.155 0.0000000000
111460  -21.339  49.937  9.095 0.0000000000
111461  -21.752  50.275  8.729 0.0000000000
111462  -30.393  52.398  8.611 0.0000000000
111463  -30.681  52.377  8.442 0.0000000000
111464  -31.164  52.036  8.206 0.0000000000
111465  -31.676  51.538  8.052 0.0000000000
111466  -32.264  50.964  8.183 0.0000000000
111479  -18.468  50.591  8.509 0.0000000000
111480  -19.160  50.256  8.616 0.0000000000
111481  -20.153  49.754  8.926 0.0000000000
111482  -20.472  49.572  9.059 0.0000000000
111483  -21.825  49.854  8.585 0.0000000000
111484  -22.170  50.366  7.979 0.0000000000
111485  -22.770  50.879  7.124 0.0000000000
111486  -23.542  51.148  6.829 0.0000000000
111487  -30.475  52.503  8.256 0.0000000000
111488  -31.190  51.785  7.671 0.0000000000
111489  -31.647  51.173  7.963 0.0000000000
111490  -32.275  50.554  7.964 0.0000000000
111491  -33.148  50.062  8.027 0.0000000000
111503  -17.721  50.890  7.941 0.0000000000
111504  -18.154  50.782  8.141 0.0000000000
111505  -18.854  50.501  7.848 0.0000000000
111506  -23.137  50.680  6.887 0.0000000000
111507  -24.163  51.034  6.532 0.0000000000
111508  -25.086  51.431  5.965 0.0000000000
111509  -30.244  52.604  7.379 0.0000000000
111510  -30.700  52.307  6.753 0.0000000000
111517  -17.790  51.011  7.636 0.0000000000
111518  -18.410  50.951  7.415 0.0000000000
111519  -19.305  51.048  7.116 0.0000000000
111520  -25.560  51.644  5.550 0.0000000000
111521  -25.980  51.981  5.062 0.0000000000
111522  -26.414  52.734  4.729 0.0000000000
111523  -29.857  53.112  6.205 0.0000000000
111524  -30.661  52.716  5.618 0.0000000000
111530  -18.070  51.452  6.882 0.0000000000
111531  -18.884  51.631  6.495 0.0000000000
111532  -19.782  51.636  5.905 0.0000000000
111533  -20.484  51.817  5.213 0.0000000000
111534  -26.356  51.999  4.608 0.0000000000
111535  -26.908  52.787  4.201 0.0000000000
111536  -27.607  53.585  3.898 0.0000000000
111537  -29.059  53.517  4.527 0.0000000000
111538  -30.753  53.103  4.077 0.0000000000
111541  -18.493  51.977  5.885 0.0000000000
111542  -19.139  51.989  4.982 0.0000000000
111543  -20.065  52.208  4.465 0.0000000000
111544  -21.094  52.426  4.046 0.0000000000
111545  -22.003  52.765  3.236 0.0000000000
111546  -27.319  52.910  3.435 0.0000000000
111547  -28.106  53.418  2.844 0.0000000000
111548  -29.706  53.448  2.914 0.0000000000
111553  -19.597  52.484  3.541 0.0000000000
111554  -20.466  52.846  2.919 0.0000000000
111555  -21.475  53.064  2.415 0.0000000000
111556  -22.538  53.234  2.140 0.0000000000
111557  -23.235  53.259  1.545 0.0000000000
111564  -20.017  52.503  1.857 0.0000000000
111565  -20.938  52.503  1.189 0.0000000000
111566  -21.788  52.823  0.862 0.0000000000
111567  -22.604  53.004  0.697 0.0000000000
111568  -23.354  52.964  0.673 0.0000000000
111572  -20.452  51.369  -0.254 0.0000000000
111573  -21.173  51.851  -0.404 0.0000000000
111574  -21.811  52.352  -0.523 0.0000000000
111575  -22.606  52.389  -0.312 0.0000000000
111576  -23.289  52.422  -0.143 0.0000000000
112105  -28.810  52.845  9.521 0.0000000000
112106  -29.296  52.429  9.619 0.0000000000
112107  -29.792  52.410  9.505 0.0000000000
112108  -30.333  52.484  9.290 0.0000000000
112109  -30.530  52.724  9.012 0.0000000000
112122  -18.403  51.102  9.052 0.0000000000
112123  -19.148  50.687  9.122 0.0000000000
112124  -20.030  50.620  9.343 0.0000000000
112125  -20.886  50.579  9.288 0.0000000000
112126  -21.511  50.641  9.014 0.0000000000
112127  -21.915  50.808  8.331 0.0000000000
112128  -28.911  53.456  8.494 0.0000000000
112129  -29.397  52.930  8.801 0.0000000000
112130  -30.003  52.301  8.848 0.0000000000
112131  -30.441  52.520  8.716 0.0000000000
112132  -30.928  52.386  8.482 0.0000000000
112133  -31.794  51.833  8.179 0.0000000000
112134  -32.677  51.183  8.232 0.0000000000
112147  -17.450  51.337  8.426 0.0000000000
112148  -18.182  50.878  8.653 0.0000000000
112149  -18.677  50.683  8.910 0.0000000000
112150  -22.520  51.149  7.435 0.0000000000
112151  -23.462  51.473  6.932 0.0000000000
112152  -24.377  51.653  6.613 0.0000000000
112153  -28.754  53.582  7.839 0.0000000000
112154  -29.012  53.392  7.633 0.0000000000
112155  -29.854  52.955  8.056 0.0000000000
112167  -16.909  51.838  7.494 0.0000000000
112168  -17.454  51.151  7.947 0.0000000000
112169  -17.737  50.958  8.336 0.0000000000
112170  -25.202  51.999  6.181 0.0000000000
112171  -25.924  52.743  5.669 0.0000000000
112172  -27.039  53.516  5.813 0.0000000000
112173  -27.852  53.836  6.033 0.0000000000
112174  -28.630  53.629  6.471 0.0000000000
112175  -29.377  53.108  6.952 0.0000000000
112183  -17.070  52.127  6.502 0.0000000000
112184  -17.467  51.536  7.176 0.0000000000
112185  -25.824  52.383  5.275 0.0000000000
112186  -26.292  52.902  5.183 0.0000000000
112187  -27.099  53.565  4.984 0.0000000000
112188  -28.138  53.773  5.493 0.0000000000
112189  -28.910  53.541  5.791 0.0000000000
112195  -17.457  52.145  5.143 0.0000000000
112196  -17.859  52.051  6.111 0.0000000000
112197  -27.275  53.556  4.366 0.0000000000
112198  -27.890  53.659  4.687 0.0000000000
112199  -28.480  53.649  5.116 0.0000000000
112202  -18.120  52.356  3.627 0.0000000000
112203  -18.486  52.203  4.421 0.0000000000
112204  -19.052  52.292  3.989 0.0000000000
112207  -19.167  52.405  2.121 0.0000000000
112208  -19.101  52.449  2.518 0.0000000000
112209  -19.269  52.509  2.896 0.0000000000
112213  -20.043  51.793  1.021 0.0000000000
112214  -19.905  52.075  1.369 0.0000000000
112219  -20.332  51.593  0.242 0.0000000000
112714  -27.816  52.882  10.878 0.0000000000
112715  -28.172  52.738  10.932 0.0000000000
112716  -28.799  52.589  10.967 0.0000000000
112717  -29.354  52.634  10.869 0.0000000000
112724  -27.874  53.213  10.103 0.0000000000
112725  -28.090  53.006  10.252 0.0000000000
112726  -28.685  52.546  10.323 0.0000000000
112727  -29.264  52.451  10.310 0.0000000000
112728  -29.862  52.640  10.216 0.0000000000
112729  -30.453  52.752  9.678 0.0000000000
112742  -18.234  51.518  9.153 0.0000000000
112743  -18.711  51.460  9.235 0.0000000000
112744  -19.521  51.461  9.356 0.0000000000
112745  -20.456  51.398  9.280 0.0000000000
112746  -21.252  51.293  9.030 0.0000000000
112747  -21.633  51.121  8.600 0.0000000000
112748  -28.128  53.560  9.675 0.0000000000
112749  -28.565  53.588  9.097 0.0000000000
112750  -30.741  52.929  8.941 0.0000000000
112751  -31.350  52.625  8.488 0.0000000000
112752  -32.180  52.200  8.296 0.0000000000
112762  -16.654  52.272  8.208 0.0000000000
112763  -16.936  52.009  8.404 0.0000000000
112764  -17.737  51.697  8.904 0.0000000000
112765  -21.589  51.557  8.415 0.0000000000
112766  -22.147  51.521  7.696 0.0000000000
112767  -23.399  51.884  7.031 0.0000000000
112768  -24.381  52.068  6.546 0.0000000000
112769  -28.219  54.010  8.338 0.0000000000
112770  -28.407  53.773  7.775 0.0000000000
112771  -28.535  53.618  7.375 0.0000000000
112781  -16.566  52.246  7.896 0.0000000000
112782  -16.983  51.645  8.092 0.0000000000
112783  -25.246  52.313  6.141 0.0000000000
112784  -26.126  53.082  5.749 0.0000000000
112785  -27.383  53.804  6.618 0.0000000000
112786  -27.959  53.736  6.737 0.0000000000
112787  -28.400  53.602  6.867 0.0000000000
112794  -15.964  52.820  6.590 0.0000000000
112795  -16.255  52.601  6.910 0.0000000000
112801  -16.114  52.823  6.156 0.0000000000
112802  -16.713  52.497  5.773 0.0000000000
112808  -16.414  52.730  5.218 0.0000000000
112809  -17.110  52.449  4.381 0.0000000000
112812  -18.005  52.483  3.122 0.0000000000
113266  -27.177  53.913  10.680 0.0000000000
113267  -27.296  53.518  11.075 0.0000000000
113268  -27.751  53.219  11.282 0.0000000000
113269  -28.390  53.080  11.459 0.0000000000
113270  -29.097  52.985  11.387 0.0000000000
113271  -29.750  52.990  10.999 0.0000000000
113283  -27.504  54.218  9.814 0.0000000000
113284  -27.687  53.486  10.286 0.0000000000
113285  -27.635  53.094  10.816 0.0000000000
113286  -30.286  53.074  10.394 0.0000000000
113287  -30.744  53.190  9.748 0.0000000000
113300  -18.254  51.978  9.201 0.0000000000
113301  -18.926  52.229  9.210 0.0000000000
113302  -19.939  52.428  8.917 0.0000000000
113303  -20.927  51.936  8.703 0.0000000000
113304  -21.362  51.732  8.583 0.0000000000
113305  -27.700  54.423  8.526 0.0000000000
113306  -28.027  54.127  9.141 0.0000000000
113307  -31.201  53.252  9.081 0.0000000000
113308  -31.830  53.079  8.592 0.0000000000
113319  -16.586  52.660  8.168 0.0000000000
113320  -17.131  52.565  8.667 0.0000000000
113321  -17.788  52.559  9.053 0.0000000000
113322  -18.375  52.544  9.120 0.0000000000
113323  -20.127  52.884  8.121 0.0000000000
113324  -20.812  52.656  8.010 0.0000000000
113325  -21.795  52.208  7.755 0.0000000000
113326  -23.137  52.271  6.858 0.0000000000
113327  -24.694  52.614  6.251 0.0000000000
113328  -25.075  52.494  6.137 0.0000000000
113329  -27.411  54.121  7.094 0.0000000000
113330  -27.781  54.156  7.730 0.0000000000
113338  -15.790  53.550  7.118 0.0000000000
113339  -16.092  53.013  7.547 0.0000000000
113340  -25.718  53.015  5.575 0.0000000000
113341  -25.952  53.050  5.889 0.0000000000
113342  -27.040  53.716  6.121 0.0000000000
113343  -27.416  53.925  6.868 0.0000000000
113351  -15.822  53.208  6.561 0.0000000000
113352  -15.859  53.035  7.100 0.0000000000
113359  -15.997  53.186  5.527 0.0000000000
113366  -16.641  52.967  4.141 0.0000000000
113367  -17.242  52.559  3.651 0.0000000000
113373  -17.428  53.225  2.953 0.0000000000
113374  -17.803  52.712  2.953 0.0000000000
113839  -26.917  54.656  10.475 0.0000000000
113840  -26.907  54.208  11.278 0.0000000000
113841  -27.336  53.949  11.643 0.0000000000
113842  -27.967  53.793  11.836 0.0000000000
113843  -28.720  53.702  11.782 0.0000000000
113844  -29.451  53.700  11.376 0.0000000000
113857  -27.407  54.753  9.213 0.0000000000
113858  -30.096  53.696  10.794 0.0000000000
113859  -30.581  53.634  10.241 0.0000000000
113871  -18.667  52.725  9.074 0.0000000000
113872  -19.054  52.822  8.923 0.0000000000
113873  -27.335  54.537  7.939 0.0000000000
113874  -31.031  53.926  9.632 0.0000000000
113875  -31.714  54.116  8.918 0.0000000000
113884  -16.318  53.481  7.811 0.0000000000
113885  -16.770  53.309  8.252 0.0000000000
113886  -17.390  53.270  8.550 0.0000000000
113887  -18.311  53.171  8.632 0.0000000000
113888  -19.397  53.230  7.963 0.0000000000
113889  -20.407  53.226  7.065 0.0000000000
113890  -21.667  53.050  6.613 0.0000000000
113891  -22.857  52.795  6.385 0.0000000000
113892  -24.026  52.713  5.965 0.0000000000
113893  -27.546  54.155  5.604 0.0000000000
113894  -27.238  54.192  6.551 0.0000000000
113902  -15.816  54.231  7.085 0.0000000000
113903  -15.976  53.832  7.399 0.0000000000
113904  -22.560  53.064  5.405 0.0000000000
113905  -23.766  52.752  4.817 0.0000000000
113906  -25.461  52.572  4.760 0.0000000000
113907  -26.678  53.589  5.256 0.0000000000
113908  -26.810  53.691  6.151 0.0000000000
113916  -15.723  54.842  6.387 0.0000000000
113917  -15.669  54.277  6.653 0.0000000000
113924  -15.692  54.608  6.070 0.0000000000
113925  -15.728  53.887  5.951 0.0000000000
113932  -15.748  54.376  5.632 0.0000000000
113933  -15.959  53.993  4.955 0.0000000000
113942  -16.493  53.853  3.628 0.0000000000
114431  -26.442  55.346  11.796 0.0000000000
114432  -26.625  55.229  11.920 0.0000000000
114433  -26.996  55.130  12.074 0.0000000000
114448  -26.199  55.882  10.238 0.0000000000
114449  -26.360  55.542  10.497 0.0000000000
114450  -26.430  55.157  11.462 0.0000000000
114451  -26.915  54.675  11.816 0.0000000000
114452  -27.495  54.679  12.094 0.0000000000
114453  -28.295  54.576  11.981 0.0000000000
114454  -29.055  54.570  11.577 0.0000000000
114467  -26.514  55.831  9.666 0.0000000000
114468  -26.925  55.210  9.512 0.0000000000
114469  -29.799  54.624  10.919 0.0000000000
114470  -30.495  54.652  10.045 0.0000000000
114480  -26.906  55.448  8.221 0.0000000000
114481  -27.138  54.931  8.544 0.0000000000
114482  -31.231  55.059  9.160 0.0000000000
114489  -16.535  54.001  7.777 0.0000000000
114490  -16.996  53.936  7.937 0.0000000000
114491  -17.610  53.991  7.945 0.0000000000
114492  -18.349  53.872  7.153 0.0000000000
114493  -19.610  54.045  5.818 0.0000000000
114494  -21.106  53.490  5.388 0.0000000000
114495  -21.966  53.254  5.279 0.0000000000
114496  -27.426  55.027  6.331 0.0000000000
114497  -27.111  54.769  7.547 0.0000000000
114503  -15.981  54.691  7.163 0.0000000000
114504  -16.214  54.264  7.466 0.0000000000
114505  -19.934  54.514  4.447 0.0000000000
114506  -20.706  54.031  4.098 0.0000000000
114507  -22.538  53.312  3.356 0.0000000000
114508  -24.968  52.980  3.145 0.0000000000
114509  -26.909  53.337  3.192 0.0000000000
114510  -27.748  54.448  4.511 0.0000000000
114517  -15.749  55.227  6.535 0.0000000000
114518  -15.818  54.993  6.889 0.0000000000
114519  -23.281  53.901  1.571 0.0000000000
114520  -24.547  53.625  1.692 0.0000000000
114521  -26.062  53.499  1.926 0.0000000000
114529  -15.666  55.301  6.104 0.0000000000
114538  -15.715  55.084  5.350 0.0000000000
114539  -15.977  54.840  4.221 0.0000000000
114552  -16.676  54.808  3.124 0.0000000000
115061  -26.095  56.256  11.506 0.0000000000
115062  -26.406  55.743  11.806 0.0000000000
115063  -26.810  55.669  12.072 0.0000000000
115064  -27.277  55.585  12.126 0.0000000000
115081  -25.928  56.404  10.161 0.0000000000
115082  -26.042  55.964  11.147 0.0000000000
115083  -26.200  55.741  11.551 0.0000000000
115084  -27.905  55.538  12.037 0.0000000000
115085  -28.651  55.541  11.603 0.0000000000
115086  -29.377  55.699  10.841 0.0000000000
115099  -26.498  56.397  8.693 0.0000000000
115100  -30.118  55.846  10.049 0.0000000000
115101  -30.773  56.021  9.178 0.0000000000
115112  -27.589  56.415  7.003 0.0000000000
115118  -16.414  54.518  7.452 0.0000000000
115119  -16.672  54.619  7.447 0.0000000000
115120  -17.116  54.675  7.409 0.0000000000
115121  -17.698  54.646  6.931 0.0000000000
115122  -18.524  54.620  6.110 0.0000000000
115123  -28.236  56.101  4.871 0.0000000000
115130  -15.919  55.740  6.959 0.0000000000
115131  -16.273  55.319  7.182 0.0000000000
115132  -16.757  55.557  7.139 0.0000000000
115133  -17.341  55.578  6.982 0.0000000000
115134  -18.165  55.452  6.125 0.0000000000
115135  -19.353  55.229  4.716 0.0000000000
115136  -20.389  54.843  3.502 0.0000000000
115137  -21.250  54.327  2.720 0.0000000000
115138  -26.971  53.969  1.837 0.0000000000
115139  -27.857  55.358  2.381 0.0000000000
115146  -15.605  56.051  6.269 0.0000000000
115147  -15.764  55.957  6.656 0.0000000000
115148  -20.325  55.646  3.309 0.0000000000
115149  -21.064  55.488  2.139 0.0000000000
115150  -22.237  54.607  1.343 0.0000000000
115151  -23.905  54.410  0.517 0.0000000000
115152  -26.299  54.500  0.612 0.0000000000
115153  -27.396  56.408  0.675 0.0000000000
115162  -15.550  56.046  5.690 0.0000000000
115163  -21.757  55.913  0.796 0.0000000000
115164  -22.805  55.874  -0.004 0.0000000000
115165  -24.678  55.829  0.064 0.0000000000
115166  -26.101  56.629  0.337 0.0000000000
115167  -26.997  57.049  0.382 0.0000000000
115180  -15.659  56.003  5.089 0.0000000000
115181  -15.771  55.609  4.603 0.0000000000
115182  -23.698  56.787  -0.298 0.0000000000
115183  -25.020  57.066  0.075 0.0000000000
115184  -25.765  57.392  0.224 0.0000000000
115196  -15.798  56.291  4.501 0.0000000000
115197  -16.191  55.894  3.665 0.0000000000
115694  -26.013  56.738  11.515 0.0000000000
115695  -26.290  56.532  11.703 0.0000000000
115696  -26.643  56.344  12.016 0.0000000000
115697  -27.020  56.132  12.163 0.0000000000
115718  -24.709  58.102  9.791 0.0000000000
115719  -25.002  57.618  10.071 0.0000000000
115720  -25.611  57.012  11.108 0.0000000000
115721  -26.924  56.627  12.071 0.0000000000
115722  -27.421  56.479  12.022 0.0000000000
115723  -28.317  56.647  11.549 0.0000000000
115724  -29.041  56.467  10.976 0.0000000000
115739  -25.021  58.179  9.166 0.0000000000
115740  -25.751  57.319  9.000 0.0000000000
115741  -29.008  57.280  10.808 0.0000000000
115742  -29.780  57.310  9.824 0.0000000000
115743  -30.414  56.890  9.155 0.0000000000
115751  -25.954  58.353  7.570 0.0000000000
115752  -26.793  57.299  7.690 0.0000000000
115753  -30.188  57.744  8.436 0.0000000000
115758  -26.475  58.890  6.229 0.0000000000
115759  -27.523  57.976  5.731 0.0000000000
115765  -15.992  56.731  7.086 0.0000000000
115766  -16.469  56.718  7.190 0.0000000000
115767  -17.049  56.644  7.200 0.0000000000
115768  -17.741  56.485  6.570 0.0000000000
115769  -18.867  56.414  5.538 0.0000000000
115770  -20.250  56.695  3.810 0.0000000000
115771  -21.264  57.561  3.308 0.0000000000
115772  -28.308  57.580  3.363 0.0000000000
115778  -15.428  56.865  6.431 0.0000000000
115779  -15.656  56.850  6.816 0.0000000000
115780  -20.808  56.230  2.702 0.0000000000
115781  -21.661  57.192  1.666 0.0000000000
115782  -22.579  58.437  0.775 0.0000000000
115783  -27.902  57.579  1.517 0.0000000000
115790  -15.289  56.889  5.956 0.0000000000
115791  -22.128  56.607  0.377 0.0000000000
115792  -22.832  57.591  -0.013 0.0000000000
115793  -26.723  57.375  0.292 0.0000000000
115794  -27.342  57.775  0.428 0.0000000000
115807  -15.616  56.986  5.050 0.0000000000
115808  -24.215  57.637  -0.170 0.0000000000
115809  -26.211  57.409  0.273 0.0000000000
115810  -26.469  57.972  0.227 0.0000000000
115820  -16.166  56.970  3.969 0.0000000000
115822  -25.982  57.725  0.234 0.0000000000
116321  -25.980  57.180  11.592 0.0000000000
116322  -26.427  57.017  11.848 0.0000000000
116323  -26.699  56.843  12.021 0.0000000000
116341  -24.560  58.692  9.657 0.0000000000
116342  -24.812  58.170  10.775 0.0000000000
116343  -25.439  57.969  11.412 0.0000000000
116344  -26.076  57.828  11.720 0.0000000000
116345  -26.828  57.431  11.883 0.0000000000
116346  -27.689  57.553  11.607 0.0000000000
116347  -28.484  57.846  11.042 0.0000000000
116362  -24.946  59.322  8.028 0.0000000000
116363  -29.173  58.188  10.189 0.0000000000
116364  -29.533  58.593  9.101 0.0000000000
116374  -25.535  59.472  6.422 0.0000000000
116375  -29.821  58.787  7.710 0.0000000000
116381  -17.143  58.948  8.370 0.0000000000
116382  -17.642  58.605  8.133 0.0000000000
116383  -18.351  58.329  7.542 0.0000000000
116384  -19.269  58.356  6.516 0.0000000000
116385  -20.033  58.414  5.668 0.0000000000
116386  -26.544  59.487  4.873 0.0000000000
116387  -27.638  58.907  3.801 0.0000000000
116394  -15.702  57.856  7.106 0.0000000000
116395  -16.139  57.913  7.459 0.0000000000
116396  -16.863  58.117  7.709 0.0000000000
116397  -17.586  57.562  7.372 0.0000000000
116398  -18.381  57.455  6.433 0.0000000000
116399  -19.530  57.570  5.396 0.0000000000
116400  -20.971  58.365  4.463 0.0000000000
116401  -22.112  59.542  3.358 0.0000000000
116402  -27.045  59.913  3.024 0.0000000000
116403  -27.837  59.030  2.282 0.0000000000
116411  -15.252  57.403  6.222 0.0000000000
116412  -15.372  57.897  6.561 0.0000000000
116413  -21.829  58.323  2.967 0.0000000000
116414  -22.648  59.443  1.708 0.0000000000
116415  -23.693  60.266  0.940 0.0000000000
116416  -27.088  60.123  1.632 0.0000000000
116417  -27.469  59.009  0.955 0.0000000000
116432  -15.385  57.905  5.805 0.0000000000
116433  -15.393  58.386  6.218 0.0000000000
116434  -23.277  59.219  0.367 0.0000000000
116435  -25.000  59.754  0.380 0.0000000000
116436  -26.569  59.953  0.635 0.0000000000
116437  -26.893  58.817  0.273 0.0000000000
116452  -15.851  58.096  4.892 0.0000000000
116453  -16.593  58.320  4.242 0.0000000000
116454  -24.105  58.528  -0.009 0.0000000000
116455  -26.146  59.140  0.287 0.0000000000
116456  -26.272  58.523  0.245 0.0000000000
116464  -16.143  57.687  4.321 0.0000000000
116466  -25.468  58.180  0.109 0.0000000000
116948  -24.293  59.384  9.610 0.0000000000
116949  -24.391  59.082  10.411 0.0000000000
116950  -24.856  58.885  11.178 0.0000000000
116951  -25.567  58.768  11.571 0.0000000000
116952  -26.335  58.639  11.637 0.0000000000
116953  -27.208  58.637  11.456 0.0000000000
116954  -27.970  58.445  11.200 0.0000000000
116965  -24.165  60.401  7.389 0.0000000000
116966  -24.247  59.973  8.201 0.0000000000
116967  -27.834  59.162  10.992 0.0000000000
116968  -28.558  59.054  10.310 0.0000000000
116969  -29.169  59.026  9.406 0.0000000000
116983  -18.104  59.770  9.187 0.0000000000
116984  -18.446  59.646  9.123 0.0000000000
116985  -19.215  59.520  8.727 0.0000000000
116986  -20.052  59.663  7.900 0.0000000000
116987  -24.018  60.329  6.941 0.0000000000
116988  -24.613  60.269  6.687 0.0000000000
116989  -29.119  59.736  9.197 0.0000000000
116990  -29.664  59.724  8.148 0.0000000000
117004  -16.620  59.631  8.423 0.0000000000
117005  -16.910  59.516  8.560 0.0000000000
117006  -17.731  59.528  8.927 0.0000000000
117007  -18.428  59.037  8.516 0.0000000000
117008  -19.298  59.011  7.714 0.0000000000
117009  -20.743  59.387  6.301 0.0000000000
117010  -22.228  60.454  5.358 0.0000000000
117011  -23.560  60.308  5.523 0.0000000000
117012  -25.233  60.239  5.080 0.0000000000
117024  -15.861  58.731  7.548 0.0000000000
117025  -16.447  59.214  8.055 0.0000000000
117026  -16.791  58.944  8.256 0.0000000000
117027  -21.835  59.921  4.528 0.0000000000
117028  -23.160  60.419  3.320 0.0000000000
117029  -24.850  60.330  3.514 0.0000000000
117030  -25.898  59.917  3.649 0.0000000000
117039  -15.607  58.858  7.100 0.0000000000
117040  -23.583  60.303  1.770 0.0000000000
117041  -24.855  60.518  1.704 0.0000000000
117042  -26.142  60.511  2.353 0.0000000000
117053  -15.773  58.792  5.883 0.0000000000
117054  -15.653  58.924  6.461 0.0000000000
117055  -25.812  60.449  0.902 0.0000000000
117056  -26.226  60.578  1.303 0.0000000000
117058  -15.942  58.657  5.313 0.0000000000
117059  -16.612  58.824  4.687 0.0000000000
117526  -24.279  59.811  9.556 0.0000000000
117527  -24.532  59.683  10.741 0.0000000000
117528  -25.151  59.642  11.324 0.0000000000
117529  -25.920  59.615  11.467 0.0000000000
117530  -26.705  59.646  11.344 0.0000000000
117531  -27.424  59.766  11.059 0.0000000000
117544  -23.942  60.471  7.305 0.0000000000
117545  -24.298  60.265  8.150 0.0000000000
117546  -28.070  59.966  10.476 0.0000000000
117547  -28.785  60.277  9.604 0.0000000000
117556  -17.735  60.550  9.317 0.0000000000
117557  -18.171  60.215  9.375 0.0000000000
117558  -19.064  60.132  9.407 0.0000000000
117559  -19.960  60.168  8.727 0.0000000000
117560  -21.195  60.412  7.364 0.0000000000
117561  -22.224  60.930  6.699 0.0000000000
117562  -23.145  60.233  6.782 0.0000000000
117563  -29.563  60.646  8.447 0.0000000000
117577  -16.758  60.177  8.498 0.0000000000
117578  -17.314  60.267  9.018 0.0000000000
117579  -17.706  60.121  9.200 0.0000000000
117580  -21.647  60.538  6.306 0.0000000000
117581  -22.203  60.776  6.203 0.0000000000
117582  -22.535  60.211  6.386 0.0000000000
117595  -16.225  59.787  7.612 0.0000000000
117596  -16.395  59.998  8.106 0.0000000000
117604  -16.174  59.814  6.821 0.0000000000
117612  -16.393  59.205  5.384 0.0000000000
117613  -16.671  59.767  5.849 0.0000000000
117615  -16.539  59.098  5.059 0.0000000000
117616  -17.715  59.808  4.632 0.0000000000
118074  -24.249  60.186  8.646 0.0000000000
118075  -24.517  60.250  9.976 0.0000000000
118076  -24.972  60.365  10.863 0.0000000000
118077  -25.730  60.410  11.117 0.0000000000
118078  -26.496  60.552  11.117 0.0000000000
118079  -27.283  60.730  10.924 0.0000000000
118080  -27.836  61.078  10.642 0.0000000000
118091  -18.831  61.471  10.074 0.0000000000
118092  -19.171  61.361  10.061 0.0000000000
118093  -23.503  60.554  6.934 0.0000000000
118094  -23.677  60.602  7.374 0.0000000000
118095  -27.777  60.528  10.710 0.0000000000
118096  -28.502  61.134  10.080 0.0000000000
118097  -29.570  61.801  9.196 0.0000000000
118108  -17.589  61.094  9.299 0.0000000000
118109  -18.021  61.087  9.626 0.0000000000
118110  -18.716  61.037  9.849 0.0000000000
118111  -19.708  60.816  9.617 0.0000000000
118112  -20.603  60.706  8.649 0.0000000000
118113  -21.485  60.788  7.456 0.0000000000
118114  -22.807  60.651  6.814 0.0000000000
118115  -23.523  60.455  6.263 0.0000000000
118116  -29.315  61.136  9.055 0.0000000000
118127  -17.095  61.134  8.490 0.0000000000
118128  -17.246  61.021  8.906 0.0000000000
118138  -16.549  60.380  7.666 0.0000000000
118139  -16.842  60.797  7.889 0.0000000000
118148  -16.898  60.654  7.257 0.0000000000
118149  -17.345  61.129  7.438 0.0000000000
118152  -17.408  60.762  6.308 0.0000000000
118154  -18.736  61.143  5.128 0.0000000000
118584  -24.356  60.324  8.470 0.0000000000
118585  -24.569  60.634  8.845 0.0000000000
118586  -24.990  60.880  10.115 0.0000000000
118587  -25.712  61.071  10.669 0.0000000000
118588  -26.524  61.300  10.843 0.0000000000
118589  -27.264  61.637  10.877 0.0000000000
118590  -28.161  61.873  10.772 0.0000000000
118595  -18.423  62.259  10.222 0.0000000000
118596  -18.832  61.945  10.241 0.0000000000
118597  -19.740  61.730  10.029 0.0000000000
118598  -20.523  61.773  9.455 0.0000000000
118599  -21.070  61.656  8.581 0.0000000000
118600  -24.296  60.367  7.703 0.0000000000
118601  -24.605  60.613  7.141 0.0000000000
118602  -29.304  62.312  9.994 0.0000000000
118610  -17.881  61.868  9.600 0.0000000000
118611  -18.305  61.871  9.998 0.0000000000
118612  -18.618  61.590  10.056 0.0000000000
118613  -20.332  61.185  9.411 0.0000000000
118614  -20.966  61.141  8.588 0.0000000000
118615  -21.859  60.937  7.314 0.0000000000
118616  -23.105  60.802  5.683 0.0000000000
118617  -24.305  60.309  5.718 0.0000000000
118618  -24.791  60.262  5.987 0.0000000000
118627  -17.423  61.763  8.723 0.0000000000
118628  -17.552  61.860  9.178 0.0000000000
118629  -23.721  60.363  4.538 0.0000000000
118630  -24.426  60.343  4.416 0.0000000000
118643  -17.506  62.008  8.115 0.0000000000
118652  -17.512  61.307  7.178 0.0000000000
118653  -17.910  62.101  7.160 0.0000000000
118655  -17.882  61.549  6.664 0.0000000000
118656  -19.026  62.815  5.973 0.0000000000
118661  -18.583  61.840  5.801 0.0000000000
118662  -20.081  62.997  4.690 0.0000000000
119124  -25.058  61.154  9.390 0.0000000000
119125  -25.749  61.583  9.715 0.0000000000
119126  -26.624  61.956  10.422 0.0000000000
119127  -27.395  62.385  10.735 0.0000000000
119128  -28.150  62.798  10.884 0.0000000000
119134  -18.086  63.084  10.356 0.0000000000
119135  -18.411  62.799  10.405 0.0000000000
119136  -19.285  62.687  10.469 0.0000000000
119137  -20.181  62.583  10.124 0.0000000000
119138  -20.835  62.453  9.235 0.0000000000
119139  -21.378  62.051  7.855 0.0000000000
119140  -25.266  61.353  8.209 0.0000000000
119141  -26.181  62.029  8.511 0.0000000000
119149  -17.607  63.218  9.588 0.0000000000
119150  -17.942  62.807  10.072 0.0000000000
119151  -18.240  62.432  10.185 0.0000000000
119152  -21.814  61.342  5.713 0.0000000000
119153  -22.805  60.703  4.069 0.0000000000
119154  -25.147  60.243  5.157 0.0000000000
119155  -25.441  60.771  6.095 0.0000000000
119162  -17.545  62.901  8.739 0.0000000000
119163  -17.683  62.515  9.497 0.0000000000
119164  -24.460  61.237  3.234 0.0000000000
119165  -25.371  60.271  4.011 0.0000000000
119166  -26.075  60.212  4.210 0.0000000000
119178  -18.039  63.402  7.438 0.0000000000
119179  -25.313  61.559  1.744 0.0000000000
119180  -25.921  61.160  2.464 0.0000000000
119181  -26.509  60.191  2.783 0.0000000000
119188  -19.029  63.888  6.251 0.0000000000
119189  -25.622  61.779  1.108 0.0000000000
119193  -20.122  64.362  5.012 0.0000000000
119666  -26.673  62.524  9.429 0.0000000000
119667  -27.416  63.207  10.242 0.0000000000
119675  -18.011  63.640  10.489 0.0000000000
119676  -18.783  63.628  10.727 0.0000000000
119677  -19.753  63.558  10.556 0.0000000000
119678  -20.590  63.442  9.843 0.0000000000
119679  -21.060  63.196  8.616 0.0000000000
119680  -21.250  62.760  6.898 0.0000000000
119681  -26.240  61.819  6.863 0.0000000000
119682  -27.083  62.750  7.610 0.0000000000
119683  -27.407  63.281  9.004 0.0000000000
119689  -17.313  64.069  9.243 0.0000000000
119690  -17.483  63.877  10.080 0.0000000000
119691  -21.394  62.401  5.109 0.0000000000
119692  -22.114  61.728  3.765 0.0000000000
119693  -26.743  61.030  4.783 0.0000000000
119694  -27.477  62.054  5.394 0.0000000000
119702  -17.664  64.404  7.940 0.0000000000
119703  -23.070  61.324  2.550 0.0000000000
119715  -18.585  65.056  6.446 0.0000000000
119716  -24.331  61.727  1.763 0.0000000000
119717  -24.995  61.573  0.971 0.0000000000
119721  -19.805  65.410  5.299 0.0000000000
119722  -25.039  61.473  1.197 0.0000000000
119727  -20.600  65.735  4.193 0.0000000000
120135  -17.503  64.756  10.433 0.0000000000
120136  -18.237  64.630  10.817 0.0000000000
120137  -19.219  64.591  10.781 0.0000000000
120138  -20.263  64.537  10.172 0.0000000000
120139  -20.889  64.303  9.131 0.0000000000
120140  -21.077  64.038  7.765 0.0000000000
120151  -16.956  65.373  8.742 0.0000000000
120152  -16.931  64.897  9.912 0.0000000000
120153  -21.003  63.649  5.718 0.0000000000
120154  -21.457  63.001  3.760 0.0000000000
120167  -17.869  65.752  7.201 0.0000000000
120168  -22.647  62.355  2.170 0.0000000000
120169  -23.453  62.656  1.448 0.0000000000
120181  -18.781  66.237  6.192 0.0000000000
120182  -23.386  61.600  1.724 0.0000000000
120183  -24.218  61.887  1.243 0.0000000000
120184  -25.687  61.987  0.914 0.0000000000
120187  -19.466  66.294  5.453 0.0000000000
120188  -25.486  61.464  0.769 0.0000000000
120198  -20.041  66.653  4.528 0.0000000000
120553  -16.414  66.686  9.729 0.0000000000
120554  -16.936  65.918  10.221 0.0000000000
120555  -17.694  65.694  10.709 0.0000000000
120556  -18.616  65.643  10.851 0.0000000000
120557  -19.725  65.667  10.332 0.0000000000
120558  -20.659  65.580  8.969 0.0000000000
120559  -20.957  64.825  8.347 0.0000000000
120572  -16.339  67.306  8.407 0.0000000000
120573  -16.390  66.484  8.996 0.0000000000
120574  -16.581  65.819  9.652 0.0000000000
120575  -20.810  66.123  7.829 0.0000000000
120576  -20.944  65.246  6.888 0.0000000000
120577  -21.247  64.515  4.235 0.0000000000
120594  -16.957  67.515  7.546 0.0000000000
120595  -17.223  66.669  7.753 0.0000000000
120596  -21.919  63.723  2.786 0.0000000000
120597  -23.030  63.683  1.798 0.0000000000
120598  -24.852  63.932  1.526 0.0000000000
120608  -17.921  67.568  6.686 0.0000000000
120609  -18.361  66.845  6.460 0.0000000000
120610  -24.523  62.808  1.336 0.0000000000
120611  -26.133  62.764  1.168 0.0000000000
120615  -18.902  67.738  5.675 0.0000000000
120616  -19.223  67.001  5.524 0.0000000000
120624  -19.369  67.670  4.512 0.0000000000
120625  -19.715  66.973  5.012 0.0000000000
120999  -16.201  67.449  9.736 0.0000000000
121000  -16.595  67.048  10.091 0.0000000000
121001  -17.224  66.741  10.478 0.0000000000
121002  -18.049  66.660  10.702 0.0000000000
121003  -19.072  66.716  10.419 0.0000000000
121004  -20.062  66.781  9.545 0.0000000000
121019  -15.881  67.933  8.618 0.0000000000
121020  -16.031  67.483  9.231 0.0000000000
121021  -20.487  66.790  8.225 0.0000000000
121022  -20.583  66.664  6.639 0.0000000000
121023  -21.136  66.276  4.561 0.0000000000
121024  -22.313  66.521  3.114 0.0000000000
121025  -23.787  66.524  2.872 0.0000000000
121045  -16.385  68.018  7.860 0.0000000000
121046  -21.926  65.038  2.845 0.0000000000
121047  -23.344  65.201  2.197 0.0000000000
121048  -25.238  65.219  2.282 0.0000000000
121057  -17.372  68.224  6.910 0.0000000000
121061  -18.478  68.408  5.896 0.0000000000
121068  -18.673  68.604  3.998 0.0000000000
121069  -19.024  68.562  4.971 0.0000000000
121468  -16.263  67.960  9.919 0.0000000000
121469  -16.834  67.715  10.240 0.0000000000
121470  -17.559  67.618  10.444 0.0000000000
121471  -18.456  67.676  10.308 0.0000000000
121472  -19.377  67.762  9.658 0.0000000000
121473  -19.943  67.702  8.540 0.0000000000
121486  -15.670  68.476  8.972 0.0000000000
121487  -15.887  68.191  9.496 0.0000000000
121488  -20.183  67.658  7.067 0.0000000000
121489  -21.038  67.700  5.669 0.0000000000
121490  -21.814  67.768  4.160 0.0000000000
121491  -22.995  67.794  3.603 0.0000000000
121492  -24.387  67.687  3.732 0.0000000000
121511  -15.851  68.661  8.178 0.0000000000
121525  -16.680  68.776  7.269 0.0000000000
121530  -18.134  69.748  5.252 0.0000000000
121531  -17.864  69.111  5.965 0.0000000000
121537  -18.825  69.530  4.647 0.0000000000
121538  -18.730  68.938  5.264 0.0000000000
121944  -16.518  68.638  10.022 0.0000000000
121945  -17.122  68.462  10.202 0.0000000000
121946  -17.884  68.557  10.187 0.0000000000
121947  -18.753  68.680  9.722 0.0000000000
121948  -19.427  68.701  8.614 0.0000000000
121949  -19.701  68.322  7.481 0.0000000000
121966  -15.621  69.044  9.164 0.0000000000
121967  -15.966  68.927  9.600 0.0000000000
121968  -19.484  68.983  7.218 0.0000000000
121969  -20.326  68.772  6.289 0.0000000000
121970  -21.481  68.907  4.936 0.0000000000
121971  -22.523  69.034  4.106 0.0000000000
121972  -23.600  69.056  4.036 0.0000000000
121986  -15.130  70.106  8.046 0.0000000000
121987  -15.325  69.665  8.405 0.0000000000
122005  -15.481  70.027  7.510 0.0000000000
122006  -15.976  69.331  7.424 0.0000000000
122012  -16.809  69.894  6.193 0.0000000000
122013  -16.810  69.289  6.777 0.0000000000
122018  -18.228  70.362  4.772 0.0000000000
122408  -16.802  69.048  10.060 0.0000000000
122409  -17.251  69.266  9.983 0.0000000000
122410  -18.070  69.469  9.686 0.0000000000
122411  -18.775  69.484  8.859 0.0000000000
122412  -19.178  69.451  7.845 0.0000000000
122428  -15.550  70.149  8.965 0.0000000000
122429  -16.413  69.803  9.591 0.0000000000
122430  -17.325  70.221  9.460 0.0000000000
122431  -18.187  70.303  8.804 0.0000000000
122432  -18.920  70.209  7.733 0.0000000000
122433  -19.773  69.876  6.540 0.0000000000
122434  -21.233  69.971  5.580 0.0000000000
122435  -22.189  70.073  4.467 0.0000000000
122436  -23.198  70.298  4.193 0.0000000000
122448  -14.946  70.574  7.828 0.0000000000
122449  -15.040  70.740  8.374 0.0000000000
122464  -15.871  70.750  6.729 0.0000000000
122475  -17.535  70.886  5.398 0.0000000000
122842  -15.020  71.678  8.457 0.0000000000
122843  -15.713  71.319  8.964 0.0000000000
122844  -16.603  71.225  9.084 0.0000000000
122845  -17.583  71.257  8.674 0.0000000000
122846  -18.502  71.136  7.635 0.0000000000
122847  -19.527  71.016  6.472 0.0000000000
122848  -20.969  71.061  5.652 0.0000000000
122849  -22.009  71.060  4.614 0.0000000000
122850  -22.721  70.959  4.244 0.0000000000
122867  -15.090  71.603  7.165 0.0000000000
122868  -14.653  71.428  8.011 0.0000000000
127866  -25.634  61.308  0.685 0.0000000000
