#!ascii label  , from subject Yale_0050555 vox2ras=TkReg
1400
25892  -32.461  7.692  45.466 0.0000000000
35203  -42.915  41.420  37.915 0.0000000000
31494  -40.898  23.894  44.505 0.0000000000
39678  -21.297  63.297  28.840 0.0000000000
38393  -27.255  53.342  32.515 0.0000000000
38425  -48.094  55.716  25.348 0.0000000000
26405  -41.200  9.265  51.678 0.0000000000
28874  -44.906  20.922  46.787 0.0000000000
29188  -30.454  19.742  48.975 0.0000000000
32688  -37.464  34.017  45.744 0.0000000000
39344  -39.484  58.377  8.455 0.0000000000
43351  -44.365  68.714  17.223 0.0000000000
33903  -52.223  36.790  29.982 0.0000000000
36567  -50.196  43.669  24.614 0.0000000000
38232  -49.536  54.427  11.279 0.0000000000
32098  -47.071  25.286  33.432 0.0000000000
32708  -47.352  33.135  37.349 0.0000000000
38859  -24.772  58.306  30.272 0.0000000000
25871  -34.679  8.912  50.771 0.0000000000
27906  -36.471  13.625  49.859 0.0000000000
27908  -31.484  13.889  45.974 0.0000000000
29190  -28.991  19.570  45.401 0.0000000000
40243  -41.900  66.893  24.877 0.0000000000
41428  -27.554  72.766  30.468 0.0000000000
41298  -20.959  71.026  19.131 0.0000000000
34323  -48.507  37.716  36.570 0.0000000000
34929  -44.089  39.770  30.569 0.0000000000
36291  -49.529  43.681  32.004 0.0000000000
38437  -44.053  58.189  20.606 0.0000000000
38444  -50.736  57.365  18.180 0.0000000000
39128  -44.898  57.994  16.889 0.0000000000
39916  -47.054  64.054  16.677 0.0000000000
29193  -37.070  21.710  47.211 0.0000000000
29207  -40.848  22.540  40.883 0.0000000000
30990  -36.488  23.207  38.434 0.0000000000
31809  -45.838  24.231  39.741 0.0000000000
32374  -51.671  27.932  37.273 0.0000000000
32358  -45.034  29.109  43.489 0.0000000000
34504  -36.761  40.636  41.102 0.0000000000
41079  -18.469  68.822  26.038 0.0000000000
39237  -30.301  60.603  35.763 0.0000000000
40551  -23.916  63.835  23.905 0.0000000000
36774  -46.191  48.271  32.319 0.0000000000
26413  -44.393  6.873  47.718 0.0000000000
27404  -47.958  12.068  44.433 0.0000000000
27664  -43.571  15.513  48.915 0.0000000000
28865  -38.394  18.633  52.238 0.0000000000
30738  -34.129  22.975  50.310 0.0000000000
31776  -40.067  28.888  47.785 0.0000000000
31774  -31.884  28.356  47.428 0.0000000000
25039  -43.211  2.526  48.931 0.0000000000
24732  -38.352  1.563  53.281 0.0000000000
24724  -33.110  3.197  53.794 0.0000000000
40952  -45.568  70.748  8.870 0.0000000000
34130  -43.249  37.896  27.403 0.0000000000
36073  -42.880  41.321  23.544 0.0000000000
37265  -50.324  50.431  26.576 0.0000000000
37821  -52.439  49.547  18.656 0.0000000000
38930  -47.365  57.875  9.243 0.0000000000
40445  -41.378  63.873  11.905 0.0000000000
32125  -54.127  27.658  29.368 0.0000000000
32735  -52.709  31.276  32.396 0.0000000000
33624  -42.718  33.308  32.604 0.0000000000
33308  -42.961  35.373  43.288 0.0000000000
33334  -38.711  33.365  34.399 0.0000000000
25879  -33.387  9.155  49.429 0.0000000000
26411  -35.111  10.813  48.434 0.0000000000
26911  -32.686  10.651  43.497 0.0000000000
27669  -30.258  12.563  42.556 0.0000000000
41439  -22.980  72.107  25.324 0.0000000000
41284  -23.745  70.230  22.073 0.0000000000
34706  -46.678  39.079  37.567 0.0000000000
34919  -47.848  40.263  35.035 0.0000000000
35509  -47.130  41.900  36.874 0.0000000000
38214  -37.924  54.656  18.817 0.0000000000
38207  -40.587  54.852  17.964 0.0000000000
39327  -41.310  57.687  18.634 0.0000000000
39899  -45.498  62.055  21.463 0.0000000000
30978  -36.835  22.748  45.609 0.0000000000
29583  -34.880  20.831  43.677 0.0000000000
31227  -38.926  23.460  42.874 0.0000000000
31508  -39.835  23.626  37.673 0.0000000000
31796  -43.653  24.453  43.021 0.0000000000
32076  -46.770  26.031  42.663 0.0000000000
31791  -44.506  25.951  44.553 0.0000000000
39692  -19.341  62.867  25.059 0.0000000000
40389  -19.906  66.194  28.946 0.0000000000
39668  -21.115  62.763  30.742 0.0000000000
38617  -29.146  55.727  29.507 0.0000000000
39250  -28.493  60.093  32.174 0.0000000000
38840  -29.032  55.923  34.297 0.0000000000
38607  -29.692  55.523  38.243 0.0000000000
38608  -27.412  54.505  35.843 0.0000000000
39499  -20.754  60.847  23.557 0.0000000000
40713  -20.959  66.559  25.089 0.0000000000
26409  -44.469  7.298  49.234 0.0000000000
26677  -45.224  7.616  47.852 0.0000000000
26674  -43.558  9.580  50.168 0.0000000000
28523  -33.080  15.835  50.967 0.0000000000
28201  -39.218  15.118  51.690 0.0000000000
29178  -32.289  18.852  51.484 0.0000000000
29566  -35.249  20.980  51.228 0.0000000000
30182  -31.837  22.464  50.389 0.0000000000
31211  -33.809  25.485  50.479 0.0000000000
30455  -30.294  23.262  48.382 0.0000000000
30741  -28.642  24.460  43.489 0.0000000000
24738  -39.085  0.540  52.157 0.0000000000
24453  -36.678  -0.053  53.621 0.0000000000
24731  -36.111  2.865  54.417 0.0000000000
40938  -46.547  70.680  12.364 0.0000000000
41497  -42.027  75.390  11.626 0.0000000000
33353  -51.692  33.602  27.824 0.0000000000
33355  -47.049  33.412  27.423 0.0000000000
33900  -46.795  37.095  28.210 0.0000000000
36298  -48.274  41.015  29.267 0.0000000000
36062  -43.258  41.069  27.770 0.0000000000
36314  -46.022  41.678  23.739 0.0000000000
37269  -48.712  46.445  21.977 0.0000000000
37468  -45.434  50.154  27.443 0.0000000000
37036  -48.560  48.503  28.698 0.0000000000
37807  -48.013  52.753  24.127 0.0000000000
38221  -51.936  54.652  13.564 0.0000000000
38027  -52.900  53.960  16.051 0.0000000000
37842  -53.698  51.080  12.714 0.0000000000
38466  -50.375  56.237  9.059 0.0000000000
40087  -42.343  65.760  18.272 0.0000000000
39733  -42.399  62.520  12.899 0.0000000000
43348  -43.657  65.793  15.011 0.0000000000
40769  -47.876  67.007  11.065 0.0000000000
27911  -48.666  16.281  43.954 0.0000000000
27666  -48.694  14.318  43.429 0.0000000000
28212  -48.846  18.181  42.745 0.0000000000
28551  -38.133  21.663  37.884 0.0000000000
31823  -41.702  25.275  31.255 0.0000000000
32118  -49.431  25.015  28.850 0.0000000000
32124  -52.425  26.365  28.279 0.0000000000
32103  -52.345  25.823  31.590 0.0000000000
32702  -50.197  29.807  37.991 0.0000000000
32383  -51.797  28.998  36.225 0.0000000000
32381  -49.916  30.534  34.254 0.0000000000
33346  -47.204  32.115  32.294 0.0000000000
32722  -44.594  31.021  33.600 0.0000000000
32347  -39.648  32.011  46.852 0.0000000000
33016  -42.134  34.233  44.638 0.0000000000
33306  -41.093  35.703  45.154 0.0000000000
34314  -35.728  38.642  36.519 0.0000000000
34094  -39.514  38.964  37.708 0.0000000000
33880  -36.252  35.707  32.929 0.0000000000
40046  -25.688  64.122  32.710 0.0000000000
39483  -23.434  60.978  32.134 0.0000000000
39493  -25.513  59.517  28.903 0.0000000000
38428  -26.959  54.563  25.502 0.0000000000
37988  -27.501  51.735  27.255 0.0000000000
26156  -39.784  8.271  52.191 0.0000000000
27142  -40.459  12.506  50.993 0.0000000000
26897  -37.601  12.091  49.529 0.0000000000
27904  -33.374  12.694  47.029 0.0000000000
28533  -31.245  15.788  48.429 0.0000000000
29579  -29.635  20.333  46.870 0.0000000000
28541  -29.860  17.299  45.484 0.0000000000
41076  -27.488  69.047  26.520 0.0000000000
41632  -26.175  71.568  27.249 0.0000000000
41640  -25.186  73.910  22.116 0.0000000000
34333  -51.409  38.056  32.098 0.0000000000
34534  -49.081  39.156  31.662 0.0000000000
34709  -48.047  39.573  34.426 0.0000000000
35795  -47.674  41.364  32.613 0.0000000000
36307  -51.152  42.571  28.843 0.0000000000
38891  -46.699  60.218  23.185 0.0000000000
38439  -49.562  58.122  21.685 0.0000000000
38450  -47.652  58.511  18.239 0.0000000000
38216  -45.418  54.382  15.616 0.0000000000
38922  -47.353  56.326  13.484 0.0000000000
39335  -50.718  58.721  12.860 0.0000000000
39528  -48.466  60.450  17.321 0.0000000000
40079  -45.655  65.517  20.429 0.0000000000
29186  -41.231  21.798  48.659 0.0000000000
29584  -43.310  22.295  45.173 0.0000000000
29195  -40.313  22.379  45.671 0.0000000000
29204  -37.724  21.019  41.717 0.0000000000
30466  -35.156  21.952  37.159 0.0000000000
31236  -38.411  23.335  35.879 0.0000000000
31816  -43.127  23.966  36.272 0.0000000000
31818  -46.610  24.683  35.794 0.0000000000
32090  -50.074  25.060  35.817 0.0000000000
32082  -49.145  25.329  39.498 0.0000000000
32365  -49.008  28.580  40.096 0.0000000000
32696  -47.220  31.079  40.894 0.0000000000
32691  -36.047  33.361  43.300 0.0000000000
34083  -39.081  38.318  45.261 0.0000000000
34297  -33.189  39.667  41.128 0.0000000000
34312  -30.242  38.046  36.632 0.0000000000
41921  -20.941  73.959  27.352 0.0000000000
39246  -21.359  59.360  33.002 0.0000000000
40719  -26.896  65.433  22.766 0.0000000000
40889  -25.879  68.737  29.789 0.0000000000
41264  -21.532  70.403  29.362 0.0000000000
35792  -40.587  43.695  36.254 0.0000000000
36286  -44.761  45.718  36.585 0.0000000000
36767  -43.310  48.839  36.376 0.0000000000
37998  -45.824  53.097  29.844 0.0000000000
38888  -44.537  60.459  23.654 0.0000000000
26169  -40.488  7.072  43.957 0.0000000000
26912  -41.457  9.101  41.616 0.0000000000
26902  -45.528  8.396  46.165 0.0000000000
27403  -47.378  12.645  45.828 0.0000000000
28208  -45.663  17.531  46.629 0.0000000000
27661  -42.445  13.998  49.705 0.0000000000
28203  -42.460  16.975  49.928 0.0000000000
28872  -42.141  21.040  48.857 0.0000000000
29568  -38.850  21.394  50.281 0.0000000000
30184  -34.832  22.378  48.906 0.0000000000
31219  -37.731  23.869  48.373 0.0000000000
31781  -41.679  25.945  47.251 0.0000000000
31476  -38.786  26.208  49.303 0.0000000000
31771  -35.818  28.958  49.318 0.0000000000
32055  -34.741  30.973  47.420 0.0000000000
30458  -29.691  24.555  45.397 0.0000000000
31486  -30.329  28.169  45.552 0.0000000000
25298  -42.897  4.504  49.050 0.0000000000
25293  -41.911  4.861  51.212 0.0000000000
24751  -41.965  -0.707  47.743 0.0000000000
24747  -41.606  0.912  50.917 0.0000000000
25577  -40.263  5.418  52.202 0.0000000000
25575  -36.290  6.308  52.584 0.0000000000
25279  -33.123  7.069  51.165 0.0000000000
25286  -31.993  5.317  49.144 0.0000000000
25034  -30.207  3.668  48.293 0.0000000000
24728  -31.336  3.371  52.460 0.0000000000
40298  -41.561  65.742  6.273 0.0000000000
40776  -40.108  68.579  7.305 0.0000000000
41140  -37.923  71.671  7.396 0.0000000000
34547  -39.867  38.490  26.360 0.0000000000
34542  -43.032  39.114  28.085 0.0000000000
34941  -41.082  40.252  27.713 0.0000000000
35816  -38.855  40.768  23.573 0.0000000000
36292  -47.753  46.209  33.342 0.0000000000
36795  -50.742  45.832  29.141 0.0000000000
36802  -51.745  45.771  24.359 0.0000000000
37812  -50.303  53.601  22.132 0.0000000000
37650  -52.543  50.753  21.629 0.0000000000
37476  -51.241  47.853  21.337 0.0000000000
38926  -40.514  56.923  10.095 0.0000000000
39540  -49.207  61.517  11.362 0.0000000000
39337  -44.188  60.470  10.951 0.0000000000
39740  -40.233  60.363  9.513 0.0000000000
40294  -46.960  63.509  9.980 0.0000000000
40608  -48.437  66.408  7.422 0.0000000000
29212  -45.175  21.271  41.217 0.0000000000
32397  -52.761  28.783  26.309 0.0000000000
32739  -54.331  30.968  29.024 0.0000000000
32111  -53.459  26.852  33.598 0.0000000000
32116  -54.169  29.064  31.754 0.0000000000
33628  -53.220  34.929  31.659 0.0000000000
33892  -50.770  34.852  34.792 0.0000000000
33889  -46.564  35.345  36.050 0.0000000000
34328  -42.613  36.826  34.670 0.0000000000
32064  -43.208  28.009  45.506 0.0000000000
32693  -44.144  31.815  42.843 0.0000000000
33323  -45.252  35.103  39.846 0.0000000000
34086  -41.655  39.384  41.383 0.0000000000
33598  -42.762  36.224  38.249 0.0000000000
33030  -43.649  33.463  35.961 0.0000000000
33045  -38.944  31.950  32.625 0.0000000000
33622  -38.582  34.221  31.413 0.0000000000
34531  -40.002  38.096  33.956 0.0000000000
37008  -24.938  49.038  30.534 0.0000000000
25888  -32.601  7.961  47.130 0.0000000000
26161  -34.083  9.849  47.612 0.0000000000
26168  -33.336  9.045  45.317 0.0000000000
26416  -32.656  9.448  43.374 0.0000000000
25901  -32.003  8.270  43.536 0.0000000000
25596  -31.609  7.039  44.553 0.0000000000
41282  -22.802  71.152  23.549 0.0000000000
34704  -44.079  39.062  37.431 0.0000000000
34917  -45.289  40.078  38.177 0.0000000000
35508  -44.097  42.103  38.203 0.0000000000
39125  -39.647  56.419  18.273 0.0000000000
31487  -39.087  23.497  45.070 0.0000000000
31795  -41.018  23.686  42.838 0.0000000000
31501  -40.532  23.616  41.386 0.0000000000
31789  -42.168  23.951  43.265 0.0000000000
31790  -43.396  24.877  44.515 0.0000000000
39689  -20.557  63.001  26.651 0.0000000000
40040  -20.597  64.232  28.329 0.0000000000
39478  -21.441  62.627  30.264 0.0000000000
38612  -29.279  55.120  31.023 0.0000000000
38843  -29.730  57.547  32.500 0.0000000000
38611  -28.544  54.531  32.474 0.0000000000
38609  -27.101  54.020  34.161 0.0000000000
40052  -24.009  65.345  29.413 0.0000000000
39868  -23.563  63.925  27.392 0.0000000000
39679  -21.571  63.269  27.225 0.0000000000
39884  -19.354  62.728  23.613 0.0000000000
25874  -42.860  6.605  50.834 0.0000000000
26408  -44.069  8.394  49.821 0.0000000000
28870  -31.425  17.121  50.773 0.0000000000
28861  -32.024  17.142  51.213 0.0000000000
29874  -31.660  21.023  50.934 0.0000000000
29875  -30.966  21.424  50.067 0.0000000000
30456  -31.328  23.315  49.593 0.0000000000
29880  -30.040  21.309  48.565 0.0000000000
38671  -39.618  55.502  8.162 0.0000000000
43352  -45.381  68.720  15.410 0.0000000000
41119  -44.914  72.184  12.798 0.0000000000
41120  -44.626  70.522  14.878 0.0000000000
33633  -51.490  35.696  28.683 0.0000000000
33631  -48.649  35.258  28.103 0.0000000000
33634  -49.965  36.077  28.545 0.0000000000
36306  -49.763  41.483  28.366 0.0000000000
36305  -47.683  41.099  27.086 0.0000000000
36311  -48.716  42.128  25.307 0.0000000000
36316  -46.510  42.334  23.073 0.0000000000
36566  -48.360  43.442  23.317 0.0000000000
37643  -46.072  51.258  27.049 0.0000000000
37469  -46.921  50.885  26.171 0.0000000000
38003  -46.903  53.547  24.467 0.0000000000
38225  -50.793  54.339  12.673 0.0000000000
38031  -53.085  53.589  14.016 0.0000000000
38230  -53.229  52.707  11.096 0.0000000000
38035  -52.310  52.547  10.125 0.0000000000
38044  -50.629  52.640  9.263 0.0000000000
38463  -50.788  54.820  9.861 0.0000000000
40579  -43.483  67.156  17.817 0.0000000000
40429  -42.386  65.439  16.395 0.0000000000
43350  -44.960  67.393  15.548 0.0000000000
40936  -46.758  68.554  13.333 0.0000000000
28539  -47.516  19.156  44.861 0.0000000000
28876  -46.978  20.407  44.270 0.0000000000
32101  -43.618  25.635  31.078 0.0000000000
32106  -47.647  25.356  30.793 0.0000000000
32107  -50.448  25.406  30.795 0.0000000000
32102  -50.483  25.341  32.738 0.0000000000
32706  -49.081  31.684  37.649 0.0000000000
32380  -50.631  30.241  35.924 0.0000000000
32709  -48.389  31.816  35.883 0.0000000000
32723  -47.555  30.956  33.810 0.0000000000
32715  -46.563  32.013  35.108 0.0000000000
32348  -37.551  32.443  47.144 0.0000000000
33015  -39.810  34.881  46.084 0.0000000000
33014  -38.058  34.603  45.965 0.0000000000
34317  -32.933  37.461  34.604 0.0000000000
34098  -35.879  37.727  34.630 0.0000000000
40047  -26.622  62.784  32.348 0.0000000000
38639  -27.566  55.920  25.788 0.0000000000
38001  -28.164  53.589  25.799 0.0000000000
37989  -27.682  52.753  26.384 0.0000000000
37645  -27.960  51.320  26.317 0.0000000000
26155  -37.315  9.173  51.812 0.0000000000
26671  -38.483  11.095  51.656 0.0000000000
26407  -36.460  10.692  50.294 0.0000000000
26909  -34.224  11.427  46.227 0.0000000000
28205  -32.304  14.083  48.211 0.0000000000
28536  -30.654  16.205  46.473 0.0000000000
40253  -41.495  67.648  21.770 0.0000000000
41073  -27.074  70.020  28.151 0.0000000000
41271  -26.781  70.373  26.536 0.0000000000
41432  -25.923  71.057  25.636 0.0000000000
41291  -22.295  69.924  20.385 0.0000000000
41288  -24.381  71.942  22.019 0.0000000000
41455  -23.888  72.450  20.342 0.0000000000
34330  -50.131  37.672  34.504 0.0000000000
34530  -49.445  39.052  33.325 0.0000000000
34523  -48.899  38.679  35.432 0.0000000000
35793  -48.267  41.963  34.582 0.0000000000
35513  -47.628  40.908  34.036 0.0000000000
36054  -49.075  41.736  32.038 0.0000000000
36296  -48.962  41.312  30.803 0.0000000000
36297  -50.451  42.604  30.621 0.0000000000
38904  -47.208  59.904  21.295 0.0000000000
38442  -42.869  56.392  18.831 0.0000000000
38459  -41.052  55.752  15.325 0.0000000000
38208  -41.877  54.605  16.658 0.0000000000
38460  -43.685  55.473  14.338 0.0000000000
38227  -46.155  54.230  13.328 0.0000000000
39129  -45.821  57.167  15.479 0.0000000000
39130  -49.093  58.020  14.241 0.0000000000
39332  -47.243  58.939  16.917 0.0000000000
40076  -44.886  64.812  22.953 0.0000000000
39902  -45.673  63.042  21.867 0.0000000000
40077  -44.830  66.219  22.334 0.0000000000
40255  -43.029  67.648  21.079 0.0000000000
29194  -38.578  22.101  47.207 0.0000000000
29192  -38.158  21.775  45.505 0.0000000000
30465  -35.156  22.359  40.376 0.0000000000
29209  -35.107  20.441  41.762 0.0000000000
29210  -35.204  21.134  39.522 0.0000000000
30992  -36.108  22.724  36.381 0.0000000000
31808  -43.306  23.713  39.224 0.0000000000
31514  -40.519  23.703  35.934 0.0000000000
31811  -45.967  24.261  37.896 0.0000000000
31812  -48.212  24.594  38.594 0.0000000000
31810  -47.384  24.718  39.843 0.0000000000
32072  -46.201  27.353  43.055 0.0000000000
32077  -47.617  27.365  41.796 0.0000000000
32362  -46.830  29.260  41.933 0.0000000000
32695  -45.307  30.840  42.451 0.0000000000
34080  -35.632  36.036  44.746 0.0000000000
34294  -30.857  37.679  39.342 0.0000000000
41623  -18.920  71.244  27.620 0.0000000000
41415  -17.052  72.527  27.717 0.0000000000
41251  -16.207  70.731  28.031 0.0000000000
39088  -24.296  58.695  29.578 0.0000000000
39075  -22.731  59.990  31.611 0.0000000000
39061  -22.410  58.574  32.399 0.0000000000
39463  -29.827  61.372  35.012 0.0000000000
39468  -27.437  61.818  34.067 0.0000000000
39651  -28.380  62.882  35.670 0.0000000000
38605  -28.479  54.461  38.393 0.0000000000
39284  -22.664  59.345  22.948 0.0000000000
39305  -24.325  60.662  20.600 0.0000000000
40716  -25.862  64.491  23.302 0.0000000000
40890  -26.258  67.091  26.728 0.0000000000
40887  -24.785  66.231  26.566 0.0000000000
41080  -19.678  68.782  26.445 0.0000000000
41067  -22.725  68.306  28.957 0.0000000000
41429  -19.218  70.180  27.413 0.0000000000
41421  -21.238  72.175  28.274 0.0000000000
36046  -42.350  45.484  36.731 0.0000000000
38890  -45.664  60.884  24.781 0.0000000000
26414  -42.530  6.986  45.496 0.0000000000
26681  -43.078  7.643  45.077 0.0000000000
26895  -45.161  10.123  48.447 0.0000000000
26898  -46.288  9.231  47.026 0.0000000000
27665  -46.149  13.915  46.989 0.0000000000
27909  -45.767  15.898  46.697 0.0000000000
27143  -40.063  13.095  50.379 0.0000000000
27144  -41.615  13.111  50.406 0.0000000000
27401  -39.918  13.632  49.833 0.0000000000
28529  -38.563  16.483  52.284 0.0000000000
28202  -40.311  16.181  51.649 0.0000000000
28530  -39.840  17.625  51.922 0.0000000000
28531  -41.343  18.286  50.656 0.0000000000
28866  -39.933  19.422  51.216 0.0000000000
29181  -39.875  21.067  50.165 0.0000000000
29180  -37.686  20.183  51.842 0.0000000000
29876  -33.799  22.345  49.888 0.0000000000
29573  -34.657  21.509  50.211 0.0000000000
30979  -35.808  23.415  49.531 0.0000000000
31478  -39.840  24.888  48.233 0.0000000000
31214  -35.647  24.260  50.531 0.0000000000
31473  -33.319  26.908  49.254 0.0000000000
31477  -35.795  26.996  50.258 0.0000000000
31472  -34.520  27.453  49.736 0.0000000000
32050  -35.249  30.026  48.556 0.0000000000
31775  -33.676  29.241  48.129 0.0000000000
30457  -29.951  23.199  46.842 0.0000000000
29882  -28.949  21.798  45.413 0.0000000000
31223  -29.595  26.982  44.899 0.0000000000
32062  -31.951  30.098  44.416 0.0000000000
24752  -43.152  0.848  48.088 0.0000000000
25042  -43.135  2.671  47.276 0.0000000000
25581  -42.720  4.947  50.385 0.0000000000
25292  -42.934  3.742  49.863 0.0000000000
24741  -39.782  1.746  52.443 0.0000000000
25283  -40.059  4.308  52.536 0.0000000000
25282  -38.951  4.997  52.878 0.0000000000
25576  -38.402  6.028  52.474 0.0000000000
25281  -37.478  5.040  53.166 0.0000000000
25028  -34.874  4.174  54.026 0.0000000000
25278  -34.497  5.673  52.609 0.0000000000
25029  -32.603  5.004  51.684 0.0000000000
25287  -32.327  6.621  50.668 0.0000000000
24729  -32.186  3.970  52.333 0.0000000000
24737  -31.665  4.213  50.795 0.0000000000
40615  -44.223  67.508  6.703 0.0000000000
40617  -41.180  67.295  6.982 0.0000000000
40951  -44.219  70.163  7.994 0.0000000000
41688  -39.926  77.750  10.928 0.0000000000
41329  -40.855  74.338  9.372 0.0000000000
41500  -37.993  76.876  9.424 0.0000000000
33632  -46.328  34.867  27.835 0.0000000000
33637  -44.793  35.791  27.608 0.0000000000
33904  -42.191  36.372  26.994 0.0000000000
34715  -46.233  39.304  31.706 0.0000000000
34539  -45.461  38.906  29.220 0.0000000000
34724  -43.680  39.581  29.419 0.0000000000
36066  -41.930  40.988  25.713 0.0000000000
35811  -41.845  41.099  27.918 0.0000000000
35530  -39.929  40.579  25.712 0.0000000000
35817  -40.580  41.134  22.666 0.0000000000
36765  -45.869  48.181  34.189 0.0000000000
36289  -47.009  45.824  34.641 0.0000000000
36556  -47.687  47.117  32.174 0.0000000000
37262  -49.103  49.810  27.554 0.0000000000
37037  -50.536  47.701  28.362 0.0000000000
37041  -51.435  47.585  27.233 0.0000000000
36800  -52.084  45.758  26.079 0.0000000000
37044  -52.047  47.446  25.606 0.0000000000
38443  -49.823  58.222  20.365 0.0000000000
38012  -50.215  55.277  21.440 0.0000000000
38203  -50.553  56.572  20.334 0.0000000000
37823  -52.906  52.456  17.496 0.0000000000
37818  -52.391  52.194  19.610 0.0000000000
37656  -52.507  49.947  20.003 0.0000000000
37653  -52.582  49.165  20.765 0.0000000000
37652  -51.857  48.633  20.502 0.0000000000
37651  -49.801  48.223  20.687 0.0000000000
37659  -50.961  48.954  19.021 0.0000000000
38929  -45.349  57.387  9.021 0.0000000000
39727  -48.984  62.895  15.011 0.0000000000
39340  -50.508  60.495  11.777 0.0000000000
39736  -48.374  63.320  13.861 0.0000000000
39922  -41.010  62.641  12.367 0.0000000000
39537  -42.243  61.559  11.747 0.0000000000
40104  -40.571  62.802  11.320 0.0000000000
39338  -40.998  59.815  11.043 0.0000000000
40114  -41.311  62.958  10.408 0.0000000000
40115  -43.686  62.499  9.772 0.0000000000
40293  -42.594  63.919  10.794 0.0000000000
40941  -47.194  69.921  9.953 0.0000000000
40607  -48.270  66.996  9.278 0.0000000000
40775  -47.547  68.754  8.323 0.0000000000
40300  -45.677  66.525  5.997 0.0000000000
26905  -45.555  9.561  44.303 0.0000000000
27153  -44.448  9.852  41.919 0.0000000000
27406  -46.953  11.312  43.128 0.0000000000
27670  -48.259  14.118  40.309 0.0000000000
29587  -42.429  22.575  42.672 0.0000000000
29588  -44.363  22.091  42.666 0.0000000000
29213  -43.174  21.912  40.549 0.0000000000
32127  -52.963  27.451  27.182 0.0000000000
32395  -54.124  28.907  28.120 0.0000000000
32740  -53.794  30.091  27.604 0.0000000000
32394  -54.555  28.968  29.882 0.0000000000
32091  -51.804  25.919  36.550 0.0000000000
32095  -52.177  25.966  34.309 0.0000000000
32092  -52.691  26.784  35.828 0.0000000000
32391  -52.064  30.471  32.943 0.0000000000
32115  -53.124  28.672  34.164 0.0000000000
32392  -53.216  29.877  32.795 0.0000000000
32736  -53.868  30.843  31.489 0.0000000000
33348  -52.987  33.108  32.477 0.0000000000
33347  -51.401  32.349  32.943 0.0000000000
33625  -44.886  33.297  33.221 0.0000000000
33888  -44.600  34.813  34.684 0.0000000000
34327  -44.280  36.295  35.484 0.0000000000
33887  -42.784  35.295  33.949 0.0000000000
31483  -40.391  26.363  48.308 0.0000000000
31784  -42.170  26.995  46.636 0.0000000000
32059  -41.290  29.522  46.554 0.0000000000
32355  -42.992  31.392  44.274 0.0000000000
33017  -43.630  33.322  42.961 0.0000000000
33587  -44.589  34.646  41.554 0.0000000000
33586  -44.158  36.085  41.057 0.0000000000
34497  -37.956  40.267  44.092 0.0000000000
34081  -41.130  39.844  43.090 0.0000000000
34506  -39.215  40.237  41.192 0.0000000000
33604  -38.239  36.964  35.377 0.0000000000
33876  -40.291  37.765  37.429 0.0000000000
33602  -40.133  35.927  36.286 0.0000000000
33032  -43.419  34.957  37.113 0.0000000000
33038  -40.616  33.070  35.236 0.0000000000
33037  -41.452  31.834  34.648 0.0000000000
33044  -39.810  31.955  34.088 0.0000000000
34118  -38.278  36.873  32.087 0.0000000000
34921  -38.423  39.941  33.605 0.0000000000
37023  -25.171  48.593  28.846 0.0000000000
26162  -34.583  9.965  49.404 0.0000000000
26683  -34.181  10.517  45.930 0.0000000000
27408  -32.289  11.763  44.209 0.0000000000
27156  -31.371  11.205  42.000 0.0000000000
41613  -25.198  73.446  29.334 0.0000000000
41423  -25.898  72.382  27.596 0.0000000000
41273  -24.974  71.229  25.037 0.0000000000
41283  -21.701  70.093  21.167 0.0000000000
41454  -20.070  71.616  19.881 0.0000000000
34522  -47.192  37.972  37.438 0.0000000000
34707  -48.016  38.920  36.608 0.0000000000
34918  -47.159  40.151  37.367 0.0000000000
35205  -47.956  40.869  35.794 0.0000000000
36051  -48.354  43.787  33.873 0.0000000000
38201  -39.758  54.877  19.329 0.0000000000
38206  -39.030  54.515  17.958 0.0000000000
38919  -39.917  56.269  16.424 0.0000000000
39328  -43.304  58.348  17.820 0.0000000000
39521  -44.515  59.713  18.935 0.0000000000
39519  -42.173  58.905  19.354 0.0000000000
39898  -44.281  62.856  23.088 0.0000000000
29582  -34.919  21.705  46.083 0.0000000000
29198  -35.574  20.585  43.771 0.0000000000
30743  -35.852  22.512  43.712 0.0000000000
30988  -36.811  23.274  40.808 0.0000000000
31234  -38.289  23.708  38.937 0.0000000000
31505  -39.768  23.798  39.183 0.0000000000
31799  -41.970  23.602  40.595 0.0000000000
31800  -44.167  24.110  41.238 0.0000000000
31801  -46.530  25.032  41.504 0.0000000000
31797  -45.490  25.509  43.288 0.0000000000
32069  -44.983  27.450  44.109 0.0000000000
40238  -18.334  65.067  24.937 0.0000000000
40549  -17.544  66.774  27.222 0.0000000000
40054  -18.411  64.915  25.847 0.0000000000
40219  -21.135  64.751  29.484 0.0000000000
38858  -27.340  57.932  29.711 0.0000000000
39067  -27.120  59.040  30.739 0.0000000000
39069  -29.034  58.738  31.501 0.0000000000
39059  -29.777  59.102  32.795 0.0000000000
39058  -30.181  58.186  34.544 0.0000000000
39053  -30.396  59.026  37.488 0.0000000000
38839  -29.709  56.796  35.595 0.0000000000
38606  -26.972  53.983  37.238 0.0000000000
39690  -24.720  63.040  25.876 0.0000000000
39705  -21.446  61.246  22.307 0.0000000000
40398  -22.032  63.611  23.465 0.0000000000
40067  -20.486  62.752  22.933 0.0000000000
40241  -19.122  64.963  24.010 0.0000000000
26412  -44.271  6.391  49.114 0.0000000000
27399  -44.197  12.677  48.914 0.0000000000
28199  -35.464  13.838  50.065 0.0000000000
28200  -37.736  15.145  51.826 0.0000000000
28524  -34.859  17.005  51.961 0.0000000000
28864  -36.167  18.735  52.322 0.0000000000
29563  -35.866  20.215  52.043 0.0000000000
29562  -34.422  19.734  51.954 0.0000000000
29572  -32.740  21.052  51.082 0.0000000000
30736  -32.774  23.663  50.314 0.0000000000
30975  -34.198  24.003  50.668 0.0000000000
30735  -31.681  24.591  49.488 0.0000000000
31216  -31.892  26.073  48.404 0.0000000000
30185  -28.310  22.684  43.889 0.0000000000
24456  -37.757  -0.695  50.907 0.0000000000
25030  -37.021  3.698  53.884 0.0000000000
24457  -37.221  1.601  54.016 0.0000000000
24452  -35.644  1.053  54.790 0.0000000000
24451  -33.875  1.762  54.958 0.0000000000
41330  -43.111  73.658  10.577 0.0000000000
41318  -45.839  71.888  11.900 0.0000000000
41496  -41.331  76.188  12.493 0.0000000000
33057  -50.456  32.312  27.047 0.0000000000
36058  -46.572  41.379  30.140 0.0000000000
35522  -43.005  41.032  29.624 0.0000000000
36063  -45.080  41.200  28.452 0.0000000000
36067  -45.252  41.004  26.822 0.0000000000
36310  -45.198  41.179  24.804 0.0000000000
36317  -44.802  42.247  22.279 0.0000000000
37035  -44.368  48.794  27.889 0.0000000000
36792  -47.135  47.792  29.627 0.0000000000
37038  -46.558  49.524  27.158 0.0000000000
37264  -48.294  50.795  26.675 0.0000000000
37470  -49.488  51.272  26.196 0.0000000000
38452  -51.502  56.449  16.402 0.0000000000
38204  -51.623  55.966  17.918 0.0000000000
38223  -52.683  54.719  15.210 0.0000000000
38026  -53.433  52.291  15.744 0.0000000000
38239  -50.018  54.188  8.282 0.0000000000
38931  -49.506  57.219  8.937 0.0000000000
39915  -45.578  64.571  16.698 0.0000000000
39735  -46.595  63.635  13.950 0.0000000000
39914  -42.510  63.207  14.599 0.0000000000
40094  -41.616  64.144  15.128 0.0000000000
40441  -41.827  64.418  14.006 0.0000000000
40763  -46.452  65.583  12.223 0.0000000000
40762  -46.203  66.246  13.379 0.0000000000
40937  -47.375  69.128  11.833 0.0000000000
27914  -48.839  15.937  42.385 0.0000000000
28215  -48.318  18.253  41.442 0.0000000000
29206  -39.028  22.058  40.109 0.0000000000
31517  -41.153  24.515  32.799 0.0000000000
31841  -50.355  25.355  27.541 0.0000000000
32110  -51.305  25.601  29.487 0.0000000000
32112  -53.715  26.870  30.414 0.0000000000
32382  -51.794  29.770  34.350 0.0000000000
32387  -50.776  30.533  33.111 0.0000000000
32731  -47.838  30.768  32.468 0.0000000000
33052  -46.773  31.365  32.008 0.0000000000
33054  -43.254  32.181  32.152 0.0000000000
32350  -41.795  30.733  45.701 0.0000000000
32689  -41.048  33.254  45.761 0.0000000000
34310  -36.671  39.608  37.702 0.0000000000
34308  -38.562  40.235  39.777 0.0000000000
34096  -37.261  38.371  35.832 0.0000000000
33879  -36.641  37.189  34.334 0.0000000000
33605  -37.862  34.289  34.103 0.0000000000
40053  -23.807  65.459  30.620 0.0000000000
39674  -22.133  63.017  31.379 0.0000000000
39864  -25.079  62.236  32.302 0.0000000000
39680  -25.414  60.725  31.266 0.0000000000
39096  -24.824  57.348  27.099 0.0000000000
38887  -25.751  56.625  26.043 0.0000000000
38625  -25.609  55.982  27.705 0.0000000000
38403  -28.207  54.438  28.045 0.0000000000
38179  -28.740  53.302  28.627 0.0000000000
38394  -28.794  53.179  30.067 0.0000000000
40233  -25.418  66.243  30.379 0.0000000000
26668  -38.731  10.122  51.913 0.0000000000
27148  -37.063  12.521  49.007 0.0000000000
26901  -35.414  11.445  48.018 0.0000000000
27147  -35.370  12.061  47.957 0.0000000000
27663  -35.686  12.780  48.776 0.0000000000
28198  -33.715  14.027  49.635 0.0000000000
28528  -32.024  15.439  49.862 0.0000000000
28871  -30.942  17.801  50.112 0.0000000000
28873  -30.314  18.390  47.304 0.0000000000
27912  -30.567  14.207  44.634 0.0000000000
28211  -29.301  15.281  43.470 0.0000000000
28879  -28.651  18.561  44.518 0.0000000000
39545  -41.398  59.224  8.264 0.0000000000
41082  -28.327  68.289  25.534 0.0000000000
41275  -27.568  69.290  27.586 0.0000000000
41618  -27.723  71.161  29.259 0.0000000000
41287  -25.887  71.960  23.861 0.0000000000
41635  -25.560  73.655  23.733 0.0000000000
34119  -51.531  37.961  30.427 0.0000000000
34120  -50.664  38.225  29.999 0.0000000000
34337  -50.609  38.919  31.113 0.0000000000
34535  -47.421  39.098  31.515 0.0000000000
34716  -45.560  39.605  31.878 0.0000000000
34925  -46.364  40.047  33.260 0.0000000000
35521  -44.693  40.839  31.482 0.0000000000
35805  -47.022  41.451  31.498 0.0000000000
36299  -50.085  41.499  29.922 0.0000000000
36312  -51.216  43.359  26.610 0.0000000000
38634  -47.754  58.848  24.535 0.0000000000
38431  -48.538  57.259  24.342 0.0000000000
38647  -48.062  59.304  22.829 0.0000000000
38653  -48.523  59.284  20.808 0.0000000000
38656  -48.851  59.046  19.550 0.0000000000
38446  -44.368  56.268  17.844 0.0000000000
38218  -49.881  56.349  15.644 0.0000000000
38220  -50.552  55.234  14.385 0.0000000000
38217  -46.644  54.003  14.178 0.0000000000
38231  -47.509  54.577  12.364 0.0000000000
38923  -50.711  56.619  10.775 0.0000000000
38924  -49.637  56.767  12.459 0.0000000000
39333  -49.135  59.373  15.629 0.0000000000
39909  -48.002  63.228  17.161 0.0000000000
39527  -46.892  60.498  18.630 0.0000000000
39908  -47.544  62.945  18.514 0.0000000000
40089  -45.776  65.057  18.576 0.0000000000
40085  -44.227  66.224  19.084 0.0000000000
40425  -42.030  66.780  19.537 0.0000000000
29189  -43.599  21.599  47.272 0.0000000000
29200  -44.762  21.688  45.732 0.0000000000
29197  -39.904  22.343  43.067 0.0000000000
29199  -36.982  20.778  43.675 0.0000000000
29196  -38.920  21.840  43.392 0.0000000000
29211  -37.765  21.568  39.543 0.0000000000
29215  -36.569  21.352  39.086 0.0000000000
31819  -44.034  24.711  34.208 0.0000000000
32094  -48.392  24.818  35.541 0.0000000000
31817  -48.252  24.566  37.101 0.0000000000
32086  -50.085  25.180  37.941 0.0000000000
32087  -50.864  26.590  38.304 0.0000000000
32079  -48.089  25.750  40.931 0.0000000000
32083  -49.115  26.666  40.189 0.0000000000
32701  -48.527  31.068  39.501 0.0000000000
32707  -47.703  32.710  39.053 0.0000000000
32687  -36.231  33.449  44.764 0.0000000000
33583  -38.710  36.307  45.741 0.0000000000
33582  -36.421  34.802  44.388 0.0000000000
34289  -37.028  38.864  45.100 0.0000000000
34495  -35.732  40.358  43.096 0.0000000000
34503  -35.030  40.389  41.085 0.0000000000
34303  -33.957  38.730  38.765 0.0000000000
34305  -32.088  37.459  37.526 0.0000000000
34316  -31.140  37.420  35.423 0.0000000000
39257  -21.788  61.218  31.859 0.0000000000
39470  -20.600  61.190  32.854 0.0000000000
39248  -25.884  60.578  32.798 0.0000000000
39467  -25.260  61.479  34.253 0.0000000000
40894  -27.552  67.877  25.581 0.0000000000
40893  -27.354  69.400  28.184 0.0000000000
41257  -28.221  71.846  31.268 0.0000000000
40886  -23.868  67.204  27.949 0.0000000000
41070  -24.546  69.849  31.038 0.0000000000
41256  -24.590  72.473  31.231 0.0000000000
41420  -22.040  72.353  29.099 0.0000000000
41627  -22.337  72.856  26.291 0.0000000000
35511  -41.242  42.093  37.098 0.0000000000
35791  -42.964  43.779  37.704 0.0000000000
36045  -43.803  45.255  37.052 0.0000000000
36546  -42.923  47.266  36.797 0.0000000000
36773  -45.248  49.360  33.410 0.0000000000
36780  -44.547  49.964  33.083 0.0000000000
36789  -43.683  48.648  30.073 0.0000000000
37257  -43.981  49.381  28.257 0.0000000000
37803  -46.115  52.188  28.870 0.0000000000
37804  -46.972  52.963  27.163 0.0000000000
38193  -47.349  55.486  27.570 0.0000000000
38892  -46.934  59.968  24.700 0.0000000000
38889  -45.970  60.730  23.666 0.0000000000
38646  -44.585  59.711  22.436 0.0000000000
38641  -42.750  58.840  23.216 0.0000000000
38433  -42.537  57.229  21.476 0.0000000000
26170  -38.912  8.287  41.106 0.0000000000
26684  -40.729  8.470  42.378 0.0000000000
26904  -43.816  8.374  44.294 0.0000000000
27145  -46.944  10.192  45.441 0.0000000000
27910  -47.443  16.203  45.315 0.0000000000
28537  -45.728  19.237  46.561 0.0000000000
26673  -41.802  11.213  50.991 0.0000000000
27141  -43.372  11.433  49.925 0.0000000000
27907  -41.119  15.127  50.446 0.0000000000
28534  -43.497  19.237  48.599 0.0000000000
29576  -39.562  21.998  48.713 0.0000000000
29575  -38.137  21.859  48.964 0.0000000000
29567  -37.402  21.293  50.842 0.0000000000
29574  -36.423  21.608  49.341 0.0000000000
29580  -35.592  21.781  47.643 0.0000000000
30977  -37.183  23.124  47.035 0.0000000000
31482  -39.555  24.015  46.722 0.0000000000
31783  -42.549  25.017  45.803 0.0000000000
31488  -41.169  24.553  46.453 0.0000000000
31213  -36.072  25.316  50.594 0.0000000000
31475  -36.897  27.439  49.850 0.0000000000
31772  -37.969  28.860  48.937 0.0000000000
32056  -38.327  30.677  47.989 0.0000000000
32343  -36.637  31.745  47.552 0.0000000000
32346  -35.304  32.402  45.969 0.0000000000
29881  -29.733  22.098  47.339 0.0000000000
31481  -30.715  27.335  46.705 0.0000000000
30983  -28.604  25.532  43.290 0.0000000000
31780  -32.066  29.565  46.239 0.0000000000
32058  -33.463  31.139  45.904 0.0000000000
32684  -36.178  33.097  45.565 0.0000000000
25884  -42.044  5.513  46.329 0.0000000000
25301  -42.401  4.453  47.669 0.0000000000
25880  -42.901  5.690  47.766 0.0000000000
25875  -43.323  5.535  49.937 0.0000000000
24750  -42.621  0.826  49.572 0.0000000000
24740  -40.951  -0.108  50.105 0.0000000000
25036  -42.188  2.464  50.877 0.0000000000
25873  -41.127  6.811  51.937 0.0000000000
25872  -39.510  6.786  52.405 0.0000000000
25868  -37.763  7.191  52.337 0.0000000000
25867  -35.594  7.657  51.867 0.0000000000
25280  -36.001  5.308  53.454 0.0000000000
25878  -32.796  8.159  50.237 0.0000000000
25584  -32.426  7.939  48.823 0.0000000000
25583  -32.216  6.447  46.959 0.0000000000
25297  -31.359  4.912  46.811 0.0000000000
25035  -31.186  4.018  48.710 0.0000000000
24736  -30.621  3.482  50.587 0.0000000000
24723  -30.051  3.390  52.048 0.0000000000
24450  -32.397  2.049  54.329 0.0000000000
41133  -42.642  72.692  9.022 0.0000000000
40950  -39.703  70.720  7.605 0.0000000000
33905  -40.169  35.965  26.062 0.0000000000
34733  -38.030  38.926  24.654 0.0000000000
34342  -46.684  38.450  29.097 0.0000000000
34131  -45.410  37.994  28.065 0.0000000000
34541  -41.730  38.245  26.960 0.0000000000
34731  -38.744  39.210  25.641 0.0000000000
35225  -38.021  39.952  24.517 0.0000000000
36042  -45.700  44.188  36.823 0.0000000000
35787  -47.526  43.505  35.178 0.0000000000
36784  -48.385  47.086  30.660 0.0000000000
36300  -48.934  45.790  31.459 0.0000000000
36301  -50.020  45.253  30.343 0.0000000000
36308  -51.078  44.070  29.303 0.0000000000
36563  -51.606  44.782  27.851 0.0000000000
37811  -48.849  53.916  23.046 0.0000000000
37808  -49.892  52.845  23.748 0.0000000000
37648  -50.911  51.795  24.397 0.0000000000
38016  -51.874  54.174  18.761 0.0000000000
37813  -51.460  52.860  21.039 0.0000000000
37649  -51.803  51.517  23.310 0.0000000000
37267  -52.334  48.519  24.047 0.0000000000
37271  -52.042  47.540  22.502 0.0000000000
37043  -51.095  46.021  22.916 0.0000000000
37270  -50.382  47.011  21.890 0.0000000000
37273  -48.766  47.510  21.393 0.0000000000
38670  -40.953  56.027  8.775 0.0000000000
39138  -39.014  57.593  9.309 0.0000000000
39132  -50.859  58.490  10.284 0.0000000000
39136  -49.803  59.460  10.143 0.0000000000
39341  -48.348  60.438  10.506 0.0000000000
39734  -47.605  62.816  12.420 0.0000000000
39339  -46.627  60.843  10.879 0.0000000000
39135  -45.944  59.038  10.046 0.0000000000
39133  -41.464  58.136  10.625 0.0000000000
39542  -39.887  60.193  10.249 0.0000000000
39742  -42.250  60.941  9.252 0.0000000000
39930  -46.565  62.132  9.410 0.0000000000
40120  -48.408  63.085  9.378 0.0000000000
40603  -46.257  64.861  11.335 0.0000000000
40457  -48.073  64.187  9.873 0.0000000000
40296  -48.870  65.263  7.358 0.0000000000
26915  -39.535  9.148  40.452 0.0000000000
27411  -47.839  12.575  41.836 0.0000000000
29201  -45.003  21.691  44.163 0.0000000000
28877  -47.009  20.263  42.641 0.0000000000
33059  -52.245  31.103  26.810 0.0000000000
33060  -53.450  32.188  28.104 0.0000000000
33352  -53.070  34.507  28.807 0.0000000000
32114  -54.214  27.667  31.550 0.0000000000
32375  -53.042  27.574  35.182 0.0000000000
32113  -53.817  27.634  33.596 0.0000000000
32737  -54.346  30.511  30.455 0.0000000000
33349  -54.240  32.209  30.286 0.0000000000
33894  -52.686  36.208  31.225 0.0000000000
33893  -52.315  35.492  32.730 0.0000000000
34109  -50.983  36.056  34.354 0.0000000000
34108  -49.449  36.485  35.954 0.0000000000
33626  -48.870  32.785  33.365 0.0000000000
33891  -47.966  34.686  35.846 0.0000000000
34321  -47.714  36.624  37.109 0.0000000000
34329  -45.762  37.472  37.015 0.0000000000
34529  -43.389  37.813  36.094 0.0000000000
34705  -41.871  38.883  36.270 0.0000000000
31785  -43.350  26.180  45.689 0.0000000000
33019  -45.041  33.049  41.827 0.0000000000
33021  -46.068  33.695  40.307 0.0000000000
33023  -46.457  34.110  38.515 0.0000000000
33584  -40.580  36.951  45.124 0.0000000000
33585  -41.957  38.152  43.411 0.0000000000
33588  -43.061  37.607  42.083 0.0000000000
34088  -40.249  39.556  40.476 0.0000000000
33872  -41.722  37.853  39.397 0.0000000000
33592  -43.270  37.187  40.166 0.0000000000
33324  -44.058  35.846  39.075 0.0000000000
33031  -44.714  34.651  37.786 0.0000000000
32716  -45.650  33.571  36.699 0.0000000000
32714  -44.868  31.610  34.387 0.0000000000
32721  -42.389  31.023  33.038 0.0000000000
33050  -39.677  31.950  32.127 0.0000000000
33049  -38.535  32.593  31.630 0.0000000000
33623  -40.540  33.896  32.126 0.0000000000
34332  -40.369  36.400  33.139 0.0000000000
34528  -41.183  38.275  35.048 0.0000000000
34916  -40.242  39.602  35.491 0.0000000000
35206  -40.124  40.908  35.962 0.0000000000
35517  -38.848  41.749  34.435 0.0000000000
37250  -27.402  48.800  28.053 0.0000000000
37261  -27.297  48.743  26.851 0.0000000000
37641  -26.168  50.030  26.718 0.0000000000
38174  -27.415  52.018  29.827 0.0000000000
38173  -25.621  52.088  31.761 0.0000000000
26163  -33.212  8.741  46.587 0.0000000000
39676  -21.110  62.780  26.985 0.0000000000
39677  -21.049  63.094  28.226 0.0000000000
39863  -21.830  64.153  29.002 0.0000000000
29571  -31.208  20.050  50.717 0.0000000000
38933  -39.358  56.461  6.569 0.0000000000
39347  -40.625  57.760  7.141 0.0000000000
43353  -43.832  70.068  17.680 0.0000000000
33902  -51.080  37.254  29.443 0.0000000000
38002  -47.369  54.035  25.454 0.0000000000
37805  -46.669  52.649  25.252 0.0000000000
38228  -49.523  54.203  12.134 0.0000000000
38226  -52.747  53.714  12.317 0.0000000000
38229  -52.024  53.775  11.187 0.0000000000
38233  -51.143  53.860  10.401 0.0000000000
38234  -50.969  53.919  9.706 0.0000000000
28875  -46.216  20.685  45.410 0.0000000000
32685  -37.842  33.495  46.537 0.0000000000
33013  -39.081  34.041  46.349 0.0000000000
34318  -32.278  37.523  33.681 0.0000000000
34100  -33.722  37.411  33.486 0.0000000000
40254  -42.178  68.077  22.751 0.0000000000
41265  -27.355  71.510  29.770 0.0000000000
41266  -26.530  70.448  27.379 0.0000000000
41425  -26.838  72.257  29.122 0.0000000000
41299  -21.714  70.434  19.323 0.0000000000
41292  -23.214  70.677  20.500 0.0000000000
41300  -22.648  71.042  19.389 0.0000000000
36050  -48.605  42.295  33.302 0.0000000000
35796  -48.313  41.475  33.737 0.0000000000
38920  -41.970  56.417  15.416 0.0000000000
38455  -41.967  54.869  15.468 0.0000000000
38921  -44.888  56.216  14.457 0.0000000000
40072  -43.617  66.000  24.075 0.0000000000
40256  -42.928  67.625  23.567 0.0000000000
29191  -36.506  21.242  45.528 0.0000000000
41268  -17.703  70.367  26.953 0.0000000000
40708  -17.252  68.443  26.519 0.0000000000
38869  -24.149  58.399  29.995 0.0000000000
39460  -29.124  62.436  36.966 0.0000000000
39235  -29.999  60.713  37.879 0.0000000000
38388  -26.675  52.982  39.273 0.0000000000
39292  -22.099  59.883  21.939 0.0000000000
39286  -23.206  59.311  21.962 0.0000000000
39706  -23.330  60.932  21.187 0.0000000000
40069  -23.740  62.042  21.520 0.0000000000
40401  -24.449  63.240  22.939 0.0000000000
40715  -25.548  65.288  24.631 0.0000000000
36049  -40.748  45.624  35.677 0.0000000000
27905  -38.293  14.065  50.134 0.0000000000
25033  -39.086  3.407  53.030 0.0000000000
24730  -34.996  2.891  54.785 0.0000000000
40774  -45.333  68.691  7.121 0.0000000000
41841  -39.299  78.254  11.479 0.0000000000
41687  -38.794  77.921  10.275 0.0000000000
34721  -44.687  39.256  29.730 0.0000000000
36074  -41.991  41.672  22.019 0.0000000000
37040  -49.961  48.794  28.079 0.0000000000
37263  -51.042  49.007  27.010 0.0000000000
37266  -51.850  49.914  25.139 0.0000000000
37822  -52.855  50.794  18.796 0.0000000000
40619  -46.795  68.180  6.977 0.0000000000
34505  -37.852  40.477  42.415 0.0000000000
34498  -39.823  40.504  42.556 0.0000000000
33332  -41.747  35.321  36.710 0.0000000000
41431  -24.156  72.705  27.678 0.0000000000
41427  -25.312  72.838  27.758 0.0000000000
41274  -23.875  71.790  25.742 0.0000000000
41442  -21.517  70.798  21.850 0.0000000000
35204  -46.299  41.013  37.968 0.0000000000
35512  -47.968  41.611  35.652 0.0000000000
39127  -41.902  57.264  16.951 0.0000000000
30459  -35.089  22.033  46.655 0.0000000000
39851  -21.224  63.635  30.263 0.0000000000
40037  -21.629  64.326  31.113 0.0000000000
38860  -28.793  57.161  29.827 0.0000000000
39068  -28.373  58.326  30.496 0.0000000000
39056  -30.244  57.849  36.032 0.0000000000
39687  -21.874  62.334  25.714 0.0000000000
39498  -21.838  60.928  24.226 0.0000000000
40711  -19.605  66.284  24.024 0.0000000000
28525  -35.224  15.195  51.295 0.0000000000
29877  -32.449  21.915  50.747 0.0000000000
30181  -30.503  22.371  49.347 0.0000000000
30737  -30.666  24.467  47.599 0.0000000000
41134  -45.841  71.724  10.832 0.0000000000
41317  -43.939  72.886  12.863 0.0000000000
41316  -42.521  73.816  13.379 0.0000000000
36805  -47.219  44.984  22.442 0.0000000000
36569  -46.145  43.652  22.318 0.0000000000
36798  -45.452  48.214  28.108 0.0000000000
37647  -47.038  51.919  25.065 0.0000000000
37471  -48.900  52.083  25.076 0.0000000000
38222  -52.257  55.003  14.527 0.0000000000
38467  -49.954  54.982  8.344 0.0000000000
38472  -48.609  55.206  7.896 0.0000000000
40084  -43.421  64.736  17.378 0.0000000000
39913  -44.539  63.811  15.427 0.0000000000
40088  -42.346  64.548  16.986 0.0000000000
43349  -45.156  66.281  14.169 0.0000000000
28543  -48.177  19.427  43.768 0.0000000000
28886  -40.056  21.953  38.645 0.0000000000
32734  -50.699  31.330  32.497 0.0000000000
32727  -44.753  30.839  33.049 0.0000000000
32730  -43.594  31.288  32.435 0.0000000000
33610  -37.259  35.642  33.814 0.0000000000
40229  -24.479  65.665  31.621 0.0000000000
40044  -24.088  64.513  32.060 0.0000000000
39869  -27.295  61.627  30.790 0.0000000000
39865  -26.302  61.524  31.451 0.0000000000
38638  -25.293  55.846  26.198 0.0000000000
38189  -26.401  54.463  26.296 0.0000000000
38407  -27.073  55.022  27.582 0.0000000000
38180  -28.115  52.810  27.565 0.0000000000
38176  -28.368  52.307  28.819 0.0000000000
40225  -25.596  65.750  32.162 0.0000000000
26676  -38.257  11.520  50.744 0.0000000000
28532  -31.368  16.150  49.816 0.0000000000
41436  -26.159  71.023  26.926 0.0000000000
41433  -27.029  70.294  27.726 0.0000000000
41628  -26.555  72.242  27.463 0.0000000000
41620  -27.364  72.434  28.613 0.0000000000
41285  -25.619  71.254  24.883 0.0000000000
41445  -25.105  72.788  22.994 0.0000000000
41799  -25.976  75.440  24.781 0.0000000000
34110  -51.958  37.151  31.983 0.0000000000
34714  -47.287  39.839  33.965 0.0000000000
34710  -47.842  39.757  36.093 0.0000000000
38652  -46.744  59.405  20.040 0.0000000000
38445  -42.648  55.186  17.438 0.0000000000
38219  -46.049  55.201  16.190 0.0000000000
38449  -48.201  57.561  16.985 0.0000000000
38667  -48.359  55.635  12.160 0.0000000000
39533  -49.010  61.560  16.483 0.0000000000
39723  -47.962  61.928  18.038 0.0000000000
39721  -45.480  61.040  20.202 0.0000000000
39903  -45.980  64.174  20.978 0.0000000000
39722  -46.710  62.275  19.696 0.0000000000
39904  -46.768  63.882  18.877 0.0000000000
40086  -42.324  66.743  19.722 0.0000000000
29205  -36.143  20.307  42.210 0.0000000000
29208  -36.419  20.668  40.727 0.0000000000
32078  -47.384  26.240  42.001 0.0000000000
32692  -36.790  34.284  44.671 0.0000000000
34280  -36.053  37.975  45.054 0.0000000000
34496  -36.658  40.029  44.109 0.0000000000
34290  -35.833  39.295  44.665 0.0000000000
34494  -33.950  40.172  42.871 0.0000000000
34306  -34.789  39.463  38.911 0.0000000000
34296  -32.982  38.926  40.127 0.0000000000
34301  -30.057  37.640  38.342 0.0000000000
34304  -31.460  37.269  36.315 0.0000000000
35198  -30.786  38.930  36.866 0.0000000000
40706  -16.598  68.814  28.194 0.0000000000
39675  -23.255  62.471  32.189 0.0000000000
39481  -22.482  61.343  31.748 0.0000000000
39263  -22.451  60.839  31.630 0.0000000000
39062  -21.298  59.209  32.339 0.0000000000
39252  -21.167  60.643  32.176 0.0000000000
39466  -21.222  60.648  33.633 0.0000000000
39066  -26.299  59.860  31.649 0.0000000000
39249  -27.749  60.960  32.835 0.0000000000
39657  -26.050  63.489  35.766 0.0000000000
38835  -30.185  56.858  37.151 0.0000000000
39054  -30.028  59.316  38.953 0.0000000000
38830  -29.989  57.421  39.334 0.0000000000
40400  -25.192  63.093  21.388 0.0000000000
40896  -27.937  66.631  23.256 0.0000000000
40892  -27.167  68.111  27.009 0.0000000000
40891  -26.930  68.714  28.753 0.0000000000
41063  -27.786  70.563  30.806 0.0000000000
41062  -27.055  70.039  31.106 0.0000000000
40712  -22.218  65.195  24.708 0.0000000000
40714  -23.768  64.949  24.974 0.0000000000
40888  -23.057  66.279  26.289 0.0000000000
41069  -22.728  69.756  30.110 0.0000000000
41068  -24.121  68.597  29.794 0.0000000000
41253  -25.062  71.168  31.792 0.0000000000
41259  -23.604  70.926  31.132 0.0000000000
41417  -23.425  72.842  29.505 0.0000000000
41260  -22.063  71.498  29.818 0.0000000000
41626  -21.135  73.090  27.387 0.0000000000
41792  -22.451  74.053  25.376 0.0000000000
36768  -44.369  49.831  34.939 0.0000000000
36788  -43.758  50.086  32.138 0.0000000000
36781  -44.552  48.779  31.530 0.0000000000
37029  -43.444  48.402  28.636 0.0000000000
37024  -43.186  49.296  29.434 0.0000000000
37802  -44.811  52.372  29.822 0.0000000000
37461  -44.931  51.133  28.956 0.0000000000
37999  -46.822  53.696  28.695 0.0000000000
38633  -47.218  58.255  26.428 0.0000000000
26417  -39.956  7.952  42.710 0.0000000000
26672  -39.742  11.437  51.617 0.0000000000
31215  -37.355  24.603  49.752 0.0000000000
31212  -35.036  25.361  50.791 0.0000000000
32051  -36.705  30.331  48.518 0.0000000000
30984  -30.294  26.008  46.026 0.0000000000
32063  -33.223  31.378  44.351 0.0000000000
32349  -34.804  32.507  44.350 0.0000000000
32354  -35.486  32.774  43.484 0.0000000000
26164  -41.980  6.268  45.691 0.0000000000
24746  -39.685  -1.121  48.532 0.0000000000
25580  -32.335  7.190  50.044 0.0000000000
40299  -40.057  64.985  5.802 0.0000000000
40616  -42.843  68.721  7.324 0.0000000000
40618  -39.997  66.823  6.684 0.0000000000
41333  -39.426  73.644  8.360 0.0000000000
41141  -40.842  72.479  8.372 0.0000000000
41276  -28.761  68.941  27.785 0.0000000000
34134  -38.809  37.704  25.165 0.0000000000
34338  -49.659  38.842  30.397 0.0000000000
35229  -37.989  40.380  22.697 0.0000000000
35510  -44.758  43.333  37.835 0.0000000000
36794  -49.639  47.283  29.400 0.0000000000
38438  -49.078  57.779  23.150 0.0000000000
38200  -49.055  55.731  23.462 0.0000000000
38202  -49.787  56.371  22.228 0.0000000000
37817  -52.315  51.377  20.828 0.0000000000
37474  -52.590  49.556  22.577 0.0000000000
37477  -52.339  48.513  21.562 0.0000000000
37655  -48.888  48.629  19.997 0.0000000000
38927  -43.275  57.160  9.382 0.0000000000
38669  -41.005  54.941  7.613 0.0000000000
38928  -39.547  56.907  9.773 0.0000000000
38925  -50.708  57.487  11.950 0.0000000000
39131  -51.046  59.164  12.022 0.0000000000
39732  -44.085  63.134  13.593 0.0000000000
39731  -44.074  62.445  12.436 0.0000000000
39538  -44.765  61.566  11.516 0.0000000000
40601  -44.373  64.797  11.614 0.0000000000
40604  -47.708  65.726  10.975 0.0000000000
40458  -48.493  65.250  9.092 0.0000000000
40302  -47.372  65.978  5.653 0.0000000000
28880  -46.772  20.215  41.281 0.0000000000
31842  -49.789  26.121  24.966 0.0000000000
32748  -52.403  29.987  26.169 0.0000000000
33351  -54.126  32.949  29.212 0.0000000000
33629  -53.582  34.779  30.039 0.0000000000
34107  -48.727  35.224  36.182 0.0000000000
33890  -47.949  33.661  34.627 0.0000000000
34322  -46.593  36.798  37.100 0.0000000000
33307  -39.230  35.598  45.904 0.0000000000
33869  -40.191  38.239  44.731 0.0000000000
34082  -42.039  39.448  42.289 0.0000000000
34085  -42.499  38.593  41.465 0.0000000000
34093  -40.651  38.580  38.649 0.0000000000
33599  -41.421  36.713  37.617 0.0000000000
33331  -42.203  34.299  36.222 0.0000000000
32713  -44.548  32.630  35.367 0.0000000000
32717  -42.233  31.320  34.100 0.0000000000
33345  -40.024  33.032  31.730 0.0000000000
34116  -39.934  35.156  32.427 0.0000000000
36999  -24.766  48.914  32.543 0.0000000000
37233  -26.206  49.771  30.318 0.0000000000
37255  -26.379  48.441  27.722 0.0000000000
37254  -26.028  48.665  27.152 0.0000000000
37466  -25.198  49.271  27.012 0.0000000000
37797  -26.370  50.889  27.523 0.0000000000
37465  -24.456  49.750  27.386 0.0000000000
38170  -23.484  52.084  32.914 0.0000000000
25296  -30.709  5.131  45.378 0.0000000000
26160  -32.915  8.877  47.853 0.0000000000
41631  -22.758  72.580  24.426 0.0000000000
41443  -22.077  71.963  22.942 0.0000000000
38665  -38.836  55.663  17.501 0.0000000000
39520  -41.641  59.589  20.917 0.0000000000
39856  -21.132  63.489  28.659 0.0000000000
38844  -29.480  57.207  31.142 0.0000000000
38842  -29.367  56.078  32.444 0.0000000000
38392  -24.287  52.759  34.339 0.0000000000
40055  -25.370  65.663  28.834 0.0000000000
28527  -32.001  16.121  50.682 0.0000000000
38675  -38.956  55.994  7.469 0.0000000000
40935  -43.020  72.182  13.968 0.0000000000
36806  -49.387  45.358  22.617 0.0000000000
37806  -46.829  52.446  24.457 0.0000000000
38032  -53.591  52.063  11.705 0.0000000000
40093  -41.950  65.427  18.180 0.0000000000
43354  -46.173  67.550  14.278 0.0000000000
34313  -34.254  37.826  35.418 0.0000000000
34101  -34.312  36.919  32.833 0.0000000000
40224  -26.775  65.175  32.934 0.0000000000
39682  -27.922  60.658  29.165 0.0000000000
38188  -27.598  53.703  27.134 0.0000000000
37798  -27.323  51.126  26.686 0.0000000000
27913  -29.086  13.685  42.161 0.0000000000
40260  -40.715  66.751  21.114 0.0000000000
41075  -26.961  69.119  27.293 0.0000000000
41270  -27.286  69.773  26.228 0.0000000000
41440  -26.209  72.032  25.128 0.0000000000
41286  -24.861  71.239  22.866 0.0000000000
41450  -24.352  72.740  21.590 0.0000000000
38650  -45.788  59.905  21.747 0.0000000000
38651  -45.908  59.498  20.816 0.0000000000
38224  -44.496  54.059  14.784 0.0000000000
40090  -44.629  66.664  20.556 0.0000000000
40257  -43.577  67.673  22.194 0.0000000000
29887  -34.662  21.264  41.961 0.0000000000
34285  -31.579  38.770  41.350 0.0000000000
41625  -19.771  72.897  27.625 0.0000000000
41920  -20.110  74.350  27.617 0.0000000000
41624  -18.219  72.189  27.400 0.0000000000
39079  -23.417  59.879  31.312 0.0000000000
39063  -22.213  58.980  31.498 0.0000000000
39464  -29.190  61.199  33.761 0.0000000000
39658  -27.077  63.684  36.262 0.0000000000
38604  -29.001  55.018  39.922 0.0000000000
39500  -24.992  62.003  24.708 0.0000000000
40895  -21.884  67.472  26.870 0.0000000000
41071  -20.846  69.196  27.861 0.0000000000
41269  -20.641  70.642  28.393 0.0000000000
41430  -19.885  71.487  28.038 0.0000000000
36552  -41.633  47.455  36.173 0.0000000000
38879  -46.411  59.874  26.618 0.0000000000
38886  -44.259  61.056  24.201 0.0000000000
27402  -40.839  13.523  50.486 0.0000000000
31226  -29.215  27.518  43.312 0.0000000000
31788  -30.399  28.727  44.212 0.0000000000
41684  -41.366  76.396  11.697 0.0000000000
41503  -41.163  75.843  10.647 0.0000000000
41502  -39.621  76.511  9.794 0.0000000000
41501  -38.716  75.177  8.981 0.0000000000
33638  -41.674  33.736  26.644 0.0000000000
36547  -44.380  47.459  36.298 0.0000000000
37039  -48.180  49.207  28.010 0.0000000000
36799  -51.255  46.510  27.979 0.0000000000
38015  -50.732  54.610  20.786 0.0000000000
38672  -43.195  55.948  8.025 0.0000000000
39534  -50.029  61.286  13.837 0.0000000000
39541  -49.453  62.218  12.739 0.0000000000
39739  -40.678  61.351  11.224 0.0000000000
40609  -47.969  67.530  7.306 0.0000000000
40464  -47.546  66.941  6.354 0.0000000000
26910  -43.861  9.157  43.000 0.0000000000
27410  -45.692  10.734  40.732 0.0000000000
33627  -50.057  33.706  34.582 0.0000000000
34084  -38.596  39.366  44.819 0.0000000000
34291  -39.404  40.249  43.754 0.0000000000
24727  -29.841  3.345  50.063 0.0000000000
40071  -42.116  65.816  24.969 0.0000000000
41414  -26.804  73.524  30.836 0.0000000000
41422  -26.902  73.018  28.750 0.0000000000
41272  -23.285  70.216  22.729 0.0000000000
41296  -20.890  70.325  19.829 0.0000000000
38457  -39.204  55.256  16.760 0.0000000000
39716  -43.338  60.992  21.670 0.0000000000
40070  -43.526  64.951  24.347 0.0000000000
30188  -34.801  21.827  43.679 0.0000000000
40390  -18.648  65.773  27.358 0.0000000000
38856  -25.975  56.795  28.619 0.0000000000
39242  -29.867  60.187  33.527 0.0000000000
38838  -28.906  55.718  35.977 0.0000000000
39288  -24.012  60.597  23.549 0.0000000000
39285  -21.835  59.465  22.773 0.0000000000
40242  -22.634  62.429  22.561 0.0000000000
40397  -20.461  64.822  23.721 0.0000000000
41081  -19.305  67.782  24.989 0.0000000000
29565  -33.719  20.520  51.475 0.0000000000
30974  -32.842  25.093  50.087 0.0000000000
29203  -27.480  19.140  43.088 0.0000000000
41325  -43.624  73.659  12.131 0.0000000000
41679  -39.892  77.164  13.198 0.0000000000
35801  -45.224  41.258  31.246 0.0000000000
35804  -43.908  41.375  29.317 0.0000000000
36315  -43.930  41.662  22.682 0.0000000000
36791  -44.394  47.949  28.997 0.0000000000
36783  -46.814  47.873  30.818 0.0000000000
37646  -50.406  51.455  25.444 0.0000000000
37827  -52.974  50.602  17.643 0.0000000000
38021  -52.840  50.057  16.944 0.0000000000
38025  -53.276  50.870  16.181 0.0000000000
39921  -41.681  63.265  14.397 0.0000000000
40446  -43.552  65.117  12.971 0.0000000000
40764  -47.043  66.865  12.867 0.0000000000
27915  -48.262  15.995  39.777 0.0000000000
28881  -41.493  21.644  38.978 0.0000000000
34309  -37.366  40.305  39.148 0.0000000000
34307  -38.086  39.641  37.799 0.0000000000
39862  -21.669  63.715  30.200 0.0000000000
40043  -22.452  64.670  30.809 0.0000000000
39484  -24.322  60.523  31.715 0.0000000000
39494  -24.642  59.647  30.356 0.0000000000
38626  -24.749  56.476  27.353 0.0000000000
39276  -25.936  58.688  27.450 0.0000000000
39277  -26.741  57.988  26.696 0.0000000000
38857  -28.010  56.535  28.858 0.0000000000
38399  -29.226  54.708  29.640 0.0000000000
40741  -43.335  69.065  19.576 0.0000000000
41277  -28.107  68.898  28.394 0.0000000000
41435  -28.480  70.231  28.802 0.0000000000
41424  -25.856  71.492  27.188 0.0000000000
41444  -25.842  72.609  24.035 0.0000000000
41633  -26.129  72.957  25.818 0.0000000000
41795  -26.088  74.275  27.099 0.0000000000
38424  -47.771  56.875  25.931 0.0000000000
38199  -48.285  55.031  24.433 0.0000000000
38451  -49.807  57.878  17.157 0.0000000000
38215  -49.625  54.631  13.824 0.0000000000
38462  -48.944  55.093  11.518 0.0000000000
39336  -50.178  59.715  14.131 0.0000000000
31516  -38.974  23.805  33.387 0.0000000000
33868  -37.978  37.266  45.497 0.0000000000
34510  -36.015  40.246  39.398 0.0000000000
34295  -33.325  38.198  38.332 0.0000000000
34520  -31.517  38.133  33.961 0.0000000000
39665  -20.935  62.761  31.541 0.0000000000
39848  -20.743  62.904  32.883 0.0000000000
39064  -24.854  58.698  31.029 0.0000000000
39065  -23.797  58.980  32.478 0.0000000000
39245  -22.984  59.395  33.431 0.0000000000
39247  -24.628  60.285  33.442 0.0000000000
39465  -22.730  60.763  34.308 0.0000000000
41072  -28.389  71.150  30.093 0.0000000000
41262  -28.155  72.478  31.280 0.0000000000
41064  -26.400  70.361  31.536 0.0000000000
41252  -26.820  71.942  31.868 0.0000000000
41255  -26.881  73.202  31.419 0.0000000000
41416  -24.801  73.236  30.502 0.0000000000
41617  -22.684  72.586  27.413 0.0000000000
36782  -45.482  48.177  30.924 0.0000000000
36790  -44.119  48.002  29.699 0.0000000000
37258  -43.860  49.902  29.096 0.0000000000
38192  -47.573  54.832  26.693 0.0000000000
25897  -39.016  7.497  41.140 0.0000000000
28206  -44.310  16.966  48.022 0.0000000000
31484  -40.961  25.288  47.820 0.0000000000
25302  -41.848  4.845  45.931 0.0000000000
24446  -30.971  2.258  53.894 0.0000000000
41132  -43.108  71.685  8.419 0.0000000000
40949  -42.074  70.704  7.939 0.0000000000
33901  -48.957  37.463  28.893 0.0000000000
34930  -42.905  40.452  29.472 0.0000000000
36047  -46.274  44.887  35.826 0.0000000000
38011  -47.994  54.053  23.616 0.0000000000
36803  -50.183  44.683  23.524 0.0000000000
37826  -51.781  49.573  17.618 0.0000000000
38668  -50.645  55.721  10.212 0.0000000000
39137  -50.411  57.955  9.396 0.0000000000
39539  -47.661  61.627  11.224 0.0000000000
39134  -39.774  58.004  10.383 0.0000000000
39546  -45.291  60.145  8.345 0.0000000000
40455  -44.939  64.421  10.876 0.0000000000
40605  -48.274  65.411  9.983 0.0000000000
40456  -47.286  64.468  10.481 0.0000000000
40295  -48.686  64.316  8.928 0.0000000000
27157  -41.103  9.535  40.473 0.0000000000
28882  -44.628  20.366  39.945 0.0000000000
28546  -46.639  19.385  40.295 0.0000000000
32128  -51.105  27.598  25.081 0.0000000000
33047  -37.667  32.719  32.718 0.0000000000
33344  -37.365  33.678  30.842 0.0000000000
34915  -41.617  40.328  36.931 0.0000000000
37460  -28.297  49.645  26.954 0.0000000000
37467  -26.906  49.471  26.447 0.0000000000
37982  -24.937  51.066  29.157 0.0000000000
38610  -25.571  52.985  33.523 0.0000000000
25590  -31.869  6.077  45.721 0.0000000000
34926  -44.623  40.185  31.593 0.0000000000
37810  -47.239  53.127  24.151 0.0000000000
39857  -23.029  63.934  31.861 0.0000000000
40252  -41.617  67.722  24.120 0.0000000000
40303  -48.376  65.973  6.266 0.0000000000
40709  -18.551  66.811  24.759 0.0000000000
40879  -17.195  68.033  28.893 0.0000000000
41077  -27.013  69.354  26.766 0.0000000000
41254  -27.659  72.865  31.349 0.0000000000
41261  -27.671  71.983  31.002 0.0000000000
41426  -27.036  73.404  29.516 0.0000000000
41434  -28.046  69.467  28.027 0.0000000000
41616  -17.594  72.462  27.382 0.0000000000
