#!ascii label  , from subject Yale_0050555 vox2ras=TkReg
752
32591  -23.647  31.524  -32.697 0.0000000000
29531  -24.424  16.168  -47.512 0.0000000000
31414  -41.366  24.430  -42.338 0.0000000000
32961  -42.895  34.376  -36.173 0.0000000000
33827  -28.864  34.171  -44.552 0.0000000000
29824  -36.958  21.046  -45.779 0.0000000000
31412  -23.866  23.931  -47.163 0.0000000000
34658  -29.870  42.720  -38.450 0.0000000000
34036  -21.501  37.998  -38.839 0.0000000000
32002  -26.548  31.137  -41.887 0.0000000000
31992  -20.944  28.854  -38.428 0.0000000000
32984  -43.831  30.687  -45.133 0.0000000000
32962  -49.190  31.611  -37.675 0.0000000000
31397  -45.516  24.633  -36.070 0.0000000000
29809  -48.996  22.029  -38.502 0.0000000000
29847  -30.822  20.070  -49.294 0.0000000000
28496  -36.955  13.661  -45.378 0.0000000000
34648  -40.633  42.947  -32.868 0.0000000000
33547  -37.425  35.202  -41.438 0.0000000000
32314  -34.652  28.136  -47.229 0.0000000000
29497  -39.068  20.202  -41.613 0.0000000000
31998  -33.937  26.765  -38.059 0.0000000000
31168  -30.877  25.153  -41.628 0.0000000000
30385  -28.601  22.539  -41.832 0.0000000000
33532  -25.458  34.440  -32.707 0.0000000000
34230  -24.635  39.953  -34.683 0.0000000000
33529  -22.051  34.641  -34.597 0.0000000000
32965  -21.221  32.863  -39.072 0.0000000000
32608  -22.595  30.684  -36.370 0.0000000000
32310  -43.218  26.901  -47.377 0.0000000000
32303  -47.513  27.776  -42.362 0.0000000000
31411  -43.240  24.905  -40.782 0.0000000000
29800  -45.543  21.356  -35.543 0.0000000000
30383  -44.364  22.825  -40.797 0.0000000000
30407  -42.903  23.935  -45.712 0.0000000000
29537  -27.480  17.240  -48.483 0.0000000000
29151  -31.473  16.322  -48.279 0.0000000000
29144  -28.046  13.574  -46.435 0.0000000000
34017  -38.853  38.642  -27.348 0.0000000000
34447  -36.047  42.773  -32.524 0.0000000000
34249  -29.211  39.411  -43.156 0.0000000000
34466  -34.966  41.266  -40.625 0.0000000000
33831  -31.539  35.368  -44.683 0.0000000000
33272  -35.699  33.341  -45.687 0.0000000000
32980  -31.047  31.436  -45.414 0.0000000000
32299  -33.428  27.021  -43.305 0.0000000000
32293  -31.559  29.045  -40.993 0.0000000000
32017  -25.039  28.802  -46.900 0.0000000000
31702  -29.973  27.098  -42.384 0.0000000000
31427  -28.520  25.386  -47.551 0.0000000000
30940  -29.154  23.600  -42.910 0.0000000000
31163  -25.394  21.710  -45.797 0.0000000000
33524  -42.761  36.130  -30.955 0.0000000000
33243  -45.623  36.074  -31.816 0.0000000000
31986  -51.410  27.572  -35.943 0.0000000000
32585  -50.688  32.036  -32.832 0.0000000000
30118  -37.168  20.775  -42.592 0.0000000000
29499  -40.939  17.915  -43.929 0.0000000000
29508  -39.832  18.109  -44.525 0.0000000000
28485  -36.684  11.757  -41.648 0.0000000000
28167  -40.184  10.464  -43.034 0.0000000000
34453  -31.848  43.028  -33.784 0.0000000000
34233  -27.617  41.443  -34.797 0.0000000000
34246  -25.616  40.491  -39.653 0.0000000000
33824  -25.362  35.978  -42.465 0.0000000000
32967  -27.062  31.492  -41.213 0.0000000000
32966  -23.160  33.719  -41.232 0.0000000000
32618  -22.562  32.369  -42.324 0.0000000000
32000  -20.496  28.881  -43.074 0.0000000000
32634  -42.117  32.477  -39.821 0.0000000000
32604  -45.973  34.399  -38.245 0.0000000000
32637  -46.942  32.342  -40.797 0.0000000000
32281  -49.809  25.844  -39.182 0.0000000000
31675  -47.586  24.642  -34.891 0.0000000000
30140  -34.577  21.911  -47.684 0.0000000000
29525  -38.108  18.148  -48.446 0.0000000000
29152  -33.764  16.623  -48.851 0.0000000000
28823  -34.666  12.189  -45.354 0.0000000000
34018  -42.938  39.496  -28.298 0.0000000000
34228  -42.544  40.506  -35.200 0.0000000000
34661  -35.870  44.025  -36.880 0.0000000000
34242  -39.685  40.422  -38.925 0.0000000000
33265  -39.399  35.062  -39.592 0.0000000000
32647  -39.583  32.636  -41.428 0.0000000000
32660  -40.372  29.246  -47.178 0.0000000000
31722  -39.177  24.951  -46.705 0.0000000000
30396  -39.391  22.279  -42.162 0.0000000000
31712  -35.785  23.621  -44.691 0.0000000000
31154  -35.735  24.620  -39.114 0.0000000000
30394  -35.348  22.619  -42.144 0.0000000000
32286  -28.867  29.470  -38.403 0.0000000000
31152  -32.072  25.039  -38.291 0.0000000000
30404  -34.221  25.440  -44.797 0.0000000000
30419  -32.022  24.872  -47.236 0.0000000000
30415  -28.700  23.501  -46.440 0.0000000000
32272  -25.391  30.066  -31.291 0.0000000000
31396  -24.761  28.358  -30.811 0.0000000000
31399  -22.556  28.196  -34.018 0.0000000000
31398  -22.267  26.753  -35.019 0.0000000000
31402  -21.355  25.542  -39.872 0.0000000000
31151  -21.512  23.612  -41.145 0.0000000000
30931  -22.283  21.077  -42.022 0.0000000000
33245  -48.891  35.418  -32.899 0.0000000000
30142  -40.599  22.428  -48.581 0.0000000000
32959  -24.496  32.827  -32.292 0.0000000000
33528  -23.280  34.983  -32.879 0.0000000000
33257  -23.230  32.864  -33.498 0.0000000000
32590  -23.051  31.260  -34.277 0.0000000000
31714  -42.164  24.904  -44.772 0.0000000000
32015  -44.752  25.945  -43.054 0.0000000000
31415  -42.240  24.487  -42.011 0.0000000000
30382  -42.789  23.503  -41.155 0.0000000000
30398  -42.513  24.053  -43.515 0.0000000000
30408  -44.237  23.453  -44.739 0.0000000000
30399  -41.512  24.035  -44.524 0.0000000000
29534  -25.745  16.766  -48.248 0.0000000000
29533  -26.839  15.253  -48.071 0.0000000000
29145  -26.419  14.106  -47.148 0.0000000000
34021  -36.486  39.792  -29.840 0.0000000000
33805  -35.146  38.349  -30.815 0.0000000000
33830  -28.507  36.090  -44.498 0.0000000000
34044  -31.809  38.055  -43.974 0.0000000000
43268  -31.744  33.875  -45.305 0.0000000000
43267  -30.454  31.963  -44.575 0.0000000000
32640  -30.760  29.472  -43.905 0.0000000000
32972  -29.344  32.170  -43.810 0.0000000000
32011  -22.610  27.690  -46.334 0.0000000000
31720  -26.212  27.324  -47.493 0.0000000000
31418  -24.761  25.282  -47.894 0.0000000000
31417  -27.429  24.225  -48.015 0.0000000000
31164  -23.914  22.331  -46.593 0.0000000000
33256  -43.477  35.796  -34.766 0.0000000000
33241  -43.843  35.127  -31.560 0.0000000000
32953  -44.159  35.681  -34.727 0.0000000000
31388  -51.695  25.483  -34.353 0.0000000000
29823  -37.323  20.651  -44.143 0.0000000000
29515  -38.037  19.614  -43.781 0.0000000000
29526  -37.922  19.675  -45.906 0.0000000000
28151  -38.773  10.578  -40.102 0.0000000000
34031  -29.976  39.897  -32.895 0.0000000000
34030  -28.062  39.911  -33.137 0.0000000000
34450  -22.082  39.444  -36.809 0.0000000000
34452  -25.332  40.893  -36.350 0.0000000000
34244  -23.660  39.962  -39.484 0.0000000000
34038  -24.446  38.451  -41.867 0.0000000000
33823  -23.102  36.391  -41.768 0.0000000000
33549  -24.637  34.388  -42.449 0.0000000000
33820  -21.026  36.057  -41.081 0.0000000000
32616  -20.774  31.808  -39.332 0.0000000000
32629  -21.012  32.582  -40.532 0.0000000000
32628  -20.965  31.729  -41.199 0.0000000000
32296  -21.161  30.300  -44.153 0.0000000000
31993  -20.458  28.862  -40.519 0.0000000000
32644  -43.804  33.143  -42.028 0.0000000000
32635  -43.629  33.216  -40.394 0.0000000000
32645  -45.444  32.678  -41.710 0.0000000000
32005  -45.745  25.163  -40.049 0.0000000000
32294  -49.078  27.180  -40.732 0.0000000000
31999  -47.667  25.608  -39.822 0.0000000000
31988  -48.733  24.569  -37.307 0.0000000000
31393  -46.437  24.631  -35.522 0.0000000000
30910  -46.432  23.107  -32.660 0.0000000000
31140  -45.208  23.841  -34.246 0.0000000000
29804  -48.311  20.996  -37.150 0.0000000000
29480  -47.328  20.294  -35.544 0.0000000000
29848  -33.183  20.427  -48.373 0.0000000000
29540  -34.780  18.440  -49.016 0.0000000000
29539  -32.290  18.277  -49.120 0.0000000000
28829  -32.067  13.062  -46.636 0.0000000000
28834  -33.202  13.050  -47.040 0.0000000000
28824  -33.218  11.422  -45.641 0.0000000000
28816  -34.671  12.217  -43.376 0.0000000000
34647  -40.362  42.095  -29.956 0.0000000000
43311  -41.169  40.786  -28.445 0.0000000000
34444  -42.128  41.397  -29.421 0.0000000000
34226  -43.025  40.475  -32.593 0.0000000000
34446  -41.942  41.671  -34.558 0.0000000000
34460  -31.111  43.481  -35.597 0.0000000000
34652  -34.873  44.487  -35.183 0.0000000000
34884  -33.726  43.368  -38.665 0.0000000000
34241  -36.251  39.589  -40.582 0.0000000000
34461  -36.469  41.523  -39.663 0.0000000000
34034  -37.639  39.430  -40.002 0.0000000000
33821  -38.832  37.288  -40.389 0.0000000000
33546  -38.218  35.419  -40.458 0.0000000000
32625  -37.585  32.135  -38.433 0.0000000000
43270  -37.588  34.442  -41.003 0.0000000000
32657  -35.798  29.296  -47.089 0.0000000000
32658  -37.436  30.183  -46.236 0.0000000000
32317  -37.618  27.908  -47.285 0.0000000000
32318  -40.340  26.812  -48.413 0.0000000000
32023  -37.727  25.505  -48.041 0.0000000000
31717  -37.377  23.877  -46.578 0.0000000000
32018  -35.216  25.738  -46.722 0.0000000000
32288  -33.073  27.946  -39.394 0.0000000000
31698  -34.921  25.586  -39.701 0.0000000000
31697  -34.619  26.048  -38.677 0.0000000000
30387  -35.416  22.239  -39.665 0.0000000000
30676  -34.486  23.836  -38.660 0.0000000000
32284  -25.589  31.811  -41.010 0.0000000000
32621  -28.734  30.305  -39.358 0.0000000000
31994  -27.379  29.807  -39.918 0.0000000000
31410  -30.673  26.047  -41.285 0.0000000000
30935  -32.286  24.600  -39.761 0.0000000000
30679  -33.239  24.430  -41.252 0.0000000000
30685  -32.712  25.741  -42.734 0.0000000000
30695  -32.955  26.104  -45.619 0.0000000000
30692  -31.946  26.542  -44.935 0.0000000000
30939  -27.886  22.313  -42.272 0.0000000000
30694  -30.003  24.756  -45.329 0.0000000000
30409  -28.374  22.624  -44.667 0.0000000000
30144  -27.645  21.657  -47.527 0.0000000000
31143  -22.698  27.543  -30.713 0.0000000000
31147  -21.494  26.904  -33.187 0.0000000000
31687  -22.492  27.627  -35.936 0.0000000000
30668  -20.120  24.926  -35.076 0.0000000000
30672  -21.992  19.807  -39.855 0.0000000000
32956  -48.103  33.583  -37.412 0.0000000000
32606  -47.052  34.930  -37.383 0.0000000000
32958  -49.000  32.934  -35.956 0.0000000000
30121  -38.431  21.543  -42.999 0.0000000000
30412  -39.996  24.019  -46.779 0.0000000000
30126  -38.576  21.639  -45.822 0.0000000000
29509  -41.546  17.409  -44.774 0.0000000000
29819  -40.133  19.257  -46.262 0.0000000000
28831  -37.913  15.616  -47.660 0.0000000000
28499  -38.749  14.334  -45.090 0.0000000000
28154  -41.367  9.453  -41.202 0.0000000000
33539  -27.921  35.528  -32.946 0.0000000000
34029  -26.176  39.215  -32.987 0.0000000000
33811  -24.089  36.642  -32.492 0.0000000000
34026  -21.663  37.796  -35.303 0.0000000000
34025  -21.683  37.644  -36.374 0.0000000000
33538  -20.818  35.382  -38.796 0.0000000000
33258  -21.202  33.891  -38.238 0.0000000000
32963  -22.062  31.946  -36.817 0.0000000000
32282  -21.862  30.101  -37.431 0.0000000000
32313  -44.480  29.273  -45.900 0.0000000000
32308  -46.074  28.849  -43.777 0.0000000000
32307  -45.724  27.530  -44.215 0.0000000000
32010  -46.275  26.184  -41.787 0.0000000000
31404  -44.367  24.499  -38.465 0.0000000000
30667  -43.832  23.580  -36.574 0.0000000000
30379  -43.860  22.833  -37.785 0.0000000000
30115  -48.055  22.379  -39.912 0.0000000000
30116  -49.138  22.320  -40.849 0.0000000000
30401  -47.103  22.510  -42.146 0.0000000000
30135  -46.185  22.611  -44.457 0.0000000000
29843  -28.741  19.575  -48.883 0.0000000000
29538  -29.926  17.871  -48.811 0.0000000000
29149  -28.990  15.573  -48.043 0.0000000000
29148  -30.831  14.572  -47.075 0.0000000000
34016  -37.508  38.242  -28.132 0.0000000000
34646  -38.220  41.898  -30.022 0.0000000000
34645  -38.803  43.217  -31.820 0.0000000000
34667  -30.463  41.990  -40.556 0.0000000000
34665  -32.230  42.657  -39.756 0.0000000000
34463  -32.153  41.047  -42.058 0.0000000000
34041  -33.076  37.427  -43.472 0.0000000000
33551  -35.811  35.665  -42.969 0.0000000000
32977  -37.295  35.033  -42.570 0.0000000000
43269  -34.615  35.007  -44.148 0.0000000000
32989  -32.834  32.590  -46.012 0.0000000000
32655  -32.255  29.783  -46.167 0.0000000000
32019  -34.127  26.487  -46.026 0.0000000000
32646  -31.095  29.295  -44.958 0.0000000000
32292  -32.784  28.213  -41.770 0.0000000000
32289  -31.659  29.013  -39.233 0.0000000000
32007  -25.149  31.665  -44.155 0.0000000000
32003  -26.677  30.808  -43.945 0.0000000000
31709  -27.533  29.543  -44.928 0.0000000000
31421  -29.432  26.116  -46.694 0.0000000000
31169  -30.024  24.958  -43.786 0.0000000000
30941  -30.603  24.391  -41.361 0.0000000000
31167  -29.250  24.186  -44.397 0.0000000000
31165  -27.137  22.017  -45.341 0.0000000000
31158  -25.885  21.104  -44.224 0.0000000000
32275  -51.036  29.406  -35.852 0.0000000000
32274  -51.023  30.372  -34.310 0.0000000000
31685  -51.777  28.276  -34.924 0.0000000000
29498  -39.316  19.284  -41.426 0.0000000000
29496  -40.625  18.556  -42.567 0.0000000000
29507  -39.288  18.724  -42.537 0.0000000000
29122  -41.217  17.642  -43.024 0.0000000000
29121  -41.915  16.278  -44.105 0.0000000000
28491  -37.268  12.056  -42.925 0.0000000000
28169  -38.754  11.889  -43.213 0.0000000000
28153  -38.166  10.562  -41.647 0.0000000000
28150  -39.708  9.622  -40.648 0.0000000000
28473  -41.477  10.471  -38.898 0.0000000000
34237  -33.545  40.684  -32.996 0.0000000000
34032  -31.563  39.346  -32.851 0.0000000000
34235  -29.586  41.960  -33.777 0.0000000000
34459  -28.897  42.488  -36.191 0.0000000000
34231  -26.285  40.610  -34.108 0.0000000000
34458  -27.123  41.574  -37.811 0.0000000000
34657  -27.946  41.392  -39.635 0.0000000000
34245  -26.997  39.643  -41.749 0.0000000000
34040  -28.031  37.919  -43.563 0.0000000000
33825  -27.090  35.803  -43.157 0.0000000000
33270  -28.177  32.142  -42.901 0.0000000000
33269  -26.729  32.773  -42.571 0.0000000000
33268  -25.026  32.973  -42.182 0.0000000000
32285  -24.490  32.467  -42.094 0.0000000000
33267  -21.301  34.152  -40.558 0.0000000000
32617  -23.151  32.838  -41.881 0.0000000000
32297  -23.408  31.588  -44.589 0.0000000000
32006  -21.984  28.841  -45.167 0.0000000000
31699  -20.959  26.887  -43.882 0.0000000000
32593  -40.989  31.111  -36.568 0.0000000000
32601  -43.324  33.554  -36.523 0.0000000000
32612  -42.972  32.874  -38.894 0.0000000000
32615  -47.217  33.157  -39.667 0.0000000000
32627  -48.926  30.293  -39.866 0.0000000000
32976  -47.195  29.864  -42.029 0.0000000000
32295  -48.950  28.486  -40.913 0.0000000000
32279  -50.028  29.493  -38.160 0.0000000000
32278  -50.635  27.313  -38.000 0.0000000000
31683  -50.029  24.482  -35.782 0.0000000000
31141  -49.877  24.077  -33.551 0.0000000000
30110  -44.648  22.198  -35.082 0.0000000000
29840  -35.961  20.453  -47.411 0.0000000000
29524  -38.142  19.034  -47.647 0.0000000000
29844  -35.370  19.453  -48.800 0.0000000000
29535  -36.495  17.565  -49.379 0.0000000000
28836  -36.507  15.681  -48.949 0.0000000000
28837  -35.199  15.100  -48.419 0.0000000000
28489  -35.884  12.352  -43.520 0.0000000000
28472  -37.250  11.819  -40.596 0.0000000000
33515  -38.523  33.775  -27.659 0.0000000000
33803  -43.403  37.142  -30.453 0.0000000000
33806  -43.737  38.042  -33.306 0.0000000000
33537  -43.112  36.994  -36.171 0.0000000000
34238  -34.673  41.157  -32.662 0.0000000000
34654  -37.790  44.364  -34.914 0.0000000000
34662  -38.728  43.722  -36.225 0.0000000000
34666  -34.249  42.504  -39.840 0.0000000000
34462  -38.200  41.890  -38.614 0.0000000000
34457  -40.482  42.488  -36.615 0.0000000000
34239  -41.520  40.664  -37.294 0.0000000000
33818  -42.283  37.953  -37.608 0.0000000000
33264  -41.743  33.449  -37.603 0.0000000000
32609  -38.762  30.746  -37.122 0.0000000000
32641  -39.825  31.669  -40.180 0.0000000000
32653  -40.796  32.583  -43.072 0.0000000000
32982  -38.208  32.764  -44.358 0.0000000000
32983  -39.550  32.182  -44.120 0.0000000000
32988  -41.353  30.120  -46.166 0.0000000000
32319  -42.131  27.394  -48.156 0.0000000000
32025  -41.180  25.947  -47.552 0.0000000000
31719  -40.861  24.916  -45.729 0.0000000000
30688  -40.481  23.381  -41.465 0.0000000000
31422  -38.646  22.860  -44.530 0.0000000000
31428  -37.443  22.314  -44.798 0.0000000000
30682  -37.737  22.016  -41.299 0.0000000000
32008  -34.961  24.708  -43.481 0.0000000000
31159  -36.931  23.231  -41.147 0.0000000000
29814  -37.751  21.179  -40.730 0.0000000000
29813  -37.238  20.629  -41.208 0.0000000000
30119  -36.389  21.555  -42.725 0.0000000000
30130  -36.289  22.400  -44.744 0.0000000000
32971  -29.153  30.616  -42.146 0.0000000000
32630  -29.655  29.931  -40.356 0.0000000000
32287  -30.352  29.169  -38.253 0.0000000000
31695  -29.268  27.525  -40.156 0.0000000000
31406  -30.949  26.099  -38.238 0.0000000000
31153  -33.108  25.422  -37.385 0.0000000000
30388  -33.684  23.419  -40.131 0.0000000000
30402  -35.155  24.088  -44.043 0.0000000000
30138  -34.919  24.076  -45.551 0.0000000000
30139  -33.553  23.832  -47.216 0.0000000000
30149  -32.907  22.901  -48.211 0.0000000000
30426  -30.877  22.862  -49.133 0.0000000000
30943  -30.951  26.188  -45.106 0.0000000000
30418  -29.601  24.146  -47.454 0.0000000000
30424  -28.918  22.480  -48.472 0.0000000000
30148  -28.280  20.995  -48.562 0.0000000000
29842  -26.525  18.988  -48.126 0.0000000000
29832  -24.870  17.854  -47.020 0.0000000000
32592  -25.659  31.135  -32.031 0.0000000000
32277  -24.395  30.889  -31.799 0.0000000000
31679  -24.213  29.232  -31.494 0.0000000000
30924  -23.469  27.049  -29.744 0.0000000000
31400  -23.491  28.411  -31.799 0.0000000000
32276  -23.167  29.982  -32.904 0.0000000000
31987  -22.852  29.379  -35.528 0.0000000000
32280  -22.651  29.377  -36.562 0.0000000000
31688  -22.232  27.937  -37.160 0.0000000000
30928  -21.313  25.350  -35.323 0.0000000000
31401  -21.871  26.299  -37.287 0.0000000000
31689  -21.169  27.349  -38.640 0.0000000000
31692  -20.593  27.090  -41.394 0.0000000000
31405  -21.298  25.111  -42.450 0.0000000000
31408  -21.818  24.688  -44.760 0.0000000000
31155  -21.735  22.144  -41.909 0.0000000000
31161  -22.679  22.258  -45.244 0.0000000000
31162  -23.490  21.297  -44.989 0.0000000000
31157  -24.152  20.754  -43.850 0.0000000000
32954  -46.415  35.844  -35.923 0.0000000000
33244  -47.302  36.281  -31.477 0.0000000000
32947  -48.033  35.348  -30.151 0.0000000000
32950  -49.757  33.347  -33.198 0.0000000000
32581  -50.336  33.109  -30.159 0.0000000000
30693  -40.770  24.558  -46.375 0.0000000000
30423  -42.152  23.995  -47.986 0.0000000000
29139  -39.380  17.888  -46.257 0.0000000000
28170  -40.538  12.446  -44.028 0.0000000000
31424  -41.710  24.509  -43.187 0.0000000000
31160  -41.684  24.221  -41.357 0.0000000000
30384  -42.074  23.818  -40.789 0.0000000000
30678  -41.635  23.960  -40.627 0.0000000000
30391  -41.523  24.073  -42.811 0.0000000000
29532  -25.411  15.018  -47.773 0.0000000000
29143  -26.360  13.492  -45.901 0.0000000000
29141  -24.769  14.385  -46.315 0.0000000000
31707  -23.319  26.534  -46.806 0.0000000000
31416  -25.805  23.837  -47.909 0.0000000000
33250  -43.461  35.450  -34.239 0.0000000000
32598  -43.112  33.938  -35.908 0.0000000000
33814  -29.732  37.576  -33.021 0.0000000000
33813  -27.983  37.529  -32.960 0.0000000000
34243  -21.971  39.540  -38.451 0.0000000000
34037  -22.157  38.548  -40.643 0.0000000000
33822  -21.241  37.087  -40.761 0.0000000000
32283  -20.637  30.390  -39.698 0.0000000000
32650  -43.851  32.062  -43.599 0.0000000000
31691  -46.723  24.846  -38.092 0.0000000000
34445  -42.111  41.745  -31.419 0.0000000000
34660  -33.982  44.346  -36.665 0.0000000000
34659  -32.075  43.459  -37.741 0.0000000000
33548  -37.447  36.825  -41.509 0.0000000000
32315  -36.318  27.252  -47.438 0.0000000000
32316  -38.062  26.381  -48.182 0.0000000000
32021  -36.012  25.972  -47.512 0.0000000000
31403  -33.927  25.892  -37.409 0.0000000000
30677  -35.265  23.978  -38.634 0.0000000000
30680  -31.979  24.964  -41.076 0.0000000000
30686  -31.546  25.788  -42.697 0.0000000000
30393  -28.278  22.444  -42.860 0.0000000000
30120  -38.515  21.396  -41.728 0.0000000000
30122  -38.445  21.973  -44.500 0.0000000000
28812  -42.761  15.835  -43.890 0.0000000000
29510  -42.016  16.836  -45.188 0.0000000000
28832  -38.560  15.306  -46.397 0.0000000000
33534  -26.099  35.218  -32.739 0.0000000000
33812  -26.108  37.219  -32.547 0.0000000000
34022  -22.193  36.602  -33.854 0.0000000000
33808  -21.165  36.387  -36.127 0.0000000000
33530  -21.255  34.883  -36.631 0.0000000000
32311  -44.347  27.769  -46.705 0.0000000000
32312  -45.217  28.136  -45.056 0.0000000000
32306  -44.419  26.675  -45.796 0.0000000000
31706  -43.274  25.344  -42.113 0.0000000000
30670  -42.766  24.024  -39.204 0.0000000000
30112  -46.858  21.866  -38.419 0.0000000000
30392  -46.002  22.459  -40.740 0.0000000000
30400  -45.152  22.989  -42.824 0.0000000000
30414  -43.839  23.249  -46.893 0.0000000000
29146  -27.830  14.291  -47.560 0.0000000000
29147  -29.147  14.089  -47.121 0.0000000000
29132  -30.138  13.103  -46.215 0.0000000000
34650  -36.868  41.208  -30.136 0.0000000000
34448  -37.043  42.766  -31.394 0.0000000000
34465  -30.507  41.121  -41.682 0.0000000000
34247  -31.658  40.000  -43.026 0.0000000000
34042  -33.713  36.998  -42.956 0.0000000000
33828  -34.163  36.426  -43.216 0.0000000000
32985  -31.841  33.093  -45.834 0.0000000000
32656  -33.207  31.012  -46.381 0.0000000000
32639  -30.299  30.032  -42.829 0.0000000000
32638  -31.433  28.709  -43.618 0.0000000000
32012  -24.982  30.505  -45.802 0.0000000000
31710  -27.258  28.028  -46.389 0.0000000000
31419  -29.442  25.402  -47.112 0.0000000000
31172  -29.533  24.735  -45.757 0.0000000000
33249  -44.053  35.532  -33.378 0.0000000000
32946  -46.438  35.212  -30.122 0.0000000000
29127  -41.039  17.191  -44.296 0.0000000000
28152  -40.012  9.928  -39.550 0.0000000000
28156  -41.119  9.546  -39.843 0.0000000000
33815  -31.673  37.303  -32.851 0.0000000000
34232  -28.698  41.124  -33.284 0.0000000000
34028  -24.301  38.552  -33.219 0.0000000000
34656  -26.902  40.944  -39.933 0.0000000000
34039  -26.527  37.748  -42.582 0.0000000000
33545  -23.279  34.889  -41.821 0.0000000000
32620  -21.554  33.365  -40.780 0.0000000000
32611  -41.315  30.755  -38.155 0.0000000000
32599  -42.528  32.030  -37.694 0.0000000000
32636  -45.247  33.216  -40.742 0.0000000000
32290  -50.065  27.589  -39.593 0.0000000000
31682  -48.468  24.466  -35.892 0.0000000000
31985  -50.037  24.705  -36.849 0.0000000000
31394  -49.074  24.541  -34.591 0.0000000000
30920  -48.524  23.606  -32.880 0.0000000000
29845  -35.156  20.351  -48.016 0.0000000000
29153  -35.838  16.645  -49.192 0.0000000000
28833  -34.192  13.867  -47.395 0.0000000000
28830  -35.579  13.923  -47.257 0.0000000000
28490  -35.614  12.328  -41.872 0.0000000000
33794  -37.711  35.982  -27.622 0.0000000000
33796  -38.422  37.348  -27.778 0.0000000000
33800  -41.248  38.994  -27.635 0.0000000000
33797  -40.278  37.657  -27.846 0.0000000000
33802  -43.115  38.480  -28.994 0.0000000000
34020  -43.814  39.372  -31.330 0.0000000000
34024  -42.678  39.174  -36.346 0.0000000000
34454  -33.947  43.039  -33.645 0.0000000000
34653  -36.656  44.330  -35.668 0.0000000000
34464  -33.462  41.359  -41.323 0.0000000000
34035  -40.788  38.832  -38.948 0.0000000000
33817  -41.062  36.903  -39.036 0.0000000000
33542  -41.242  34.499  -38.685 0.0000000000
33266  -40.357  33.462  -38.525 0.0000000000
32964  -38.528  32.364  -38.017 0.0000000000
32632  -38.347  32.312  -40.463 0.0000000000
32624  -37.879  31.241  -38.737 0.0000000000
32648  -40.612  32.868  -41.645 0.0000000000
33271  -35.884  34.387  -44.538 0.0000000000
32979  -37.246  34.654  -43.289 0.0000000000
32981  -37.416  33.807  -44.183 0.0000000000
32986  -38.195  31.531  -45.163 0.0000000000
32987  -39.372  30.715  -45.559 0.0000000000
32323  -42.729  29.284  -47.097 0.0000000000
32661  -41.830  29.287  -47.389 0.0000000000
32024  -39.144  25.670  -48.087 0.0000000000
32022  -41.354  25.094  -46.842 0.0000000000
31423  -39.403  23.795  -45.489 0.0000000000
31711  -36.646  22.957  -45.485 0.0000000000
31705  -36.526  22.570  -43.949 0.0000000000
31413  -37.468  22.080  -43.387 0.0000000000
32304  -33.603  27.351  -44.848 0.0000000000
32014  -34.149  26.127  -44.222 0.0000000000
31700  -35.186  24.837  -41.424 0.0000000000
30681  -37.021  22.761  -39.770 0.0000000000
30390  -36.667  22.179  -39.562 0.0000000000
30386  -34.967  22.228  -40.743 0.0000000000
30131  -35.697  22.761  -43.453 0.0000000000
32968  -28.112  31.030  -41.497 0.0000000000
32622  -30.171  29.722  -38.911 0.0000000000
31703  -28.916  28.634  -43.793 0.0000000000
31995  -28.015  29.203  -40.672 0.0000000000
31407  -31.454  25.328  -39.444 0.0000000000
31409  -31.039  25.856  -40.185 0.0000000000
30936  -32.846  24.756  -38.071 0.0000000000
30403  -34.281  24.910  -42.892 0.0000000000
30410  -33.507  24.929  -46.474 0.0000000000
30420  -31.457  23.294  -48.561 0.0000000000
30425  -30.291  23.446  -48.434 0.0000000000
30684  -30.408  24.659  -42.372 0.0000000000
30137  -26.814  21.437  -45.821 0.0000000000
30136  -25.749  19.728  -46.556 0.0000000000
31145  -23.373  27.957  -31.038 0.0000000000
31686  -23.002  28.959  -32.878 0.0000000000
30927  -20.835  25.642  -34.462 0.0000000000
30929  -21.180  23.638  -38.335 0.0000000000
30930  -21.345  21.832  -40.317 0.0000000000
31156  -21.814  22.959  -43.378 0.0000000000
30932  -23.317  20.329  -41.715 0.0000000000
32603  -44.246  34.520  -36.817 0.0000000000
32955  -48.030  35.116  -35.672 0.0000000000
32957  -47.581  36.144  -34.796 0.0000000000
33253  -47.821  36.374  -32.938 0.0000000000
32948  -48.834  35.485  -31.328 0.0000000000
32951  -49.480  33.026  -34.271 0.0000000000
30689  -40.604  23.485  -44.109 0.0000000000
30397  -39.294  22.714  -43.582 0.0000000000
30416  -40.207  22.994  -47.375 0.0000000000
30697  -40.422  24.488  -47.419 0.0000000000
30422  -41.036  23.938  -48.360 0.0000000000
29815  -39.141  20.001  -44.413 0.0000000000
29818  -40.182  18.354  -44.959 0.0000000000
29835  -42.026  19.556  -47.533 0.0000000000
33531  -24.592  34.389  -32.317 0.0000000000
33809  -24.544  35.260  -32.157 0.0000000000
32020  -42.631  25.510  -46.329 0.0000000000
32016  -43.599  25.485  -44.983 0.0000000000
31713  -42.809  25.291  -43.803 0.0000000000
34227  -35.690  40.728  -31.578 0.0000000000
34045  -29.979  37.907  -44.180 0.0000000000
32973  -30.385  30.294  -44.409 0.0000000000
31715  -23.516  28.072  -46.950 0.0000000000
31716  -25.060  27.020  -47.788 0.0000000000
31426  -26.399  25.423  -48.278 0.0000000000
33526  -43.597  36.383  -32.450 0.0000000000
33525  -43.176  35.441  -32.025 0.0000000000
31684  -51.075  25.532  -35.786 0.0000000000
31677  -51.766  26.777  -34.997 0.0000000000
34451  -23.212  40.217  -36.930 0.0000000000
32291  -21.404  31.248  -43.225 0.0000000000
32643  -42.743  33.268  -41.319 0.0000000000
31991  -48.864  24.946  -38.608 0.0000000000
31386  -47.448  24.379  -33.797 0.0000000000
30108  -44.706  22.529  -34.303 0.0000000000
30111  -45.855  21.634  -37.029 0.0000000000
29846  -34.568  19.781  -48.316 0.0000000000
28835  -32.982  14.742  -47.503 0.0000000000
28827  -33.178  11.986  -46.399 0.0000000000
34649  -38.640  39.903  -28.379 0.0000000000
33798  -39.651  38.534  -27.406 0.0000000000
34224  -42.671  40.363  -28.562 0.0000000000
34019  -43.593  39.553  -29.483 0.0000000000
34225  -43.181  40.642  -30.235 0.0000000000
34455  -33.247  44.267  -34.764 0.0000000000
34885  -34.841  43.835  -37.917 0.0000000000
32970  -37.607  33.641  -39.417 0.0000000000
32969  -37.340  33.418  -40.233 0.0000000000
32978  -38.733  33.703  -42.571 0.0000000000
32990  -34.690  32.304  -46.355 0.0000000000
32991  -36.565  32.235  -45.923 0.0000000000
32659  -38.646  29.175  -46.766 0.0000000000
32321  -39.499  27.877  -47.949 0.0000000000
31723  -38.148  24.919  -47.321 0.0000000000
31721  -37.155  24.888  -47.004 0.0000000000
31718  -35.993  24.351  -46.390 0.0000000000
32004  -33.856  26.776  -40.914 0.0000000000
31996  -27.337  30.280  -39.526 0.0000000000
30691  -33.157  26.148  -44.210 0.0000000000
30690  -30.508  25.410  -43.908 0.0000000000
30926  -21.502  26.949  -31.920 0.0000000000
31148  -22.184  27.307  -33.349 0.0000000000
30669  -20.745  23.050  -37.048 0.0000000000
32605  -47.237  34.099  -38.260 0.0000000000
33246  -49.361  34.397  -33.240 0.0000000000
32271  -51.986  31.455  -31.422 0.0000000000
30687  -38.760  22.433  -42.000 0.0000000000
30405  -39.342  23.052  -45.428 0.0000000000
30411  -39.095  22.861  -46.558 0.0000000000
30133  -39.554  21.483  -47.003 0.0000000000
29150  -37.483  16.835  -48.904 0.0000000000
29138  -38.892  16.693  -47.418 0.0000000000
28825  -39.693  15.608  -45.731 0.0000000000
28148  -40.681  9.765  -42.500 0.0000000000
28168  -41.813  11.041  -43.132 0.0000000000
28155  -41.814  9.956  -42.221 0.0000000000
34027  -22.690  37.960  -33.863 0.0000000000
34229  -22.298  38.827  -35.381 0.0000000000
34240  -21.930  38.489  -36.868 0.0000000000
33819  -20.552  36.490  -39.979 0.0000000000
33810  -21.046  36.660  -38.304 0.0000000000
32302  -45.545  26.658  -43.637 0.0000000000
31149  -44.419  24.260  -36.158 0.0000000000
28828  -31.893  12.127  -45.747 0.0000000000
33795  -37.834  37.419  -27.457 0.0000000000
33801  -36.180  38.101  -29.004 0.0000000000
34651  -39.203  44.131  -34.059 0.0000000000
34043  -32.761  39.849  -42.853 0.0000000000
34248  -34.428  39.845  -41.731 0.0000000000
33829  -34.793  37.409  -42.237 0.0000000000
33552  -36.145  36.185  -42.402 0.0000000000
32975  -37.263  34.954  -41.983 0.0000000000
33553  -33.485  34.225  -45.124 0.0000000000
32309  -34.136  27.101  -46.904 0.0000000000
32305  -32.737  28.047  -45.879 0.0000000000
32301  -32.495  27.907  -44.289 0.0000000000
31997  -32.494  27.913  -38.022 0.0000000000
31708  -29.133  27.620  -45.464 0.0000000000
31420  -30.283  26.293  -44.505 0.0000000000
31171  -28.390  23.928  -47.043 0.0000000000
31166  -28.597  23.199  -44.965 0.0000000000
30938  -27.411  22.067  -43.402 0.0000000000
32607  -49.982  31.005  -36.098 0.0000000000
31981  -52.007  29.395  -33.376 0.0000000000
28497  -37.984  12.930  -43.871 0.0000000000
28149  -39.300  9.830  -41.608 0.0000000000
34033  -32.917  38.801  -33.021 0.0000000000
34236  -32.256  41.244  -32.994 0.0000000000
34234  -30.493  41.099  -32.894 0.0000000000
34664  -29.112  41.108  -40.895 0.0000000000
33826  -27.965  34.759  -44.156 0.0000000000
33550  -27.745  33.772  -43.409 0.0000000000
33544  -21.266  35.131  -40.790 0.0000000000
32619  -23.332  33.131  -41.278 0.0000000000
32298  -23.208  30.639  -45.904 0.0000000000
32300  -22.149  30.907  -45.052 0.0000000000
31701  -22.300  26.561  -45.647 0.0000000000
32594  -41.670  32.580  -36.532 0.0000000000
32597  -42.085  31.681  -36.941 0.0000000000
32600  -43.072  33.247  -37.304 0.0000000000
32602  -44.018  33.543  -38.095 0.0000000000
32613  -45.024  33.579  -39.286 0.0000000000
32614  -46.698  33.943  -39.093 0.0000000000
32651  -45.367  31.450  -42.858 0.0000000000
31990  -50.102  25.181  -37.937 0.0000000000
31989  -50.849  26.214  -37.063 0.0000000000
31676  -50.336  24.772  -34.956 0.0000000000
31387  -50.628  24.612  -34.139 0.0000000000
29834  -35.905  21.754  -46.545 0.0000000000
29833  -37.089  20.161  -47.058 0.0000000000
29536  -36.590  18.880  -48.651 0.0000000000
33804  -43.893  38.203  -30.851 0.0000000000
34023  -34.285  38.417  -32.647 0.0000000000
34456  -35.883  43.996  -33.929 0.0000000000
34449  -37.580  43.932  -33.099 0.0000000000
34655  -40.382  43.399  -35.018 0.0000000000
34663  -36.425  42.952  -38.462 0.0000000000
33543  -42.284  35.426  -37.788 0.0000000000
32596  -39.702  30.605  -36.649 0.0000000000
32626  -39.736  30.111  -38.481 0.0000000000
32623  -38.878  30.145  -38.065 0.0000000000
32633  -40.476  30.990  -39.295 0.0000000000
32642  -41.356  32.681  -40.712 0.0000000000
32649  -41.849  32.995  -42.253 0.0000000000
32654  -41.851  31.573  -44.503 0.0000000000
32974  -37.983  34.342  -41.842 0.0000000000
32652  -39.734  33.025  -42.661 0.0000000000
32320  -43.460  28.208  -47.576 0.0000000000
32322  -41.245  28.268  -48.146 0.0000000000
31425  -40.792  24.102  -44.492 0.0000000000
30683  -40.746  23.568  -42.157 0.0000000000
31170  -40.199  23.489  -43.027 0.0000000000
31429  -37.681  23.457  -45.634 0.0000000000
31173  -38.235  22.113  -43.015 0.0000000000
30942  -37.789  22.131  -42.051 0.0000000000
32013  -35.272  25.263  -45.247 0.0000000000
32009  -34.209  25.793  -42.473 0.0000000000
31704  -35.746  23.648  -42.784 0.0000000000
31693  -29.436  27.480  -38.726 0.0000000000
31694  -29.134  28.402  -38.185 0.0000000000
31696  -30.412  27.852  -37.700 0.0000000000
31690  -32.099  27.173  -37.439 0.0000000000
30675  -33.925  23.564  -39.261 0.0000000000
30389  -34.474  23.453  -41.402 0.0000000000
30395  -35.199  23.825  -42.509 0.0000000000
30150  -31.389  22.106  -48.958 0.0000000000
30151  -29.832  21.789  -49.129 0.0000000000
30696  -30.443  25.536  -46.288 0.0000000000
29839  -25.197  17.461  -47.987 0.0000000000
33533  -27.787  33.952  -32.743 0.0000000000
33259  -26.071  33.448  -32.793 0.0000000000
30925  -20.519  26.147  -33.544 0.0000000000
31150  -21.695  25.673  -35.928 0.0000000000
30937  -24.974  20.629  -42.721 0.0000000000
33251  -45.725  36.380  -34.174 0.0000000000
33252  -46.668  36.631  -33.390 0.0000000000
32942  -50.912  32.825  -31.226 0.0000000000
32949  -49.952  33.943  -32.003 0.0000000000
32941  -48.981  34.031  -29.507 0.0000000000
30406  -41.824  24.501  -45.339 0.0000000000
30413  -42.013  24.500  -46.758 0.0000000000
30698  -41.261  24.232  -47.534 0.0000000000
30125  -38.911  20.616  -46.187 0.0000000000
30132  -40.511  20.940  -47.893 0.0000000000
30141  -41.636  21.460  -48.565 0.0000000000
29140  -40.506  16.669  -45.193 0.0000000000
28498  -39.516  13.567  -44.473 0.0000000000
30417  -40.791  23.736  -47.511 0.0000000000
30421  -40.493  23.260  -48.265 0.0000000000
32001  -28.239  29.400  -41.852 0.0000000000
32595  -40.080  31.581  -36.808 0.0000000000
32610  -40.174  30.042  -37.371 0.0000000000
32631  -38.521  30.792  -39.067 0.0000000000
