#!ascii label  , from subject Yale_0050555 vox2ras=TkReg
140
23092  -59.217  -2.198  -1.877 0.0000000000
21650  -47.985  -10.839  0.785 0.0000000000
24584  -63.432  2.783  2.274 0.0000000000
21661  -52.924  -6.590  -2.443 0.0000000000
23091  -51.812  -4.645  -1.309 0.0000000000
23990  -58.471  -3.407  2.874 0.0000000000
21911  -47.320  -7.611  -2.925 0.0000000000
25138  -59.827  6.322  2.307 0.0000000000
23426  -62.763  -1.191  -0.798 0.0000000000
24278  -63.636  0.635  0.707 0.0000000000
24276  -61.683  -1.063  0.984 0.0000000000
22493  -54.084  -4.073  -2.622 0.0000000000
21906  -58.949  -6.186  -0.187 0.0000000000
22484  -61.118  -3.266  -1.350 0.0000000000
22476  -50.787  -7.377  -0.315 0.0000000000
23075  -54.679  -6.931  1.706 0.0000000000
20859  -44.909  -12.869  -0.932 0.0000000000
20863  -42.605  -12.094  -3.063 0.0000000000
21657  -46.412  -9.449  -1.899 0.0000000000
22492  -48.808  -6.207  -2.251 0.0000000000
24572  -58.731  1.627  3.301 0.0000000000
21158  -52.672  -9.339  -1.027 0.0000000000
21658  -55.926  -7.604  -0.704 0.0000000000
23424  -54.955  -3.172  -1.454 0.0000000000
24272  -59.184  -3.066  0.672 0.0000000000
23417  -56.069  -5.350  0.731 0.0000000000
23413  -55.480  -4.593  3.762 0.0000000000
20864  -48.662  -9.878  -2.983 0.0000000000
21664  -50.152  -7.090  -3.119 0.0000000000
22198  -51.009  -5.274  -2.968 0.0000000000
24573  -60.713  0.721  3.430 0.0000000000
24871  -61.777  3.807  3.225 0.0000000000
25147  -60.955  5.354  -0.421 0.0000000000
25716  -59.563  9.098  -0.679 0.0000000000
25420  -59.564  5.681  -2.947 0.0000000000
23694  -60.475  -1.515  -0.755 0.0000000000
23695  -62.523  -0.593  -0.413 0.0000000000
22778  -59.247  -3.090  -2.149 0.0000000000
22179  -49.523  -8.968  0.043 0.0000000000
22176  -51.126  -8.942  1.553 0.0000000000
21897  -49.346  -10.098  1.475 0.0000000000
21414  -46.098  -12.406  -0.084 0.0000000000
21419  -46.014  -11.441  -0.916 0.0000000000
21654  -47.056  -10.840  -0.612 0.0000000000
21902  -48.171  -9.997  -0.310 0.0000000000
24583  -63.911  1.708  1.382 0.0000000000
24585  -64.714  3.106  0.852 0.0000000000
21425  -51.665  -8.693  -1.969 0.0000000000
21662  -53.703  -7.581  -1.739 0.0000000000
22779  -64.302  -1.659  0.565 0.0000000000
23692  -54.330  -4.565  -0.400 0.0000000000
23999  -56.557  -3.954  -0.087 0.0000000000
23086  -55.530  -6.187  0.902 0.0000000000
23074  -56.025  -5.879  2.865 0.0000000000
21429  -45.412  -9.818  -2.843 0.0000000000
21426  -48.335  -7.994  -3.380 0.0000000000
22773  -50.303  -5.914  -1.433 0.0000000000
22499  -50.413  -5.102  -2.380 0.0000000000
23102  -52.894  -3.749  -1.811 0.0000000000
23997  -59.573  -1.706  2.954 0.0000000000
23991  -58.499  -1.279  3.394 0.0000000000
24870  -59.897  4.133  3.310 0.0000000000
24574  -60.772  2.444  3.570 0.0000000000
25137  -60.769  4.995  2.250 0.0000000000
25414  -59.933  7.341  -2.156 0.0000000000
23427  -64.740  -0.689  -0.177 0.0000000000
23696  -64.351  -0.048  -0.274 0.0000000000
24277  -62.626  0.235  1.567 0.0000000000
22192  -53.200  -5.247  -2.752 0.0000000000
21907  -56.588  -6.610  -1.411 0.0000000000
22190  -57.822  -5.012  -2.077 0.0000000000
22184  -59.109  -5.548  -1.131 0.0000000000
22481  -62.671  -3.897  0.720 0.0000000000
22485  -62.424  -2.866  -0.445 0.0000000000
22774  -52.363  -6.692  0.023 0.0000000000
23691  -53.769  -6.142  0.367 0.0000000000
22477  -52.056  -7.880  0.972 0.0000000000
22175  -52.369  -8.041  2.748 0.0000000000
20563  -42.684  -15.578  -0.897 0.0000000000
20571  -41.940  -13.500  -2.574 0.0000000000
21154  -43.896  -12.644  -1.906 0.0000000000
21422  -44.462  -10.953  -2.402 0.0000000000
22483  -47.827  -7.281  -2.161 0.0000000000
22183  -48.922  -7.726  -1.248 0.0000000000
24267  -57.000  -0.723  3.368 0.0000000000
24571  -56.363  2.097  2.834 0.0000000000
24869  -57.620  4.568  3.284 0.0000000000
21145  -45.603  -12.862  0.789 0.0000000000
20555  -43.383  -14.359  1.800 0.0000000000
20865  -49.966  -10.141  -1.981 0.0000000000
23425  -57.879  -2.383  -1.602 0.0000000000
24006  -59.198  -2.424  -0.343 0.0000000000
23693  -57.484  -2.834  -0.920 0.0000000000
23688  -57.701  -4.626  1.545 0.0000000000
23683  -57.570  -4.656  2.957 0.0000000000
23076  -56.324  -6.011  1.563 0.0000000000
23415  -56.926  -5.524  2.250 0.0000000000
23684  -57.303  -3.352  3.585 0.0000000000
21912  -48.749  -6.502  -3.078 0.0000000000
22784  -53.838  -3.575  -2.290 0.0000000000
24273  -60.684  -1.921  1.251 0.0000000000
24274  -60.880  -0.858  2.615 0.0000000000
24575  -62.512  1.205  2.698 0.0000000000
24576  -62.145  2.753  3.258 0.0000000000
24872  -62.882  3.946  1.792 0.0000000000
25143  -62.168  4.688  0.015 0.0000000000
25152  -60.914  4.984  -1.724 0.0000000000
25136  -58.435  5.904  3.040 0.0000000000
25404  -60.282  8.195  0.055 0.0000000000
25415  -60.150  5.918  -1.936 0.0000000000
21409  -46.909  -11.677  0.327 0.0000000000
23093  -65.681  -1.019  0.560 0.0000000000
21163  -46.302  -9.747  -3.534 0.0000000000
20866  -47.182  -10.596  -3.451 0.0000000000
24007  -62.090  -0.633  0.162 0.0000000000
24275  -61.764  -0.627  2.053 0.0000000000
20556  -43.229  -15.082  0.236 0.0000000000
20564  -43.308  -14.686  -1.383 0.0000000000
21423  -56.129  -8.583  0.687 0.0000000000
23414  -56.696  -5.042  3.289 0.0000000000
23989  -55.932  -2.791  3.645 0.0000000000
21157  -42.910  -12.495  -2.491 0.0000000000
25405  -59.779  8.488  1.166 0.0000000000
25409  -60.473  7.235  -1.106 0.0000000000
22174  -50.619  -9.557  2.218 0.0000000000
24285  -65.343  1.641  0.326 0.0000000000
23072  -53.740  -6.796  2.955 0.0000000000
23073  -54.565  -5.652  3.537 0.0000000000
21430  -45.307  -10.133  -3.423 0.0000000000
23996  -59.050  -3.419  1.925 0.0000000000
23998  -59.763  -2.468  2.024 0.0000000000
25413  -60.347  8.261  -1.213 0.0000000000
25416  -59.420  8.068  -1.422 0.0000000000
43243  -53.242  -7.305  1.065 0.0000000000
43242  -53.500  -7.546  2.046 0.0000000000
20858  -43.369  -13.737  -1.905 0.0000000000
21408  -46.443  -11.802  1.940 0.0000000000
20848  -44.672  -14.141  0.299 0.0000000000
20573  -51.910  -10.939  0.023 0.0000000000
24000  -58.016  -3.865  0.591 0.0000000000
