#!ascii label  , from subject Yale_0050566 vox2ras=TkReg
478
78038  -33.386  -4.929  -16.216 0.0000000000
78941  -33.096  -4.466  -15.531 0.0000000000
78946  -33.025  -4.352  -16.095 0.0000000000
78956  -33.362  -4.255  -16.599 0.0000000000
78961  -33.738  -3.835  -17.183 0.0000000000
79851  -32.896  -3.511  -15.292 0.0000000000
79858  -32.574  -3.669  -16.010 0.0000000000
79868  -32.718  -3.580  -16.550 0.0000000000
79871  -33.079  -3.358  -17.165 0.0000000000
79872  -33.814  -3.171  -17.783 0.0000000000
80737  -33.309  -2.289  -15.008 0.0000000000
80743  -32.527  -2.819  -15.921 0.0000000000
80751  -32.439  -3.068  -16.459 0.0000000000
80753  -32.665  -2.824  -16.991 0.0000000000
80754  -33.111  -2.503  -17.649 0.0000000000
80756  -33.907  -2.199  -18.483 0.0000000000
81539  -33.684  -1.042  -15.111 0.0000000000
81540  -33.954  -0.417  -15.722 0.0000000000
81547  -33.011  -1.711  -15.917 0.0000000000
81548  -33.913  -0.677  -15.858 0.0000000000
81556  -32.623  -2.335  -16.633 0.0000000000
81557  -33.170  -1.286  -16.920 0.0000000000
81560  -32.850  -2.104  -17.280 0.0000000000
81561  -33.396  -1.435  -18.034 0.0000000000
81564  -33.982  -1.196  -19.290 0.0000000000
82367  -33.307  -0.460  -14.870 0.0000000000
82380  -32.804  0.193  -15.149 0.0000000000
82381  -33.690  -0.020  -15.567 0.0000000000
82382  -34.199  -0.199  -15.840 0.0000000000
82394  -33.950  0.111  -16.088 0.0000000000
82395  -34.093  -0.053  -16.389 0.0000000000
82401  -33.764  -0.167  -17.570 0.0000000000
82403  -33.946  -0.312  -18.805 0.0000000000
82405  -34.237  -0.219  -19.930 0.0000000000
82406  -34.987  0.017  -20.773 0.0000000000
83263  -32.546  0.916  -15.668 0.0000000000
83277  -33.285  0.961  -16.291 0.0000000000
83278  -33.964  0.484  -16.436 0.0000000000
83290  -33.104  1.676  -16.780 0.0000000000
83291  -33.979  1.077  -16.931 0.0000000000
83295  -34.243  1.058  -18.113 0.0000000000
83298  -34.276  0.614  -19.476 0.0000000000
83299  -34.519  0.615  -20.401 0.0000000000
83302  -35.165  0.847  -21.272 0.0000000000
84143  -32.379  1.555  -16.033 0.0000000000
84151  -32.288  2.299  -16.403 0.0000000000
84159  -33.064  2.461  -17.235 0.0000000000
84160  -33.852  1.777  -17.578 0.0000000000
84168  -33.119  2.985  -17.751 0.0000000000
84169  -33.796  2.465  -18.019 0.0000000000
84173  -34.652  1.867  -19.095 0.0000000000
84174  -34.505  1.100  -19.937 0.0000000000
84178  -34.990  2.192  -19.668 0.0000000000
84179  -34.922  1.602  -20.471 0.0000000000
84182  -35.607  1.730  -21.716 0.0000000000
85043  -32.215  3.294  -16.903 0.0000000000
85050  -32.771  3.447  -17.543 0.0000000000
85058  -33.318  3.453  -18.040 0.0000000000
85059  -34.140  3.258  -18.608 0.0000000000
85065  -34.982  2.977  -19.380 0.0000000000
85066  -35.534  3.202  -19.945 0.0000000000
85069  -35.311  2.504  -19.948 0.0000000000
85070  -35.687  2.741  -20.877 0.0000000000
85072  -36.258  2.594  -22.285 0.0000000000
85074  -37.023  2.601  -23.302 0.0000000000
85964  -32.788  4.129  -17.072 0.0000000000
85974  -33.092  4.190  -17.830 0.0000000000
85975  -33.674  4.233  -18.413 0.0000000000
85982  -34.386  4.250  -19.101 0.0000000000
85983  -35.239  4.170  -19.714 0.0000000000
85985  -35.953  4.022  -20.434 0.0000000000
85987  -36.584  3.630  -21.520 0.0000000000
85989  -37.109  3.380  -23.074 0.0000000000
85990  -37.636  3.868  -23.465 0.0000000000
85997  -37.360  3.061  -23.718 0.0000000000
85998  -38.232  3.500  -24.420 0.0000000000
86858  -34.661  5.095  -16.650 0.0000000000
86864  -33.516  4.746  -17.370 0.0000000000
86865  -34.421  5.150  -17.623 0.0000000000
86870  -33.627  4.758  -18.039 0.0000000000
86871  -34.355  5.066  -18.512 0.0000000000
86875  -35.154  5.072  -19.058 0.0000000000
86876  -36.110  5.006  -19.626 0.0000000000
86880  -37.336  4.917  -20.402 0.0000000000
86881  -38.473  5.655  -20.141 0.0000000000
86885  -37.871  4.139  -21.890 0.0000000000
86886  -38.568  5.398  -21.148 0.0000000000
86890  -37.524  4.060  -23.044 0.0000000000
86891  -38.555  4.801  -23.150 0.0000000000
86897  -39.155  5.178  -25.256 0.0000000000
86901  -40.159  5.186  -26.935 0.0000000000
87711  -35.804  5.997  -16.519 0.0000000000
87712  -36.387  6.702  -16.638 0.0000000000
87714  -35.578  5.606  -17.685 0.0000000000
87715  -36.369  6.455  -17.165 0.0000000000
87717  -35.242  5.433  -18.585 0.0000000000
87718  -36.760  5.927  -18.368 0.0000000000
87719  -37.824  6.570  -18.581 0.0000000000
87721  -37.111  5.550  -19.410 0.0000000000
87722  -38.075  6.161  -19.333 0.0000000000
87724  -38.909  6.463  -20.331 0.0000000000
87726  -39.226  6.615  -21.914 0.0000000000
87730  -39.986  6.731  -23.795 0.0000000000
87734  -40.221  6.914  -25.972 0.0000000000
87740  -40.752  6.807  -27.686 0.0000000000
87746  -39.979  6.452  -29.172 0.0000000000
88498  -36.239  7.443  -16.438 0.0000000000
88499  -36.641  7.111  -16.811 0.0000000000
88501  -36.688  7.817  -16.871 0.0000000000
88502  -36.946  7.331  -17.426 0.0000000000
88504  -37.667  7.461  -18.284 0.0000000000
88505  -38.253  7.008  -18.806 0.0000000000
88507  -38.081  7.837  -19.056 0.0000000000
88508  -38.756  7.427  -19.536 0.0000000000
88510  -38.968  7.885  -21.001 0.0000000000
88512  -39.925  8.346  -22.657 0.0000000000
88514  -40.972  8.691  -24.706 0.0000000000
88515  -41.560  9.456  -25.948 0.0000000000
88517  -41.289  8.408  -26.688 0.0000000000
88518  -41.639  9.532  -27.076 0.0000000000
88521  -40.414  9.872  -29.204 0.0000000000
88522  -40.823  8.934  -28.382 0.0000000000
88523  -41.527  9.751  -27.649 0.0000000000
88526  -39.548  9.550  -29.610 0.0000000000
88527  -39.412  8.000  -29.879 0.0000000000
88531  -37.563  9.240  -30.040 0.0000000000
89338  -36.237  8.832  -16.991 0.0000000000
89339  -36.802  8.186  -17.169 0.0000000000
89345  -36.416  9.813  -18.316 0.0000000000
89346  -37.013  8.519  -17.798 0.0000000000
89350  -35.550  11.239  -19.978 0.0000000000
89351  -36.576  10.531  -20.052 0.0000000000
89352  -37.759  9.017  -19.122 0.0000000000
89353  -38.394  8.267  -19.394 0.0000000000
89357  -37.222  10.764  -21.156 0.0000000000
89358  -38.353  10.151  -21.011 0.0000000000
89359  -38.788  8.699  -20.130 0.0000000000
89363  -39.693  10.666  -22.296 0.0000000000
89364  -39.570  9.406  -21.578 0.0000000000
89368  -40.396  11.196  -22.870 0.0000000000
89369  -40.660  10.335  -23.293 0.0000000000
89370  -41.461  10.266  -25.015 0.0000000000
89374  -41.688  10.233  -26.214 0.0000000000
89378  -40.544  10.436  -28.550 0.0000000000
89379  -41.352  10.211  -27.813 0.0000000000
89380  -41.609  10.208  -27.111 0.0000000000
89384  -39.288  10.580  -29.253 0.0000000000
89388  -38.265  10.673  -30.562 0.0000000000
89394  -36.162  11.183  -32.891 0.0000000000
89395  -36.950  10.651  -31.803 0.0000000000
89404  -25.997  9.619  -35.525 0.0000000000
89406  -28.293  10.998  -34.806 0.0000000000
89407  -29.960  11.160  -34.042 0.0000000000
89408  -32.089  11.385  -34.278 0.0000000000
89410  -35.212  11.037  -33.585 0.0000000000
89426  -27.127  10.322  -35.931 0.0000000000
89428  -29.752  10.437  -34.553 0.0000000000
89429  -32.242  10.748  -34.349 0.0000000000
89442  -29.428  10.163  -34.805 0.0000000000
90288  -35.431  11.099  -21.210 0.0000000000
90289  -36.367  10.965  -21.590 0.0000000000
90291  -36.295  11.473  -22.165 0.0000000000
90292  -37.374  11.336  -22.461 0.0000000000
90293  -38.913  11.193  -22.165 0.0000000000
90295  -38.309  11.768  -23.285 0.0000000000
90296  -39.596  11.671  -23.131 0.0000000000
90298  -40.516  11.629  -23.712 0.0000000000
90299  -41.212  11.442  -24.648 0.0000000000
90300  -41.600  10.965  -25.639 0.0000000000
90302  -41.155  11.659  -25.979 0.0000000000
90303  -41.393  10.850  -26.562 0.0000000000
90305  -39.446  11.718  -28.684 0.0000000000
90306  -40.668  11.342  -27.348 0.0000000000
90307  -41.291  10.614  -27.200 0.0000000000
90310  -38.213  11.800  -29.941 0.0000000000
90312  -36.393  12.668  -32.506 0.0000000000
90313  -37.052  11.994  -31.705 0.0000000000
90319  -33.343  12.905  -34.119 0.0000000000
90320  -34.097  12.723  -34.026 0.0000000000
90321  -35.607  12.155  -33.314 0.0000000000
90322  -36.450  11.533  -32.464 0.0000000000
90328  -24.855  10.044  -35.193 0.0000000000
90329  -26.213  10.421  -35.174 0.0000000000
90331  -28.274  11.521  -34.679 0.0000000000
90332  -29.887  11.833  -33.858 0.0000000000
90333  -32.337  12.272  -34.119 0.0000000000
90334  -33.906  11.980  -34.134 0.0000000000
90335  -34.773  11.676  -33.989 0.0000000000
91130  -35.003  11.620  -21.427 0.0000000000
91133  -36.102  12.067  -22.068 0.0000000000
91134  -37.319  12.465  -22.628 0.0000000000
91137  -38.520  12.873  -23.618 0.0000000000
91138  -38.786  12.345  -23.641 0.0000000000
91140  -39.359  13.828  -24.316 0.0000000000
91141  -39.564  12.936  -24.633 0.0000000000
91142  -40.557  12.024  -24.520 0.0000000000
91144  -39.782  13.445  -26.334 0.0000000000
91145  -40.551  12.356  -25.382 0.0000000000
91147  -39.413  13.025  -27.767 0.0000000000
91148  -40.416  12.429  -26.519 0.0000000000
91151  -37.485  14.009  -30.505 0.0000000000
91152  -38.358  12.992  -29.396 0.0000000000
91154  -36.730  13.348  -31.822 0.0000000000
91155  -37.645  12.925  -30.766 0.0000000000
91158  -33.734  13.397  -33.821 0.0000000000
91159  -35.003  13.210  -33.371 0.0000000000
91160  -35.941  13.061  -32.798 0.0000000000
91163  -25.152  11.026  -34.748 0.0000000000
91164  -26.322  11.373  -35.176 0.0000000000
91166  -28.608  12.269  -35.138 0.0000000000
91167  -29.770  12.524  -33.951 0.0000000000
91168  -31.446  12.781  -33.755 0.0000000000
91169  -32.809  13.018  -34.030 0.0000000000
91182  -24.200  10.494  -34.460 0.0000000000
91876  -32.272  11.190  -19.426 0.0000000000
91877  -33.011  11.795  -19.994 0.0000000000
91880  -33.457  11.620  -20.370 0.0000000000
91881  -34.739  12.792  -21.178 0.0000000000
91883  -33.826  11.351  -20.670 0.0000000000
91884  -34.800  12.296  -21.347 0.0000000000
91886  -36.006  12.916  -22.013 0.0000000000
91887  -37.460  13.725  -22.384 0.0000000000
91890  -38.599  14.385  -23.141 0.0000000000
91892  -39.186  14.970  -24.640 0.0000000000
91893  -39.322  14.192  -24.765 0.0000000000
91895  -38.942  15.574  -25.723 0.0000000000
91896  -39.208  14.756  -25.858 0.0000000000
91898  -37.915  15.684  -28.654 0.0000000000
91899  -38.927  14.641  -27.484 0.0000000000
91902  -37.213  15.194  -30.107 0.0000000000
91903  -38.198  14.316  -28.965 0.0000000000
91905  -35.245  14.682  -31.962 0.0000000000
91906  -36.472  14.552  -31.417 0.0000000000
91909  -32.197  14.336  -33.386 0.0000000000
91910  -33.335  14.131  -33.276 0.0000000000
91911  -34.445  13.873  -32.839 0.0000000000
91912  -35.673  13.816  -32.445 0.0000000000
91915  -26.617  12.370  -35.273 0.0000000000
91917  -28.866  13.082  -35.097 0.0000000000
91918  -29.833  13.328  -34.033 0.0000000000
91919  -30.980  13.540  -33.472 0.0000000000
91920  -32.532  13.561  -33.760 0.0000000000
92638  -30.432  11.575  -17.176 0.0000000000
92639  -31.234  12.150  -17.812 0.0000000000
92645  -30.547  11.169  -17.597 0.0000000000
92646  -31.589  11.859  -18.430 0.0000000000
92647  -32.814  12.599  -19.225 0.0000000000
92649  -31.951  11.559  -19.100 0.0000000000
92650  -33.299  12.430  -19.817 0.0000000000
92651  -35.062  13.454  -20.751 0.0000000000
92653  -33.566  12.228  -20.277 0.0000000000
92654  -34.983  13.237  -20.962 0.0000000000
92656  -36.319  14.117  -21.751 0.0000000000
92657  -37.586  15.293  -22.131 0.0000000000
92661  -36.057  13.475  -21.932 0.0000000000
92662  -37.421  14.841  -22.283 0.0000000000
92666  -33.416  17.218  -26.694 0.0000000000
92667  -35.573  17.497  -25.683 0.0000000000
92668  -37.506  17.195  -24.477 0.0000000000
92669  -38.198  15.647  -23.151 0.0000000000
92672  -32.972  16.258  -27.299 0.0000000000
92673  -34.808  17.379  -26.999 0.0000000000
92674  -36.960  17.495  -25.970 0.0000000000
92675  -38.350  16.237  -24.527 0.0000000000
92678  -32.771  15.795  -27.513 0.0000000000
92679  -33.835  16.370  -28.011 0.0000000000
92680  -36.330  17.501  -27.633 0.0000000000
92681  -38.303  16.569  -26.285 0.0000000000
92682  -38.811  15.766  -26.244 0.0000000000
92685  -34.062  15.801  -29.138 0.0000000000
92686  -35.623  16.593  -28.869 0.0000000000
92687  -37.457  16.792  -28.219 0.0000000000
92688  -38.585  15.900  -27.189 0.0000000000
92691  -34.016  15.825  -30.516 0.0000000000
92692  -35.174  15.920  -30.075 0.0000000000
92693  -36.694  16.171  -29.589 0.0000000000
92695  -33.594  15.406  -31.725 0.0000000000
92696  -34.502  15.110  -31.081 0.0000000000
92697  -35.974  15.384  -30.802 0.0000000000
92700  -32.301  15.133  -33.233 0.0000000000
92701  -32.923  14.714  -32.633 0.0000000000
92702  -33.874  14.524  -32.175 0.0000000000
92707  -28.935  14.089  -34.842 0.0000000000
92708  -30.108  14.314  -34.615 0.0000000000
92709  -30.982  14.540  -33.392 0.0000000000
93332  -30.311  12.463  -14.669 0.0000000000
93344  -30.685  12.414  -15.814 0.0000000000
93345  -31.993  12.722  -16.130 0.0000000000
93354  -30.418  12.034  -16.642 0.0000000000
93355  -31.879  12.615  -17.231 0.0000000000
93356  -33.565  13.081  -17.686 0.0000000000
93363  -31.891  12.408  -18.084 0.0000000000
93364  -33.531  13.013  -18.751 0.0000000000
93365  -35.467  13.597  -19.369 0.0000000000
93368  -33.679  12.867  -19.526 0.0000000000
93369  -35.716  13.591  -20.199 0.0000000000
93370  -36.961  14.304  -20.829 0.0000000000
93373  -36.876  14.672  -21.373 0.0000000000
93374  -36.963  14.302  -21.053 0.0000000000
93378  -33.727  17.946  -24.710 0.0000000000
93379  -35.039  17.881  -24.389 0.0000000000
93380  -37.107  15.205  -21.856 0.0000000000
93381  -37.693  15.724  -22.252 0.0000000000
93386  -32.788  17.723  -25.522 0.0000000000
93387  -35.303  17.736  -24.580 0.0000000000
93388  -37.227  17.185  -23.528 0.0000000000
93389  -37.921  16.233  -22.594 0.0000000000
93392  -32.077  17.280  -26.393 0.0000000000
93393  -34.239  17.511  -25.603 0.0000000000
93394  -36.480  17.500  -24.521 0.0000000000
93395  -37.935  16.777  -23.275 0.0000000000
93399  -31.866  16.258  -26.893 0.0000000000
93403  -32.016  15.619  -27.355 0.0000000000
93404  -32.770  15.694  -27.735 0.0000000000
93407  -32.551  16.130  -28.539 0.0000000000
93408  -32.999  15.673  -28.318 0.0000000000
93411  -32.759  16.865  -30.331 0.0000000000
93412  -33.343  16.088  -29.561 0.0000000000
93416  -32.172  16.196  -31.843 0.0000000000
93417  -33.316  16.361  -31.232 0.0000000000
93421  -31.065  16.072  -34.062 0.0000000000
93422  -31.862  15.774  -33.365 0.0000000000
93423  -32.744  15.677  -32.425 0.0000000000
93436  -29.185  15.082  -35.019 0.0000000000
93437  -29.946  15.241  -34.305 0.0000000000
93438  -30.913  15.380  -34.083 0.0000000000
93964  -30.513  13.707  -13.609 0.0000000000
93970  -31.162  13.434  -14.151 0.0000000000
93971  -32.203  13.596  -14.495 0.0000000000
93981  -31.397  12.910  -14.833 0.0000000000
93982  -32.687  13.245  -15.283 0.0000000000
93983  -33.959  13.616  -15.856 0.0000000000
93992  -33.009  13.016  -16.212 0.0000000000
93993  -34.245  13.469  -16.899 0.0000000000
93994  -35.502  13.893  -17.660 0.0000000000
94000  -34.662  13.365  -17.872 0.0000000000
94001  -35.819  13.933  -18.718 0.0000000000
94002  -36.821  14.666  -19.647 0.0000000000
94005  -36.340  13.980  -19.694 0.0000000000
94006  -37.099  14.648  -20.503 0.0000000000
94010  -31.226  17.973  -23.362 0.0000000000
94011  -33.682  18.492  -23.470 0.0000000000
94012  -36.198  18.038  -22.929 0.0000000000
94013  -37.702  16.588  -22.055 0.0000000000
94014  -37.450  15.006  -21.260 0.0000000000
94019  -32.607  18.318  -24.251 0.0000000000
94020  -35.341  18.115  -23.846 0.0000000000
94021  -37.424  16.872  -22.566 0.0000000000
94022  -37.825  16.224  -22.393 0.0000000000
94026  -31.545  17.771  -25.018 0.0000000000
94027  -35.666  17.818  -24.157 0.0000000000
94028  -36.690  17.548  -23.590 0.0000000000
94029  -37.797  16.787  -22.771 0.0000000000
94065  -30.484  16.513  -33.327 0.0000000000
94066  -31.204  16.203  -32.555 0.0000000000
94080  -30.183  16.143  -34.559 0.0000000000
94690  -30.105  15.398  -12.729 0.0000000000
94692  -29.718  14.670  -12.832 0.0000000000
94693  -30.790  14.873  -13.120 0.0000000000
94694  -32.011  15.081  -13.476 0.0000000000
94696  -31.356  14.293  -13.618 0.0000000000
94697  -32.681  14.559  -13.842 0.0000000000
94698  -33.728  15.015  -14.519 0.0000000000
94702  -33.275  14.134  -14.505 0.0000000000
94703  -34.420  14.657  -15.195 0.0000000000
94704  -35.408  15.351  -16.019 0.0000000000
94708  -34.882  14.313  -16.117 0.0000000000
94709  -35.546  15.057  -17.126 0.0000000000
94710  -36.128  16.070  -18.184 0.0000000000
94715  -31.518  19.212  -21.742 0.0000000000
94716  -33.469  19.681  -21.836 0.0000000000
94717  -34.528  19.597  -21.656 0.0000000000
94718  -36.139  14.714  -18.080 0.0000000000
94719  -36.566  15.752  -19.119 0.0000000000
94724  -30.712  18.256  -22.032 0.0000000000
94725  -32.818  19.036  -22.402 0.0000000000
94726  -34.988  19.173  -22.111 0.0000000000
94727  -35.988  18.553  -21.866 0.0000000000
94728  -36.880  16.014  -20.374 0.0000000000
94733  -32.033  18.542  -22.889 0.0000000000
94734  -34.478  18.696  -22.834 0.0000000000
94735  -36.611  18.108  -22.130 0.0000000000
94736  -37.481  16.309  -21.283 0.0000000000
94795  -29.417  17.128  -34.922 0.0000000000
95393  -29.633  16.210  -11.830 0.0000000000
95394  -30.277  16.170  -12.356 0.0000000000
95396  -31.107  16.097  -12.658 0.0000000000
95397  -32.420  16.231  -13.313 0.0000000000
95398  -33.021  17.064  -14.106 0.0000000000
95400  -32.742  15.523  -13.672 0.0000000000
95401  -33.505  16.452  -14.650 0.0000000000
95402  -34.387  17.542  -15.588 0.0000000000
95407  -34.089  15.721  -15.183 0.0000000000
95408  -35.144  16.810  -15.988 0.0000000000
95409  -35.326  17.801  -17.352 0.0000000000
95414  -31.659  20.492  -20.472 0.0000000000
95415  -33.495  20.784  -20.345 0.0000000000
95416  -34.435  20.506  -20.098 0.0000000000
95417  -35.505  16.081  -16.589 0.0000000000
95418  -35.742  17.153  -17.653 0.0000000000
95424  -30.613  19.327  -20.925 0.0000000000
95425  -32.501  20.179  -21.246 0.0000000000
95426  -34.646  19.953  -20.844 0.0000000000
95427  -36.207  18.964  -19.777 0.0000000000
95428  -36.674  17.718  -18.895 0.0000000000
95434  -35.014  19.376  -21.517 0.0000000000
95435  -35.917  18.745  -21.233 0.0000000000
95436  -36.670  17.486  -20.167 0.0000000000
95441  -36.407  18.252  -21.721 0.0000000000
95442  -36.760  17.509  -21.203 0.0000000000
96112  -30.206  17.252  -11.123 0.0000000000
96113  -31.149  17.429  -11.838 0.0000000000
96114  -32.049  18.147  -12.094 0.0000000000
96116  -31.138  16.751  -12.308 0.0000000000
96117  -32.229  17.486  -12.563 0.0000000000
96118  -32.916  17.730  -13.739 0.0000000000
96120  -33.437  17.980  -14.580 0.0000000000
96121  -33.745  18.363  -15.681 0.0000000000
96129  -31.582  21.719  -19.310 0.0000000000
96130  -32.339  21.682  -18.936 0.0000000000
96131  -34.404  18.511  -16.577 0.0000000000
96132  -35.143  18.553  -17.329 0.0000000000
96139  -30.888  20.875  -19.995 0.0000000000
96140  -32.746  21.414  -19.528 0.0000000000
96141  -34.450  20.730  -19.455 0.0000000000
96142  -34.952  20.032  -19.181 0.0000000000
96143  -35.878  18.841  -17.956 0.0000000000
96150  -34.923  20.436  -19.930 0.0000000000
96151  -35.414  19.842  -19.635 0.0000000000
96152  -36.144  18.856  -18.741 0.0000000000
96714  -30.828  18.907  -10.648 0.0000000000
96716  -30.413  18.105  -10.699 0.0000000000
96717  -31.186  18.562  -11.157 0.0000000000
96718  -31.912  18.805  -11.861 0.0000000000
96720  -32.128  18.890  -12.753 0.0000000000
96721  -32.723  18.991  -13.773 0.0000000000
96722  -32.733  19.409  -14.955 0.0000000000
96725  -33.050  18.666  -14.464 0.0000000000
96726  -33.150  19.306  -15.575 0.0000000000
96735  -30.973  22.277  -19.018 0.0000000000
96736  -32.213  21.937  -18.306 0.0000000000
96737  -33.295  21.582  -17.651 0.0000000000
96738  -33.831  20.331  -17.000 0.0000000000
96739  -34.973  19.710  -17.401 0.0000000000
96745  -32.972  21.759  -18.617 0.0000000000
96746  -33.666  21.290  -18.699 0.0000000000
96747  -34.664  20.236  -18.478 0.0000000000
96748  -35.338  19.410  -18.138 0.0000000000
96753  -35.304  19.707  -18.840 0.0000000000
96754  -35.687  19.317  -18.657 0.0000000000
97305  -30.757  19.626  -10.531 0.0000000000
97306  -31.163  19.677  -11.168 0.0000000000
97308  -31.582  19.762  -11.798 0.0000000000
97309  -31.733  19.833  -12.700 0.0000000000
97311  -31.938  20.155  -13.915 0.0000000000
97312  -32.456  20.219  -15.006 0.0000000000
97313  -32.722  20.054  -15.665 0.0000000000
97320  -30.876  22.511  -16.935 0.0000000000
97321  -32.046  21.723  -15.557 0.0000000000
97322  -32.750  21.013  -16.128 0.0000000000
97323  -33.333  20.653  -16.320 0.0000000000
97330  -30.320  22.521  -18.491 0.0000000000
97331  -31.581  22.298  -17.552 0.0000000000
97332  -32.731  21.803  -16.916 0.0000000000
97333  -33.405  21.227  -16.722 0.0000000000
97334  -33.545  20.899  -16.677 0.0000000000
97858  -30.747  20.575  -11.608 0.0000000000
97859  -31.309  20.291  -11.764 0.0000000000
97861  -29.999  22.074  -13.221 0.0000000000
97862  -30.544  21.793  -13.427 0.0000000000
97863  -31.285  20.763  -12.789 0.0000000000
97864  -31.537  20.506  -13.347 0.0000000000
97867  -30.604  22.419  -14.978 0.0000000000
97868  -31.236  21.757  -14.209 0.0000000000
97869  -31.503  21.164  -14.111 0.0000000000
97876  -30.223  22.606  -16.510 0.0000000000
97877  -31.269  22.273  -15.398 0.0000000000
97878  -31.593  21.791  -14.789 0.0000000000
