#!ascii label  , from subject Yale_0050577 vox2ras=TkReg
1047
59655  -11.114  -18.829  40.486 0.0000000000
59674  -10.511  -18.677  39.647 0.0000000000
59675  -11.284  -18.418  39.654 0.0000000000
59693  -10.517  -18.126  38.913 0.0000000000
60630  -11.356  -18.639  42.661 0.0000000000
60639  -11.622  -18.556  41.315 0.0000000000
60640  -11.995  -18.038  40.338 0.0000000000
60653  -11.748  -18.281  40.066 0.0000000000
60654  -11.871  -17.748  39.576 0.0000000000
60669  -11.014  -18.177  39.131 0.0000000000
60670  -11.490  -17.813  39.125 0.0000000000
60671  -11.412  -17.159  38.756 0.0000000000
60690  -10.083  -17.455  38.509 0.0000000000
60691  -10.817  -17.368  38.570 0.0000000000
60692  -11.168  -16.795  38.358 0.0000000000
60693  -11.180  -16.490  37.825 0.0000000000
60709  -10.285  -16.548  37.908 0.0000000000
60710  -10.810  -16.215  37.741 0.0000000000
60711  -11.055  -16.243  37.607 0.0000000000
60725  -9.855  -15.914  37.161 0.0000000000
60726  -10.413  -15.863  37.258 0.0000000000
61567  -11.317  -18.290  42.957 0.0000000000
61573  -11.642  -18.154  41.880 0.0000000000
61582  -11.933  -17.943  40.804 0.0000000000
61583  -12.008  -17.641  39.917 0.0000000000
61594  -11.626  -17.247  39.114 0.0000000000
61605  -11.240  -16.663  38.150 0.0000000000
61618  -11.295  -16.111  37.192 0.0000000000
61619  -11.414  -15.663  36.654 0.0000000000
61636  -11.031  -15.869  37.087 0.0000000000
61637  -11.256  -15.853  36.976 0.0000000000
61638  -11.481  -15.506  36.490 0.0000000000
61660  -10.256  -15.619  36.368 0.0000000000
61661  -10.843  -15.540  36.690 0.0000000000
61662  -11.282  -15.416  36.500 0.0000000000
61663  -11.615  -15.331  36.276 0.0000000000
61681  -10.789  -15.561  35.571 0.0000000000
61682  -11.424  -15.533  35.666 0.0000000000
61683  -11.711  -15.466  35.887 0.0000000000
61697  -11.324  -15.620  34.948 0.0000000000
62500  -11.032  -18.003  43.342 0.0000000000
62506  -11.443  -17.931  42.284 0.0000000000
62511  -11.736  -17.732  41.219 0.0000000000
62519  -11.856  -17.447  40.176 0.0000000000
62520  -11.694  -17.164  39.359 0.0000000000
62531  -11.223  -16.847  38.493 0.0000000000
62543  -11.201  -16.134  37.439 0.0000000000
62544  -11.373  -15.783  36.886 0.0000000000
62556  -11.335  -15.876  37.149 0.0000000000
62557  -11.590  -15.781  36.787 0.0000000000
62573  -11.815  -15.287  36.191 0.0000000000
62574  -12.246  -15.145  35.879 0.0000000000
62589  -12.014  -15.276  35.970 0.0000000000
62590  -12.438  -15.216  35.734 0.0000000000
62605  -12.055  -15.572  35.308 0.0000000000
62606  -12.261  -15.484  35.539 0.0000000000
62607  -12.743  -15.422  35.413 0.0000000000
62625  -11.528  -15.587  34.307 0.0000000000
62626  -12.012  -15.658  34.706 0.0000000000
62627  -12.789  -15.640  34.744 0.0000000000
62628  -12.855  -15.547  35.114 0.0000000000
62642  -12.064  -15.589  33.856 0.0000000000
62643  -12.660  -15.689  34.042 0.0000000000
62655  -12.102  -15.499  32.925 0.0000000000
62656  -12.502  -15.551  33.549 0.0000000000
63467  -10.493  -17.599  43.260 0.0000000000
63468  -11.039  -17.702  42.580 0.0000000000
63474  -10.573  -17.415  42.241 0.0000000000
63475  -11.151  -17.496  41.585 0.0000000000
63480  -11.360  -17.177  40.434 0.0000000000
63488  -11.290  -16.757  39.197 0.0000000000
63489  -11.335  -16.832  38.841 0.0000000000
63501  -10.964  -16.378  38.454 0.0000000000
63502  -11.061  -16.403  38.158 0.0000000000
63516  -11.089  -15.909  37.236 0.0000000000
63517  -11.238  -15.879  37.041 0.0000000000
63533  -11.281  -15.648  36.803 0.0000000000
63534  -11.488  -15.575  36.694 0.0000000000
63552  -11.789  -15.215  36.339 0.0000000000
63553  -12.214  -15.268  36.082 0.0000000000
63567  -12.706  -15.183  35.659 0.0000000000
63583  -13.179  -15.271  35.278 0.0000000000
63599  -13.346  -15.634  34.410 0.0000000000
63600  -13.396  -15.485  34.751 0.0000000000
63613  -13.231  -15.665  34.063 0.0000000000
63614  -13.655  -15.576  34.103 0.0000000000
63625  -12.604  -15.446  32.868 0.0000000000
63626  -12.987  -15.464  33.294 0.0000000000
63627  -13.476  -15.508  33.754 0.0000000000
63636  -12.556  -15.392  32.386 0.0000000000
63637  -13.052  -15.296  32.772 0.0000000000
64391  -9.269  -17.114  42.902 0.0000000000
64392  -9.918  -17.312  42.640 0.0000000000
64397  -9.422  -17.101  42.149 0.0000000000
64398  -9.928  -17.158  41.697 0.0000000000
64399  -10.512  -17.252  41.443 0.0000000000
64404  -10.126  -16.919  40.938 0.0000000000
64405  -10.693  -17.010  40.690 0.0000000000
64410  -10.164  -16.459  40.092 0.0000000000
64411  -10.641  -16.491  39.544 0.0000000000
64422  -10.655  -16.064  38.317 0.0000000000
64423  -10.825  -16.233  38.115 0.0000000000
64436  -10.637  -15.635  37.686 0.0000000000
64437  -10.819  -15.838  37.554 0.0000000000
64453  -11.110  -15.520  36.924 0.0000000000
64454  -11.522  -15.339  36.598 0.0000000000
64467  -12.140  -15.038  36.191 0.0000000000
64468  -12.302  -15.044  36.015 0.0000000000
64479  -12.710  -14.901  35.809 0.0000000000
64480  -12.873  -15.035  35.671 0.0000000000
64490  -13.369  -15.030  35.260 0.0000000000
64499  -13.786  -15.127  34.753 0.0000000000
64509  -14.001  -15.267  34.166 0.0000000000
64520  -13.337  -15.246  32.989 0.0000000000
64521  -13.727  -15.298  33.479 0.0000000000
64533  -12.562  -15.237  31.758 0.0000000000
64534  -13.153  -15.085  32.429 0.0000000000
64535  -13.549  -15.129  32.976 0.0000000000
64547  -12.725  -15.105  31.715 0.0000000000
65352  -8.784  -16.898  42.126 0.0000000000
65361  -8.209  -16.543  41.022 0.0000000000
65362  -9.220  -16.832  41.238 0.0000000000
65363  -9.732  -16.896  41.107 0.0000000000
65369  -8.310  -16.085  40.245 0.0000000000
65370  -8.878  -16.068  40.078 0.0000000000
65371  -9.633  -16.500  40.487 0.0000000000
65377  -9.020  -15.579  39.365 0.0000000000
65378  -9.507  -15.770  39.274 0.0000000000
65379  -10.106  -16.093  39.390 0.0000000000
65384  -9.534  -15.250  38.522 0.0000000000
65385  -9.997  -15.576  38.514 0.0000000000
65396  -10.440  -15.138  37.475 0.0000000000
65397  -10.682  -15.439  37.378 0.0000000000
65411  -10.776  -14.651  37.047 0.0000000000
65412  -11.044  -14.984  36.896 0.0000000000
65413  -11.354  -15.182  36.695 0.0000000000
65422  -11.539  -14.519  36.538 0.0000000000
65423  -11.811  -14.765  36.397 0.0000000000
65433  -12.684  -14.656  35.776 0.0000000000
65434  -12.960  -14.810  35.642 0.0000000000
65443  -13.082  -14.540  35.408 0.0000000000
65444  -13.262  -14.717  35.337 0.0000000000
65452  -13.789  -14.756  34.806 0.0000000000
65460  -14.145  -14.817  34.255 0.0000000000
65467  -14.078  -14.897  33.644 0.0000000000
65476  -13.363  -14.750  32.559 0.0000000000
65477  -13.705  -14.952  33.046 0.0000000000
65485  -12.355  -14.904  31.212 0.0000000000
65486  -12.848  -14.925  31.838 0.0000000000
66320  -7.534  -16.329  40.870 0.0000000000
66331  -7.673  -15.778  39.997 0.0000000000
66332  -8.387  -15.777  39.872 0.0000000000
66338  -7.940  -15.058  39.257 0.0000000000
66339  -8.564  -15.119  39.098 0.0000000000
66340  -9.099  -15.272  38.981 0.0000000000
66347  -8.805  -14.224  38.276 0.0000000000
66348  -9.256  -14.558  38.157 0.0000000000
66349  -9.592  -14.982  38.125 0.0000000000
66359  -9.698  -13.682  37.629 0.0000000000
66360  -9.940  -14.261  37.578 0.0000000000
66367  -10.719  -13.984  37.007 0.0000000000
66368  -10.961  -14.427  36.838 0.0000000000
66375  -11.019  -13.463  36.714 0.0000000000
66376  -11.397  -13.984  36.509 0.0000000000
66377  -11.754  -14.352  36.365 0.0000000000
66386  -11.777  -13.801  36.131 0.0000000000
66387  -12.081  -14.161  36.014 0.0000000000
66396  -12.853  -14.290  35.330 0.0000000000
66397  -13.246  -14.476  35.227 0.0000000000
66406  -13.142  -14.209  34.960 0.0000000000
66407  -13.458  -14.382  34.906 0.0000000000
66415  -13.930  -14.408  34.377 0.0000000000
66422  -13.698  -14.188  33.444 0.0000000000
66423  -14.094  -14.452  33.801 0.0000000000
66430  -12.824  -14.262  32.410 0.0000000000
66431  -13.384  -14.395  32.788 0.0000000000
66432  -13.818  -14.594  33.213 0.0000000000
66441  -12.384  -14.580  31.562 0.0000000000
66442  -12.919  -14.633  32.055 0.0000000000
67333  -6.943  -15.385  39.743 0.0000000000
67344  -7.312  -14.565  39.007 0.0000000000
67345  -8.081  -14.673  38.895 0.0000000000
67353  -7.814  -13.554  38.316 0.0000000000
67354  -8.388  -13.809  38.314 0.0000000000
67355  -9.113  -13.325  37.765 0.0000000000
67364  -9.661  -13.037  37.536 0.0000000000
67365  -10.097  -12.907  37.361 0.0000000000
67371  -10.474  -13.015  37.149 0.0000000000
67375  -10.834  -12.918  36.864 0.0000000000
67376  -11.136  -12.922  36.511 0.0000000000
67383  -11.511  -13.294  36.053 0.0000000000
67384  -11.882  -13.760  35.914 0.0000000000
67392  -11.614  -13.238  35.806 0.0000000000
67393  -11.979  -13.725  35.608 0.0000000000
67401  -12.690  -14.017  34.932 0.0000000000
67402  -13.298  -14.152  34.767 0.0000000000
67409  -12.989  -13.965  34.401 0.0000000000
67410  -13.438  -14.149  34.544 0.0000000000
67421  -11.480  -13.907  34.157 0.0000000000
67422  -12.406  -13.983  33.971 0.0000000000
67423  -13.172  -13.979  33.872 0.0000000000
67424  -13.691  -14.125  34.040 0.0000000000
67439  -11.252  -14.384  33.290 0.0000000000
67440  -12.291  -14.169  33.156 0.0000000000
67441  -13.096  -14.090  33.213 0.0000000000
67459  -11.985  -14.344  32.213 0.0000000000
68352  -6.618  -14.050  38.725 0.0000000000
68366  -7.151  -13.171  38.172 0.0000000000
68367  -8.290  -12.631  37.793 0.0000000000
68368  -9.044  -12.318  37.552 0.0000000000
68379  -9.680  -12.008  37.392 0.0000000000
68380  -10.181  -11.813  37.286 0.0000000000
68385  -10.594  -11.739  37.065 0.0000000000
68386  -11.041  -11.157  36.987 0.0000000000
68391  -10.667  -12.344  36.939 0.0000000000
68392  -10.897  -11.803  36.689 0.0000000000
68397  -11.186  -12.112  36.261 0.0000000000
68405  -11.355  -12.616  35.859 0.0000000000
68406  -11.652  -13.242  35.593 0.0000000000
68413  -11.310  -12.634  35.619 0.0000000000
68414  -11.668  -13.342  35.376 0.0000000000
68423  -11.289  -12.814  35.445 0.0000000000
68424  -12.028  -13.689  34.907 0.0000000000
68434  -2.109  -12.490  36.273 0.0000000000
68438  -6.427  -12.396  36.636 0.0000000000
68439  -7.879  -12.578  36.205 0.0000000000
68440  -9.253  -12.908  35.736 0.0000000000
68441  -10.514  -13.320  35.196 0.0000000000
68442  -11.464  -13.371  35.049 0.0000000000
68443  -12.456  -13.857  34.419 0.0000000000
68454  -1.740  -12.743  36.102 0.0000000000
68455  -1.621  -13.123  35.942 0.0000000000
68459  -9.585  -14.008  34.944 0.0000000000
68460  -10.607  -14.006  34.240 0.0000000000
68473  -1.568  -12.685  35.799 0.0000000000
68474  -1.431  -12.866  35.363 0.0000000000
68492  -1.268  -12.801  34.275 0.0000000000
68511  -1.340  -12.789  32.773 0.0000000000
68527  -2.425  -12.286  30.728 0.0000000000
68542  -3.121  -12.250  28.999 0.0000000000
68543  -3.514  -11.128  29.564 0.0000000000
68558  -2.823  -11.817  26.074 0.0000000000
68559  -3.631  -11.370  27.442 0.0000000000
68570  -2.326  -11.264  25.074 0.0000000000
69308  -6.976  -11.923  37.572 0.0000000000
69309  -8.131  -11.654  37.673 0.0000000000
69310  -9.078  -11.284  37.673 0.0000000000
69321  -9.824  -11.004  37.627 0.0000000000
69322  -10.409  -10.847  37.572 0.0000000000
69328  -10.828  -10.740  37.418 0.0000000000
69329  -11.173  -10.618  37.200 0.0000000000
69335  -11.313  -10.650  36.900 0.0000000000
69340  -11.289  -10.907  36.501 0.0000000000
69348  -11.222  -11.231  36.126 0.0000000000
69356  -11.136  -11.675  35.854 0.0000000000
69365  -10.448  -11.238  35.828 0.0000000000
69366  -10.923  -11.766  35.741 0.0000000000
69377  -1.953  -12.169  36.082 0.0000000000
69378  -2.494  -11.882  36.347 0.0000000000
69379  -3.218  -11.847  36.759 0.0000000000
69380  -4.302  -11.557  36.913 0.0000000000
69381  -5.784  -11.357  36.715 0.0000000000
69382  -7.504  -11.004  36.251 0.0000000000
69383  -8.961  -11.390  36.013 0.0000000000
69384  -10.023  -11.890  35.731 0.0000000000
69385  -10.704  -12.344  35.537 0.0000000000
69396  -1.738  -12.258  35.867 0.0000000000
69397  -2.034  -11.374  35.775 0.0000000000
69398  -3.404  -10.889  36.447 0.0000000000
69399  -5.050  -10.418  36.586 0.0000000000
69400  -6.545  -10.251  36.221 0.0000000000
69401  -7.402  -10.099  35.892 0.0000000000
69414  -1.608  -12.178  35.544 0.0000000000
69415  -1.440  -11.526  34.853 0.0000000000
69429  -1.362  -11.187  33.487 0.0000000000
69437  -1.761  -10.930  31.959 0.0000000000
69445  -3.078  -10.752  30.480 0.0000000000
69452  -4.032  -10.682  28.670 0.0000000000
69453  -3.776  -10.475  29.581 0.0000000000
69463  -3.181  -10.464  26.140 0.0000000000
69464  -4.025  -10.238  27.511 0.0000000000
69476  -2.257  -10.111  24.775 0.0000000000
69486  -1.903  -9.801  23.936 0.0000000000
70202  -6.689  -10.950  37.395 0.0000000000
70203  -7.940  -10.701  37.718 0.0000000000
70204  -8.955  -10.423  37.764 0.0000000000
70213  -9.833  -10.021  37.797 0.0000000000
70214  -10.506  -9.972  37.763 0.0000000000
70219  -10.991  -9.924  37.668 0.0000000000
70220  -11.324  -9.861  37.419 0.0000000000
70226  -11.538  -9.811  37.081 0.0000000000
70232  -11.581  -9.841  36.688 0.0000000000
70238  -11.442  -9.965  36.280 0.0000000000
70246  -11.204  -10.130  35.956 0.0000000000
70255  -10.627  -10.258  35.715 0.0000000000
70256  -10.959  -10.346  35.811 0.0000000000
70267  -7.975  -9.833  35.569 0.0000000000
70268  -8.768  -9.957  35.533 0.0000000000
70269  -9.888  -9.907  35.565 0.0000000000
70280  -1.810  -10.316  35.075 0.0000000000
70281  -2.878  -9.958  35.476 0.0000000000
70282  -4.391  -9.524  35.755 0.0000000000
70283  -5.999  -9.357  35.583 0.0000000000
70284  -7.379  -9.299  35.305 0.0000000000
70285  -8.560  -8.692  34.868 0.0000000000
70286  -9.380  -8.750  34.922 0.0000000000
70296  -1.654  -9.927  34.121 0.0000000000
70297  -2.297  -9.052  34.741 0.0000000000
70298  -3.703  -8.644  34.955 0.0000000000
70299  -5.584  -8.323  34.696 0.0000000000
70300  -6.912  -8.512  34.522 0.0000000000
70301  -7.927  -8.243  34.373 0.0000000000
70307  -1.223  -8.442  31.537 0.0000000000
70308  -1.399  -9.128  32.632 0.0000000000
70309  -2.011  -8.294  33.766 0.0000000000
70310  -3.045  -7.696  34.435 0.0000000000
70311  -4.626  -7.728  34.233 0.0000000000
70313  -1.422  -8.646  30.644 0.0000000000
70314  -1.802  -9.480  31.277 0.0000000000
70317  -2.302  -8.854  29.518 0.0000000000
70318  -2.444  -9.694  30.037 0.0000000000
70320  -3.546  -9.416  28.307 0.0000000000
70321  -3.552  -9.940  29.187 0.0000000000
70324  -2.748  -9.081  25.727 0.0000000000
70325  -3.564  -9.259  27.067 0.0000000000
70332  -2.016  -9.009  24.601 0.0000000000
70340  -1.791  -8.983  23.718 0.0000000000
71078  -6.307  -10.104  37.308 0.0000000000
71079  -7.650  -9.942  37.690 0.0000000000
71080  -8.805  -9.692  37.795 0.0000000000
71081  -9.465  -9.621  37.802 0.0000000000
71092  -9.410  -9.216  37.833 0.0000000000
71093  -9.923  -9.128  37.876 0.0000000000
71094  -10.516  -9.168  37.823 0.0000000000
71099  -10.982  -9.137  37.719 0.0000000000
71100  -11.264  -9.098  37.439 0.0000000000
71104  -11.481  -9.031  37.144 0.0000000000
71110  -11.600  -8.888  36.748 0.0000000000
71116  -11.529  -8.839  36.312 0.0000000000
71121  -11.353  -8.842  35.910 0.0000000000
71128  -10.810  -9.525  35.601 0.0000000000
71129  -10.997  -8.727  35.479 0.0000000000
71137  -10.517  -8.831  35.258 0.0000000000
71138  -10.802  -7.584  34.518 0.0000000000
71144  -9.265  -7.901  34.415 0.0000000000
71145  -10.092  -7.518  34.036 0.0000000000
71146  -10.785  -7.122  33.645 0.0000000000
71149  -6.678  -7.979  33.972 0.0000000000
71150  -7.597  -7.709  33.617 0.0000000000
71151  -8.948  -7.386  33.417 0.0000000000
71152  -10.003  -6.996  32.196 0.0000000000
71154  -1.094  -7.736  31.866 0.0000000000
71155  -1.635  -7.287  32.758 0.0000000000
71156  -2.655  -6.892  33.736 0.0000000000
71157  -4.353  -6.944  33.640 0.0000000000
71158  -6.413  -7.381  33.277 0.0000000000
71159  -8.333  -7.352  32.189 0.0000000000
71160  -9.666  -7.408  31.214 0.0000000000
71161  -10.225  -7.284  31.192 0.0000000000
71163  -0.852  -7.754  31.251 0.0000000000
71164  -2.407  -6.216  33.120 0.0000000000
71165  -3.909  -6.312  32.971 0.0000000000
71166  -5.905  -6.743  32.264 0.0000000000
71167  -7.691  -7.202  31.427 0.0000000000
71168  -9.060  -7.414  30.755 0.0000000000
71169  -9.682  -7.405  30.481 0.0000000000
71172  -1.371  -7.723  30.284 0.0000000000
71175  -2.449  -7.339  28.279 0.0000000000
71176  -2.260  -7.925  28.699 0.0000000000
71179  -3.016  -7.850  27.182 0.0000000000
71180  -3.210  -8.620  27.741 0.0000000000
71183  -2.425  -7.935  25.447 0.0000000000
71190  -1.879  -8.027  24.350 0.0000000000
71202  -1.907  -7.992  23.398 0.0000000000
71974  -6.030  -9.518  37.059 0.0000000000
71975  -7.222  -9.325  37.573 0.0000000000
71976  -8.438  -9.206  37.800 0.0000000000
71977  -9.097  -9.172  37.830 0.0000000000
71997  -6.525  -8.829  37.099 0.0000000000
71998  -7.972  -8.652  37.478 0.0000000000
71999  -9.319  -8.704  37.737 0.0000000000
72000  -10.474  -8.360  37.631 0.0000000000
72001  -10.878  -8.679  37.708 0.0000000000
72013  -10.912  -7.853  37.413 0.0000000000
72014  -11.227  -8.180  37.336 0.0000000000
72015  -11.398  -8.576  37.189 0.0000000000
72021  -11.512  -7.694  36.866 0.0000000000
72022  -11.602  -8.059  36.810 0.0000000000
72028  -11.700  -7.891  36.199 0.0000000000
72034  -11.622  -7.831  35.654 0.0000000000
72039  -11.331  -7.842  35.322 0.0000000000
72043  -11.225  -7.344  34.546 0.0000000000
72047  -11.110  -6.966  33.534 0.0000000000
72051  -10.413  -6.903  32.499 0.0000000000
72052  -10.770  -6.817  32.596 0.0000000000
72055  -10.512  -6.914  31.469 0.0000000000
72056  -10.735  -6.701  31.687 0.0000000000
72059  -0.766  -7.292  31.617 0.0000000000
72060  -0.990  -7.001  31.985 0.0000000000
72061  -9.924  -7.317  30.456 0.0000000000
72062  -10.250  -7.173  30.546 0.0000000000
72064  -0.857  -6.717  31.346 0.0000000000
72065  -1.604  -6.038  32.261 0.0000000000
72066  -3.331  -5.769  32.445 0.0000000000
72067  -5.353  -6.122  31.716 0.0000000000
72068  -7.113  -6.684  30.847 0.0000000000
72069  -8.511  -7.002  30.256 0.0000000000
72070  -9.654  -7.018  29.934 0.0000000000
72071  -10.022  -6.787  30.094 0.0000000000
72073  -1.817  -5.997  29.330 0.0000000000
72074  -1.369  -6.611  29.824 0.0000000000
72075  -2.829  -5.228  32.081 0.0000000000
72076  -4.721  -5.477  31.429 0.0000000000
72077  -6.555  -6.000  30.508 0.0000000000
72078  -7.927  -6.387  29.825 0.0000000000
72079  -8.968  -6.478  29.562 0.0000000000
72080  -9.458  -6.429  29.525 0.0000000000
72083  -2.197  -6.592  28.275 0.0000000000
72084  -1.997  -7.113  28.739 0.0000000000
72087  -2.655  -6.765  26.522 0.0000000000
72090  -2.175  -6.984  25.088 0.0000000000
72100  -1.888  -7.096  24.061 0.0000000000
72110  -2.014  -7.100  23.433 0.0000000000
72862  -5.521  -8.380  36.411 0.0000000000
72863  -7.114  -7.914  36.729 0.0000000000
72864  -8.715  -8.058  37.197 0.0000000000
72865  -9.755  -7.985  37.427 0.0000000000
72882  -3.876  -7.922  36.068 0.0000000000
72883  -8.240  -7.454  36.786 0.0000000000
72884  -9.282  -7.504  36.912 0.0000000000
72885  -10.437  -7.461  36.975 0.0000000000
72886  -11.072  -7.645  37.162 0.0000000000
72900  -10.718  -6.923  36.552 0.0000000000
72901  -11.310  -7.159  36.613 0.0000000000
72902  -11.630  -7.481  36.614 0.0000000000
72910  -11.523  -6.719  36.003 0.0000000000
72911  -11.696  -7.102  36.044 0.0000000000
72916  -11.749  -7.023  35.305 0.0000000000
72921  -11.566  -6.973  34.602 0.0000000000
72926  -11.353  -6.672  33.551 0.0000000000
72929  -11.154  -6.560  32.615 0.0000000000
72933  -10.874  -6.526  31.804 0.0000000000
72936  -10.523  -6.816  30.729 0.0000000000
72937  -10.673  -6.611  31.130 0.0000000000
72940  -10.190  -6.445  30.212 0.0000000000
72941  -10.446  -6.468  30.589 0.0000000000
72944  -0.974  -5.813  31.117 0.0000000000
72945  -0.973  -5.781  31.720 0.0000000000
72946  -9.649  -6.247  29.506 0.0000000000
72947  -9.846  -6.129  29.696 0.0000000000
72950  -1.870  -5.440  28.951 0.0000000000
72951  -1.332  -5.268  30.378 0.0000000000
72952  -1.661  -4.963  31.622 0.0000000000
72953  -3.695  -4.664  31.484 0.0000000000
72954  -6.048  -5.135  30.336 0.0000000000
72955  -7.418  -5.693  29.594 0.0000000000
72956  -8.494  -5.790  29.091 0.0000000000
72957  -9.331  -5.894  29.170 0.0000000000
72958  -9.713  -5.719  29.233 0.0000000000
72962  -2.174  -5.667  27.484 0.0000000000
72963  -6.535  -4.917  29.791 0.0000000000
72964  -7.061  -5.092  29.494 0.0000000000
72965  -7.871  -5.288  29.083 0.0000000000
72968  -2.407  -5.887  25.958 0.0000000000
72977  -2.145  -6.101  24.665 0.0000000000
72989  -2.081  -6.210  23.594 0.0000000000
73818  -4.623  -8.022  36.043 0.0000000000
73819  -5.593  -7.614  36.251 0.0000000000
73820  -6.417  -7.222  36.460 0.0000000000
73830  -3.910  -7.466  35.683 0.0000000000
73831  -5.632  -6.958  35.966 0.0000000000
73832  -7.125  -6.776  36.471 0.0000000000
73833  -8.545  -6.897  36.571 0.0000000000
73834  -9.480  -6.989  36.563 0.0000000000
73848  -7.889  -6.327  36.262 0.0000000000
73849  -8.803  -6.363  36.222 0.0000000000
73850  -9.955  -6.518  36.237 0.0000000000
73851  -10.751  -6.581  36.207 0.0000000000
73863  -10.315  -6.141  35.771 0.0000000000
73864  -10.995  -6.247  35.649 0.0000000000
73865  -11.503  -6.470  35.522 0.0000000000
73869  -11.223  -5.945  34.929 0.0000000000
73870  -11.571  -6.369  34.896 0.0000000000
73874  -11.561  -6.388  34.232 0.0000000000
73879  -11.472  -6.315  33.461 0.0000000000
73883  -11.329  -6.269  32.662 0.0000000000
73886  -10.670  -5.948  31.156 0.0000000000
73887  -11.034  -6.207  31.847 0.0000000000
73890  -10.374  -5.861  30.636 0.0000000000
73891  -10.738  -6.283  31.196 0.0000000000
73894  -10.138  -5.806  30.176 0.0000000000
73895  -10.511  -6.277  30.741 0.0000000000
73898  -9.876  -5.445  29.611 0.0000000000
73902  -1.262  -4.332  29.852 0.0000000000
73903  -1.527  -4.164  30.827 0.0000000000
73904  -2.794  -3.957  31.290 0.0000000000
73905  -5.054  -4.199  30.558 0.0000000000
73906  -6.175  -4.700  30.097 0.0000000000
73907  -9.096  -5.289  28.753 0.0000000000
73908  -9.537  -5.015  28.924 0.0000000000
73909  -9.793  -5.196  29.124 0.0000000000
73914  -1.662  -4.528  28.433 0.0000000000
73915  -5.797  -3.875  30.119 0.0000000000
73916  -6.526  -4.341  29.751 0.0000000000
73917  -7.680  -4.510  29.270 0.0000000000
73918  -8.599  -4.781  28.920 0.0000000000
73919  -9.218  -4.579  28.837 0.0000000000
73925  -2.183  -4.796  26.848 0.0000000000
73935  -2.286  -5.043  25.395 0.0000000000
73946  -2.160  -5.197  24.240 0.0000000000
74746  -2.327  -6.649  35.200 0.0000000000
74747  -4.290  -6.713  35.083 0.0000000000
74748  -5.906  -6.294  35.683 0.0000000000
74749  -7.004  -6.092  35.992 0.0000000000
74763  -2.842  -6.141  34.297 0.0000000000
74764  -4.705  -5.953  34.756 0.0000000000
74765  -6.210  -5.752  35.303 0.0000000000
74766  -7.657  -5.754  35.665 0.0000000000
74767  -8.880  -5.888  35.709 0.0000000000
74768  -9.633  -5.895  35.589 0.0000000000
74782  -8.062  -5.523  35.194 0.0000000000
74783  -8.775  -5.517  35.011 0.0000000000
74784  -9.876  -5.617  34.963 0.0000000000
74785  -10.660  -5.692  34.848 0.0000000000
74795  -10.083  -5.496  34.311 0.0000000000
74796  -10.624  -5.571  34.137 0.0000000000
74797  -11.247  -5.812  34.315 0.0000000000
74802  -10.841  -5.554  33.604 0.0000000000
74803  -11.392  -5.871  33.890 0.0000000000
74807  -10.872  -5.544  33.032 0.0000000000
74808  -11.388  -5.893  33.244 0.0000000000
74812  -10.740  -5.609  32.365 0.0000000000
74813  -11.294  -5.964  32.549 0.0000000000
74816  -10.605  -5.712  31.614 0.0000000000
74817  -11.207  -6.052  32.142 0.0000000000
74823  -10.004  -5.375  30.664 0.0000000000
74830  -9.789  -5.018  30.008 0.0000000000
74840  -9.720  -4.665  29.454 0.0000000000
74851  -1.303  -3.544  30.341 0.0000000000
74852  -2.075  -3.256  30.891 0.0000000000
74853  -3.854  -3.199  30.812 0.0000000000
74854  -5.232  -3.538  30.307 0.0000000000
74855  -9.676  -4.442  28.894 0.0000000000
74856  -9.737  -4.224  28.975 0.0000000000
74864  -1.354  -3.514  29.390 0.0000000000
74865  -5.131  -3.029  30.172 0.0000000000
74866  -6.101  -3.412  29.697 0.0000000000
74867  -7.295  -3.595  29.316 0.0000000000
74868  -8.310  -3.661  29.071 0.0000000000
74869  -9.050  -3.669  28.828 0.0000000000
74870  -9.560  -3.776  28.780 0.0000000000
74882  -1.793  -3.582  27.781 0.0000000000
74897  -2.201  -3.991  26.127 0.0000000000
74911  -2.273  -4.205  24.828 0.0000000000
74912  -2.218  -4.307  23.829 0.0000000000
75704  -3.415  -5.499  33.716 0.0000000000
75705  -5.124  -5.425  34.269 0.0000000000
75706  -6.575  -5.387  34.772 0.0000000000
75707  -7.445  -5.461  35.030 0.0000000000
75720  -2.536  -4.072  33.851 0.0000000000
75721  -3.987  -4.869  33.287 0.0000000000
75722  -5.543  -4.944  33.660 0.0000000000
75723  -7.282  -5.262  34.135 0.0000000000
75724  -8.532  -5.322  33.993 0.0000000000
75725  -9.340  -5.347  33.972 0.0000000000
75736  -3.326  -3.908  33.246 0.0000000000
75737  -4.400  -4.198  32.758 0.0000000000
75738  -5.910  -4.569  32.700 0.0000000000
75739  -7.307  -4.754  32.835 0.0000000000
75740  -8.448  -5.078  33.071 0.0000000000
75741  -9.503  -5.292  33.382 0.0000000000
75742  -10.144  -5.349  33.322 0.0000000000
75752  -7.643  -4.538  32.248 0.0000000000
75753  -8.324  -4.611  32.266 0.0000000000
75754  -9.273  -5.071  32.564 0.0000000000
75755  -10.086  -5.292  32.805 0.0000000000
75759  -8.407  -4.383  31.765 0.0000000000
75760  -9.166  -4.749  32.021 0.0000000000
75761  -9.902  -5.217  32.187 0.0000000000
75766  -8.296  -4.146  31.334 0.0000000000
75767  -8.817  -4.446  31.350 0.0000000000
75768  -9.733  -5.096  31.513 0.0000000000
75774  -8.775  -4.305  30.860 0.0000000000
75775  -9.462  -4.853  30.797 0.0000000000
75784  -8.692  -3.929  30.421 0.0000000000
75785  -9.092  -4.154  30.065 0.0000000000
75793  -9.289  -3.745  29.458 0.0000000000
75804  -9.528  -3.361  28.935 0.0000000000
75814  -1.551  -2.651  30.181 0.0000000000
75815  -2.893  -2.490  30.632 0.0000000000
75816  -4.485  -2.504  30.327 0.0000000000
75817  -9.799  -3.572  28.713 0.0000000000
75818  -9.907  -2.857  28.401 0.0000000000
75823  -1.457  -2.647  28.975 0.0000000000
75824  -5.749  -2.618  29.743 0.0000000000
75825  -6.835  -2.736  29.247 0.0000000000
75826  -7.949  -2.735  29.020 0.0000000000
75827  -8.761  -2.635  28.350 0.0000000000
75828  -9.441  -2.642  28.106 0.0000000000
75829  -9.975  -2.580  28.200 0.0000000000
75830  -10.159  -2.238  28.046 0.0000000000
75841  -1.742  -2.632  27.844 0.0000000000
75854  -2.039  -2.988  26.683 0.0000000000
75865  -2.237  -3.230  25.393 0.0000000000
75866  -2.168  -3.367  24.263 0.0000000000
76553  -2.653  -3.360  33.586 0.0000000000
76562  -2.127  -2.114  33.523 0.0000000000
76563  -3.186  -2.834  33.130 0.0000000000
76564  -4.974  -3.109  32.245 0.0000000000
76565  -6.358  -3.882  32.079 0.0000000000
76566  -7.053  -4.266  32.022 0.0000000000
76577  -5.403  -2.446  31.941 0.0000000000
76578  -5.972  -2.814  31.763 0.0000000000
76579  -7.084  -3.476  31.486 0.0000000000
76580  -7.813  -4.046  31.524 0.0000000000
76584  -7.335  -2.560  31.288 0.0000000000
76585  -7.663  -3.245  31.143 0.0000000000
76590  -7.996  -3.194  30.872 0.0000000000
76591  -8.342  -3.836  30.855 0.0000000000
76597  -8.092  -2.410  30.826 0.0000000000
76598  -8.234  -3.042  30.604 0.0000000000
76608  -8.506  -2.822  30.232 0.0000000000
76609  -8.798  -2.572  29.772 0.0000000000
76618  -9.382  -2.315  29.290 0.0000000000
76630  -9.934  -2.068  28.773 0.0000000000
76641  -1.710  -1.823  29.564 0.0000000000
76642  -2.456  -1.805  30.273 0.0000000000
76643  -3.808  -1.875  30.454 0.0000000000
76644  -10.224  -1.841  28.237 0.0000000000
76656  -1.673  -1.894  28.481 0.0000000000
76657  -5.210  -2.053  30.025 0.0000000000
76658  -6.375  -2.124  29.505 0.0000000000
76659  -7.423  -2.057  28.974 0.0000000000
76660  -8.357  -1.943  28.325 0.0000000000
76661  -9.130  -1.848  27.852 0.0000000000
76662  -9.787  -1.797  27.767 0.0000000000
76663  -10.173  -1.767  27.919 0.0000000000
76677  -2.002  -2.104  27.157 0.0000000000
76687  -2.092  -2.311  25.906 0.0000000000
76692  -2.078  -2.442  24.749 0.0000000000
76693  -2.089  -2.520  23.783 0.0000000000
77398  -2.603  -1.556  33.206 0.0000000000
77399  -3.881  -1.781  32.484 0.0000000000
77409  -5.026  -1.855  32.173 0.0000000000
77410  -5.728  -1.812  31.925 0.0000000000
77411  -6.525  -1.779  31.668 0.0000000000
77416  -7.144  -1.775  31.401 0.0000000000
77417  -7.525  -1.699  31.252 0.0000000000
77421  -7.796  -1.689  31.055 0.0000000000
77422  -7.926  -1.072  30.952 0.0000000000
77430  -7.990  -1.965  30.904 0.0000000000
77431  -8.066  -1.454  30.813 0.0000000000
77432  -8.065  -0.924  30.634 0.0000000000
77445  -8.259  -1.895  30.540 0.0000000000
77446  -8.317  -1.220  30.299 0.0000000000
77457  -8.698  -1.066  29.811 0.0000000000
77469  -9.477  -1.045  29.359 0.0000000000
77487  -2.340  -0.996  29.965 0.0000000000
77488  -3.394  -1.101  30.475 0.0000000000
77489  -4.665  -1.420  30.418 0.0000000000
77490  -9.946  -1.036  28.804 0.0000000000
77503  -1.908  -1.049  29.027 0.0000000000
77504  -5.767  -1.620  29.964 0.0000000000
77505  -6.848  -1.551  29.587 0.0000000000
77506  -7.938  -1.490  29.002 0.0000000000
77507  -8.814  -1.309  28.259 0.0000000000
77508  -9.467  -1.144  27.844 0.0000000000
77509  -9.956  -1.150  27.906 0.0000000000
77510  -10.100  -1.110  28.250 0.0000000000
77518  -2.110  -1.239  27.689 0.0000000000
77524  -2.125  -1.458  26.415 0.0000000000
77531  -2.036  -1.585  25.269 0.0000000000
77532  -1.966  -1.628  24.249 0.0000000000
78272  -3.124  -0.607  32.798 0.0000000000
78273  -4.781  -0.633  32.463 0.0000000000
78274  -5.671  -0.054  32.646 0.0000000000
78284  -5.439  -1.253  32.256 0.0000000000
78285  -6.137  -0.609  32.340 0.0000000000
78286  -7.292  -0.340  31.906 0.0000000000
78287  -8.045  0.366  31.971 0.0000000000
78296  -7.392  -0.897  31.435 0.0000000000
78297  -7.953  -0.101  31.456 0.0000000000
78298  -8.779  0.490  31.613 0.0000000000
78307  -7.908  -0.621  31.138 0.0000000000
78308  -8.294  0.112  31.180 0.0000000000
78309  -8.898  0.707  31.206 0.0000000000
78318  -8.091  -0.479  30.860 0.0000000000
78319  -8.389  0.159  30.839 0.0000000000
78330  -8.573  0.266  30.597 0.0000000000
78331  -8.681  0.943  30.766 0.0000000000
78344  -8.810  0.155  30.222 0.0000000000
78345  -8.637  0.729  30.689 0.0000000000
78361  -9.303  -0.065  29.710 0.0000000000
78376  -2.175  -0.123  29.643 0.0000000000
78377  -2.999  -0.178  30.565 0.0000000000
78378  -4.616  -0.445  30.892 0.0000000000
78379  -6.095  -0.007  30.874 0.0000000000
78380  -6.860  0.247  30.933 0.0000000000
78381  -9.809  -0.383  28.906 0.0000000000
78382  -9.754  -0.226  29.084 0.0000000000
78387  -2.217  -0.285  28.226 0.0000000000
78388  -5.290  -1.206  30.516 0.0000000000
78389  -6.030  -0.990  30.438 0.0000000000
78390  -7.374  -0.647  30.457 0.0000000000
78391  -8.565  -0.866  29.630 0.0000000000
78392  -9.189  -0.629  28.681 0.0000000000
78393  -9.680  -0.594  28.481 0.0000000000
78394  -9.932  -0.715  28.416 0.0000000000
78399  -2.289  -0.555  26.881 0.0000000000
78406  -2.197  -0.866  25.821 0.0000000000
78412  -2.107  -0.775  24.878 0.0000000000
78413  -2.093  -0.777  23.905 0.0000000000
79175  -3.661  0.406  32.792 0.0000000000
79176  -5.289  0.603  32.908 0.0000000000
79177  -6.401  0.917  33.187 0.0000000000
79185  -6.204  0.321  32.820 0.0000000000
79186  -7.116  0.667  32.759 0.0000000000
79187  -8.299  0.840  32.457 0.0000000000
79188  -9.213  1.017  32.460 0.0000000000
79196  -8.697  0.633  32.096 0.0000000000
79197  -9.431  0.812  31.996 0.0000000000
79198  -10.085  0.936  31.840 0.0000000000
79206  -9.420  0.678  31.656 0.0000000000
79207  -9.801  0.857  31.519 0.0000000000
79216  -9.680  0.985  31.135 0.0000000000
79217  -9.812  1.170  30.956 0.0000000000
79225  -8.913  0.870  31.011 0.0000000000
79226  -9.076  1.198  30.983 0.0000000000
79234  -8.951  1.099  30.775 0.0000000000
79235  -8.925  1.315  30.829 0.0000000000
79244  -9.220  0.941  30.549 0.0000000000
79251  -2.544  0.830  30.344 0.0000000000
79252  -3.729  0.818  31.054 0.0000000000
79253  -5.158  0.889  31.207 0.0000000000
79254  -6.399  0.989  31.112 0.0000000000
79255  -7.548  0.712  31.126 0.0000000000
79256  -8.496  0.898  30.883 0.0000000000
79257  -9.041  0.899  30.459 0.0000000000
79258  -9.331  0.488  30.067 0.0000000000
79259  -9.349  0.768  30.250 0.0000000000
79262  -2.211  0.816  28.887 0.0000000000
79263  -8.265  -0.060  30.594 0.0000000000
79264  -8.879  0.008  30.085 0.0000000000
79265  -9.362  -0.020  29.657 0.0000000000
79266  -9.558  -0.122  29.365 0.0000000000
79273  -2.270  0.436  27.411 0.0000000000
79280  -2.397  0.123  25.935 0.0000000000
79286  -2.230  0.171  24.587 0.0000000000
80019  -3.788  1.536  33.153 0.0000000000
80020  -5.803  1.565  33.242 0.0000000000
80021  -7.059  1.517  33.384 0.0000000000
80029  -8.120  1.526  33.084 0.0000000000
80030  -9.116  1.521  32.823 0.0000000000
80031  -9.860  1.411  32.533 0.0000000000
80039  -10.366  1.333  32.108 0.0000000000
80040  -10.561  1.325  31.733 0.0000000000
80051  -10.509  1.343  31.310 0.0000000000
80059  -10.369  1.453  30.982 0.0000000000
80060  -10.103  1.559  30.843 0.0000000000
80067  -9.590  1.729  30.869 0.0000000000
80075  -9.216  1.983  30.722 0.0000000000
80076  -9.281  1.818  30.842 0.0000000000
80085  -9.346  1.952  30.549 0.0000000000
80091  -2.184  1.795  29.887 0.0000000000
80092  -3.229  1.899  30.739 0.0000000000
80093  -4.406  1.993  31.400 0.0000000000
80094  -5.740  2.011  31.405 0.0000000000
80095  -6.953  1.943  31.328 0.0000000000
80096  -8.000  1.940  31.242 0.0000000000
80097  -8.784  2.061  30.909 0.0000000000
80098  -9.208  2.004  30.604 0.0000000000
80099  -9.240  1.733  30.609 0.0000000000
80105  -2.084  1.793  28.796 0.0000000000
80113  -1.912  1.310  27.967 0.0000000000
80118  -2.253  1.274  26.800 0.0000000000
80122  -2.404  1.205  25.450 0.0000000000
80123  -2.355  1.155  24.249 0.0000000000
80830  -3.126  2.530  33.534 0.0000000000
80831  -4.919  2.400  33.375 0.0000000000
80832  -6.507  2.292  33.509 0.0000000000
80839  -7.733  2.234  33.468 0.0000000000
80840  -8.805  2.173  33.204 0.0000000000
80841  -9.698  2.083  32.862 0.0000000000
80852  -10.393  1.974  32.429 0.0000000000
80853  -10.854  1.836  31.991 0.0000000000
80866  -10.871  1.831  31.566 0.0000000000
80874  -10.667  1.940  31.125 0.0000000000
80875  -10.466  1.975  30.839 0.0000000000
80883  -10.229  2.053  30.700 0.0000000000
80893  -9.539  2.634  30.582 0.0000000000
80894  -9.834  2.298  30.661 0.0000000000
80903  -9.442  2.946  30.457 0.0000000000
80905  -2.747  2.846  30.234 0.0000000000
80906  -3.816  3.090  31.156 0.0000000000
80907  -5.107  3.140  31.539 0.0000000000
80908  -6.391  3.025  31.439 0.0000000000
80909  -7.442  2.921  31.159 0.0000000000
80910  -8.297  3.202  30.729 0.0000000000
80911  -9.115  3.479  30.410 0.0000000000
80912  -9.422  3.314  30.198 0.0000000000
80913  -9.341  3.156  30.355 0.0000000000
80919  -1.825  2.670  29.340 0.0000000000
80920  -8.759  3.996  30.169 0.0000000000
80921  -9.110  4.152  30.017 0.0000000000
80926  -1.757  2.347  27.904 0.0000000000
80930  -2.025  2.252  26.321 0.0000000000
80934  -2.307  2.213  25.044 0.0000000000
81711  -3.977  3.291  33.494 0.0000000000
81712  -5.730  3.059  33.461 0.0000000000
81713  -7.042  2.951  33.518 0.0000000000
81720  -8.179  2.874  33.261 0.0000000000
81721  -9.197  2.744  32.970 0.0000000000
81722  -9.959  2.683  32.607 0.0000000000
81735  -10.513  2.644  31.984 0.0000000000
81736  -10.840  2.187  31.775 0.0000000000
81748  -10.512  3.032  31.647 0.0000000000
81749  -10.569  2.617  31.436 0.0000000000
81756  -10.287  2.763  30.872 0.0000000000
81757  -10.384  2.302  30.785 0.0000000000
81769  -9.846  3.489  30.583 0.0000000000
81770  -10.125  2.618  30.758 0.0000000000
81784  -9.750  3.758  30.258 0.0000000000
81785  -9.833  2.973  30.598 0.0000000000
81797  -9.789  4.175  29.851 0.0000000000
81800  -2.003  3.542  29.883 0.0000000000
81801  -3.149  4.056  30.484 0.0000000000
81802  -4.498  4.344  31.263 0.0000000000
81803  -5.915  4.108  31.331 0.0000000000
81804  -7.076  3.797  30.905 0.0000000000
81805  -7.752  3.585  30.732 0.0000000000
81806  -9.332  4.296  29.759 0.0000000000
81807  -9.583  4.275  29.737 0.0000000000
81808  -9.788  4.386  29.538 0.0000000000
81815  -1.751  3.744  28.770 0.0000000000
81816  -2.059  4.376  29.862 0.0000000000
81817  -4.617  4.946  30.990 0.0000000000
81818  -5.419  4.916  30.818 0.0000000000
81819  -6.746  4.666  30.317 0.0000000000
81820  -8.024  4.279  29.967 0.0000000000
81821  -9.032  4.442  29.303 0.0000000000
81822  -9.613  4.616  28.859 0.0000000000
81823  -9.906  4.635  28.734 0.0000000000
81831  -1.698  3.419  27.095 0.0000000000
81836  -1.993  3.112  25.796 0.0000000000
81840  -2.114  3.294  24.719 0.0000000000
82618  -2.891  4.399  33.753 0.0000000000
82619  -5.001  4.020  33.276 0.0000000000
82620  -6.280  3.548  33.378 0.0000000000
82630  -6.046  4.156  33.049 0.0000000000
82631  -7.176  3.744  33.049 0.0000000000
82632  -8.491  3.503  32.748 0.0000000000
82633  -9.362  3.188  32.642 0.0000000000
82646  -8.956  3.658  32.304 0.0000000000
82647  -9.633  3.378  32.103 0.0000000000
82659  -10.011  3.431  31.593 0.0000000000
82660  -10.226  3.242  31.392 0.0000000000
82671  -9.642  3.723  31.067 0.0000000000
82672  -9.870  3.611  30.855 0.0000000000
82687  -9.870  4.043  30.437 0.0000000000
82697  -10.174  4.524  30.027 0.0000000000
82709  -10.510  5.147  29.282 0.0000000000
82710  -11.106  5.929  28.690 0.0000000000
82722  -3.848  4.879  30.834 0.0000000000
82723  -4.341  4.956  31.025 0.0000000000
82724  -10.576  5.200  28.713 0.0000000000
82725  -11.047  5.696  28.581 0.0000000000
82729  -1.801  5.081  29.143 0.0000000000
82730  -2.804  5.320  30.315 0.0000000000
82731  -4.465  5.536  30.626 0.0000000000
82732  -6.317  5.683  29.712 0.0000000000
82733  -7.576  5.016  28.819 0.0000000000
82734  -8.606  4.819  28.292 0.0000000000
82735  -9.440  4.840  27.953 0.0000000000
82736  -10.091  4.976  27.809 0.0000000000
82737  -10.340  5.043  28.259 0.0000000000
82745  -1.824  4.710  27.732 0.0000000000
82746  -6.783  6.033  28.899 0.0000000000
82747  -7.336  5.669  28.305 0.0000000000
82748  -8.269  5.329  27.656 0.0000000000
82749  -9.176  5.165  27.281 0.0000000000
82750  -9.870  5.149  27.205 0.0000000000
82756  -1.836  4.382  26.038 0.0000000000
83527  -4.513  5.283  33.208 0.0000000000
83528  -5.467  4.601  33.056 0.0000000000
83542  -5.543  5.795  32.938 0.0000000000
83543  -6.189  4.965  32.731 0.0000000000
83544  -7.619  4.640  32.257 0.0000000000
83545  -8.381  3.982  32.166 0.0000000000
83561  -7.918  5.175  31.860 0.0000000000
83562  -8.565  4.463  31.620 0.0000000000
83563  -9.289  3.783  31.544 0.0000000000
83580  -8.789  4.968  31.102 0.0000000000
83581  -9.205  4.248  31.142 0.0000000000
83595  -9.459  4.567  30.688 0.0000000000
83596  -9.887  4.825  30.411 0.0000000000
83607  -10.176  5.126  29.982 0.0000000000
83612  -10.569  5.623  29.434 0.0000000000
83619  -11.040  6.101  28.916 0.0000000000
83620  -11.284  6.453  28.539 0.0000000000
83637  -11.241  6.013  28.111 0.0000000000
83638  -11.303  6.331  28.319 0.0000000000
83652  -2.110  6.732  28.690 0.0000000000
83653  -2.336  6.292  29.192 0.0000000000
83654  -3.476  6.431  30.201 0.0000000000
83655  -4.905  6.523  29.939 0.0000000000
83656  -6.174  6.353  29.306 0.0000000000
83657  -10.530  5.343  27.600 0.0000000000
83658  -10.922  5.792  27.661 0.0000000000
83671  -1.851  6.484  28.400 0.0000000000
83672  -1.788  5.783  28.271 0.0000000000
83673  -5.658  6.885  29.339 0.0000000000
83674  -6.849  6.497  28.557 0.0000000000
83675  -7.868  6.085  27.539 0.0000000000
83676  -8.823  5.834  26.967 0.0000000000
83677  -9.733  5.723  26.845 0.0000000000
83678  -10.555  5.652  27.046 0.0000000000
83679  -11.022  6.119  27.123 0.0000000000
83685  -1.630  6.288  27.925 0.0000000000
83686  -1.669  5.787  27.234 0.0000000000
83691  -1.872  5.764  25.733 0.0000000000
84472  -4.866  6.475  32.921 0.0000000000
84473  -6.211  6.233  32.509 0.0000000000
84474  -6.902  5.525  32.387 0.0000000000
84492  -6.632  6.603  32.067 0.0000000000
84493  -7.315  6.053  31.825 0.0000000000
84494  -8.015  5.413  31.553 0.0000000000
84509  -7.453  6.590  30.998 0.0000000000
84510  -8.218  5.920  30.764 0.0000000000
84511  -9.021  5.151  30.760 0.0000000000
84518  -8.612  6.611  30.134 0.0000000000
84519  -9.345  6.020  30.066 0.0000000000
84520  -9.987  5.550  30.004 0.0000000000
84525  -9.833  6.823  29.629 0.0000000000
84526  -10.250  6.344  29.538 0.0000000000
84531  -10.942  6.680  29.060 0.0000000000
84538  -11.288  6.919  28.650 0.0000000000
84539  -11.424  7.008  28.308 0.0000000000
84551  -11.310  6.466  27.708 0.0000000000
84552  -11.465  6.905  27.976 0.0000000000
84565  -1.876  6.923  28.485 0.0000000000
84566  -2.203  7.186  28.924 0.0000000000
84567  -2.998  7.149  29.553 0.0000000000
84568  -3.851  6.922  29.894 0.0000000000
84569  -11.171  6.711  27.346 0.0000000000
84570  -11.335  7.067  27.658 0.0000000000
84587  -1.571  6.762  28.053 0.0000000000
84588  -1.656  7.317  28.423 0.0000000000
84589  -3.117  7.647  29.691 0.0000000000
84590  -4.205  7.406  29.652 0.0000000000
84591  -5.904  7.389  28.891 0.0000000000
84592  -7.318  7.046  27.889 0.0000000000
84593  -8.385  6.763  27.098 0.0000000000
84594  -9.354  6.605  26.731 0.0000000000
84595  -10.185  6.548  26.769 0.0000000000
84596  -10.782  6.634  27.021 0.0000000000
84612  -1.588  6.471  27.646 0.0000000000
84613  -1.634  6.921  27.238 0.0000000000
84619  -1.956  6.943  25.425 0.0000000000
85351  -8.187  7.248  30.143 0.0000000000
85352  -8.829  7.337  29.841 0.0000000000
85357  -9.515  7.452  29.666 0.0000000000
85358  -10.142  7.551  29.449 0.0000000000
85367  -10.737  7.574  29.153 0.0000000000
85375  -11.181  7.640  28.778 0.0000000000
85376  -11.370  7.702  28.446 0.0000000000
85386  -11.439  7.764  28.170 0.0000000000
85395  -2.424  7.548  29.300 0.0000000000
85396  -2.635  7.706  29.507 0.0000000000
85397  -11.205  7.498  27.506 0.0000000000
85398  -11.370  7.828  27.819 0.0000000000
85407  -1.996  7.830  29.192 0.0000000000
85408  -2.952  8.147  29.569 0.0000000000
85409  -4.580  8.273  29.495 0.0000000000
85410  -6.437  8.031  28.452 0.0000000000
85411  -7.814  7.753  27.469 0.0000000000
85412  -8.934  7.552  27.055 0.0000000000
85413  -9.772  7.455  26.908 0.0000000000
85414  -10.390  7.451  27.000 0.0000000000
85415  -10.884  7.610  27.225 0.0000000000
85430  -1.659  8.017  28.202 0.0000000000
85442  -1.683  8.057  26.660 0.0000000000
85446  -2.053  7.965  24.793 0.0000000000
86120  -10.403  8.628  29.284 0.0000000000
86129  -10.961  8.692  28.900 0.0000000000
86130  -11.061  9.000  28.613 0.0000000000
86134  -11.247  8.322  28.594 0.0000000000
86135  -11.184  8.617  28.464 0.0000000000
86142  -11.220  8.588  28.216 0.0000000000
86153  -11.075  8.350  27.570 0.0000000000
86154  -11.187  8.669  27.916 0.0000000000
86164  -2.059  8.561  29.067 0.0000000000
86165  -2.954  9.294  29.483 0.0000000000
86166  -5.300  9.060  29.326 0.0000000000
86167  -7.133  8.733  28.146 0.0000000000
86168  -8.431  8.509  27.346 0.0000000000
86169  -9.409  8.312  27.113 0.0000000000
86170  -10.033  8.218  27.091 0.0000000000
86171  -10.444  8.218  27.219 0.0000000000
86172  -10.720  8.415  27.370 0.0000000000
86183  -1.895  9.195  28.014 0.0000000000
86184  -1.911  9.852  28.978 0.0000000000
86197  -1.969  9.071  25.720 0.0000000000
86201  -2.165  8.834  23.914 0.0000000000
86884  -10.964  9.635  28.707 0.0000000000
86886  -10.954  9.479  28.549 0.0000000000
86890  -10.872  9.340  28.363 0.0000000000
86900  -10.663  9.124  27.645 0.0000000000
86901  -10.919  9.220  27.937 0.0000000000
86911  -2.397  10.568  29.259 0.0000000000
86912  -4.344  10.198  29.532 0.0000000000
86913  -6.376  9.783  29.051 0.0000000000
86914  -7.914  9.461  28.022 0.0000000000
86915  -9.034  9.188  27.488 0.0000000000
86916  -9.751  8.985  27.289 0.0000000000
86917  -10.177  8.846  27.308 0.0000000000
86918  -10.456  8.784  27.386 0.0000000000
86926  -1.884  10.299  26.701 0.0000000000
86927  -1.750  10.225  28.317 0.0000000000
86939  -2.233  9.892  24.439 0.0000000000
87642  -2.129  11.751  29.267 0.0000000000
87643  -3.690  11.374  29.717 0.0000000000
87644  -5.616  10.987  29.426 0.0000000000
87645  -7.380  10.489  28.900 0.0000000000
87646  -8.668  10.086  28.245 0.0000000000
87647  -9.487  9.774  27.837 0.0000000000
87648  -9.936  9.530  27.689 0.0000000000
87649  -10.244  9.342  27.674 0.0000000000
87656  -1.722  11.558  26.553 0.0000000000
87657  -1.654  11.099  28.086 0.0000000000
87666  -2.289  11.029  24.755 0.0000000000
87676  -1.436  10.543  23.148 0.0000000000
88338  -1.822  12.936  29.328 0.0000000000
88339  -3.285  12.557  29.930 0.0000000000
88351  -1.259  12.512  26.421 0.0000000000
88352  -1.335  12.173  27.949 0.0000000000
88359  -2.248  12.134  24.924 0.0000000000
88370  -1.885  11.629  23.367 0.0000000000
89080  -0.980  13.045  26.362 0.0000000000
89081  -1.005  13.420  27.625 0.0000000000
89087  -1.869  13.078  25.159 0.0000000000
89088  -1.000  13.377  26.320 0.0000000000
89097  -2.255  12.773  23.867 0.0000000000
89132  -3.379  13.531  19.778 0.0000000000
89822  -1.960  13.386  24.559 0.0000000000
89823  -1.120  14.167  26.032 0.0000000000
89831  -2.327  13.271  24.200 0.0000000000
89832  -1.993  13.770  23.591 0.0000000000
