#!ascii label  , from subject Yale_0050552 vox2ras=TkReg
1697
90155  12.803  -4.238  30.952 0.0000000000
90156  12.356  -4.190  30.801 0.0000000000
90157  11.315  -4.042  30.617 0.0000000000
90158  10.102  -3.530  30.436 0.0000000000
90159  8.662  -2.922  30.253 0.0000000000
90160  7.041  -2.566  30.241 0.0000000000
90174  13.081  -4.229  30.397 0.0000000000
90175  12.775  -4.197  30.472 0.0000000000
90176  11.567  -4.408  29.719 0.0000000000
90177  10.468  -4.075  29.758 0.0000000000
90196  12.856  -4.239  29.851 0.0000000000
90197  12.070  -4.432  29.018 0.0000000000
90198  11.538  -4.493  28.972 0.0000000000
90213  12.468  -4.231  28.570 0.0000000000
90214  11.902  -4.331  27.961 0.0000000000
90233  12.350  -4.149  27.563 0.0000000000
90234  11.922  -4.283  27.303 0.0000000000
90253  12.266  -4.179  26.666 0.0000000000
90254  11.877  -4.346  26.443 0.0000000000
90265  12.240  -4.328  25.768 0.0000000000
90266  11.902  -4.590  25.588 0.0000000000
90268  12.357  -4.798  24.800 0.0000000000
90269  12.038  -4.852  24.974 0.0000000000
90272  13.168  -5.100  24.122 0.0000000000
90273  12.838  -5.231  24.215 0.0000000000
91237  12.983  -3.471  31.869 0.0000000000
91238  12.565  -3.471  31.933 0.0000000000
91239  11.583  -3.267  31.915 0.0000000000
91240  10.377  -2.845  31.775 0.0000000000
91241  8.940  -2.512  31.717 0.0000000000
91242  7.367  -2.338  31.804 0.0000000000
91257  13.258  -3.711  31.271 0.0000000000
91258  12.997  -3.846  31.371 0.0000000000
91259  12.033  -3.862  31.383 0.0000000000
91260  10.913  -3.497  31.243 0.0000000000
91261  9.582  -2.956  31.086 0.0000000000
91262  8.043  -2.627  31.113 0.0000000000
91263  6.436  -2.584  31.320 0.0000000000
91277  13.315  -3.723  30.827 0.0000000000
91278  13.214  -3.942  30.799 0.0000000000
91279  13.098  -4.131  30.933 0.0000000000
91290  13.225  -3.829  30.405 0.0000000000
91291  13.004  -4.103  29.597 0.0000000000
91304  12.967  -3.950  29.264 0.0000000000
91305  12.743  -4.080  28.571 0.0000000000
91317  12.814  -3.983  28.201 0.0000000000
91318  12.651  -4.054  27.851 0.0000000000
91329  12.742  -4.077  27.157 0.0000000000
91330  12.576  -4.114  26.914 0.0000000000
91337  12.714  -4.055  26.152 0.0000000000
91338  12.512  -4.167  25.928 0.0000000000
91347  12.850  -4.186  25.247 0.0000000000
91348  12.654  -4.399  25.095 0.0000000000
91362  13.251  -4.591  24.430 0.0000000000
91363  12.961  -4.665  24.606 0.0000000000
91408  8.683  -4.665  24.126 0.0000000000
91409  7.142  -4.763  25.265 0.0000000000
91410  4.964  -4.799  25.632 0.0000000000
91411  4.362  -4.692  24.625 0.0000000000
92340  13.236  -2.270  32.949 0.0000000000
92341  12.674  -2.319  33.053 0.0000000000
92342  11.579  -2.211  33.050 0.0000000000
92343  10.348  -1.959  32.831 0.0000000000
92344  8.941  -1.771  32.532 0.0000000000
92345  7.364  -1.801  32.432 0.0000000000
92359  13.558  -2.646  32.215 0.0000000000
92360  13.172  -2.922  32.285 0.0000000000
92361  12.164  -2.858  32.486 0.0000000000
92362  11.023  -2.620  32.436 0.0000000000
92363  9.710  -2.313  32.271 0.0000000000
92364  8.208  -2.109  32.164 0.0000000000
92365  6.649  -2.172  32.341 0.0000000000
92380  13.534  -2.938  31.668 0.0000000000
92381  13.376  -3.190  31.639 0.0000000000
92382  13.214  -3.366  31.771 0.0000000000
92391  13.350  -3.313  31.237 0.0000000000
92392  13.304  -3.551  31.245 0.0000000000
92403  13.204  -3.424  30.523 0.0000000000
92413  12.903  -3.715  29.602 0.0000000000
92421  12.826  -3.958  28.476 0.0000000000
92428  12.767  -4.042  27.402 0.0000000000
92439  12.800  -3.906  26.319 0.0000000000
92457  13.047  -4.040  25.211 0.0000000000
92474  13.433  -4.202  24.492 0.0000000000
92513  12.543  -3.844  22.442 0.0000000000
92514  11.927  -3.778  22.425 0.0000000000
92515  9.798  -4.122  23.102 0.0000000000
92516  8.433  -4.281  24.190 0.0000000000
92517  6.301  -4.449  25.465 0.0000000000
92518  4.827  -4.332  25.767 0.0000000000
92519  4.034  -4.149  25.395 0.0000000000
92534  11.842  -4.106  22.248 0.0000000000
92535  10.744  -4.295  22.533 0.0000000000
92536  9.675  -4.507  23.246 0.0000000000
92537  3.692  -3.822  24.172 0.0000000000
92553  3.896  -3.600  22.665 0.0000000000
92565  4.035  -3.323  20.427 0.0000000000
92571  4.698  -3.552  18.315 0.0000000000
92575  4.244  -3.607  16.105 0.0000000000
92576  3.497  -3.175  15.585 0.0000000000
92583  4.119  -4.122  14.713 0.0000000000
92584  3.600  -3.465  15.276 0.0000000000
93367  13.194  -0.971  34.189 0.0000000000
93368  12.503  -1.016  34.203 0.0000000000
93369  11.315  -0.891  33.989 0.0000000000
93370  10.094  -0.692  33.442 0.0000000000
93371  8.675  -0.588  32.801 0.0000000000
93372  7.006  -0.826  32.692 0.0000000000
93388  14.054  -1.413  33.402 0.0000000000
93389  13.394  -1.599  33.577 0.0000000000
93390  12.099  -1.683  33.667 0.0000000000
93391  10.852  -1.523  33.476 0.0000000000
93392  9.557  -1.323  33.011 0.0000000000
93393  8.039  -1.319  32.621 0.0000000000
93394  6.439  -1.626  32.754 0.0000000000
93405  14.217  -1.549  32.750 0.0000000000
93406  13.868  -1.926  32.792 0.0000000000
93407  13.471  -2.195  32.896 0.0000000000
93421  13.729  -2.265  32.167 0.0000000000
93422  13.664  -2.484  32.207 0.0000000000
93436  13.484  -2.509  31.624 0.0000000000
93449  13.198  -2.875  30.927 0.0000000000
93462  12.736  -3.368  29.958 0.0000000000
93463  12.468  -3.502  29.418 0.0000000000
93477  12.597  -3.873  28.521 0.0000000000
93478  12.407  -3.826  28.352 0.0000000000
93491  12.676  -3.922  27.306 0.0000000000
93492  12.532  -3.811  27.138 0.0000000000
93509  12.771  -3.950  26.077 0.0000000000
93510  12.678  -3.866  26.262 0.0000000000
93523  12.977  -3.948  25.362 0.0000000000
93524  12.791  -3.887  25.872 0.0000000000
93532  13.480  -3.964  24.425 0.0000000000
93533  13.028  -3.874  25.059 0.0000000000
93536  13.820  -3.987  23.754 0.0000000000
93537  13.443  -3.777  24.270 0.0000000000
93541  13.582  -3.781  23.418 0.0000000000
93542  13.105  -3.567  23.317 0.0000000000
93543  4.503  -3.311  25.535 0.0000000000
93544  4.248  -3.044  25.258 0.0000000000
93552  12.918  -3.626  22.905 0.0000000000
93553  12.027  -3.592  22.659 0.0000000000
93554  11.046  -3.750  22.696 0.0000000000
93555  9.414  -3.926  23.545 0.0000000000
93556  7.452  -4.157  24.960 0.0000000000
93557  5.596  -4.185  25.692 0.0000000000
93558  4.409  -3.902  25.753 0.0000000000
93559  4.042  -2.972  24.805 0.0000000000
93572  11.071  -3.962  22.418 0.0000000000
93573  10.474  -3.963  22.732 0.0000000000
93574  3.385  -2.703  23.247 0.0000000000
93593  4.198  -2.213  21.572 0.0000000000
93609  4.008  -1.844  19.973 0.0000000000
93614  4.149  -2.121  18.172 0.0000000000
93615  3.830  -1.603  16.912 0.0000000000
93620  4.427  -2.836  17.132 0.0000000000
93621  3.619  -2.451  16.234 0.0000000000
93629  3.938  -2.904  14.199 0.0000000000
93630  3.606  -2.852  15.101 0.0000000000
94425  10.916  0.910  34.297 0.0000000000
94426  9.639  1.321  33.403 0.0000000000
94427  8.370  1.252  32.982 0.0000000000
94428  7.631  1.132  32.926 0.0000000000
94441  13.902  -0.103  34.518 0.0000000000
94442  12.977  -0.283  34.565 0.0000000000
94443  11.734  -0.154  34.461 0.0000000000
94444  10.524  0.098  33.885 0.0000000000
94445  9.296  0.508  32.861 0.0000000000
94446  7.681  0.720  32.412 0.0000000000
94454  14.857  -0.359  33.751 0.0000000000
94455  14.333  -0.727  33.863 0.0000000000
94456  13.638  -0.791  34.195 0.0000000000
94459  14.604  -0.896  33.274 0.0000000000
94460  14.283  -1.263  33.327 0.0000000000
94463  14.474  -1.106  32.846 0.0000000000
94466  14.136  -1.344  32.487 0.0000000000
94468  13.697  -1.654  32.098 0.0000000000
94477  13.136  -2.127  31.538 0.0000000000
94478  12.554  -2.601  30.677 0.0000000000
94479  12.125  -2.788  30.206 0.0000000000
94489  12.243  -3.403  29.371 0.0000000000
94490  11.934  -3.371  29.178 0.0000000000
94500  12.195  -3.753  28.180 0.0000000000
94501  11.830  -3.640  28.071 0.0000000000
94502  11.596  -3.538  27.570 0.0000000000
94512  12.419  -3.731  26.832 0.0000000000
94513  12.081  -3.573  26.632 0.0000000000
94514  11.699  -3.473  27.014 0.0000000000
94520  12.625  -3.761  25.764 0.0000000000
94521  12.480  -3.635  25.468 0.0000000000
94525  12.944  -3.707  24.868 0.0000000000
94526  12.741  -3.572  24.697 0.0000000000
94529  13.175  -3.564  24.159 0.0000000000
94530  12.661  -3.452  24.159 0.0000000000
94531  11.928  -3.384  24.109 0.0000000000
94532  10.915  -3.350  24.303 0.0000000000
94533  9.647  -3.447  24.736 0.0000000000
94534  8.097  -3.622  25.418 0.0000000000
94535  6.261  -3.528  26.109 0.0000000000
94536  4.322  -3.190  26.297 0.0000000000
94537  3.882  -2.336  25.781 0.0000000000
94540  13.094  -3.507  23.666 0.0000000000
94541  12.556  -3.470  23.474 0.0000000000
94542  11.597  -3.377  23.553 0.0000000000
94543  10.450  -3.409  23.833 0.0000000000
94544  9.022  -3.604  24.455 0.0000000000
94545  7.281  -3.880  25.362 0.0000000000
94546  5.387  -3.789  25.877 0.0000000000
94547  4.134  -3.391  25.807 0.0000000000
94548  3.436  -2.383  24.957 0.0000000000
94551  12.132  -3.446  23.041 0.0000000000
94552  11.257  -3.468  23.104 0.0000000000
94553  9.973  -3.598  23.556 0.0000000000
94554  8.332  -3.837  24.486 0.0000000000
94555  6.472  -4.024  25.479 0.0000000000
94556  4.919  -3.922  25.843 0.0000000000
94557  4.827  -3.534  25.780 0.0000000000
94558  3.080  -1.891  23.707 0.0000000000
94569  4.294  -0.086  21.907 0.0000000000
94570  4.092  -1.046  22.177 0.0000000000
94587  3.625  -0.204  21.299 0.0000000000
94588  3.668  -0.736  20.678 0.0000000000
94611  3.580  -0.844  19.053 0.0000000000
94630  3.499  -0.910  17.505 0.0000000000
94631  3.173  -1.298  16.362 0.0000000000
94644  3.412  -1.806  15.509 0.0000000000
94662  3.368  -1.829  14.598 0.0000000000
95453  12.434  1.512  34.997 0.0000000000
95454  11.370  1.748  34.571 0.0000000000
95455  10.121  2.131  33.786 0.0000000000
95456  8.760  2.020  33.547 0.0000000000
95472  14.691  0.667  34.578 0.0000000000
95473  14.177  0.671  34.763 0.0000000000
95474  13.317  0.782  34.903 0.0000000000
95475  12.146  0.702  34.777 0.0000000000
95481  14.972  0.189  34.173 0.0000000000
95482  14.491  0.100  34.394 0.0000000000
95485  15.420  0.486  33.648 0.0000000000
95486  15.217  0.095  33.739 0.0000000000
95488  15.327  0.603  33.447 0.0000000000
95489  15.041  -0.215  33.324 0.0000000000
95491  15.176  0.777  33.280 0.0000000000
95492  14.879  -0.279  33.032 0.0000000000
95495  15.071  0.989  33.201 0.0000000000
95496  14.617  -0.073  32.825 0.0000000000
95501  13.925  -0.600  32.502 0.0000000000
95502  13.258  -0.924  32.149 0.0000000000
95503  12.358  -1.379  31.554 0.0000000000
95504  12.004  -0.630  31.991 0.0000000000
95508  11.697  -2.717  30.018 0.0000000000
95509  11.181  -1.560  30.844 0.0000000000
95510  10.005  -1.264  30.672 0.0000000000
95511  8.935  -0.749  30.938 0.0000000000
95512  7.872  -0.278  31.353 0.0000000000
95513  7.183  0.015  31.717 0.0000000000
95518  11.637  -3.324  29.067 0.0000000000
95519  11.136  -3.175  28.925 0.0000000000
95520  9.963  -2.501  29.692 0.0000000000
95521  8.674  -2.017  30.104 0.0000000000
95522  7.520  -1.244  30.456 0.0000000000
95523  6.506  -0.337  30.910 0.0000000000
95524  5.781  -0.064  30.876 0.0000000000
95530  11.719  -3.465  26.618 0.0000000000
95531  11.186  -3.472  27.359 0.0000000000
95532  10.086  -3.253  28.314 0.0000000000
95533  8.618  -3.051  29.138 0.0000000000
95534  7.118  -2.726  29.864 0.0000000000
95535  5.957  -1.670  30.228 0.0000000000
95536  5.368  -0.483  30.418 0.0000000000
95541  11.994  -3.516  25.899 0.0000000000
95542  11.362  -3.422  26.312 0.0000000000
95543  10.392  -3.429  26.960 0.0000000000
95544  8.989  -3.556  27.836 0.0000000000
95545  7.283  -3.469  28.722 0.0000000000
95546  5.770  -2.434  29.149 0.0000000000
95547  4.698  -1.171  29.497 0.0000000000
95550  12.305  -3.571  25.099 0.0000000000
95551  11.711  -3.475  25.412 0.0000000000
95552  10.823  -3.432  25.816 0.0000000000
95553  9.601  -3.483  26.386 0.0000000000
95554  8.016  -3.526  27.065 0.0000000000
95555  6.159  -2.988  27.655 0.0000000000
95556  4.193  -1.434  27.814 0.0000000000
95557  3.119  -1.316  27.247 0.0000000000
95559  12.517  -3.495  24.623 0.0000000000
95560  12.132  -3.472  24.672 0.0000000000
95561  11.342  -3.436  24.874 0.0000000000
95562  10.240  -3.378  25.241 0.0000000000
95563  8.841  -3.525  25.798 0.0000000000
95564  7.110  -3.476  26.456 0.0000000000
95565  5.183  -2.793  26.898 0.0000000000
95566  3.222  -1.870  26.628 0.0000000000
95568  2.975  -1.382  25.314 0.0000000000
95573  3.135  0.331  23.303 0.0000000000
95574  2.644  -1.045  24.081 0.0000000000
95584  4.200  0.281  22.227 0.0000000000
95585  3.515  -0.726  22.855 0.0000000000
95595  3.899  0.750  21.535 0.0000000000
95596  3.327  0.303  20.785 0.0000000000
95611  3.236  1.049  20.644 0.0000000000
95612  3.502  0.446  19.787 0.0000000000
95629  3.161  0.193  18.256 0.0000000000
95630  2.889  -0.172  16.855 0.0000000000
95638  3.199  -0.618  15.548 0.0000000000
95654  3.501  -0.651  14.384 0.0000000000
96471  13.110  2.778  35.726 0.0000000000
96472  12.332  2.958  35.707 0.0000000000
96473  10.984  3.331  35.414 0.0000000000
96474  9.508  3.430  35.070 0.0000000000
96475  7.993  3.368  34.719 0.0000000000
96491  14.060  1.974  35.293 0.0000000000
96492  13.357  2.031  35.304 0.0000000000
96493  11.838  2.361  35.147 0.0000000000
96494  10.521  2.672  34.622 0.0000000000
96495  9.173  2.881  33.978 0.0000000000
96512  15.058  0.993  34.559 0.0000000000
96513  14.440  1.514  35.013 0.0000000000
96514  13.870  1.220  35.043 0.0000000000
96520  15.859  1.288  34.043 0.0000000000
96521  15.512  0.903  34.222 0.0000000000
96525  15.804  1.249  33.756 0.0000000000
96526  15.594  0.794  33.872 0.0000000000
96529  16.008  1.970  33.126 0.0000000000
96530  15.740  1.519  33.438 0.0000000000
96533  16.199  2.153  33.002 0.0000000000
96534  15.610  1.768  33.238 0.0000000000
96537  15.003  1.361  33.142 0.0000000000
96538  14.476  0.421  32.938 0.0000000000
96541  14.995  1.902  33.019 0.0000000000
96542  14.338  0.951  32.975 0.0000000000
96543  13.537  0.515  32.792 0.0000000000
96544  12.801  0.447  32.726 0.0000000000
96545  11.582  0.168  32.530 0.0000000000
96546  10.340  0.647  33.291 0.0000000000
96547  8.996  1.189  33.113 0.0000000000
96548  7.635  1.485  32.904 0.0000000000
96549  6.522  1.533  32.908 0.0000000000
96550  5.927  1.763  32.760 0.0000000000
96552  10.772  -0.798  31.433 0.0000000000
96553  10.178  -0.396  31.816 0.0000000000
96554  9.054  -0.093  32.462 0.0000000000
96555  7.943  0.483  32.288 0.0000000000
96556  6.586  0.591  31.938 0.0000000000
96557  5.661  1.320  32.225 0.0000000000
96561  6.040  0.163  31.170 0.0000000000
96562  5.478  0.653  30.980 0.0000000000
96568  4.018  0.887  28.929 0.0000000000
96569  4.658  0.323  29.617 0.0000000000
96573  4.283  0.926  27.892 0.0000000000
96574  3.825  -0.167  28.703 0.0000000000
96576  5.949  1.832  25.598 0.0000000000
96577  4.885  1.246  26.515 0.0000000000
96578  3.317  -0.053  27.512 0.0000000000
96579  3.133  -0.944  27.421 0.0000000000
96581  6.074  2.155  24.727 0.0000000000
96582  4.491  1.570  25.405 0.0000000000
96583  3.431  0.550  26.247 0.0000000000
96584  3.460  -0.735  26.784 0.0000000000
96586  6.050  2.412  23.717 0.0000000000
96587  4.531  1.980  24.285 0.0000000000
96588  3.300  1.018  25.032 0.0000000000
96589  3.149  -0.361  25.773 0.0000000000
96597  6.194  2.617  23.090 0.0000000000
96598  5.108  2.345  23.042 0.0000000000
96599  3.623  1.317  23.808 0.0000000000
96600  2.959  0.016  24.536 0.0000000000
96610  5.117  2.206  22.124 0.0000000000
96611  4.084  1.511  22.664 0.0000000000
96621  5.081  2.463  21.402 0.0000000000
96622  4.460  1.556  21.752 0.0000000000
96632  5.144  2.765  20.912 0.0000000000
96633  3.711  2.188  20.650 0.0000000000
96634  3.649  1.331  20.197 0.0000000000
96650  3.505  2.549  19.654 0.0000000000
96651  3.423  1.663  19.062 0.0000000000
96652  2.834  1.047  17.429 0.0000000000
96659  2.900  0.753  16.283 0.0000000000
96675  3.168  0.675  15.111 0.0000000000
97452  10.811  3.693  40.827 0.0000000000
97453  10.144  4.320  40.554 0.0000000000
97463  12.128  3.400  40.051 0.0000000000
97464  11.197  3.673  40.113 0.0000000000
97465  9.645  4.681  39.349 0.0000000000
97478  13.367  3.354  38.906 0.0000000000
97479  12.424  3.419  39.119 0.0000000000
97480  10.822  3.999  38.538 0.0000000000
97481  9.184  4.999  37.946 0.0000000000
97495  14.202  3.605  37.469 0.0000000000
97496  13.547  3.435  37.862 0.0000000000
97497  12.029  3.886  37.378 0.0000000000
97498  10.368  4.283  37.065 0.0000000000
97499  8.707  4.666  36.721 0.0000000000
97513  14.700  3.395  36.274 0.0000000000
97514  14.239  3.453  36.571 0.0000000000
97515  13.129  3.399  36.248 0.0000000000
97516  11.507  3.828  36.244 0.0000000000
97517  9.961  4.151  35.965 0.0000000000
97518  8.317  4.079  35.691 0.0000000000
97533  15.623  2.914  35.402 0.0000000000
97534  15.106  2.894  35.708 0.0000000000
97535  14.268  2.400  35.566 0.0000000000
97536  13.502  2.655  35.705 0.0000000000
97552  15.857  2.575  34.975 0.0000000000
97553  15.307  1.850  34.844 0.0000000000
97554  14.717  1.913  35.139 0.0000000000
97569  17.029  2.595  33.775 0.0000000000
97570  16.377  2.040  34.161 0.0000000000
97571  15.850  1.485  34.292 0.0000000000
97576  16.947  2.437  33.434 0.0000000000
97577  16.295  1.966  33.508 0.0000000000
97581  16.623  2.327  33.004 0.0000000000
97582  16.184  1.996  33.284 0.0000000000
97586  16.381  2.528  32.678 0.0000000000
97587  15.767  2.216  32.828 0.0000000000
97590  16.202  2.867  32.295 0.0000000000
97591  15.544  2.391  32.700 0.0000000000
97592  8.103  2.824  33.949 0.0000000000
97593  7.702  2.684  33.957 0.0000000000
97594  7.023  2.517  33.709 0.0000000000
97598  15.922  3.042  32.149 0.0000000000
97599  15.298  2.667  32.496 0.0000000000
97600  14.556  2.077  32.968 0.0000000000
97601  13.946  1.991  33.019 0.0000000000
97602  13.235  2.337  33.031 0.0000000000
97603  11.746  2.146  33.441 0.0000000000
97604  10.050  2.235  33.810 0.0000000000
97605  8.388  2.437  33.681 0.0000000000
97606  7.248  2.207  33.483 0.0000000000
97607  6.272  2.164  33.289 0.0000000000
97608  5.271  2.070  32.532 0.0000000000
97611  15.141  2.947  32.317 0.0000000000
97612  14.865  3.072  32.271 0.0000000000
97613  14.389  3.229  32.277 0.0000000000
97614  14.044  3.517  32.210 0.0000000000
97615  4.739  1.623  31.677 0.0000000000
97621  5.188  1.968  28.947 0.0000000000
97622  4.656  1.686  30.098 0.0000000000
97627  6.567  2.343  27.263 0.0000000000
97628  5.691  1.960  28.172 0.0000000000
97629  4.485  1.200  29.387 0.0000000000
97632  6.840  2.363  26.719 0.0000000000
97633  6.046  1.835  26.733 0.0000000000
97635  8.182  2.661  24.429 0.0000000000
97636  7.342  2.421  25.177 0.0000000000
97637  6.210  1.839  26.008 0.0000000000
97639  8.259  2.701  24.004 0.0000000000
97640  7.334  2.488  23.979 0.0000000000
97642  8.168  2.713  22.992 0.0000000000
97643  6.948  2.653  23.234 0.0000000000
97651  8.277  2.946  21.958 0.0000000000
97652  6.755  2.815  22.467 0.0000000000
97653  5.733  2.578  22.323 0.0000000000
97662  8.352  3.098  21.453 0.0000000000
97663  7.344  3.096  21.404 0.0000000000
97664  6.023  2.768  21.774 0.0000000000
97673  6.747  3.239  20.779 0.0000000000
97674  6.062  2.903  21.076 0.0000000000
97688  6.523  3.399  20.454 0.0000000000
97689  5.548  3.175  20.419 0.0000000000
97690  3.927  3.041  19.783 0.0000000000
97704  3.290  2.906  18.965 0.0000000000
97705  3.017  2.374  17.539 0.0000000000
97706  2.744  1.547  16.786 0.0000000000
97713  2.967  2.729  16.729 0.0000000000
97714  2.778  2.017  16.019 0.0000000000
97730  3.178  1.828  14.640 0.0000000000
98443  10.765  4.312  41.938 0.0000000000
98444  9.869  4.734  41.762 0.0000000000
98454  12.331  3.879  41.234 0.0000000000
98455  11.548  3.853  41.561 0.0000000000
98456  10.573  4.039  41.301 0.0000000000
98457  9.310  4.879  40.998 0.0000000000
98465  13.562  3.908  39.960 0.0000000000
98466  12.926  3.791  40.551 0.0000000000
98467  12.085  3.453  40.750 0.0000000000
98468  11.245  3.547  40.985 0.0000000000
98473  14.023  3.786  39.255 0.0000000000
98474  13.366  3.462  39.607 0.0000000000
98475  12.653  3.426  40.066 0.0000000000
98484  14.711  3.808  37.694 0.0000000000
98485  14.428  3.656  38.248 0.0000000000
98486  13.848  3.473  38.838 0.0000000000
98497  14.652  3.446  36.245 0.0000000000
98498  14.509  3.690  36.754 0.0000000000
98499  14.425  3.715  37.307 0.0000000000
98510  15.238  3.219  35.671 0.0000000000
98511  14.873  3.330  36.107 0.0000000000
98522  16.458  3.136  34.677 0.0000000000
98523  15.955  2.978  35.095 0.0000000000
98540  16.986  2.884  34.142 0.0000000000
98541  16.415  2.719  34.623 0.0000000000
98556  17.653  3.412  32.993 0.0000000000
98557  17.441  3.023  33.374 0.0000000000
98566  17.586  3.329  32.724 0.0000000000
98567  17.273  2.853  32.851 0.0000000000
98572  17.387  3.337  32.301 0.0000000000
98573  17.042  2.923  32.425 0.0000000000
98577  17.206  3.414  32.012 0.0000000000
98578  16.865  3.299  31.969 0.0000000000
98579  8.375  2.985  33.945 0.0000000000
98580  8.055  3.380  33.841 0.0000000000
98581  7.170  3.196  33.618 0.0000000000
98582  6.534  3.409  33.243 0.0000000000
98586  16.480  3.641  31.561 0.0000000000
98587  15.968  3.463  31.733 0.0000000000
98588  13.615  3.423  32.464 0.0000000000
98589  12.913  3.505  32.746 0.0000000000
98590  11.421  4.012  33.185 0.0000000000
98591  9.181  3.563  33.724 0.0000000000
98592  8.433  3.991  33.630 0.0000000000
98593  6.578  2.837  33.351 0.0000000000
98594  5.677  3.114  32.850 0.0000000000
98599  16.267  3.964  31.145 0.0000000000
98600  15.709  3.798  31.377 0.0000000000
98601  15.176  3.962  31.296 0.0000000000
98602  14.652  4.089  31.319 0.0000000000
98603  13.910  4.172  31.562 0.0000000000
98604  12.994  4.582  31.749 0.0000000000
98605  12.211  5.114  31.696 0.0000000000
98606  4.388  2.862  31.651 0.0000000000
98612  15.719  4.455  30.065 0.0000000000
98613  15.243  4.496  30.153 0.0000000000
98614  14.660  4.617  30.153 0.0000000000
98615  13.897  4.927  29.962 0.0000000000
98616  12.896  5.173  30.505 0.0000000000
98617  12.309  5.336  30.721 0.0000000000
98618  5.216  2.581  28.893 0.0000000000
98619  4.223  2.998  30.301 0.0000000000
98622  15.580  4.748  29.149 0.0000000000
98623  15.166  4.794  29.051 0.0000000000
98624  14.629  4.921  28.974 0.0000000000
98625  14.279  5.054  28.896 0.0000000000
98626  6.786  2.646  27.130 0.0000000000
98627  6.234  2.748  27.914 0.0000000000
98630  7.362  2.858  25.828 0.0000000000
98632  8.441  2.900  24.214 0.0000000000
98633  8.022  2.927  24.765 0.0000000000
98635  8.809  3.070  23.220 0.0000000000
98638  9.385  3.295  21.751 0.0000000000
98639  9.053  3.188  22.103 0.0000000000
98647  9.279  3.271  21.528 0.0000000000
98648  8.877  3.138  21.527 0.0000000000
98656  9.002  3.358  21.358 0.0000000000
98657  8.310  3.347  21.060 0.0000000000
98658  7.489  3.365  20.861 0.0000000000
98669  7.591  3.641  20.619 0.0000000000
98670  7.044  3.536  20.552 0.0000000000
98683  7.106  3.710  20.382 0.0000000000
98684  6.471  3.602  20.082 0.0000000000
98685  5.278  3.544  19.392 0.0000000000
98686  4.155  3.304  18.924 0.0000000000
98691  4.626  3.786  18.717 0.0000000000
98692  3.288  3.742  18.182 0.0000000000
98693  3.055  3.264  17.200 0.0000000000
98702  3.079  3.927  17.169 0.0000000000
98703  2.918  3.333  16.290 0.0000000000
98704  2.980  2.884  15.191 0.0000000000
98715  3.279  2.766  14.343 0.0000000000
99459  12.017  4.552  41.854 0.0000000000
99460  11.328  4.529  42.097 0.0000000000
99461  10.268  4.919  42.265 0.0000000000
99466  12.591  4.271  41.281 0.0000000000
99467  12.065  4.175  41.704 0.0000000000
99472  13.866  4.205  39.706 0.0000000000
99473  13.234  4.231  40.478 0.0000000000
99478  14.769  4.203  38.258 0.0000000000
99479  14.389  4.152  38.789 0.0000000000
99484  14.638  3.862  36.780 0.0000000000
99485  14.759  3.953  37.500 0.0000000000
99486  14.742  3.973  38.140 0.0000000000
99495  14.721  3.586  36.142 0.0000000000
99496  14.680  3.713  36.588 0.0000000000
99507  15.077  3.448  35.597 0.0000000000
99520  16.309  3.489  34.662 0.0000000000
99521  15.729  3.343  35.091 0.0000000000
99535  16.856  3.451  34.343 0.0000000000
99550  17.612  3.621  33.216 0.0000000000
99551  17.320  3.479  33.798 0.0000000000
99566  17.694  3.772  32.684 0.0000000000
99574  17.546  3.766  32.206 0.0000000000
99578  17.346  3.865  31.747 0.0000000000
99579  17.165  3.675  31.739 0.0000000000
99580  7.931  4.166  33.497 0.0000000000
99581  7.293  3.873  33.473 0.0000000000
99582  6.843  3.680  33.367 0.0000000000
99586  17.293  4.205  31.354 0.0000000000
99587  17.085  4.076  31.257 0.0000000000
99588  11.209  5.199  32.161 0.0000000000
99589  10.057  4.928  32.940 0.0000000000
99590  8.457  4.871  33.048 0.0000000000
99591  7.330  4.531  33.102 0.0000000000
99592  6.332  4.154  32.972 0.0000000000
99599  16.633  4.435  30.400 0.0000000000
99600  16.265  4.217  30.703 0.0000000000
99601  11.641  5.492  30.964 0.0000000000
99602  10.263  5.773  31.434 0.0000000000
99603  9.356  5.397  32.334 0.0000000000
99604  4.770  4.245  32.203 0.0000000000
99609  16.393  4.883  29.194 0.0000000000
99610  16.181  4.491  30.004 0.0000000000
99611  13.935  5.172  28.777 0.0000000000
99612  13.228  5.297  29.171 0.0000000000
99613  12.274  5.507  29.778 0.0000000000
99614  11.286  5.996  29.995 0.0000000000
99615  4.575  3.549  29.639 0.0000000000
99616  4.273  4.118  30.791 0.0000000000
99619  16.168  5.107  28.567 0.0000000000
99620  15.916  4.920  28.603 0.0000000000
99621  15.450  4.985  28.227 0.0000000000
99622  14.973  5.054  28.081 0.0000000000
99623  14.364  5.190  28.115 0.0000000000
99624  13.577  5.377  28.041 0.0000000000
99625  12.499  5.695  28.268 0.0000000000
99626  11.822  5.856  29.091 0.0000000000
99627  6.615  3.019  27.477 0.0000000000
99628  5.679  3.547  28.245 0.0000000000
99629  4.181  4.339  29.617 0.0000000000
99632  15.478  5.261  27.735 0.0000000000
99633  15.107  5.333  27.407 0.0000000000
99634  14.640  5.394  27.347 0.0000000000
99635  14.008  5.491  27.253 0.0000000000
99636  13.176  5.750  27.140 0.0000000000
99637  12.575  5.856  27.400 0.0000000000
99638  6.843  3.235  26.677 0.0000000000
99639  6.095  3.673  27.358 0.0000000000
99642  14.656  5.633  26.960 0.0000000000
99643  14.249  5.714  26.793 0.0000000000
99644  13.693  5.821  26.693 0.0000000000
99645  13.331  5.934  26.644 0.0000000000
99646  8.478  3.125  24.353 0.0000000000
99647  7.892  3.262  24.861 0.0000000000
99650  8.732  3.419  23.672 0.0000000000
99651  8.317  3.624  24.089 0.0000000000
99654  9.336  3.381  21.906 0.0000000000
99655  9.105  3.554  22.305 0.0000000000
99664  9.396  3.524  21.711 0.0000000000
99665  9.205  3.783  21.593 0.0000000000
99676  9.213  3.503  21.506 0.0000000000
99677  8.733  3.703  21.175 0.0000000000
99690  7.975  3.811  20.681 0.0000000000
99701  7.089  3.893  20.186 0.0000000000
99702  6.077  3.964  19.362 0.0000000000
99703  5.333  3.958  18.831 0.0000000000
99710  5.494  4.267  18.695 0.0000000000
99711  4.567  4.418  18.208 0.0000000000
99712  3.477  4.355  17.508 0.0000000000
99722  4.166  4.763  17.275 0.0000000000
99723  3.303  4.483  16.417 0.0000000000
99724  2.970  3.846  15.377 0.0000000000
99725  3.061  3.454  14.655 0.0000000000
99733  3.401  4.481  15.284 0.0000000000
99734  3.368  4.058  14.627 0.0000000000
99735  3.673  3.513  14.090 0.0000000000
99748  4.591  3.468  13.658 0.0000000000
100498  10.654  5.278  42.351 0.0000000000
100514  12.287  4.738  41.651 0.0000000000
100515  11.316  5.055  42.065 0.0000000000
100516  10.783  4.980  42.330 0.0000000000
100522  12.723  4.634  41.021 0.0000000000
100528  14.009  4.556  39.270 0.0000000000
100529  13.346  4.601  40.125 0.0000000000
100535  14.696  4.342  37.951 0.0000000000
100536  14.452  4.488  38.598 0.0000000000
100542  14.711  3.742  36.436 0.0000000000
100543  14.619  4.031  37.164 0.0000000000
100549  14.699  3.624  35.894 0.0000000000
100550  14.589  3.894  36.569 0.0000000000
100558  15.234  3.588  35.347 0.0000000000
100569  16.479  3.808  34.456 0.0000000000
100570  15.841  3.700  34.859 0.0000000000
100582  16.985  3.882  34.077 0.0000000000
100595  17.678  4.030  32.971 0.0000000000
100596  17.378  4.083  33.470 0.0000000000
100611  17.674  4.180  32.578 0.0000000000
100612  17.550  4.434  32.853 0.0000000000
100622  17.628  4.153  32.159 0.0000000000
100623  17.576  4.544  32.238 0.0000000000
100633  17.488  4.168  31.702 0.0000000000
100634  17.522  4.578  31.641 0.0000000000
100643  17.435  4.206  31.504 0.0000000000
100644  17.355  4.533  31.111 0.0000000000
100645  7.781  5.531  32.344 0.0000000000
100646  7.195  5.155  32.562 0.0000000000
100647  6.691  4.773  32.715 0.0000000000
100654  17.068  4.771  30.272 0.0000000000
100655  9.469  6.322  30.964 0.0000000000
100656  8.560  5.968  31.741 0.0000000000
100657  6.919  5.936  31.800 0.0000000000
100658  5.883  5.176  32.158 0.0000000000
100661  16.732  4.999  29.377 0.0000000000
100662  10.152  6.478  30.145 0.0000000000
100663  8.732  6.769  30.416 0.0000000000
100664  7.440  6.673  31.121 0.0000000000
100665  4.829  5.092  31.357 0.0000000000
100668  16.352  5.249  28.648 0.0000000000
100669  15.966  5.329  28.113 0.0000000000
100670  12.070  6.085  27.597 0.0000000000
100671  11.075  6.399  28.556 0.0000000000
100672  9.653  6.813  29.286 0.0000000000
100673  4.242  4.772  29.014 0.0000000000
100674  4.546  5.248  29.974 0.0000000000
100676  15.445  5.503  27.498 0.0000000000
100677  15.270  5.514  27.322 0.0000000000
100678  12.983  6.107  26.663 0.0000000000
100679  12.425  6.158  26.947 0.0000000000
100680  11.522  6.467  27.211 0.0000000000
100681  6.098  3.809  26.782 0.0000000000
100682  5.169  4.449  27.757 0.0000000000
100683  4.092  5.762  28.869 0.0000000000
100685  14.993  5.844  27.033 0.0000000000
100686  14.786  5.790  26.893 0.0000000000
100687  14.268  5.948  26.576 0.0000000000
100688  13.791  6.096  26.491 0.0000000000
100689  13.265  6.259  26.507 0.0000000000
100690  12.418  6.635  26.502 0.0000000000
100691  11.915  6.554  26.740 0.0000000000
100692  6.656  3.642  25.690 0.0000000000
100693  5.000  4.465  26.309 0.0000000000
100694  4.348  5.571  27.684 0.0000000000
100697  14.236  6.145  26.553 0.0000000000
100698  14.041  6.285  26.502 0.0000000000
100699  13.655  6.490  26.449 0.0000000000
100700  13.207  6.644  26.356 0.0000000000
100701  12.877  6.664  26.345 0.0000000000
100702  8.452  3.852  23.581 0.0000000000
100703  7.185  3.902  24.275 0.0000000000
100704  5.994  4.028  25.247 0.0000000000
100708  8.866  3.997  22.841 0.0000000000
100709  8.005  4.150  23.110 0.0000000000
100719  8.883  4.141  21.908 0.0000000000
100720  8.425  4.239  22.395 0.0000000000
100730  8.622  4.037  21.222 0.0000000000
100738  8.138  4.015  20.739 0.0000000000
100747  7.413  4.063  20.341 0.0000000000
100748  6.445  4.151  19.771 0.0000000000
100757  5.695  4.476  18.905 0.0000000000
100758  5.262  4.640  18.325 0.0000000000
100769  5.318  4.864  18.219 0.0000000000
100770  4.931  5.024  17.449 0.0000000000
100771  4.272  5.027  16.630 0.0000000000
100781  4.744  5.400  16.348 0.0000000000
100782  4.031  5.060  15.579 0.0000000000
100783  3.886  4.754  14.489 0.0000000000
100784  3.896  4.113  14.103 0.0000000000
100794  4.688  4.357  13.567 0.0000000000
100795  4.148  3.877  13.832 0.0000000000
100806  5.806  4.396  12.865 0.0000000000
101490  10.447  5.368  42.120 0.0000000000
101506  12.169  5.007  41.512 0.0000000000
101507  11.527  5.314  41.539 0.0000000000
101517  12.476  5.029  40.763 0.0000000000
101518  11.889  5.311  41.057 0.0000000000
101524  14.112  4.739  38.903 0.0000000000
101525  13.462  4.943  39.401 0.0000000000
101531  14.618  4.407  37.642 0.0000000000
101532  14.169  4.718  38.181 0.0000000000
101533  13.583  4.925  38.698 0.0000000000
101539  14.401  4.093  37.087 0.0000000000
101540  13.962  4.108  36.908 0.0000000000
101548  14.905  3.703  35.591 0.0000000000
101549  14.504  3.817  36.025 0.0000000000
101550  13.979  3.927  36.314 0.0000000000
101558  15.244  3.820  35.218 0.0000000000
101559  15.098  4.067  35.220 0.0000000000
101565  16.607  4.045  34.258 0.0000000000
101566  15.978  4.155  34.549 0.0000000000
101567  15.168  4.283  34.744 0.0000000000
101573  16.786  4.259  33.918 0.0000000000
101574  16.347  4.627  33.803 0.0000000000
101585  17.064  4.692  33.247 0.0000000000
101586  16.495  5.023  33.189 0.0000000000
101600  17.357  4.923  32.495 0.0000000000
101611  17.435  5.047  31.739 0.0000000000
101622  17.393  5.089  31.005 0.0000000000
101635  17.241  5.149  30.273 0.0000000000
101643  16.943  5.288  29.476 0.0000000000
101644  5.798  5.874  31.463 0.0000000000
101645  5.349  5.532  31.506 0.0000000000
101648  16.515  5.435  28.735 0.0000000000
101649  7.367  7.182  30.259 0.0000000000
101650  6.167  6.620  30.661 0.0000000000
101651  5.274  5.803  30.750 0.0000000000
101654  16.077  5.538  28.130 0.0000000000
101655  15.671  5.653  27.575 0.0000000000
101656  9.729  6.940  28.321 0.0000000000
101657  8.413  7.322  29.085 0.0000000000
101658  6.564  7.510  29.267 0.0000000000
101659  4.809  6.904  29.221 0.0000000000
101660  4.314  7.782  28.614 0.0000000000
101663  15.204  5.872  27.146 0.0000000000
101664  10.410  6.915  27.502 0.0000000000
101665  8.972  7.406  27.793 0.0000000000
101666  7.707  7.620  28.242 0.0000000000
101667  3.903  6.831  28.341 0.0000000000
101668  4.039  7.746  28.407 0.0000000000
101671  14.728  6.167  26.809 0.0000000000
101672  14.723  6.012  26.811 0.0000000000
101673  11.885  7.135  26.379 0.0000000000
101674  11.116  7.174  26.707 0.0000000000
101675  9.884  7.500  27.187 0.0000000000
101676  4.452  5.201  25.858 0.0000000000
101677  4.187  6.284  26.822 0.0000000000
101678  3.659  7.604  27.861 0.0000000000
101682  14.444  6.330  26.828 0.0000000000
101683  14.256  6.299  26.751 0.0000000000
101684  13.648  6.790  26.472 0.0000000000
101685  13.413  6.944  26.347 0.0000000000
101686  12.875  7.360  26.297 0.0000000000
101687  12.340  7.315  26.302 0.0000000000
101688  11.464  7.706  26.482 0.0000000000
101689  6.100  4.402  24.040 0.0000000000
101690  5.108  4.643  24.900 0.0000000000
101691  4.139  5.823  25.582 0.0000000000
101695  13.273  7.235  26.402 0.0000000000
101696  13.141  7.437  26.328 0.0000000000
101697  12.956  7.759  26.415 0.0000000000
101698  6.656  4.312  23.347 0.0000000000
101699  5.191  4.938  23.757 0.0000000000
101700  4.280  5.640  24.656 0.0000000000
101707  8.118  4.297  21.858 0.0000000000
101708  7.083  4.431  22.343 0.0000000000
101709  5.843  4.801  22.907 0.0000000000
101718  8.107  4.262  21.288 0.0000000000
101719  7.188  4.435  21.450 0.0000000000
101726  7.827  4.173  20.719 0.0000000000
101727  7.025  4.409  20.747 0.0000000000
101735  7.624  4.122  20.470 0.0000000000
101736  6.711  4.335  20.096 0.0000000000
101745  5.831  4.630  19.195 0.0000000000
101755  5.424  4.922  18.453 0.0000000000
101756  5.067  5.245  17.784 0.0000000000
101764  5.133  5.788  16.689 0.0000000000
101765  4.936  5.679  15.224 0.0000000000
101766  4.310  5.232  14.796 0.0000000000
101772  4.847  5.773  14.323 0.0000000000
101773  4.583  5.365  14.008 0.0000000000
101784  5.308  5.110  13.047 0.0000000000
101794  6.049  5.427  12.258 0.0000000000
101795  5.683  5.278  12.543 0.0000000000
102509  10.387  5.434  41.585 0.0000000000
102524  11.999  5.253  40.755 0.0000000000
102525  10.965  5.191  40.792 0.0000000000
102537  12.146  5.007  40.037 0.0000000000
102538  10.620  4.564  39.308 0.0000000000
102546  13.553  4.882  38.356 0.0000000000
102547  12.575  4.685  38.654 0.0000000000
102548  10.539  4.213  37.946 0.0000000000
102556  13.347  4.543  37.628 0.0000000000
102557  11.923  4.087  37.131 0.0000000000
102566  14.045  3.917  36.017 0.0000000000
102567  13.303  4.050  36.257 0.0000000000
102568  11.874  4.347  35.955 0.0000000000
102576  14.305  4.139  35.389 0.0000000000
102577  13.153  4.339  35.020 0.0000000000
102578  11.904  4.882  34.808 0.0000000000
102585  15.614  4.525  34.196 0.0000000000
102586  14.566  4.559  34.226 0.0000000000
102587  13.223  4.923  33.789 0.0000000000
102588  12.374  5.116  34.027 0.0000000000
102593  15.693  4.927  33.513 0.0000000000
102594  14.664  5.230  33.049 0.0000000000
102595  13.726  5.216  33.084 0.0000000000
102604  16.908  5.191  32.746 0.0000000000
102605  16.084  5.520  32.511 0.0000000000
102606  15.238  5.601  32.461 0.0000000000
102618  17.050  5.457  32.060 0.0000000000
102619  16.634  5.897  31.575 0.0000000000
102630  17.140  5.698  31.108 0.0000000000
102631  16.813  6.073  31.108 0.0000000000
102639  17.210  5.597  30.342 0.0000000000
102652  17.053  5.644  29.651 0.0000000000
102662  16.652  5.816  28.842 0.0000000000
102663  16.138  6.127  28.196 0.0000000000
102669  16.196  5.781  28.166 0.0000000000
102670  15.760  6.124  27.653 0.0000000000
102673  15.838  5.801  27.698 0.0000000000
102674  15.303  6.088  27.240 0.0000000000
102675  5.623  7.656  28.811 0.0000000000
102676  4.902  7.892  28.570 0.0000000000
102677  4.173  8.182  28.480 0.0000000000
102679  14.691  6.338  26.940 0.0000000000
102680  7.974  7.807  27.780 0.0000000000
102681  6.578  8.097  27.952 0.0000000000
102682  4.840  8.496  28.034 0.0000000000
102683  3.973  8.361  27.780 0.0000000000
102686  14.258  6.503  26.830 0.0000000000
102687  10.013  7.836  26.935 0.0000000000
102688  8.550  8.354  27.327 0.0000000000
102689  7.226  8.643  27.505 0.0000000000
102690  4.126  6.855  26.168 0.0000000000
102691  3.589  8.001  26.931 0.0000000000
102695  14.010  6.635  26.740 0.0000000000
102696  13.452  7.268  26.509 0.0000000000
102697  13.357  7.334  26.280 0.0000000000
102698  12.182  8.256  26.358 0.0000000000
102699  11.402  8.734  26.556 0.0000000000
102700  10.248  8.592  26.788 0.0000000000
102701  8.974  9.463  27.044 0.0000000000
102702  4.108  7.136  25.428 0.0000000000
102703  3.644  8.704  26.109 0.0000000000
102708  12.931  8.106  26.491 0.0000000000
102709  12.960  7.878  26.389 0.0000000000
102710  12.582  8.478  26.390 0.0000000000
102711  12.304  8.783  26.501 0.0000000000
102712  11.825  9.473  26.704 0.0000000000
102713  4.827  5.490  23.130 0.0000000000
102714  4.232  6.494  24.034 0.0000000000
102715  3.967  8.186  24.828 0.0000000000
102721  6.154  4.740  21.658 0.0000000000
102722  5.248  5.239  22.277 0.0000000000
102723  3.802  6.552  22.899 0.0000000000
102724  3.860  7.806  23.802 0.0000000000
102732  6.006  4.778  20.950 0.0000000000
102733  5.117  5.431  21.351 0.0000000000
102734  4.056  6.265  21.862 0.0000000000
102742  5.783  4.835  20.142 0.0000000000
102743  4.791  5.659  20.431 0.0000000000
102744  4.272  6.343  21.034 0.0000000000
102752  5.537  5.029  19.291 0.0000000000
102753  4.748  5.618  19.514 0.0000000000
102761  5.301  5.229  18.498 0.0000000000
102762  4.556  5.794  18.591 0.0000000000
102772  5.171  5.282  18.072 0.0000000000
102773  4.923  5.884  17.597 0.0000000000
102780  5.327  6.428  16.572 0.0000000000
102781  5.417  6.541  15.742 0.0000000000
102787  5.176  6.239  14.257 0.0000000000
102788  4.874  5.743  13.945 0.0000000000
102797  5.088  6.308  13.002 0.0000000000
102798  4.931  5.732  13.385 0.0000000000
102809  5.774  6.150  12.152 0.0000000000
102810  5.427  5.659  12.658 0.0000000000
103548  11.333  5.671  34.929 0.0000000000
103554  12.550  5.336  33.586 0.0000000000
103555  11.917  5.748  34.180 0.0000000000
103556  11.109  6.039  34.811 0.0000000000
103562  13.960  5.432  32.688 0.0000000000
103563  13.135  5.510  32.970 0.0000000000
103564  12.424  5.871  33.450 0.0000000000
103571  15.450  5.813  32.084 0.0000000000
103572  14.586  5.764  32.185 0.0000000000
103573  13.728  5.773  32.402 0.0000000000
103586  15.944  6.049  31.669 0.0000000000
103587  15.211  6.122  31.669 0.0000000000
103598  16.847  6.175  30.789 0.0000000000
103599  16.310  6.344  30.973 0.0000000000
103600  15.595  6.382  31.218 0.0000000000
103607  16.971  6.070  30.345 0.0000000000
103608  16.517  6.390  30.366 0.0000000000
103619  17.016  5.976  29.841 0.0000000000
103620  16.539  6.355  29.657 0.0000000000
103631  16.766  6.044  29.326 0.0000000000
103632  16.184  6.379  28.728 0.0000000000
103640  15.465  6.565  27.841 0.0000000000
103641  14.663  6.966  27.315 0.0000000000
103644  14.990  6.520  27.301 0.0000000000
103645  14.155  7.168  26.946 0.0000000000
103648  14.462  6.653  26.959 0.0000000000
103649  13.659  7.486  26.730 0.0000000000
103650  6.666  8.790  27.506 0.0000000000
103651  5.803  8.989  27.515 0.0000000000
103652  4.506  9.129  27.485 0.0000000000
103656  14.020  6.936  26.700 0.0000000000
103657  13.215  7.851  26.510 0.0000000000
103658  8.213  9.464  27.234 0.0000000000
103659  7.086  9.571  27.285 0.0000000000
103660  5.349  9.891  26.987 0.0000000000
103661  3.871  9.513  26.850 0.0000000000
103666  13.658  7.198  26.633 0.0000000000
103667  12.918  8.405  26.269 0.0000000000
103668  10.596  9.657  26.851 0.0000000000
103669  9.636  10.619  27.102 0.0000000000
103670  8.170  10.353  27.103 0.0000000000
103671  7.321  10.450  27.015 0.0000000000
103672  3.900  9.592  25.648 0.0000000000
103679  12.661  8.981  25.861 0.0000000000
103680  12.272  9.445  26.063 0.0000000000
103681  11.883  9.956  26.361 0.0000000000
103682  11.482  10.425  26.613 0.0000000000
103683  10.857  10.657  26.873 0.0000000000
103684  10.061  11.494  26.958 0.0000000000
103685  4.072  9.205  24.286 0.0000000000
103690  3.520  7.158  22.258 0.0000000000
103691  3.401  8.533  22.821 0.0000000000
103696  3.567  7.422  21.559 0.0000000000
103697  3.382  9.040  21.403 0.0000000000
103704  4.220  6.201  19.778 0.0000000000
103705  3.994  7.316  20.277 0.0000000000
103706  3.660  9.226  20.186 0.0000000000
103715  4.022  6.572  19.097 0.0000000000
103716  3.976  8.117  18.977 0.0000000000
103717  3.986  9.257  19.495 0.0000000000
103728  3.613  6.915  17.911 0.0000000000
103729  3.241  7.787  17.902 0.0000000000
103738  4.815  6.836  16.866 0.0000000000
103743  5.459  7.143  16.178 0.0000000000
103744  5.723  7.340  15.170 0.0000000000
103749  5.203  7.127  13.698 0.0000000000
103754  5.052  7.203  12.590 0.0000000000
103755  4.878  7.817  12.077 0.0000000000
103765  5.905  7.324  11.646 0.0000000000
103766  5.168  7.999  11.701 0.0000000000
104463  12.045  6.140  33.646 0.0000000000
104464  11.323  6.327  34.060 0.0000000000
104471  13.236  5.937  32.457 0.0000000000
104472  12.404  6.325  32.874 0.0000000000
104473  11.651  6.594  33.358 0.0000000000
104481  14.607  6.138  31.675 0.0000000000
104482  13.675  6.294  31.770 0.0000000000
104483  12.747  6.556  32.073 0.0000000000
104495  14.836  6.393  31.231 0.0000000000
104496  14.263  6.703  30.682 0.0000000000
104506  16.108  6.578  30.452 0.0000000000
104507  15.397  6.641  30.470 0.0000000000
104508  14.462  6.931  29.748 0.0000000000
104515  15.983  6.656  29.929 0.0000000000
104516  15.197  6.889  29.451 0.0000000000
104517  14.354  7.228  28.850 0.0000000000
104526  15.755  6.725  29.109 0.0000000000
104527  14.882  7.096  28.588 0.0000000000
104528  14.030  7.583  28.015 0.0000000000
104536  15.289  6.858  28.287 0.0000000000
104537  14.414  7.344  27.797 0.0000000000
104538  13.631  7.865  27.227 0.0000000000
104548  14.749  7.058  27.641 0.0000000000
104549  13.818  7.647  26.967 0.0000000000
104550  13.367  7.985  26.725 0.0000000000
104557  13.356  8.026  26.599 0.0000000000
104560  13.018  8.480  26.236 0.0000000000
104564  12.928  9.065  26.059 0.0000000000
104565  6.491  10.668  26.636 0.0000000000
104566  5.369  10.656  26.341 0.0000000000
104567  4.627  10.228  26.559 0.0000000000
104575  12.755  9.654  26.131 0.0000000000
104576  9.356  12.214  26.875 0.0000000000
104577  8.323  11.427  26.833 0.0000000000
104578  7.485  10.916  26.749 0.0000000000
104579  5.104  10.876  26.052 0.0000000000
104580  4.449  10.554  26.027 0.0000000000
104587  12.784  9.960  25.992 0.0000000000
104588  12.264  10.582  26.152 0.0000000000
104589  11.936  11.144  26.424 0.0000000000
104590  11.606  11.612  26.608 0.0000000000
104591  10.967  11.933  26.746 0.0000000000
104592  10.256  12.006  26.834 0.0000000000
104593  4.788  11.336  24.621 0.0000000000
104594  4.272  10.492  25.034 0.0000000000
104598  7.645  12.504  22.899 0.0000000000
104599  6.183  11.945  23.198 0.0000000000
104600  4.757  11.392  23.469 0.0000000000
104601  4.095  10.334  23.793 0.0000000000
104606  10.467  12.040  20.939 0.0000000000
104607  9.452  12.447  21.174 0.0000000000
104608  8.145  12.366  21.618 0.0000000000
104609  6.581  11.863  21.995 0.0000000000
104610  4.885  11.369  22.264 0.0000000000
104611  3.605  10.446  22.515 0.0000000000
104619  11.023  11.334  20.312 0.0000000000
104620  10.246  11.569  20.513 0.0000000000
104621  9.063  11.841  20.711 0.0000000000
104622  7.260  11.931  20.910 0.0000000000
104623  5.205  11.530  21.264 0.0000000000
104624  3.547  10.797  21.181 0.0000000000
104632  11.263  11.139  20.022 0.0000000000
104633  10.915  11.210  20.061 0.0000000000
104634  9.994  11.441  20.148 0.0000000000
104635  8.849  11.810  20.341 0.0000000000
104636  4.027  9.296  19.098 0.0000000000
104637  3.725  10.498  20.007 0.0000000000
104644  3.101  7.803  17.640 0.0000000000
104645  3.309  8.597  18.079 0.0000000000
104646  4.098  10.185  18.957 0.0000000000
104649  3.812  7.650  17.230 0.0000000000
104650  3.264  8.464  17.233 0.0000000000
104651  3.614  9.748  17.848 0.0000000000
104653  4.992  7.452  16.552 0.0000000000
104654  4.598  8.126  15.974 0.0000000000
104655  3.307  9.341  16.768 0.0000000000
104657  5.322  8.353  14.568 0.0000000000
104658  4.849  8.874  14.384 0.0000000000
104660  5.030  7.756  13.338 0.0000000000
104661  4.594  8.442  13.151 0.0000000000
104670  5.573  8.486  11.350 0.0000000000
104671  4.585  8.554  11.965 0.0000000000
104687  6.480  8.776  10.491 0.0000000000
104688  6.161  8.789  10.861 0.0000000000
105358  11.735  6.777  32.965 0.0000000000
105359  10.976  6.708  33.572 0.0000000000
105369  12.870  6.705  31.560 0.0000000000
105370  12.007  6.968  32.162 0.0000000000
105371  11.423  6.962  32.871 0.0000000000
105384  13.323  6.789  30.833 0.0000000000
105385  12.485  7.010  30.992 0.0000000000
105394  13.633  6.957  29.940 0.0000000000
105395  12.828  7.112  30.044 0.0000000000
105401  13.721  7.266  29.095 0.0000000000
105402  13.112  7.274  29.318 0.0000000000
105411  13.584  7.738  28.267 0.0000000000
105412  13.008  7.740  28.556 0.0000000000
105420  13.197  8.235  27.313 0.0000000000
105421  12.918  8.244  27.761 0.0000000000
105429  13.194  8.218  26.448 0.0000000000
105430  13.023  8.368  26.552 0.0000000000
105439  13.124  8.513  26.278 0.0000000000
105440  12.945  8.658  26.197 0.0000000000
105445  12.834  9.052  25.909 0.0000000000
105449  12.705  9.691  25.827 0.0000000000
105450  6.281  11.100  26.251 0.0000000000
105451  5.967  10.947  26.304 0.0000000000
105460  12.785  10.230  26.007 0.0000000000
105461  9.014  12.706  26.184 0.0000000000
105462  8.320  12.144  26.151 0.0000000000
105463  6.970  11.438  26.160 0.0000000000
105464  5.669  11.122  25.961 0.0000000000
105465  4.983  10.981  25.866 0.0000000000
105469  12.591  10.677  26.005 0.0000000000
105470  12.210  11.305  26.271 0.0000000000
105471  12.008  12.002  26.413 0.0000000000
105472  11.657  12.643  26.383 0.0000000000
105473  11.051  12.945  26.149 0.0000000000
105474  9.831  13.108  25.748 0.0000000000
105475  8.433  12.699  25.405 0.0000000000
105476  7.243  11.940  25.224 0.0000000000
105477  5.905  11.486  25.291 0.0000000000
105478  4.884  11.129  25.503 0.0000000000
105481  10.666  13.307  22.225 0.0000000000
105482  10.262  13.360  22.548 0.0000000000
105483  9.708  13.317  23.433 0.0000000000
105484  8.613  13.029  24.047 0.0000000000
105485  7.389  12.347  24.193 0.0000000000
105486  5.993  11.834  24.346 0.0000000000
105490  11.531  12.323  20.776 0.0000000000
105491  11.062  12.747  21.237 0.0000000000
105492  10.589  12.817  21.493 0.0000000000
105493  9.873  13.052  21.864 0.0000000000
105494  8.879  12.974  22.444 0.0000000000
105505  12.171  11.749  20.148 0.0000000000
105506  11.762  11.706  20.345 0.0000000000
105507  11.151  11.815  20.665 0.0000000000
105508  6.648  12.010  20.561 0.0000000000
105509  5.380  11.847  20.588 0.0000000000
105510  4.067  11.457  20.602 0.0000000000
105516  12.774  11.307  19.564 0.0000000000
105517  12.448  11.169  19.666 0.0000000000
105518  11.574  11.094  19.866 0.0000000000
105519  10.747  11.220  19.676 0.0000000000
105520  9.549  11.591  19.861 0.0000000000
105521  7.831  12.188  20.308 0.0000000000
105522  5.939  12.136  20.218 0.0000000000
105523  4.179  11.739  19.934 0.0000000000
105527  12.895  11.037  19.187 0.0000000000
105528  12.366  10.891  18.959 0.0000000000
105529  11.459  11.008  19.072 0.0000000000
105530  10.363  11.391  19.248 0.0000000000
105531  8.966  11.936  19.698 0.0000000000
105532  7.052  12.438  19.907 0.0000000000
105533  5.012  12.416  19.725 0.0000000000
105534  4.119  11.460  18.836 0.0000000000
105536  11.899  10.940  18.441 0.0000000000
105537  11.066  11.270  18.543 0.0000000000
105538  9.892  11.827  18.975 0.0000000000
105539  8.592  12.748  19.686 0.0000000000
105540  7.115  12.832  19.551 0.0000000000
105541  3.842  10.694  17.499 0.0000000000
105543  4.653  8.794  15.254 0.0000000000
105544  3.687  9.835  15.879 0.0000000000
105546  4.623  9.025  14.893 0.0000000000
105547  4.126  9.750  14.442 0.0000000000
105549  4.083  9.622  12.806 0.0000000000
105555  5.603  9.035  11.014 0.0000000000
105556  4.406  9.449  11.295 0.0000000000
105570  5.911  9.473  10.669 0.0000000000
105571  4.711  10.197  10.840 0.0000000000
106247  11.393  7.248  31.935 0.0000000000
106248  10.717  7.035  32.741 0.0000000000
106265  11.694  7.244  31.207 0.0000000000
106266  10.909  7.426  31.538 0.0000000000
106267  9.844  7.334  31.985 0.0000000000
106277  11.990  7.332  30.161 0.0000000000
106278  11.153  7.528  30.447 0.0000000000
106279  10.289  7.645  30.829 0.0000000000
106289  12.337  7.666  29.091 0.0000000000
106290  11.415  7.929  29.330 0.0000000000
106291  10.559  8.124  29.902 0.0000000000
106292  9.859  8.115  30.346 0.0000000000
106300  12.328  8.573  27.974 0.0000000000
106301  11.813  8.376  28.601 0.0000000000
106309  12.702  8.645  26.515 0.0000000000
106310  12.448  8.992  26.693 0.0000000000
106317  12.941  9.658  25.882 0.0000000000
106318  12.841  9.343  26.192 0.0000000000
106319  12.391  9.723  26.086 0.0000000000
106329  13.039  9.488  25.760 0.0000000000
106330  12.981  9.000  26.089 0.0000000000
106338  13.071  11.004  25.902 0.0000000000
106339  12.962  10.591  25.917 0.0000000000
106343  12.894  11.180  25.966 0.0000000000
106344  12.699  11.019  25.979 0.0000000000
106354  12.439  11.539  26.115 0.0000000000
106355  12.254  12.380  26.340 0.0000000000
106359  12.230  11.725  26.305 0.0000000000
106360  12.028  12.605  26.344 0.0000000000
106361  11.532  13.375  25.609 0.0000000000
106362  11.126  13.538  25.086 0.0000000000
106363  10.614  13.484  24.649 0.0000000000
106364  10.195  13.405  24.087 0.0000000000
106368  11.065  13.618  23.455 0.0000000000
106369  10.901  13.477  22.818 0.0000000000
106370  10.502  13.449  23.281 0.0000000000
106371  10.211  13.372  23.334 0.0000000000
106374  11.440  12.532  20.597 0.0000000000
106375  11.287  12.706  21.137 0.0000000000
106376  11.133  12.950  21.395 0.0000000000
106388  12.148  12.249  20.168 0.0000000000
106389  12.511  11.799  19.845 0.0000000000
106394  12.878  11.850  19.280 0.0000000000
106395  13.004  11.368  19.162 0.0000000000
106398  13.002  11.656  18.487 0.0000000000
106399  12.822  11.230  18.478 0.0000000000
106400  12.370  10.989  18.162 0.0000000000
106401  5.945  12.655  19.473 0.0000000000
106402  4.675  12.647  19.154 0.0000000000
106403  4.249  11.932  18.321 0.0000000000
106405  12.827  11.692  17.831 0.0000000000
106406  12.473  11.521  17.513 0.0000000000
106407  11.706  11.326  17.771 0.0000000000
106408  10.602  11.820  18.178 0.0000000000
106409  9.353  12.669  18.843 0.0000000000
106410  7.999  13.346  19.369 0.0000000000
106411  6.058  13.189  19.139 0.0000000000
106412  4.515  12.822  18.454 0.0000000000
106413  4.121  11.637  17.294 0.0000000000
106415  11.936  11.873  16.959 0.0000000000
106416  11.216  12.126  17.420 0.0000000000
106417  10.192  12.857  18.115 0.0000000000
106418  8.752  13.336  18.574 0.0000000000
106419  7.191  13.748  18.790 0.0000000000
106420  5.403  13.510  18.443 0.0000000000
106421  4.321  12.799  17.580 0.0000000000
106422  4.061  11.587  15.992 0.0000000000
106424  3.840  11.045  14.084 0.0000000000
106426  3.890  10.745  12.408 0.0000000000
106430  4.043  10.718  11.209 0.0000000000
106438  6.659  10.059  10.163 0.0000000000
106439  5.550  10.507  10.508 0.0000000000
106440  4.498  10.846  10.671 0.0000000000
107141  9.351  8.237  30.354 0.0000000000
107151  11.424  8.575  28.705 0.0000000000
107152  10.888  8.794  28.983 0.0000000000
107153  9.663  9.112  29.736 0.0000000000
107163  11.929  9.360  26.946 0.0000000000
107164  11.461  9.251  27.916 0.0000000000
107165  10.461  9.765  28.250 0.0000000000
107166  9.574  10.198  28.730 0.0000000000
107174  12.405  10.357  26.144 0.0000000000
107175  12.229  10.022  26.275 0.0000000000
107182  12.956  10.189  25.944 0.0000000000
107183  12.659  10.378  26.065 0.0000000000
107184  12.429  9.949  26.105 0.0000000000
107191  13.169  10.898  25.805 0.0000000000
107200  12.963  11.411  25.933 0.0000000000
107201  13.148  11.562  25.869 0.0000000000
107210  12.800  11.834  26.026 0.0000000000
107211  12.603  11.922  26.144 0.0000000000
107221  12.661  12.418  26.218 0.0000000000
107222  12.420  12.589  26.238 0.0000000000
107223  12.054  13.184  26.053 0.0000000000
107226  11.633  13.589  25.148 0.0000000000
107227  11.233  13.685  23.861 0.0000000000
107231  11.069  13.212  21.464 0.0000000000
107232  11.042  13.344  22.135 0.0000000000
107236  11.332  12.746  20.686 0.0000000000
107237  11.097  12.976  21.296 0.0000000000
107251  12.427  12.242  19.453 0.0000000000
107267  12.861  12.071  18.462 0.0000000000
107271  12.793  12.068  17.666 0.0000000000
107273  12.583  12.205  17.045 0.0000000000
107274  12.338  12.086  16.857 0.0000000000
107277  12.343  12.598  16.634 0.0000000000
107278  12.068  12.587  16.476 0.0000000000
107279  11.554  12.606  16.735 0.0000000000
107280  10.875  13.103  17.281 0.0000000000
107281  9.469  13.392  17.740 0.0000000000
107282  8.160  14.011  18.249 0.0000000000
107283  6.400  14.027  18.207 0.0000000000
107284  4.752  13.665  17.842 0.0000000000
107285  4.216  12.983  16.956 0.0000000000
107288  11.708  13.104  16.258 0.0000000000
107289  11.109  13.419  16.606 0.0000000000
107290  10.117  13.630  16.984 0.0000000000
107291  8.927  14.121  17.524 0.0000000000
107292  7.387  14.451  17.926 0.0000000000
107293  5.582  14.179  17.743 0.0000000000
107294  4.373  13.735  17.196 0.0000000000
107295  4.293  12.758  15.658 0.0000000000
107298  3.899  12.083  13.642 0.0000000000
107302  3.959  11.736  12.029 0.0000000000
107309  6.223  11.057  10.164 0.0000000000
107310  4.945  11.348  10.409 0.0000000000
107311  4.172  11.567  10.909 0.0000000000
107989  8.781  10.131  29.319 0.0000000000
108000  11.583  9.921  26.719 0.0000000000
108001  10.853  10.291  26.945 0.0000000000
108002  9.892  10.663  27.577 0.0000000000
108012  12.444  10.759  26.174 0.0000000000
108013  11.822  10.847  26.472 0.0000000000
108014  11.104  11.343  26.838 0.0000000000
108022  13.219  11.475  25.846 0.0000000000
108023  12.953  11.547  25.949 0.0000000000
108030  13.365  12.011  25.853 0.0000000000
108040  13.082  12.150  25.929 0.0000000000
108041  13.320  12.212  25.950 0.0000000000
108054  12.896  12.695  26.155 0.0000000000
108055  12.681  13.296  25.876 0.0000000000
108061  12.578  12.939  26.173 0.0000000000
108062  12.275  13.517  25.643 0.0000000000
108063  11.862  13.680  25.195 0.0000000000
108067  11.924  13.908  24.662 0.0000000000
108068  11.569  13.805  23.877 0.0000000000
108069  11.350  13.743  23.638 0.0000000000
108072  11.125  13.545  22.301 0.0000000000
108073  11.082  13.669  22.979 0.0000000000
108076  11.177  12.960  20.770 0.0000000000
108079  11.888  12.524  19.571 0.0000000000
108095  12.432  12.382  18.427 0.0000000000
108111  12.577  12.439  17.477 0.0000000000
108118  12.446  12.674  16.792 0.0000000000
108121  12.359  13.124  16.312 0.0000000000
108122  12.231  12.910  16.348 0.0000000000
108125  12.250  13.588  15.883 0.0000000000
108126  12.048  13.335  15.998 0.0000000000
108127  11.458  13.795  15.872 0.0000000000
108128  10.547  13.901  16.244 0.0000000000
108129  9.522  14.186  16.765 0.0000000000
108130  8.426  14.892  17.463 0.0000000000
108131  6.437  14.683  17.655 0.0000000000
108132  4.753  14.369  17.436 0.0000000000
108133  4.289  14.036  16.689 0.0000000000
108135  11.391  14.295  15.636 0.0000000000
108136  10.917  14.328  15.886 0.0000000000
108137  10.013  14.526  16.226 0.0000000000
108138  9.240  14.598  16.671 0.0000000000
108139  4.340  13.630  15.032 0.0000000000
108140  4.226  14.073  14.795 0.0000000000
108143  4.241  12.873  13.151 0.0000000000
108144  4.398  13.745  13.926 0.0000000000
108149  5.611  11.876  10.071 0.0000000000
108150  4.484  12.175  10.413 0.0000000000
108151  4.439  12.760  11.674 0.0000000000
108152  4.470  13.367  12.930 0.0000000000
108159  6.124  12.380  9.612 0.0000000000
108160  4.949  12.708  10.052 0.0000000000
108161  4.635  12.725  10.690 0.0000000000
108823  10.315  11.199  26.990 0.0000000000
108824  9.201  11.675  27.052 0.0000000000
108836  12.540  11.666  26.141 0.0000000000
108837  11.840  12.455  26.574 0.0000000000
108838  10.495  12.293  26.803 0.0000000000
108839  9.630  12.557  26.842 0.0000000000
108847  13.246  12.196  26.113 0.0000000000
108848  12.979  12.832  26.155 0.0000000000
108849  12.392  13.176  26.097 0.0000000000
108857  13.536  13.151  26.008 0.0000000000
108858  13.611  13.514  26.017 0.0000000000
108871  13.361  12.454  25.987 0.0000000000
108872  13.488  12.941  25.903 0.0000000000
108886  13.242  12.719  26.058 0.0000000000
108887  13.115  13.385  25.687 0.0000000000
108891  12.688  13.843  25.255 0.0000000000
108901  12.271  14.014  24.542 0.0000000000
108902  11.838  13.950  23.567 0.0000000000
108913  11.332  13.700  22.393 0.0000000000
108924  11.133  13.140  21.113 0.0000000000
108933  11.349  12.650  19.520 0.0000000000
108934  11.276  12.627  18.618 0.0000000000
108945  11.966  12.551  18.413 0.0000000000
108946  11.590  12.668  18.114 0.0000000000
108962  12.165  12.786  17.244 0.0000000000
108963  11.912  12.702  17.651 0.0000000000
108979  12.259  13.093  16.511 0.0000000000
108988  12.322  13.571  16.025 0.0000000000
108994  12.353  13.982  15.724 0.0000000000
108995  12.119  13.952  15.666 0.0000000000
108996  11.886  13.862  15.700 0.0000000000
108997  8.230  15.318  17.464 0.0000000000
108998  7.114  15.124  17.477 0.0000000000
108999  5.235  14.728  17.347 0.0000000000
109000  4.290  14.515  17.252 0.0000000000
109002  12.450  14.459  15.552 0.0000000000
109003  12.235  14.600  15.457 0.0000000000
109004  11.794  14.486  15.497 0.0000000000
109005  11.238  14.756  15.619 0.0000000000
109006  10.423  14.940  15.980 0.0000000000
109007  8.980  15.095  16.416 0.0000000000
109008  7.800  15.643  17.512 0.0000000000
109009  5.991  15.356  17.278 0.0000000000
109010  4.104  14.691  16.754 0.0000000000
109011  3.700  14.542  15.555 0.0000000000
109013  4.038  14.390  14.666 0.0000000000
109016  4.898  13.608  11.977 0.0000000000
109017  4.635  14.032  13.187 0.0000000000
109024  5.335  13.371  9.634 0.0000000000
109025  4.920  13.527  10.929 0.0000000000
109026  4.951  14.190  12.203 0.0000000000
109641  8.257  12.134  27.068 0.0000000000
109653  11.037  13.034  26.434 0.0000000000
109654  10.030  13.097  26.211 0.0000000000
109655  8.497  12.576  26.500 0.0000000000
109667  12.962  13.986  26.026 0.0000000000
109668  11.773  13.500  25.997 0.0000000000
109669  10.930  13.402  25.895 0.0000000000
109679  13.753  14.130  25.671 0.0000000000
109680  13.560  13.903  25.977 0.0000000000
109694  13.753  13.962  25.472 0.0000000000
109705  13.579  14.028  25.195 0.0000000000
109717  13.173  14.164  24.844 0.0000000000
109731  12.759  14.219  24.288 0.0000000000
109732  12.276  14.149  23.417 0.0000000000
109740  11.591  13.925  22.444 0.0000000000
109745  11.094  13.290  20.924 0.0000000000
109746  10.934  12.879  20.098 0.0000000000
109751  11.076  12.880  20.216 0.0000000000
109752  10.936  12.693  19.215 0.0000000000
109753  10.635  12.694  18.432 0.0000000000
109758  11.038  12.795  17.641 0.0000000000
109759  10.779  12.720  18.184 0.0000000000
109765  11.974  13.124  16.673 0.0000000000
109766  11.660  12.969  16.909 0.0000000000
109780  12.040  13.526  16.274 0.0000000000
109781  11.877  13.348  16.457 0.0000000000
109797  12.220  14.124  15.807 0.0000000000
109808  12.350  14.642  15.467 0.0000000000
109811  12.385  15.199  15.208 0.0000000000
109812  12.211  15.537  15.085 0.0000000000
109813  11.616  15.356  15.356 0.0000000000
109814  10.888  15.400  15.632 0.0000000000
109815  9.667  15.481  15.702 0.0000000000
109816  8.490  15.939  16.698 0.0000000000
109817  6.801  15.957  17.195 0.0000000000
109818  4.914  15.515  16.818 0.0000000000
109819  3.395  15.160  16.144 0.0000000000
109820  3.410  14.773  15.441 0.0000000000
109823  12.201  16.210  15.117 0.0000000000
109824  11.913  16.084  15.142 0.0000000000
109825  11.284  16.025  15.277 0.0000000000
109826  10.464  16.083  15.696 0.0000000000
109827  9.354  16.125  15.792 0.0000000000
109828  3.084  15.507  15.764 0.0000000000
109829  3.549  15.139  14.953 0.0000000000
109831  4.329  14.920  13.128 0.0000000000
109836  5.864  14.068  9.109 0.0000000000
109837  5.373  14.427  10.292 0.0000000000
109838  5.012  14.785  11.776 0.0000000000
110457  9.705  13.549  25.705 0.0000000000
110458  8.799  13.135  25.726 0.0000000000
110471  13.035  14.652  25.803 0.0000000000
110472  12.310  14.382  25.669 0.0000000000
110473  10.791  14.083  25.470 0.0000000000
110474  9.146  13.750  25.463 0.0000000000
110475  7.807  13.508  25.652 0.0000000000
110489  13.971  14.676  25.319 0.0000000000
110490  13.625  14.883  25.571 0.0000000000
110491  12.663  14.993  25.526 0.0000000000
110492  11.917  14.805  25.494 0.0000000000
110502  14.059  14.604  25.105 0.0000000000
110503  14.183  14.954  24.957 0.0000000000
110514  14.023  14.693  24.591 0.0000000000
110515  14.240  14.871  24.711 0.0000000000
110529  13.608  14.561  24.053 0.0000000000
110530  13.484  14.633  23.286 0.0000000000
110535  13.168  14.358  24.109 0.0000000000
110536  12.946  14.395  23.272 0.0000000000
110540  12.002  14.198  22.544 0.0000000000
110545  11.457  13.764  21.698 0.0000000000
110546  10.873  13.024  20.538 0.0000000000
110547  10.189  12.866  19.781 0.0000000000
110548  9.670  12.814  19.430 0.0000000000
110555  10.809  12.769  19.674 0.0000000000
110556  10.356  12.704  18.892 0.0000000000
110557  9.478  12.898  18.656 0.0000000000
110558  9.195  13.280  18.349 0.0000000000
110564  10.752  13.306  17.054 0.0000000000
110565  10.484  13.051  17.625 0.0000000000
110566  9.746  13.433  17.619 0.0000000000
110567  9.376  13.331  18.097 0.0000000000
110571  11.046  13.767  16.301 0.0000000000
110572  10.470  13.635  16.740 0.0000000000
110573  10.223  13.606  17.160 0.0000000000
110577  11.943  14.637  15.623 0.0000000000
110578  11.730  13.883  16.178 0.0000000000
110590  12.163  15.314  15.217 0.0000000000
110605  12.337  15.828  15.061 0.0000000000
110615  12.441  16.272  14.999 0.0000000000
110616  12.345  16.544  15.017 0.0000000000
110617  7.434  16.458  17.060 0.0000000000
110618  5.827  16.226  16.659 0.0000000000
110619  4.252  15.766  16.395 0.0000000000
110620  3.472  15.722  16.000 0.0000000000
110623  12.138  16.704  15.034 0.0000000000
110624  11.676  16.801  15.154 0.0000000000
110625  10.874  16.805  15.418 0.0000000000
110626  9.874  16.829  15.833 0.0000000000
110627  8.596  16.758  16.585 0.0000000000
110628  6.789  16.850  16.573 0.0000000000
110629  4.649  16.449  16.194 0.0000000000
110630  2.955  16.037  15.575 0.0000000000
110631  3.170  15.898  14.193 0.0000000000
110633  4.041  15.731  12.727 0.0000000000
110641  5.722  15.248  9.517 0.0000000000
110642  5.044  15.744  11.243 0.0000000000
110652  6.171  15.548  8.575 0.0000000000
110653  5.735  16.087  9.259 0.0000000000
111221  10.451  14.727  25.240 0.0000000000
111222  9.482  14.322  25.262 0.0000000000
111223  8.045  13.932  25.353 0.0000000000
111232  13.421  15.506  24.985 0.0000000000
111233  12.859  15.468  25.099 0.0000000000
111234  11.462  15.248  25.075 0.0000000000
111235  9.797  14.772  25.025 0.0000000000
111236  8.284  14.285  25.102 0.0000000000
111237  6.725  14.155  25.519 0.0000000000
111246  13.781  15.417  24.658 0.0000000000
111247  12.974  15.915  24.439 0.0000000000
111248  12.359  15.738  24.761 0.0000000000
111263  14.175  14.963  23.979 0.0000000000
111264  14.064  15.104  24.115 0.0000000000
111265  13.519  15.773  23.771 0.0000000000
111276  14.026  14.806  23.961 0.0000000000
111277  13.759  14.892  23.417 0.0000000000
111278  13.527  15.353  23.112 0.0000000000
111284  13.030  14.663  22.816 0.0000000000
111285  13.078  14.970  22.638 0.0000000000
111290  12.212  14.340  22.409 0.0000000000
111291  11.986  14.264  22.286 0.0000000000
111292  10.964  13.537  21.526 0.0000000000
111293  10.361  13.214  21.195 0.0000000000
111294  7.559  13.854  20.405 0.0000000000
111295  7.073  14.425  20.102 0.0000000000
111299  11.809  14.089  22.050 0.0000000000
111300  11.482  13.967  21.645 0.0000000000
111301  10.892  13.321  21.034 0.0000000000
111302  9.799  12.925  20.258 0.0000000000
111303  8.575  13.031  19.829 0.0000000000
111304  7.807  13.590  19.767 0.0000000000
111305  7.412  14.312  19.754 0.0000000000
111311  9.349  12.756  19.180 0.0000000000
111312  8.868  13.095  18.783 0.0000000000
111313  8.022  13.835  18.814 0.0000000000
111314  7.610  14.004  19.312 0.0000000000
111322  9.979  15.231  16.077 0.0000000000
111323  9.397  14.480  16.741 0.0000000000
111324  9.056  13.857  17.843 0.0000000000
111325  8.526  13.719  18.296 0.0000000000
111329  11.529  16.130  15.239 0.0000000000
111330  11.097  15.384  15.630 0.0000000000
111331  10.558  14.690  16.141 0.0000000000
111332  9.997  14.050  16.594 0.0000000000
111334  11.934  16.104  15.164 0.0000000000
111335  11.558  14.985  15.624 0.0000000000
111338  12.570  17.520  15.224 0.0000000000
111339  12.312  16.718  15.060 0.0000000000
111346  12.699  17.877  15.343 0.0000000000
111347  12.475  16.958  15.110 0.0000000000
111360  12.803  18.163  15.430 0.0000000000
111361  12.534  17.559  15.203 0.0000000000
111362  12.318  17.085  15.085 0.0000000000
111366  12.376  18.058  15.382 0.0000000000
111367  12.069  17.615  15.221 0.0000000000
111368  11.238  17.695  15.218 0.0000000000
111369  10.349  17.637  15.701 0.0000000000
111370  9.280  17.535  16.154 0.0000000000
111371  7.963  17.513  16.617 0.0000000000
111372  6.080  17.469  16.206 0.0000000000
111373  3.992  17.078  15.602 0.0000000000
111374  2.623  16.793  14.790 0.0000000000
111375  2.888  16.569  13.519 0.0000000000
111378  3.546  16.569  12.452 0.0000000000
111385  5.344  16.334  10.267 0.0000000000
111386  4.437  16.792  11.314 0.0000000000
111395  6.061  16.534  8.820 0.0000000000
111396  5.521  16.905  9.725 0.0000000000
111397  4.957  17.080  10.533 0.0000000000
112008  11.011  15.566  24.639 0.0000000000
112009  10.086  15.156  24.731 0.0000000000
112010  8.527  14.561  24.815 0.0000000000
112011  6.833  14.341  25.215 0.0000000000
112029  12.480  16.105  24.018 0.0000000000
112030  11.784  15.860  24.352 0.0000000000
112031  10.363  15.455  24.366 0.0000000000
112032  8.779  14.827  24.497 0.0000000000
112033  6.953  14.454  24.853 0.0000000000
112058  12.767  16.119  23.658 0.0000000000
112059  12.032  16.043  23.722 0.0000000000
112060  10.818  15.662  23.822 0.0000000000
112061  9.077  15.015  24.144 0.0000000000
112062  7.125  14.507  24.434 0.0000000000
112075  12.911  15.814  22.997 0.0000000000
112076  12.064  15.966  23.188 0.0000000000
112077  11.620  15.924  23.488 0.0000000000
112084  12.828  15.231  22.508 0.0000000000
112085  11.864  15.271  22.568 0.0000000000
112086  10.376  14.232  22.480 0.0000000000
112087  8.860  13.714  22.288 0.0000000000
112088  7.244  13.803  21.837 0.0000000000
112089  5.630  14.463  21.303 0.0000000000
112090  4.501  14.958  20.880 0.0000000000
112095  12.634  14.861  22.290 0.0000000000
112096  11.881  14.487  22.312 0.0000000000
112097  10.560  13.693  21.774 0.0000000000
112098  9.237  13.339  21.677 0.0000000000
112099  7.935  13.535  21.295 0.0000000000
112100  6.635  14.370  20.609 0.0000000000
112101  5.159  14.991  20.392 0.0000000000
112106  10.036  13.209  21.019 0.0000000000
112107  9.401  13.076  20.904 0.0000000000
112108  8.362  13.306  20.649 0.0000000000
112109  6.681  15.123  19.572 0.0000000000
112110  5.932  15.042  20.020 0.0000000000
112117  8.129  15.772  17.141 0.0000000000
112118  7.825  15.210  18.247 0.0000000000
112119  7.542  14.773  19.133 0.0000000000
112131  8.741  15.088  16.867 0.0000000000
112132  8.451  14.586  17.893 0.0000000000
112163  12.751  18.672  15.621 0.0000000000
112164  12.520  18.607  15.567 0.0000000000
112168  12.200  18.611  15.527 0.0000000000
112169  11.611  18.582  15.452 0.0000000000
112170  10.783  18.489  15.740 0.0000000000
112171  9.740  18.363  16.066 0.0000000000
112172  8.786  18.111  16.567 0.0000000000
112173  7.426  18.271  16.114 0.0000000000
112174  5.538  18.220  15.720 0.0000000000
112175  3.536  17.896  15.084 0.0000000000
112176  2.669  17.649  13.888 0.0000000000
112177  2.730  16.977  13.023 0.0000000000
112180  2.522  18.072  13.227 0.0000000000
112181  3.099  17.499  12.403 0.0000000000
112188  4.034  17.523  11.052 0.0000000000
112197  6.433  17.207  8.410 0.0000000000
112198  5.707  17.561  9.286 0.0000000000
112199  4.907  17.713  10.216 0.0000000000
112787  10.326  15.396  23.583 0.0000000000
112788  9.288  15.014  23.750 0.0000000000
112789  7.407  14.498  23.925 0.0000000000
112795  11.668  15.861  23.096 0.0000000000
112796  11.060  15.642  23.291 0.0000000000
112797  9.599  14.851  23.379 0.0000000000
112798  7.811  14.326  23.341 0.0000000000
112799  5.594  14.268  23.212 0.0000000000
112804  11.827  15.801  22.936 0.0000000000
112805  11.271  15.437  22.890 0.0000000000
112806  10.026  14.666  22.958 0.0000000000
112807  8.339  14.041  22.806 0.0000000000
112808  6.373  14.033  22.403 0.0000000000
112809  4.226  14.920  21.803 0.0000000000
112813  3.856  15.878  20.306 0.0000000000
112814  3.359  15.939  21.235 0.0000000000
112817  7.280  17.176  18.088 0.0000000000
112818  6.237  16.518  18.837 0.0000000000
112819  5.286  15.765  19.630 0.0000000000
112826  7.781  16.486  17.770 0.0000000000
112827  7.251  15.886  18.631 0.0000000000
112881  11.185  19.424  15.980 0.0000000000
112882  10.232  19.226  16.424 0.0000000000
112883  8.756  19.064  16.290 0.0000000000
112884  6.854  19.184  15.909 0.0000000000
112885  4.900  19.082  15.420 0.0000000000
112886  3.043  18.874  14.965 0.0000000000
112887  2.917  18.808  13.787 0.0000000000
112890  2.822  18.534  12.735 0.0000000000
112891  3.312  18.199  11.626 0.0000000000
112894  3.876  18.695  10.337 0.0000000000
112895  3.957  18.152  10.721 0.0000000000
112898  6.792  17.870  8.092 0.0000000000
112899  5.757  18.445  8.719 0.0000000000
112900  4.879  18.324  9.685 0.0000000000
112901  4.496  18.218  10.250 0.0000000000
112911  6.441  18.565  8.204 0.0000000000
113472  3.400  17.173  19.813 0.0000000000
113480  4.445  17.315  19.072 0.0000000000
113554  9.607  20.238  16.525 0.0000000000
113555  7.936  20.280  16.269 0.0000000000
113556  6.056  20.233  15.855 0.0000000000
113557  4.082  20.120  15.385 0.0000000000
113558  2.602  19.928  14.744 0.0000000000
113560  2.325  19.700  13.328 0.0000000000
113561  3.042  18.958  12.064 0.0000000000
113563  3.145  19.648  11.506 0.0000000000
113564  3.395  18.704  11.191 0.0000000000
113567  5.305  19.097  8.683 0.0000000000
113568  4.276  19.489  9.428 0.0000000000
113577  5.871  19.440  8.134 0.0000000000
113578  4.553  20.224  8.697 0.0000000000
114224  2.338  20.964  14.416 0.0000000000
114226  2.453  20.983  13.186 0.0000000000
114228  3.251  21.062  11.266 0.0000000000
114231  3.968  21.071  9.555 0.0000000000
