#!ascii label  , from subject Yale_0050574 vox2ras=TkReg
1805
115774  29.908  54.624  33.243 0.0000000000
115785  29.706  54.934  32.228 0.0000000000
115798  29.299  55.144  31.523 0.0000000000
115799  29.004  55.006  31.051 0.0000000000
115810  28.124  55.344  30.297 0.0000000000
115811  27.587  55.712  30.050 0.0000000000
115825  27.785  55.449  29.958 0.0000000000
115826  27.546  55.998  29.898 0.0000000000
115844  27.461  56.380  29.651 0.0000000000
115864  27.880  56.413  29.385 0.0000000000
116432  30.553  55.854  32.834 0.0000000000
116433  30.255  55.041  33.376 0.0000000000
116435  30.325  56.167  32.433 0.0000000000
116436  30.030  55.667  32.318 0.0000000000
116445  29.080  55.879  31.434 0.0000000000
116446  28.349  56.321  31.115 0.0000000000
116456  28.867  55.500  31.135 0.0000000000
116457  28.064  56.019  30.709 0.0000000000
116458  27.302  56.541  30.464 0.0000000000
116469  27.679  55.798  30.271 0.0000000000
116470  27.273  56.305  30.138 0.0000000000
116482  27.161  56.702  29.724 0.0000000000
116493  27.574  56.713  29.457 0.0000000000
116494  27.227  57.075  29.433 0.0000000000
116505  27.660  57.476  29.162 0.0000000000
116506  27.390  57.323  29.287 0.0000000000
116515  28.113  57.727  28.905 0.0000000000
116516  27.916  57.662  29.040 0.0000000000
117089  31.752  56.731  33.515 0.0000000000
117090  31.157  56.436  33.028 0.0000000000
117097  30.543  56.607  32.527 0.0000000000
117098  30.085  56.617  32.206 0.0000000000
117105  29.386  56.636  31.835 0.0000000000
117106  28.451  56.775  31.406 0.0000000000
117107  27.735  57.060  31.233 0.0000000000
117117  27.928  56.597  31.052 0.0000000000
117118  27.345  56.901  30.788 0.0000000000
117131  26.841  57.077  30.250 0.0000000000
117132  26.497  57.509  29.862 0.0000000000
117144  26.794  57.099  29.794 0.0000000000
117145  26.516  57.714  29.470 0.0000000000
117158  26.864  57.500  29.297 0.0000000000
117159  26.628  58.081  28.957 0.0000000000
117170  27.449  57.948  28.614 0.0000000000
117171  27.146  57.861  28.783 0.0000000000
117172  26.836  58.053  28.754 0.0000000000
117182  28.019  58.041  28.141 0.0000000000
117183  27.700  57.954  28.335 0.0000000000
117184  27.284  58.158  27.955 0.0000000000
117195  28.806  58.235  26.071 0.0000000000
117196  28.314  58.277  26.692 0.0000000000
117197  27.985  58.181  27.030 0.0000000000
117198  27.644  58.162  26.976 0.0000000000
117199  27.428  58.165  27.460 0.0000000000
117203  29.387  57.995  25.171 0.0000000000
117204  29.103  58.029  25.127 0.0000000000
117205  28.638  58.126  25.412 0.0000000000
117206  28.142  58.179  26.027 0.0000000000
117207  27.859  58.175  26.393 0.0000000000
117212  29.072  58.028  24.777 0.0000000000
117213  28.918  58.042  24.959 0.0000000000
117778  32.448  58.212  34.136 0.0000000000
117779  32.189  57.573  33.812 0.0000000000
117788  31.542  57.466  33.184 0.0000000000
117789  30.640  57.552  32.649 0.0000000000
117790  30.168  57.976  32.523 0.0000000000
117798  30.263  57.091  32.373 0.0000000000
117799  29.685  57.594  32.268 0.0000000000
117800  28.676  57.887  32.033 0.0000000000
117805  28.811  57.278  31.846 0.0000000000
117806  27.994  57.589  31.646 0.0000000000
117807  27.269  57.596  31.155 0.0000000000
117817  26.759  57.630  30.616 0.0000000000
117827  26.407  57.804  30.102 0.0000000000
117828  26.274  58.007  29.644 0.0000000000
117838  26.396  58.241  29.169 0.0000000000
117850  26.491  58.444  28.688 0.0000000000
117861  26.875  58.194  28.379 0.0000000000
117862  26.658  58.433  28.236 0.0000000000
117870  26.861  58.336  27.733 0.0000000000
117871  26.593  58.600  27.501 0.0000000000
117885  27.531  58.296  26.436 0.0000000000
117886  27.239  58.385  26.707 0.0000000000
117893  29.479  58.093  24.897 0.0000000000
117894  28.621  58.083  25.065 0.0000000000
117895  28.442  58.220  25.233 0.0000000000
117896  27.816  58.396  25.744 0.0000000000
117897  27.428  58.702  25.768 0.0000000000
117902  29.908  58.418  24.489 0.0000000000
117903  29.347  58.251  24.577 0.0000000000
117904  28.864  58.223  24.717 0.0000000000
117905  28.508  58.658  24.639 0.0000000000
117906  28.134  58.886  24.717 0.0000000000
117913  29.749  58.639  24.041 0.0000000000
117914  29.379  58.712  24.000 0.0000000000
117915  28.969  58.848  24.002 0.0000000000
117916  28.776  59.151  23.942 0.0000000000
118444  32.055  59.043  33.925 0.0000000000
118445  30.858  59.420  33.457 0.0000000000
118446  30.222  59.592  33.324 0.0000000000
118453  31.803  58.125  33.476 0.0000000000
118454  31.215  58.405  33.192 0.0000000000
118455  30.083  58.760  32.816 0.0000000000
118465  28.916  58.584  32.413 0.0000000000
118466  28.058  58.461  32.001 0.0000000000
118475  27.378  58.348  31.477 0.0000000000
118476  26.851  58.326  30.904 0.0000000000
118486  26.399  58.370  30.367 0.0000000000
118494  26.169  58.457  29.840 0.0000000000
118495  26.217  58.560  29.333 0.0000000000
118503  26.349  58.687  28.810 0.0000000000
118513  26.410  58.773  28.204 0.0000000000
118527  26.493  58.790  27.620 0.0000000000
118539  26.747  58.799  26.886 0.0000000000
118540  26.498  58.720  27.281 0.0000000000
118553  27.170  58.885  26.004 0.0000000000
118557  31.322  59.257  24.784 0.0000000000
118559  27.825  59.091  25.049 0.0000000000
118560  27.446  58.966  25.523 0.0000000000
118563  31.319  59.441  24.243 0.0000000000
118564  30.729  59.032  24.077 0.0000000000
118565  30.100  58.787  23.943 0.0000000000
118566  28.555  59.230  24.158 0.0000000000
118567  28.371  59.457  24.276 0.0000000000
118574  30.622  59.448  23.377 0.0000000000
118575  30.028  59.249  23.287 0.0000000000
118576  29.346  59.283  23.392 0.0000000000
118577  29.011  59.423  23.460 0.0000000000
118578  28.785  59.749  23.437 0.0000000000
118579  28.622  59.660  23.840 0.0000000000
118585  29.885  59.816  22.570 0.0000000000
118586  29.540  59.750  22.696 0.0000000000
118587  29.124  59.779  22.876 0.0000000000
118588  28.921  59.791  23.059 0.0000000000
119142  31.913  60.186  34.473 0.0000000000
119143  30.936  60.262  34.342 0.0000000000
119144  30.257  60.126  33.846 0.0000000000
119154  29.668  59.935  33.405 0.0000000000
119171  28.993  59.586  32.855 0.0000000000
119172  28.179  59.369  32.346 0.0000000000
119183  27.473  59.240  31.733 0.0000000000
119184  26.962  59.096  31.120 0.0000000000
119193  26.575  59.066  30.602 0.0000000000
119200  26.216  59.135  30.016 0.0000000000
119201  26.130  59.050  29.458 0.0000000000
119205  26.229  59.015  28.987 0.0000000000
119213  26.334  59.112  28.375 0.0000000000
119226  26.599  59.430  27.135 0.0000000000
119227  26.455  59.255  27.530 0.0000000000
119242  26.768  59.326  26.868 0.0000000000
119243  26.509  58.947  27.205 0.0000000000
119258  27.123  59.333  26.074 0.0000000000
119265  32.244  60.237  25.781 0.0000000000
119267  27.950  59.535  24.840 0.0000000000
119268  27.629  59.369  25.356 0.0000000000
119274  32.209  60.347  24.967 0.0000000000
119275  31.770  59.978  24.347 0.0000000000
119276  31.339  59.664  23.891 0.0000000000
119277  28.289  59.797  24.318 0.0000000000
119286  31.576  60.189  23.686 0.0000000000
119287  31.122  59.907  23.280 0.0000000000
119288  30.593  59.732  22.972 0.0000000000
119289  28.709  60.210  22.994 0.0000000000
119290  28.582  60.262  23.382 0.0000000000
119295  30.831  60.222  22.707 0.0000000000
119296  30.305  60.079  22.442 0.0000000000
119297  29.675  60.302  22.015 0.0000000000
119298  29.171  60.227  22.233 0.0000000000
119299  28.756  60.307  22.542 0.0000000000
119300  28.579  60.564  22.698 0.0000000000
119305  29.482  60.741  21.641 0.0000000000
119306  29.189  60.683  21.690 0.0000000000
119307  28.826  60.690  21.872 0.0000000000
119823  30.401  61.211  35.093 0.0000000000
119824  29.965  61.412  34.780 0.0000000000
119833  30.262  60.613  34.425 0.0000000000
119834  29.777  60.905  34.187 0.0000000000
119847  28.966  60.619  33.398 0.0000000000
119864  28.306  60.382  32.664 0.0000000000
119865  27.699  60.212  31.946 0.0000000000
119879  27.022  60.143  31.060 0.0000000000
119880  26.750  59.567  30.768 0.0000000000
119892  26.849  60.478  30.457 0.0000000000
119893  26.544  59.979  30.290 0.0000000000
119900  26.371  59.839  29.319 0.0000000000
119901  26.232  59.330  29.136 0.0000000000
119910  26.694  60.060  28.374 0.0000000000
119911  26.364  59.475  28.717 0.0000000000
119922  26.876  60.032  27.602 0.0000000000
119923  26.534  59.582  28.040 0.0000000000
119932  26.853  59.714  27.090 0.0000000000
119933  26.631  59.644  27.560 0.0000000000
119949  34.231  61.839  27.304 0.0000000000
119950  33.651  61.425  27.356 0.0000000000
119952  28.104  60.437  25.747 0.0000000000
119953  27.483  59.977  26.169 0.0000000000
119970  33.318  61.211  26.537 0.0000000000
119971  32.774  60.749  26.207 0.0000000000
119972  28.189  60.332  25.350 0.0000000000
119973  27.726  59.753  25.474 0.0000000000
119979  33.188  61.419  25.822 0.0000000000
119980  32.734  61.001  25.208 0.0000000000
119981  28.282  60.099  24.708 0.0000000000
119982  27.818  59.714  25.164 0.0000000000
119988  32.292  60.986  24.370 0.0000000000
119989  31.900  60.656  23.834 0.0000000000
119990  28.659  60.682  23.591 0.0000000000
119999  32.163  61.290  23.665 0.0000000000
120000  31.705  60.856  23.176 0.0000000000
120001  31.215  60.582  22.772 0.0000000000
120002  28.463  61.167  22.865 0.0000000000
120009  31.458  61.105  22.633 0.0000000000
120010  30.907  60.915  22.206 0.0000000000
120011  30.181  60.740  21.823 0.0000000000
120012  29.729  60.833  21.609 0.0000000000
120013  28.478  60.802  22.309 0.0000000000
120014  28.322  61.251  22.379 0.0000000000
120020  30.478  61.325  21.681 0.0000000000
120021  29.957  61.300  21.426 0.0000000000
120022  29.379  61.196  21.353 0.0000000000
120023  28.802  61.206  21.403 0.0000000000
120024  28.400  61.226  21.838 0.0000000000
120025  28.008  61.768  21.859 0.0000000000
120544  30.044  61.771  35.155 0.0000000000
120556  30.013  62.332  35.183 0.0000000000
120557  29.678  61.814  34.603 0.0000000000
120571  29.227  61.546  33.836 0.0000000000
120584  28.529  61.645  32.827 0.0000000000
120585  28.015  61.011  32.161 0.0000000000
120598  28.109  61.632  31.887 0.0000000000
120599  27.619  61.208  31.388 0.0000000000
120612  27.272  61.130  30.270 0.0000000000
120613  26.801  60.588  30.185 0.0000000000
120622  27.662  61.278  29.106 0.0000000000
120623  26.862  60.619  29.673 0.0000000000
120635  28.076  61.185  28.062 0.0000000000
120636  27.080  60.648  28.737 0.0000000000
120646  28.328  61.096  27.096 0.0000000000
120647  27.448  60.552  27.807 0.0000000000
120657  29.514  61.636  25.602 0.0000000000
120658  28.635  61.002  26.237 0.0000000000
120659  27.614  60.430  26.853 0.0000000000
120672  34.639  62.422  27.143 0.0000000000
120673  34.161  61.866  26.984 0.0000000000
120674  29.509  61.729  24.723 0.0000000000
120675  28.760  60.914  25.454 0.0000000000
120676  28.091  60.547  26.077 0.0000000000
120691  34.435  62.685  26.488 0.0000000000
120692  33.906  62.058  26.277 0.0000000000
120693  29.390  61.839  24.018 0.0000000000
120694  28.927  61.001  24.590 0.0000000000
120705  33.177  62.119  25.000 0.0000000000
120706  32.728  61.528  24.624 0.0000000000
120707  29.249  62.076  23.621 0.0000000000
120708  28.943  61.515  23.596 0.0000000000
120716  33.186  62.507  24.260 0.0000000000
120717  32.792  61.970  23.955 0.0000000000
120718  28.486  61.793  22.877 0.0000000000
120728  32.287  61.882  23.002 0.0000000000
120729  31.787  61.405  22.774 0.0000000000
120730  28.081  62.056  22.454 0.0000000000
120737  32.173  62.314  22.541 0.0000000000
120738  31.638  61.831  22.369 0.0000000000
120739  30.977  61.831  21.786 0.0000000000
120740  27.883  62.199  22.031 0.0000000000
120745  30.330  61.941  21.368 0.0000000000
120746  29.665  61.895  21.060 0.0000000000
120747  28.985  61.867  21.034 0.0000000000
120748  28.420  61.912  21.240 0.0000000000
120749  28.005  62.088  21.570 0.0000000000
120750  27.864  62.207  21.770 0.0000000000
121191  29.950  62.817  34.458 0.0000000000
121192  29.470  62.110  34.161 0.0000000000
121203  29.846  63.165  33.431 0.0000000000
121204  29.344  62.321  33.578 0.0000000000
121215  29.859  63.357  32.843 0.0000000000
121216  29.308  62.890  32.599 0.0000000000
121229  28.690  62.430  31.498 0.0000000000
121230  28.081  61.836  31.381 0.0000000000
121246  28.798  62.559  30.605 0.0000000000
121247  28.170  62.018  30.651 0.0000000000
121263  29.071  62.589  29.819 0.0000000000
121264  28.359  61.952  29.473 0.0000000000
121275  29.641  62.507  28.600 0.0000000000
121276  28.818  61.852  28.310 0.0000000000
121284  30.150  62.377  27.311 0.0000000000
121285  29.180  61.679  27.232 0.0000000000
121296  30.199  62.289  26.087 0.0000000000
121297  29.225  61.518  26.446 0.0000000000
121310  35.571  63.246  27.419 0.0000000000
121311  30.101  62.558  24.913 0.0000000000
121319  35.671  64.138  27.156 0.0000000000
121320  34.887  63.489  26.521 0.0000000000
121321  34.231  62.998  26.087 0.0000000000
121322  29.722  62.575  24.108 0.0000000000
121323  29.335  62.914  23.690 0.0000000000
121334  34.274  63.752  25.803 0.0000000000
121335  33.872  62.991  25.405 0.0000000000
121336  29.387  62.395  23.732 0.0000000000
121337  28.888  62.765  23.346 0.0000000000
121338  28.174  63.342  23.172 0.0000000000
121354  34.029  63.830  25.058 0.0000000000
121355  33.546  63.213  24.381 0.0000000000
121356  33.219  62.747  23.848 0.0000000000
121357  28.438  62.678  22.928 0.0000000000
121358  27.749  63.570  22.973 0.0000000000
121368  33.439  63.280  23.620 0.0000000000
121369  33.045  62.824  23.239 0.0000000000
121370  27.951  62.870  22.647 0.0000000000
121371  27.376  63.802  22.763 0.0000000000
121378  32.625  62.767  22.666 0.0000000000
121379  32.087  62.773  22.190 0.0000000000
121380  31.446  62.420  21.910 0.0000000000
121381  27.693  63.190  22.330 0.0000000000
121382  27.165  64.053  22.592 0.0000000000
121388  31.589  62.988  21.796 0.0000000000
121389  30.902  62.690  21.515 0.0000000000
121390  30.095  62.655  21.021 0.0000000000
121391  29.331  62.641  20.905 0.0000000000
121392  28.646  62.658  20.981 0.0000000000
121393  28.159  62.766  21.317 0.0000000000
121394  27.835  62.997  21.824 0.0000000000
121861  30.532  63.819  33.984 0.0000000000
121871  30.425  63.952  32.989 0.0000000000
121872  29.967  63.577  32.312 0.0000000000
121884  30.788  64.231  31.671 0.0000000000
121885  29.781  63.397  31.415 0.0000000000
121899  30.832  63.983  29.988 0.0000000000
121900  29.500  63.084  30.404 0.0000000000
121916  31.719  63.962  28.104 0.0000000000
121917  30.271  63.235  29.091 0.0000000000
121926  31.866  63.984  26.691 0.0000000000
121927  30.988  63.153  27.591 0.0000000000
121934  31.608  64.019  25.658 0.0000000000
121935  31.216  63.178  26.295 0.0000000000
121944  31.491  64.109  25.185 0.0000000000
121945  30.925  63.583  25.169 0.0000000000
121958  29.955  63.604  24.202 0.0000000000
121959  28.629  64.402  24.268 0.0000000000
121960  27.199  64.714  24.841 0.0000000000
121961  26.422  64.827  25.169 0.0000000000
121970  35.312  64.890  26.553 0.0000000000
121971  34.702  64.223  26.079 0.0000000000
121972  29.556  63.192  23.849 0.0000000000
121973  28.795  63.651  23.685 0.0000000000
121974  27.543  64.458  24.095 0.0000000000
121975  26.512  64.732  24.768 0.0000000000
121980  35.190  65.412  25.987 0.0000000000
121981  34.670  64.719  25.468 0.0000000000
121982  28.370  63.499  23.335 0.0000000000
121983  27.558  64.037  23.477 0.0000000000
121984  26.497  64.603  24.274 0.0000000000
121998  34.160  64.341  24.155 0.0000000000
121999  33.685  63.701  23.770 0.0000000000
122000  26.963  64.213  23.227 0.0000000000
122001  26.395  64.585  23.782 0.0000000000
122012  34.259  64.791  23.444 0.0000000000
122013  33.625  63.957  23.136 0.0000000000
122014  33.074  63.275  22.828 0.0000000000
122015  26.601  64.538  23.048 0.0000000000
122016  26.434  64.623  23.445 0.0000000000
122023  33.307  64.246  22.699 0.0000000000
122024  32.825  63.631  22.450 0.0000000000
122025  32.085  63.525  21.922 0.0000000000
122026  27.233  64.113  22.253 0.0000000000
122027  26.863  64.416  22.645 0.0000000000
122035  31.360  63.511  21.587 0.0000000000
122036  30.586  63.456  21.156 0.0000000000
122037  29.763  63.449  20.883 0.0000000000
122038  28.962  63.465  20.868 0.0000000000
122039  28.335  63.521  21.131 0.0000000000
122040  27.879  63.657  21.540 0.0000000000
122041  27.577  63.814  21.848 0.0000000000
122429  31.276  64.558  33.801 0.0000000000
122440  32.181  65.523  32.673 0.0000000000
122441  31.390  64.740  32.824 0.0000000000
122454  32.531  65.509  31.148 0.0000000000
122455  31.659  65.024  31.739 0.0000000000
122466  33.024  65.383  29.612 0.0000000000
122467  31.852  64.830  30.469 0.0000000000
122481  33.344  65.390  28.317 0.0000000000
122482  32.401  64.740  28.838 0.0000000000
122490  33.263  65.589  27.756 0.0000000000
122491  32.756  64.911  27.280 0.0000000000
122498  31.703  64.859  25.956 0.0000000000
122499  30.352  65.591  25.593 0.0000000000
122500  28.626  65.823  26.139 0.0000000000
122501  27.526  65.746  26.776 0.0000000000
122509  31.503  64.280  25.404 0.0000000000
122510  30.874  64.539  25.112 0.0000000000
122511  29.269  65.259  25.269 0.0000000000
122512  27.268  65.507  26.222 0.0000000000
122513  25.797  65.527  26.607 0.0000000000
122514  25.176  65.722  26.745 0.0000000000
122526  30.548  64.103  24.609 0.0000000000
122527  29.690  64.522  24.621 0.0000000000
122528  28.091  64.946  25.066 0.0000000000
122529  26.351  65.080  25.700 0.0000000000
122530  25.333  65.553  26.325 0.0000000000
122537  35.996  66.957  26.334 0.0000000000
122538  35.651  65.997  26.482 0.0000000000
122539  25.921  64.959  25.314 0.0000000000
122540  25.442  65.280  25.818 0.0000000000
122545  35.949  66.871  25.678 0.0000000000
122546  35.488  66.028  25.368 0.0000000000
122547  34.850  65.232  24.569 0.0000000000
122548  25.928  64.954  24.888 0.0000000000
122549  25.388  65.461  25.411 0.0000000000
122557  35.216  65.944  24.192 0.0000000000
122558  34.697  65.267  23.823 0.0000000000
122559  25.624  65.229  24.634 0.0000000000
122560  25.264  65.760  25.275 0.0000000000
122571  34.991  65.909  23.611 0.0000000000
122572  34.570  65.572  23.353 0.0000000000
122573  34.116  64.926  23.125 0.0000000000
122574  26.022  65.190  23.343 0.0000000000
122575  25.902  65.073  23.792 0.0000000000
122583  34.291  65.523  23.103 0.0000000000
122584  33.712  64.904  22.885 0.0000000000
122585  33.011  64.518  22.479 0.0000000000
122586  32.505  64.073  22.087 0.0000000000
122587  26.840  64.894  22.313 0.0000000000
122588  26.513  64.914  22.767 0.0000000000
122597  32.515  64.501  22.144 0.0000000000
122598  31.928  64.182  21.835 0.0000000000
122599  31.072  64.157  21.438 0.0000000000
122600  30.227  64.215  21.071 0.0000000000
122601  29.350  64.264  20.950 0.0000000000
122602  28.561  64.301  21.095 0.0000000000
122603  27.941  64.376  21.436 0.0000000000
122604  27.374  64.490  21.868 0.0000000000
123089  33.467  66.078  30.432 0.0000000000
123104  34.030  66.683  29.764 0.0000000000
123105  33.739  65.957  29.031 0.0000000000
123113  33.941  66.423  28.708 0.0000000000
123114  33.785  66.006  28.077 0.0000000000
123115  32.976  66.036  27.337 0.0000000000
123116  31.809  66.612  26.742 0.0000000000
123117  30.245  66.670  27.045 0.0000000000
123118  28.688  66.516  27.592 0.0000000000
123124  32.141  65.659  26.681 0.0000000000
123125  31.143  66.075  26.121 0.0000000000
123126  29.519  66.201  26.479 0.0000000000
123127  27.614  66.073  27.350 0.0000000000
123128  26.389  66.005  27.693 0.0000000000
123129  25.533  66.179  27.704 0.0000000000
123136  26.906  65.745  27.118 0.0000000000
123137  26.090  65.765  27.152 0.0000000000
123138  25.052  66.054  27.190 0.0000000000
123139  24.558  66.473  27.055 0.0000000000
123150  24.833  66.049  26.728 0.0000000000
123151  24.469  66.661  26.745 0.0000000000
123162  24.862  66.094  26.185 0.0000000000
123163  24.422  66.889  26.484 0.0000000000
123169  36.324  67.718  25.837 0.0000000000
123170  35.999  66.896  25.208 0.0000000000
123171  24.921  66.258  25.725 0.0000000000
123178  36.435  67.400  24.804 0.0000000000
123179  35.826  66.660  24.465 0.0000000000
123180  25.451  65.771  24.583 0.0000000000
123181  25.170  66.260  25.332 0.0000000000
123192  36.354  67.191  23.997 0.0000000000
123193  35.614  66.639  23.529 0.0000000000
123194  35.009  66.121  23.372 0.0000000000
123195  25.962  65.659  23.333 0.0000000000
123196  25.654  65.837  24.122 0.0000000000
123206  35.606  66.849  23.118 0.0000000000
123207  34.980  66.356  23.157 0.0000000000
123208  34.210  65.862  23.007 0.0000000000
123209  33.439  65.332  22.785 0.0000000000
123210  26.857  65.376  22.213 0.0000000000
123211  26.388  65.529  22.736 0.0000000000
123222  32.788  64.994  22.415 0.0000000000
123223  32.237  64.779  22.159 0.0000000000
123224  31.517  64.732  21.938 0.0000000000
123225  30.645  64.810  21.666 0.0000000000
123226  29.742  64.944  21.417 0.0000000000
123227  28.859  65.042  21.375 0.0000000000
123228  28.078  65.117  21.512 0.0000000000
123229  27.445  65.192  21.831 0.0000000000
123744  33.977  67.219  28.965 0.0000000000
123745  33.121  67.737  28.187 0.0000000000
123746  31.654  67.970  28.129 0.0000000000
123747  30.046  67.803  28.655 0.0000000000
123748  29.081  67.667  29.108 0.0000000000
123750  33.894  66.485  28.356 0.0000000000
123751  33.526  66.699  27.974 0.0000000000
123752  32.435  67.127  27.468 0.0000000000
123753  30.910  67.273  27.618 0.0000000000
123754  28.950  67.195  28.484 0.0000000000
123755  27.152  66.797  28.467 0.0000000000
123756  26.157  67.142  28.672 0.0000000000
123758  26.701  66.277  28.034 0.0000000000
123759  25.870  66.782  28.220 0.0000000000
123760  24.833  67.024  27.672 0.0000000000
123761  24.437  67.647  27.507 0.0000000000
123768  24.611  66.647  27.293 0.0000000000
123769  24.408  67.274  27.194 0.0000000000
123779  24.339  67.468  26.813 0.0000000000
123790  24.545  66.892  26.204 0.0000000000
123791  24.409  67.527  26.565 0.0000000000
123799  37.599  68.991  24.698 0.0000000000
123800  36.929  68.497  25.310 0.0000000000
123801  24.711  67.314  26.115 0.0000000000
123802  24.527  67.464  26.355 0.0000000000
123807  37.529  68.501  23.761 0.0000000000
123808  37.001  67.916  24.245 0.0000000000
123809  25.307  66.669  25.312 0.0000000000
123810  24.923  67.028  25.720 0.0000000000
123818  37.425  68.408  23.327 0.0000000000
123819  36.696  67.777  23.321 0.0000000000
123820  35.962  67.096  23.147 0.0000000000
123821  26.101  66.580  24.207 0.0000000000
123822  25.753  66.316  24.259 0.0000000000
123823  25.518  66.360  24.672 0.0000000000
123834  36.590  67.954  22.901 0.0000000000
123835  35.876  67.336  22.942 0.0000000000
123836  34.928  66.827  22.941 0.0000000000
123837  34.027  66.267  22.976 0.0000000000
123838  32.815  65.822  22.899 0.0000000000
123839  31.591  66.034  23.189 0.0000000000
123840  30.480  66.273  23.044 0.0000000000
123841  29.443  66.502  22.870 0.0000000000
123842  28.494  66.554  22.826 0.0000000000
123843  27.668  66.486  22.870 0.0000000000
123844  27.019  66.347  22.914 0.0000000000
123845  26.520  66.098  22.979 0.0000000000
123846  26.063  66.074  23.386 0.0000000000
123859  32.490  65.149  22.469 0.0000000000
123860  31.988  65.245  22.490 0.0000000000
123861  31.086  65.397  22.384 0.0000000000
123862  30.120  65.590  22.176 0.0000000000
123863  29.171  65.764  22.012 0.0000000000
123864  28.294  65.831  22.009 0.0000000000
123865  27.542  65.867  22.094 0.0000000000
123866  27.018  65.841  22.277 0.0000000000
124314  34.221  68.872  29.954 0.0000000000
124315  33.450  69.251  29.287 0.0000000000
124324  34.404  68.101  29.781 0.0000000000
124325  33.751  68.374  28.956 0.0000000000
124326  32.407  68.709  28.940 0.0000000000
124327  30.695  68.572  29.103 0.0000000000
124328  29.159  68.201  29.672 0.0000000000
124329  28.064  68.223  29.921 0.0000000000
124332  28.469  67.722  29.396 0.0000000000
124333  27.438  67.705  29.448 0.0000000000
124334  26.202  67.751  29.096 0.0000000000
124335  25.512  68.265  28.760 0.0000000000
124338  25.716  67.576  28.583 0.0000000000
124339  25.095  67.966  28.256 0.0000000000
124340  24.596  68.164  27.714 0.0000000000
124346  24.423  68.309  27.362 0.0000000000
124354  24.363  68.328  27.099 0.0000000000
124364  24.394  68.372  26.871 0.0000000000
124375  24.728  68.575  26.820 0.0000000000
124376  24.589  68.326  26.729 0.0000000000
124383  38.331  69.268  24.142 0.0000000000
124384  25.747  68.519  26.870 0.0000000000
124385  25.498  68.255  26.589 0.0000000000
124386  25.206  67.870  26.276 0.0000000000
124387  24.890  67.978  26.398 0.0000000000
124392  39.075  69.450  23.693 0.0000000000
124393  38.079  69.084  23.368 0.0000000000
124394  37.464  68.519  23.108 0.0000000000
124395  31.387  67.603  25.282 0.0000000000
124396  30.692  67.484  25.208 0.0000000000
124397  29.596  67.514  25.239 0.0000000000
124398  28.574  67.451  25.379 0.0000000000
124399  27.707  67.436  25.464 0.0000000000
124400  26.999  67.389  25.500 0.0000000000
124401  26.214  67.426  25.757 0.0000000000
124402  25.686  67.096  25.413 0.0000000000
124403  25.493  66.784  25.191 0.0000000000
124410  37.827  68.973  23.060 0.0000000000
124411  37.295  68.576  22.927 0.0000000000
124412  36.542  68.236  22.683 0.0000000000
124413  35.681  67.791  22.682 0.0000000000
124414  34.809  67.282  22.880 0.0000000000
124415  33.779  66.768  23.408 0.0000000000
124416  32.195  66.997  24.285 0.0000000000
124417  30.741  66.858  24.141 0.0000000000
124418  29.605  67.051  23.987 0.0000000000
124419  28.616  67.050  23.995 0.0000000000
124420  27.756  67.007  24.035 0.0000000000
124421  27.034  66.842  24.097 0.0000000000
124422  26.557  66.635  23.908 0.0000000000
124868  33.991  69.823  29.979 0.0000000000
124869  32.513  69.907  29.858 0.0000000000
124870  30.728  69.997  30.691 0.0000000000
124871  29.342  69.883  31.042 0.0000000000
124880  31.200  69.281  29.693 0.0000000000
124881  29.858  69.007  30.324 0.0000000000
124882  28.402  69.095  30.530 0.0000000000
124883  27.230  68.866  30.122 0.0000000000
124884  26.402  69.331  29.755 0.0000000000
124887  26.497  68.466  29.628 0.0000000000
124888  25.784  69.023  29.202 0.0000000000
124889  25.156  69.138  28.527 0.0000000000
124892  24.748  69.092  27.966 0.0000000000
124893  24.540  69.213  27.539 0.0000000000
124896  24.406  69.504  27.279 0.0000000000
124897  24.216  70.159  27.217 0.0000000000
124904  24.451  69.286  27.161 0.0000000000
124905  24.168  70.377  27.121 0.0000000000
124914  24.475  69.510  27.104 0.0000000000
124915  24.140  70.651  27.037 0.0000000000
124925  24.711  69.368  27.021 0.0000000000
124926  24.479  69.966  27.090 0.0000000000
124927  24.035  71.068  26.819 0.0000000000
124936  31.221  68.536  26.343 0.0000000000
124937  30.616  68.531  26.647 0.0000000000
124938  29.342  68.576  27.247 0.0000000000
124939  28.139  68.905  27.537 0.0000000000
124940  27.184  69.241  27.603 0.0000000000
124941  26.525  69.347  27.474 0.0000000000
124942  26.001  69.050  27.151 0.0000000000
124943  25.404  69.542  27.242 0.0000000000
124944  25.049  69.563  27.042 0.0000000000
124945  24.755  69.669  26.970 0.0000000000
124959  38.918  69.441  23.302 0.0000000000
124960  33.153  67.773  24.963 0.0000000000
124961  31.882  68.066  25.648 0.0000000000
124962  30.578  68.093  26.000 0.0000000000
124963  29.434  68.021  26.394 0.0000000000
124964  28.355  68.102  26.630 0.0000000000
124965  27.485  68.155  26.733 0.0000000000
124966  26.834  68.096  26.669 0.0000000000
124967  26.482  67.895  26.454 0.0000000000
124981  38.835  69.523  22.917 0.0000000000
124982  37.478  69.148  22.646 0.0000000000
124983  36.429  68.723  22.478 0.0000000000
124984  35.524  68.286  22.614 0.0000000000
124985  34.697  67.790  23.156 0.0000000000
124986  33.713  67.366  24.224 0.0000000000
124987  32.790  67.488  24.769 0.0000000000
125016  30.105  69.916  18.284 0.0000000000
125017  29.598  69.877  18.326 0.0000000000
125018  28.900  69.912  18.382 0.0000000000
125019  28.173  70.064  18.340 0.0000000000
125020  27.485  70.300  18.202 0.0000000000
125021  27.029  70.405  18.107 0.0000000000
125029  30.296  69.914  18.114 0.0000000000
125030  29.893  69.773  17.908 0.0000000000
125031  29.106  69.732  17.922 0.0000000000
125032  28.342  69.793  17.924 0.0000000000
125033  27.656  69.899  17.906 0.0000000000
125034  27.100  70.169  17.844 0.0000000000
125040  29.837  69.843  17.610 0.0000000000
125041  29.379  69.839  17.526 0.0000000000
125042  28.563  69.823  17.477 0.0000000000
125043  27.831  69.905  17.520 0.0000000000
125044  27.308  70.044  17.548 0.0000000000
125391  31.718  72.736  31.333 0.0000000000
125392  30.407  72.394  31.664 0.0000000000
125401  33.676  71.036  30.198 0.0000000000
125402  31.973  71.203  30.779 0.0000000000
125403  30.040  71.363  31.505 0.0000000000
125404  28.063  70.622  31.259 0.0000000000
125405  27.055  71.014  30.950 0.0000000000
125415  27.601  69.684  30.512 0.0000000000
125416  26.808  70.319  30.293 0.0000000000
125417  25.934  70.266  29.510 0.0000000000
125424  25.308  70.242  28.885 0.0000000000
125425  24.632  70.418  28.164 0.0000000000
125426  24.119  71.126  27.858 0.0000000000
125430  24.524  69.780  27.762 0.0000000000
125431  24.182  70.457  27.553 0.0000000000
125435  23.928  70.691  27.211 0.0000000000
125436  23.699  71.007  27.028 0.0000000000
125440  23.662  71.249  26.887 0.0000000000
125444  23.651  71.479  26.655 0.0000000000
125448  29.694  69.553  28.254 0.0000000000
125449  28.453  69.971  28.709 0.0000000000
125450  27.479  70.820  28.259 0.0000000000
125451  26.617  71.227  28.464 0.0000000000
125452  24.457  70.589  26.987 0.0000000000
125453  24.017  71.357  26.604 0.0000000000
125454  23.667  71.617  26.445 0.0000000000
125462  32.354  68.881  26.393 0.0000000000
125463  31.117  68.935  26.926 0.0000000000
125464  29.490  69.116  27.770 0.0000000000
125465  28.138  69.493  28.215 0.0000000000
125466  27.021  70.471  28.028 0.0000000000
125467  26.358  70.712  27.893 0.0000000000
125468  25.891  70.719  27.589 0.0000000000
125469  25.491  70.746  27.328 0.0000000000
125470  25.071  70.784  27.083 0.0000000000
125471  24.637  70.936  26.957 0.0000000000
125472  24.335  71.237  26.644 0.0000000000
125473  24.070  71.515  26.344 0.0000000000
125483  34.193  68.422  24.770 0.0000000000
125484  33.181  68.389  25.535 0.0000000000
125485  32.150  68.586  26.057 0.0000000000
125497  37.351  69.633  22.508 0.0000000000
125498  36.201  69.236  22.477 0.0000000000
125499  35.285  68.831  22.846 0.0000000000
125500  34.538  68.391  23.760 0.0000000000
125501  33.865  67.934  24.690 0.0000000000
125510  30.404  71.670  19.356 0.0000000000
125511  29.938  72.230  19.415 0.0000000000
125512  29.501  72.882  19.656 0.0000000000
125513  29.312  73.219  19.768 0.0000000000
125518  31.095  70.718  18.811 0.0000000000
125519  30.637  70.827  19.060 0.0000000000
125520  30.014  70.986  19.097 0.0000000000
125521  29.483  71.439  19.140 0.0000000000
125522  29.005  72.286  19.190 0.0000000000
125523  28.185  72.029  18.839 0.0000000000
125524  27.676  71.942  18.706 0.0000000000
125533  32.018  70.941  18.131 0.0000000000
125534  31.350  70.652  18.370 0.0000000000
125535  30.591  70.244  18.450 0.0000000000
125536  30.079  70.234  18.701 0.0000000000
125537  29.486  70.408  18.746 0.0000000000
125538  28.844  70.691  18.747 0.0000000000
125539  28.102  70.930  18.624 0.0000000000
125540  27.117  71.120  18.410 0.0000000000
125541  26.308  71.466  18.226 0.0000000000
125542  25.967  71.662  18.119 0.0000000000
125551  32.063  71.022  17.859 0.0000000000
125552  31.506  70.806  17.755 0.0000000000
125553  30.561  70.158  17.872 0.0000000000
125554  30.073  69.894  17.681 0.0000000000
125555  26.655  70.553  17.920 0.0000000000
125556  26.268  70.985  18.042 0.0000000000
125557  25.974  71.433  17.952 0.0000000000
125564  31.330  70.896  17.375 0.0000000000
125565  30.834  70.581  17.370 0.0000000000
125566  29.976  70.134  17.319 0.0000000000
125567  28.899  70.224  16.979 0.0000000000
125568  27.969  70.080  17.107 0.0000000000
125569  27.332  70.153  17.197 0.0000000000
125570  26.791  70.597  17.350 0.0000000000
125571  26.279  71.023  17.636 0.0000000000
125572  26.084  71.264  17.806 0.0000000000
125579  28.556  70.704  16.724 0.0000000000
125580  28.048  70.549  16.785 0.0000000000
125581  27.354  70.473  16.927 0.0000000000
125582  26.993  70.468  17.048 0.0000000000
125903  30.504  73.561  31.599 0.0000000000
125904  29.516  73.548  32.007 0.0000000000
125912  29.879  72.362  31.776 0.0000000000
125913  28.990  72.581  31.840 0.0000000000
125914  27.166  72.173  31.230 0.0000000000
125915  26.401  72.801  30.567 0.0000000000
125924  26.659  71.290  30.558 0.0000000000
125925  25.890  71.857  29.952 0.0000000000
125926  25.165  72.534  29.341 0.0000000000
125936  25.505  71.005  29.247 0.0000000000
125937  24.848  71.758  28.958 0.0000000000
125938  24.161  71.873  28.187 0.0000000000
125943  23.684  71.859  27.616 0.0000000000
125944  23.277  72.423  27.391 0.0000000000
125948  23.748  71.186  27.330 0.0000000000
125949  23.348  71.803  27.138 0.0000000000
125952  23.158  71.799  26.734 0.0000000000
125955  29.896  71.251  29.447 0.0000000000
125956  28.611  71.830  29.446 0.0000000000
125957  27.767  72.486  28.800 0.0000000000
125958  27.244  72.817  28.533 0.0000000000
125959  23.110  71.879  26.395 0.0000000000
125965  32.579  70.406  28.134 0.0000000000
125966  30.910  70.280  28.786 0.0000000000
125967  29.266  70.448  29.024 0.0000000000
125968  27.702  71.170  29.132 0.0000000000
125969  27.317  72.165  27.838 0.0000000000
125970  26.932  71.437  28.134 0.0000000000
125971  23.471  71.867  26.098 0.0000000000
125972  23.145  71.953  26.045 0.0000000000
125980  33.548  69.677  26.685 0.0000000000
125981  32.081  69.410  27.439 0.0000000000
125982  30.571  69.612  28.228 0.0000000000
125983  28.467  72.832  25.125 0.0000000000
125984  27.062  71.942  26.730 0.0000000000
125985  26.542  71.724  26.546 0.0000000000
125986  26.144  71.629  26.350 0.0000000000
125987  25.569  71.520  26.183 0.0000000000
125988  24.879  71.483  26.075 0.0000000000
125989  24.380  71.814  25.876 0.0000000000
125990  23.908  71.901  25.290 0.0000000000
125991  23.486  71.945  25.717 0.0000000000
125992  23.176  72.036  25.785 0.0000000000
125995  34.832  69.783  24.412 0.0000000000
125996  34.110  69.066  25.402 0.0000000000
125997  33.132  69.010  26.302 0.0000000000
125998  29.163  73.725  22.760 0.0000000000
125999  28.320  73.158  23.934 0.0000000000
126000  27.626  72.717  24.621 0.0000000000
126001  27.160  72.468  24.840 0.0000000000
126002  26.830  72.416  24.627 0.0000000000
126003  25.537  71.917  24.878 0.0000000000
126004  24.672  71.858  24.929 0.0000000000
126005  24.227  71.882  24.972 0.0000000000
126013  36.958  70.198  22.658 0.0000000000
126014  35.814  69.775  22.851 0.0000000000
126015  35.014  69.373  23.428 0.0000000000
126016  34.525  69.049  24.203 0.0000000000
126017  30.435  73.781  20.429 0.0000000000
126018  29.739  73.895  21.029 0.0000000000
126019  29.203  73.756  21.741 0.0000000000
126020  28.747  73.384  22.441 0.0000000000
126021  28.378  73.128  23.011 0.0000000000
126022  27.778  72.757  23.795 0.0000000000
126032  32.645  72.217  20.005 0.0000000000
126033  31.994  72.032  19.771 0.0000000000
126034  31.048  71.943  19.491 0.0000000000
126035  30.215  73.108  19.822 0.0000000000
126036  29.692  73.640  20.149 0.0000000000
126037  29.315  73.721  20.561 0.0000000000
126038  29.026  73.796  21.047 0.0000000000
126039  28.921  73.745  20.081 0.0000000000
126043  33.557  71.906  19.095 0.0000000000
126044  32.844  71.764  19.384 0.0000000000
126045  31.772  71.095  19.112 0.0000000000
126046  31.150  70.995  19.186 0.0000000000
126047  29.210  73.453  19.925 0.0000000000
126048  28.832  73.156  19.682 0.0000000000
126049  28.147  72.941  19.152 0.0000000000
126050  27.211  72.620  18.929 0.0000000000
126051  26.570  72.497  18.773 0.0000000000
126057  33.353  71.743  18.648 0.0000000000
126058  32.511  71.314  18.545 0.0000000000
126059  31.918  70.943  18.525 0.0000000000
126060  27.347  72.033  18.693 0.0000000000
126061  26.737  71.914  18.551 0.0000000000
126062  26.014  72.100  18.399 0.0000000000
126063  25.511  72.284  18.170 0.0000000000
126072  33.127  71.660  18.175 0.0000000000
126073  32.560  71.428  17.913 0.0000000000
126074  32.054  71.201  17.695 0.0000000000
126075  25.694  71.844  18.023 0.0000000000
126076  25.373  72.246  17.893 0.0000000000
126083  32.329  71.596  17.608 0.0000000000
126084  31.771  71.283  17.416 0.0000000000
126085  31.147  71.104  17.090 0.0000000000
126086  30.393  70.742  16.973 0.0000000000
126087  29.671  70.602  16.871 0.0000000000
126088  26.463  70.886  17.092 0.0000000000
126089  26.172  71.279  17.146 0.0000000000
126090  25.750  71.782  17.625 0.0000000000
126091  25.322  72.336  17.678 0.0000000000
126097  30.632  71.271  16.850 0.0000000000
126098  29.960  71.182  16.689 0.0000000000
126099  29.064  71.064  16.625 0.0000000000
126100  28.219  71.210  16.599 0.0000000000
126101  27.423  71.148  16.695 0.0000000000
126102  26.623  71.060  16.932 0.0000000000
126103  26.150  71.466  16.933 0.0000000000
126407  30.047  74.825  31.770 0.0000000000
126408  29.303  75.245  31.680 0.0000000000
126415  29.141  73.639  31.992 0.0000000000
126416  28.380  74.126  31.725 0.0000000000
126417  26.880  73.820  30.889 0.0000000000
126426  25.942  73.589  30.236 0.0000000000
126427  25.268  73.403  29.606 0.0000000000
126439  24.662  73.264  29.147 0.0000000000
126440  24.090  73.109  28.699 0.0000000000
126444  23.661  73.066  28.133 0.0000000000
126445  23.282  73.111  27.700 0.0000000000
126448  23.019  72.976  27.324 0.0000000000
126451  22.871  72.650  26.859 0.0000000000
126457  29.790  72.568  30.130 0.0000000000
126458  28.352  73.169  29.572 0.0000000000
126459  27.628  73.457  28.742 0.0000000000
126460  27.542  72.981  28.198 0.0000000000
126461  22.821  72.371  26.448 0.0000000000
126469  31.296  71.325  29.417 0.0000000000
126470  28.217  73.706  27.588 0.0000000000
126471  28.018  73.090  27.168 0.0000000000
126472  22.814  72.436  26.052 0.0000000000
126477  34.359  70.774  26.985 0.0000000000
126478  29.391  73.486  25.946 0.0000000000
126479  28.846  73.063  25.641 0.0000000000
126480  23.690  72.244  24.682 0.0000000000
126481  23.295  72.249  25.061 0.0000000000
126482  22.953  72.278  25.558 0.0000000000
126486  35.491  70.887  24.977 0.0000000000
126487  34.598  69.924  25.716 0.0000000000
126488  29.999  73.689  24.119 0.0000000000
126489  29.549  73.581  23.510 0.0000000000
126490  27.583  72.914  23.668 0.0000000000
126491  26.407  72.405  24.087 0.0000000000
126492  25.242  72.212  24.279 0.0000000000
126493  24.309  72.126  24.529 0.0000000000
126499  36.271  70.746  23.397 0.0000000000
126500  35.448  70.141  23.647 0.0000000000
126501  33.913  73.692  21.254 0.0000000000
126502  33.252  73.845  21.145 0.0000000000
126503  31.948  74.199  21.090 0.0000000000
126504  30.650  74.150  21.747 0.0000000000
126505  29.858  74.048  21.800 0.0000000000
126506  28.707  73.491  22.723 0.0000000000
126507  28.345  73.397  22.883 0.0000000000
126516  34.963  73.304  20.435 0.0000000000
126517  34.210  73.188  20.656 0.0000000000
126518  33.037  72.860  20.403 0.0000000000
126519  32.073  73.150  20.260 0.0000000000
126520  31.311  73.312  20.004 0.0000000000
126521  28.812  73.701  22.117 0.0000000000
126522  28.780  74.127  20.759 0.0000000000
126523  27.747  73.935  19.827 0.0000000000
126527  35.969  73.398  19.420 0.0000000000
126528  35.193  73.097  19.771 0.0000000000
126529  33.886  72.335  19.630 0.0000000000
126530  33.114  72.107  19.958 0.0000000000
126531  27.755  73.464  19.373 0.0000000000
126532  26.934  73.219  19.214 0.0000000000
126533  26.092  72.826  18.882 0.0000000000
126537  35.801  73.112  18.854 0.0000000000
126538  34.942  72.608  18.838 0.0000000000
126539  34.107  72.147  18.694 0.0000000000
126540  25.516  72.699  18.503 0.0000000000
126541  25.123  72.688  18.176 0.0000000000
126548  35.579  72.984  18.243 0.0000000000
126549  34.901  72.712  18.035 0.0000000000
126550  33.852  72.205  18.097 0.0000000000
126551  33.274  71.952  17.868 0.0000000000
126552  25.004  72.716  17.858 0.0000000000
126560  34.501  72.832  17.717 0.0000000000
126561  33.803  72.562  17.714 0.0000000000
126562  33.030  72.092  17.576 0.0000000000
126563  32.347  71.952  17.330 0.0000000000
126564  31.676  71.611  17.167 0.0000000000
126565  25.959  71.700  16.983 0.0000000000
126566  25.589  72.223  17.132 0.0000000000
126567  25.186  72.573  17.535 0.0000000000
126576  31.929  72.037  17.128 0.0000000000
126577  31.215  71.760  16.968 0.0000000000
126578  30.384  71.802  16.752 0.0000000000
126579  29.511  71.877  16.633 0.0000000000
126580  28.585  71.977  16.587 0.0000000000
126581  27.672  72.020  16.574 0.0000000000
126582  26.799  71.988  16.695 0.0000000000
126583  26.003  72.071  16.869 0.0000000000
126584  25.569  72.546  16.968 0.0000000000
126919  28.843  76.038  31.376 0.0000000000
126920  27.501  75.492  31.046 0.0000000000
126929  26.383  75.127  30.286 0.0000000000
126930  25.429  74.864  29.803 0.0000000000
126942  24.734  74.614  29.351 0.0000000000
126943  24.219  74.467  28.938 0.0000000000
126951  23.812  74.363  28.508 0.0000000000
126952  23.474  74.267  28.110 0.0000000000
126955  23.265  74.144  27.702 0.0000000000
126962  23.025  73.815  27.185 0.0000000000
126971  29.205  74.467  30.368 0.0000000000
126972  28.262  74.105  29.317 0.0000000000
126973  22.850  73.286  26.551 0.0000000000
126980  28.677  74.937  29.181 0.0000000000
126981  28.356  74.581  28.269 0.0000000000
126982  22.919  73.059  25.915 0.0000000000
126988  30.561  75.381  25.741 0.0000000000
126989  29.829  74.549  26.417 0.0000000000
126990  24.101  72.646  24.472 0.0000000000
126991  23.419  72.695  24.813 0.0000000000
126992  23.112  72.799  25.273 0.0000000000
126999  33.120  75.419  22.310 0.0000000000
127000  32.311  75.488  22.663 0.0000000000
127001  31.060  75.190  24.041 0.0000000000
127002  30.506  74.052  24.432 0.0000000000
127003  28.443  73.448  23.279 0.0000000000
127004  27.435  72.918  23.867 0.0000000000
127005  26.064  72.621  24.036 0.0000000000
127006  25.005  72.566  24.150 0.0000000000
127013  35.614  74.826  21.680 0.0000000000
127014  35.134  74.666  21.693 0.0000000000
127015  33.789  74.551  21.770 0.0000000000
127016  32.138  74.837  22.033 0.0000000000
127017  31.051  74.573  22.638 0.0000000000
127018  30.503  74.251  23.112 0.0000000000
127019  28.769  74.063  21.982 0.0000000000
127026  35.795  74.542  21.300 0.0000000000
127027  35.023  73.773  21.029 0.0000000000
127028  34.251  73.693  21.211 0.0000000000
127029  28.228  74.344  20.585 0.0000000000
127030  27.189  74.004  19.709 0.0000000000
127031  26.299  73.927  19.380 0.0000000000
127035  37.091  74.421  19.859 0.0000000000
127036  36.333  74.068  20.161 0.0000000000
127037  35.371  73.493  20.333 0.0000000000
127038  26.352  73.438  19.200 0.0000000000
127039  25.501  73.393  18.953 0.0000000000
127040  24.839  73.501  18.686 0.0000000000
127043  37.248  74.350  19.400 0.0000000000
127044  36.547  73.695  19.013 0.0000000000
127045  25.039  73.064  18.535 0.0000000000
127046  24.635  73.340  18.234 0.0000000000
127047  24.287  73.710  18.030 0.0000000000
127052  37.464  74.260  18.427 0.0000000000
127053  36.461  73.609  18.060 0.0000000000
127054  35.804  73.291  17.706 0.0000000000
127055  24.664  73.336  17.756 0.0000000000
127056  24.240  73.898  17.843 0.0000000000
127067  37.568  74.338  17.511 0.0000000000
127068  36.743  73.988  17.109 0.0000000000
127069  35.477  73.398  17.308 0.0000000000
127070  34.592  73.232  17.383 0.0000000000
127071  33.761  72.904  17.462 0.0000000000
127072  33.063  72.563  17.426 0.0000000000
127073  25.295  72.911  17.038 0.0000000000
127074  24.949  73.221  17.281 0.0000000000
127088  36.362  74.092  16.709 0.0000000000
127089  35.583  73.911  16.766 0.0000000000
127090  34.579  73.651  17.109 0.0000000000
127091  33.622  73.216  17.300 0.0000000000
127092  32.629  72.652  17.289 0.0000000000
127093  31.770  72.410  17.132 0.0000000000
127094  30.921  72.364  16.985 0.0000000000
127095  30.004  72.504  16.929 0.0000000000
127096  29.012  72.769  16.967 0.0000000000
127097  28.013  72.975  16.907 0.0000000000
127098  27.089  72.999  16.815 0.0000000000
127099  26.261  73.028  16.832 0.0000000000
127100  25.550  73.167  16.914 0.0000000000
127468  26.938  76.895  30.207 0.0000000000
127479  25.984  76.473  29.518 0.0000000000
127480  25.322  76.290  28.921 0.0000000000
127481  24.648  76.806  28.876 0.0000000000
127491  24.783  75.626  28.705 0.0000000000
127492  24.432  76.022  28.339 0.0000000000
127493  24.118  76.256  28.442 0.0000000000
127501  24.206  75.387  28.007 0.0000000000
127502  23.946  75.662  27.894 0.0000000000
127509  23.833  75.236  27.516 0.0000000000
127519  23.348  74.715  27.244 0.0000000000
127528  23.155  74.151  26.721 0.0000000000
127535  29.460  76.077  29.268 0.0000000000
127536  28.892  75.518  28.344 0.0000000000
127537  23.596  73.837  25.636 0.0000000000
127538  23.354  73.737  25.916 0.0000000000
127545  32.946  77.112  23.350 0.0000000000
127546  32.180  77.226  24.101 0.0000000000
127547  31.101  77.158  25.356 0.0000000000
127548  30.090  76.409  27.144 0.0000000000
127549  29.098  75.328  27.653 0.0000000000
127550  27.449  73.878  24.220 0.0000000000
127551  26.493  73.630  24.420 0.0000000000
127552  25.055  73.318  24.426 0.0000000000
127553  23.843  73.513  25.131 0.0000000000
127554  23.300  73.123  25.143 0.0000000000
127561  34.902  76.470  22.495 0.0000000000
127562  33.753  76.689  22.723 0.0000000000
127563  32.743  76.253  22.939 0.0000000000
127564  31.564  76.301  23.921 0.0000000000
127565  30.799  76.129  25.175 0.0000000000
127566  28.622  74.202  22.743 0.0000000000
127567  28.032  73.773  23.719 0.0000000000
127568  27.011  73.152  24.131 0.0000000000
127569  25.807  72.973  23.996 0.0000000000
127576  37.217  75.976  21.882 0.0000000000
127577  35.865  75.563  21.997 0.0000000000
127578  34.562  75.442  22.200 0.0000000000
127579  33.613  75.584  22.319 0.0000000000
127580  28.330  74.583  21.158 0.0000000000
127581  27.746  74.821  20.573 0.0000000000
127588  37.661  75.492  21.130 0.0000000000
127589  36.669  74.974  21.167 0.0000000000
127590  27.763  74.406  20.313 0.0000000000
127591  27.153  74.556  20.003 0.0000000000
127592  25.479  74.320  19.263 0.0000000000
127593  24.687  74.557  19.087 0.0000000000
127601  37.784  74.983  20.151 0.0000000000
127602  37.078  74.842  20.597 0.0000000000
127603  24.971  73.783  18.924 0.0000000000
127604  24.421  74.146  18.694 0.0000000000
127605  23.968  74.600  18.436 0.0000000000
127614  38.479  74.950  19.077 0.0000000000
127615  24.243  73.821  18.250 0.0000000000
127616  24.011  74.261  18.112 0.0000000000
127630  24.464  73.917  17.556 0.0000000000
127631  24.089  74.400  17.724 0.0000000000
127645  32.203  73.316  17.453 0.0000000000
127646  31.408  73.456  17.694 0.0000000000
127647  30.310  73.765  17.908 0.0000000000
127648  29.304  74.226  18.110 0.0000000000
127649  28.742  74.675  18.246 0.0000000000
127650  25.060  73.619  17.045 0.0000000000
127651  24.680  74.209  17.228 0.0000000000
127652  24.290  74.524  17.447 0.0000000000
127667  34.421  74.024  16.927 0.0000000000
127668  33.360  73.446  17.275 0.0000000000
127669  32.404  73.005  17.256 0.0000000000
127670  31.546  72.887  17.235 0.0000000000
127671  30.617  73.000  17.325 0.0000000000
127672  29.586  73.341  17.457 0.0000000000
127673  28.402  74.153  17.710 0.0000000000
127674  27.360  74.086  17.330 0.0000000000
127675  26.546  74.110  17.071 0.0000000000
127676  25.816  74.136  16.979 0.0000000000
127677  25.228  74.198  16.987 0.0000000000
127678  24.923  74.229  17.055 0.0000000000
128072  25.451  77.360  29.422 0.0000000000
128073  24.941  78.164  29.189 0.0000000000
128074  24.161  77.836  28.678 0.0000000000
128075  23.670  78.365  28.601 0.0000000000
128082  24.256  76.888  28.447 0.0000000000
128083  23.986  77.406  28.249 0.0000000000
128092  24.017  76.662  27.982 0.0000000000
128100  23.801  76.064  27.968 0.0000000000
128110  23.637  75.612  27.611 0.0000000000
128119  24.711  75.339  27.556 0.0000000000
128120  24.032  75.250  27.616 0.0000000000
128121  23.590  74.889  27.328 0.0000000000
128132  25.989  74.942  26.194 0.0000000000
128133  24.859  74.734  26.370 0.0000000000
128134  23.911  74.350  26.228 0.0000000000
128135  23.581  74.555  26.717 0.0000000000
128146  28.458  75.411  24.771 0.0000000000
128147  27.341  74.683  24.802 0.0000000000
128148  26.082  74.280  25.074 0.0000000000
128149  24.912  74.124  25.349 0.0000000000
128150  24.263  74.163  25.648 0.0000000000
128160  28.576  74.889  23.626 0.0000000000
128161  27.985  74.523  24.148 0.0000000000
128170  28.734  74.934  22.360 0.0000000000
128171  27.876  75.256  20.987 0.0000000000
128172  27.223  75.656  20.550 0.0000000000
128182  27.369  74.968  20.342 0.0000000000
128183  26.575  75.291  20.005 0.0000000000
128184  24.815  75.220  19.342 0.0000000000
128185  24.144  75.592  19.184 0.0000000000
128197  24.415  74.725  18.968 0.0000000000
128198  24.011  75.116  18.795 0.0000000000
128210  23.829  75.059  18.194 0.0000000000
128222  23.883  74.886  17.854 0.0000000000
128235  32.712  74.002  17.984 0.0000000000
128236  31.161  74.227  18.391 0.0000000000
128237  29.965  74.621  18.645 0.0000000000
128238  29.041  75.099  18.722 0.0000000000
128239  28.331  75.332  18.521 0.0000000000
128240  27.830  75.651  18.461 0.0000000000
128241  24.386  75.102  17.264 0.0000000000
128242  24.009  75.096  17.534 0.0000000000
128260  32.968  73.558  17.389 0.0000000000
128261  27.995  75.066  18.163 0.0000000000
128262  27.536  75.263  18.012 0.0000000000
128263  26.801  75.289  17.606 0.0000000000
128264  26.086  75.268  17.256 0.0000000000
128265  25.422  75.211  17.073 0.0000000000
128266  24.857  74.999  17.063 0.0000000000
128291  27.671  78.748  11.862 0.0000000000
128292  27.478  78.582  11.829 0.0000000000
128299  27.423  78.416  11.588 0.0000000000
128300  27.116  78.215  11.576 0.0000000000
128301  26.954  77.250  11.849 0.0000000000
128302  26.495  77.618  11.666 0.0000000000
128309  27.243  77.976  11.395 0.0000000000
128310  26.901  77.724  11.357 0.0000000000
128311  26.499  77.647  11.408 0.0000000000
128312  26.021  77.545  11.329 0.0000000000
128313  25.541  77.504  11.111 0.0000000000
128326  26.526  77.578  11.041 0.0000000000
128327  26.065  77.512  10.937 0.0000000000
128328  25.595  77.460  10.848 0.0000000000
128329  25.306  77.399  10.888 0.0000000000
128649  23.635  77.840  28.292 0.0000000000
128660  23.673  77.502  28.119 0.0000000000
128671  23.690  77.153  27.923 0.0000000000
128681  25.385  75.964  28.361 0.0000000000
128682  24.807  76.126  28.484 0.0000000000
128683  24.254  76.841  28.023 0.0000000000
128695  29.744  76.817  27.009 0.0000000000
128696  29.063  76.371  27.103 0.0000000000
128697  27.523  75.835  27.213 0.0000000000
128698  25.929  75.610  27.717 0.0000000000
128707  29.441  76.366  26.012 0.0000000000
128708  28.109  75.676  25.896 0.0000000000
128709  26.964  75.116  25.758 0.0000000000
128718  29.284  76.011  24.420 0.0000000000
128719  29.245  76.031  23.461 0.0000000000
128727  28.922  75.462  23.286 0.0000000000
128728  28.561  75.807  22.310 0.0000000000
128729  27.554  76.151  21.059 0.0000000000
128730  26.506  76.582  20.654 0.0000000000
128741  26.693  75.976  20.411 0.0000000000
128742  25.567  76.245  20.014 0.0000000000
128743  24.326  76.140  19.512 0.0000000000
128752  23.845  76.068  18.943 0.0000000000
128759  23.704  75.931  18.349 0.0000000000
128772  31.549  75.771  19.777 0.0000000000
128773  30.249  76.386  19.924 0.0000000000
128774  29.277  76.957  19.792 0.0000000000
128775  23.798  75.794  17.813 0.0000000000
128789  32.078  74.847  18.873 0.0000000000
128790  30.712  75.174  19.200 0.0000000000
128791  29.586  75.709  19.307 0.0000000000
128792  28.654  76.430  19.246 0.0000000000
128793  27.968  76.591  18.962 0.0000000000
128794  27.555  77.140  18.945 0.0000000000
128795  24.576  75.832  17.146 0.0000000000
128796  24.150  76.065  17.372 0.0000000000
128812  27.551  76.220  18.575 0.0000000000
128813  27.099  76.612  18.452 0.0000000000
128814  26.386  76.517  17.929 0.0000000000
128815  25.723  76.434  17.417 0.0000000000
128816  25.060  76.330  17.121 0.0000000000
128828  30.006  79.477  13.532 0.0000000000
128829  29.936  79.164  13.553 0.0000000000
128830  29.423  79.513  13.208 0.0000000000
128831  28.975  79.279  12.864 0.0000000000
128837  29.886  79.331  13.355 0.0000000000
128838  29.133  79.566  12.928 0.0000000000
128839  28.299  79.138  12.337 0.0000000000
128840  27.853  78.641  12.152 0.0000000000
128841  27.286  78.405  11.963 0.0000000000
128842  26.821  78.045  11.905 0.0000000000
128849  29.421  79.549  12.945 0.0000000000
128850  28.744  79.197  12.372 0.0000000000
128851  27.926  78.791  11.842 0.0000000000
128852  26.986  78.149  11.775 0.0000000000
128853  26.730  77.774  11.753 0.0000000000
128854  26.189  77.588  11.790 0.0000000000
128855  25.616  77.620  11.618 0.0000000000
128866  28.265  78.840  11.803 0.0000000000
128867  27.593  78.209  11.379 0.0000000000
128868  27.179  77.793  11.244 0.0000000000
128869  25.693  77.529  11.402 0.0000000000
128870  25.055  77.372  11.158 0.0000000000
128871  24.458  77.452  10.917 0.0000000000
128885  27.535  77.954  11.092 0.0000000000
128886  26.974  77.727  10.818 0.0000000000
128887  26.162  77.459  10.483 0.0000000000
128888  25.560  77.437  10.370 0.0000000000
128889  25.038  77.378  10.451 0.0000000000
128890  24.514  77.458  10.464 0.0000000000
128895  26.804  77.608  10.250 0.0000000000
128896  26.264  77.476  9.820 0.0000000000
128897  25.554  77.431  9.731 0.0000000000
128898  24.970  77.429  9.712 0.0000000000
128899  24.360  77.562  9.683 0.0000000000
128900  23.953  77.706  9.246 0.0000000000
128905  25.930  77.538  9.195 0.0000000000
128906  25.466  77.532  8.946 0.0000000000
128907  24.945  77.466  9.034 0.0000000000
128908  24.460  77.614  9.053 0.0000000000
128909  24.027  77.732  8.913 0.0000000000
128914  25.102  77.608  8.395 0.0000000000
128915  24.858  77.608  8.449 0.0000000000
128916  24.470  77.693  8.540 0.0000000000
128917  24.139  77.772  8.566 0.0000000000
129252  26.018  76.268  28.509 0.0000000000
129253  25.715  76.673  28.844 0.0000000000
129267  30.513  77.151  27.054 0.0000000000
129268  29.898  77.025  27.705 0.0000000000
129269  29.123  76.995  28.143 0.0000000000
129270  27.209  76.881  28.705 0.0000000000
129281  30.943  77.643  26.608 0.0000000000
129282  30.285  77.119  25.617 0.0000000000
129289  29.830  76.722  24.139 0.0000000000
129290  29.066  76.705  23.007 0.0000000000
129291  28.352  77.209  22.222 0.0000000000
129299  28.204  76.573  21.932 0.0000000000
129300  27.184  77.129  21.358 0.0000000000
129301  25.597  77.331  20.708 0.0000000000
129308  24.553  77.087  19.937 0.0000000000
129309  23.852  76.956  19.261 0.0000000000
129312  23.631  76.880  18.560 0.0000000000
129322  29.882  78.979  21.491 0.0000000000
129323  23.657  76.822  18.010 0.0000000000
129334  31.042  76.930  20.685 0.0000000000
129335  29.574  78.130  20.664 0.0000000000
129336  28.502  78.245  19.845 0.0000000000
129337  28.102  79.028  19.885 0.0000000000
129338  23.886  76.887  17.618 0.0000000000
129345  28.241  77.371  19.358 0.0000000000
129346  27.949  78.229  19.474 0.0000000000
129347  27.452  78.138  19.221 0.0000000000
129348  24.602  76.728  17.232 0.0000000000
129349  24.300  77.163  17.409 0.0000000000
129359  30.683  80.534  14.597 0.0000000000
129360  30.588  80.233  14.675 0.0000000000
129361  30.577  79.998  14.699 0.0000000000
129362  30.479  79.561  14.635 0.0000000000
129363  26.873  77.939  18.760 0.0000000000
129364  26.162  77.745  18.201 0.0000000000
129365  25.496  77.578  17.644 0.0000000000
129366  24.999  77.523  17.355 0.0000000000
129367  24.685  77.545  17.395 0.0000000000
129379  30.663  80.541  14.091 0.0000000000
129380  30.138  79.747  13.939 0.0000000000
129381  30.202  79.483  14.043 0.0000000000
129382  30.092  79.649  13.879 0.0000000000
129383  29.164  79.156  13.037 0.0000000000
129384  28.960  79.070  12.949 0.0000000000
129392  30.333  80.576  13.606 0.0000000000
129393  30.010  79.808  13.419 0.0000000000
129394  28.056  78.729  12.315 0.0000000000
129395  27.812  78.742  12.376 0.0000000000
129396  26.445  77.931  12.167 0.0000000000
129397  25.932  77.936  12.242 0.0000000000
129402  30.570  80.415  13.146 0.0000000000
129403  29.625  79.667  12.603 0.0000000000
129404  28.766  79.117  12.076 0.0000000000
129405  25.848  77.558  11.930 0.0000000000
129406  25.234  77.691  11.790 0.0000000000
129407  24.586  77.901  11.586 0.0000000000
129420  29.437  79.383  12.046 0.0000000000
129421  28.572  78.868  11.578 0.0000000000
129422  27.813  78.189  11.252 0.0000000000
129423  24.685  77.512  11.251 0.0000000000
129424  24.189  77.729  11.088 0.0000000000
129425  23.719  78.042  10.620 0.0000000000
129438  28.442  78.664  11.110 0.0000000000
129439  27.773  78.122  10.777 0.0000000000
129440  27.111  77.726  10.437 0.0000000000
129441  24.116  77.559  10.440 0.0000000000
129442  23.738  77.874  10.268 0.0000000000
129446  27.576  78.246  10.212 0.0000000000
129447  26.885  77.925  9.737 0.0000000000
129448  26.212  77.610  9.353 0.0000000000
129449  24.203  77.568  10.063 0.0000000000
129450  23.859  77.746  9.655 0.0000000000
129454  26.487  78.217  8.911 0.0000000000
129455  25.850  77.870  8.647 0.0000000000
129456  25.340  77.652  8.440 0.0000000000
129457  23.670  77.942  8.872 0.0000000000
129458  23.503  78.171  8.601 0.0000000000
129462  25.444  78.113  7.879 0.0000000000
129463  25.016  77.887  7.900 0.0000000000
129464  24.466  77.838  8.067 0.0000000000
129465  24.111  77.867  8.193 0.0000000000
129466  23.798  77.969  8.270 0.0000000000
129467  23.630  78.059  8.446 0.0000000000
129472  24.634  78.288  7.546 0.0000000000
129473  24.424  78.125  7.665 0.0000000000
129474  24.100  78.092  7.851 0.0000000000
129475  23.924  78.081  8.034 0.0000000000
129782  31.061  78.060  26.076 0.0000000000
129783  30.550  77.741  24.606 0.0000000000
129784  30.122  78.308  23.938 0.0000000000
129787  29.841  77.156  23.691 0.0000000000
129788  29.368  77.803  23.071 0.0000000000
129789  27.694  77.992  22.019 0.0000000000
129795  26.286  78.079  21.366 0.0000000000
129796  25.284  78.238  20.936 0.0000000000
129801  24.590  78.042  20.388 0.0000000000
129802  23.951  77.927  19.617 0.0000000000
129811  23.644  77.851  18.820 0.0000000000
129824  29.237  79.943  21.269 0.0000000000
129825  23.648  77.795  18.200 0.0000000000
129833  28.415  79.830  20.433 0.0000000000
129834  28.027  79.840  20.202 0.0000000000
129835  28.018  79.600  20.156 0.0000000000
129836  23.822  77.775  17.811 0.0000000000
129842  30.998  82.836  16.328 0.0000000000
129843  31.223  81.714  16.628 0.0000000000
129844  30.961  80.874  16.472 0.0000000000
129845  30.943  80.903  16.479 0.0000000000
129846  27.856  79.469  19.910 0.0000000000
129847  27.503  79.404  19.748 0.0000000000
129848  24.134  77.835  17.580 0.0000000000
129854  31.027  83.029  15.564 0.0000000000
129855  31.073  81.655  15.186 0.0000000000
129856  30.942  80.896  15.465 0.0000000000
129857  30.882  80.671  15.834 0.0000000000
129858  30.707  80.345  15.429 0.0000000000
129859  30.778  80.587  15.386 0.0000000000
129860  26.801  79.176  19.242 0.0000000000
129861  26.010  78.880  18.611 0.0000000000
129862  25.361  78.612  17.959 0.0000000000
129863  24.940  78.364  17.575 0.0000000000
129864  24.568  78.055  17.551 0.0000000000
129870  31.062  83.099  14.834 0.0000000000
129871  31.065  81.724  14.441 0.0000000000
129872  30.515  79.795  14.779 0.0000000000
129873  30.464  79.998  14.575 0.0000000000
129874  29.784  79.611  13.641 0.0000000000
129882  31.127  83.100  14.365 0.0000000000
129883  31.031  81.707  13.762 0.0000000000
129884  28.839  79.301  12.947 0.0000000000
129885  27.623  78.838  12.492 0.0000000000
129886  26.586  78.385  12.402 0.0000000000
129895  30.722  80.573  12.564 0.0000000000
129896  29.923  79.665  12.223 0.0000000000
129897  25.734  78.267  12.212 0.0000000000
129898  24.926  78.255  11.870 0.0000000000
129910  30.533  80.509  11.927 0.0000000000
129911  29.696  79.713  11.569 0.0000000000
129912  28.823  78.979  11.278 0.0000000000
129913  24.287  78.292  11.400 0.0000000000
129914  23.754  78.364  10.863 0.0000000000
129923  29.408  79.905  10.897 0.0000000000
129924  28.610  79.206  10.645 0.0000000000
129925  27.901  78.518  10.407 0.0000000000
129926  23.372  78.500  10.150 0.0000000000
129927  23.062  78.921  9.796 0.0000000000
129932  28.321  79.522  9.949 0.0000000000
129933  27.737  78.877  9.833 0.0000000000
129934  26.962  78.778  9.073 0.0000000000
129935  23.455  78.167  9.598 0.0000000000
129936  23.066  78.718  9.514 0.0000000000
129943  26.177  78.789  8.303 0.0000000000
129944  25.723  78.275  8.041 0.0000000000
129945  23.544  78.021  9.228 0.0000000000
129946  23.276  78.442  8.941 0.0000000000
129952  25.804  79.301  7.854 0.0000000000
129953  25.402  78.826  7.597 0.0000000000
129954  25.162  78.283  7.597 0.0000000000
129955  23.619  78.325  8.109 0.0000000000
129956  23.437  78.440  8.342 0.0000000000
129962  24.964  79.157  7.166 0.0000000000
129963  24.776  78.747  7.296 0.0000000000
129964  24.420  78.580  7.411 0.0000000000
129965  24.133  78.485  7.554 0.0000000000
129966  23.742  78.493  7.825 0.0000000000
129967  23.486  78.548  8.036 0.0000000000
129978  24.425  79.094  7.131 0.0000000000
129979  24.211  78.974  7.223 0.0000000000
129980  23.926  78.886  7.362 0.0000000000
129981  23.753  78.866  7.503 0.0000000000
130276  31.328  78.661  25.920 0.0000000000
130277  30.534  78.925  24.733 0.0000000000
130285  29.640  78.957  23.479 0.0000000000
130286  28.346  78.892  22.460 0.0000000000
130297  26.812  78.892  21.888 0.0000000000
130298  25.683  78.919  21.310 0.0000000000
130311  24.888  78.927  20.663 0.0000000000
130312  24.305  78.871  19.897 0.0000000000
130327  23.844  78.828  19.073 0.0000000000
130337  28.507  81.342  20.825 0.0000000000
130338  23.744  78.775  18.353 0.0000000000
130346  30.156  83.600  18.104 0.0000000000
130347  29.360  83.027  18.704 0.0000000000
130348  28.910  82.356  19.239 0.0000000000
130349  28.245  81.361  19.924 0.0000000000
130350  27.987  80.642  20.132 0.0000000000
130351  27.914  80.203  20.345 0.0000000000
130352  23.874  78.741  17.949 0.0000000000
130358  30.923  83.658  16.880 0.0000000000
130359  30.708  82.995  17.878 0.0000000000
130360  30.116  82.060  17.976 0.0000000000
130361  30.176  81.528  17.640 0.0000000000
130362  29.209  81.813  18.774 0.0000000000
130363  28.022  80.944  20.135 0.0000000000
130364  27.607  80.625  20.330 0.0000000000
130365  24.140  78.678  17.724 0.0000000000
130371  31.549  84.477  16.040 0.0000000000
130372  31.021  81.102  16.513 0.0000000000
130373  30.972  81.301  16.613 0.0000000000
130374  31.007  81.065  15.996 0.0000000000
130375  26.778  80.364  19.987 0.0000000000
130376  25.841  79.953  19.314 0.0000000000
130377  25.219  79.458  18.239 0.0000000000
130378  24.816  78.996  17.771 0.0000000000
130379  24.469  78.576  17.696 0.0000000000
130388  31.528  84.223  15.020 0.0000000000
130389  30.844  80.830  15.439 0.0000000000
130390  30.615  80.471  14.616 0.0000000000
130404  31.956  83.115  13.917 0.0000000000
130405  31.570  81.841  13.173 0.0000000000
130406  29.922  80.014  13.727 0.0000000000
130407  28.628  79.566  13.069 0.0000000000
130408  27.477  79.090  12.646 0.0000000000
130420  32.061  82.653  13.177 0.0000000000
130421  31.644  81.878  12.668 0.0000000000
130422  26.604  79.034  12.443 0.0000000000
130423  25.566  78.991  12.117 0.0000000000
130434  31.102  81.306  12.081 0.0000000000
130435  30.523  80.931  11.511 0.0000000000
130436  24.702  79.001  11.642 0.0000000000
130437  23.980  79.037  11.111 0.0000000000
130444  29.981  80.654  10.915 0.0000000000
130445  29.338  80.466  10.458 0.0000000000
130446  23.473  79.088  10.504 0.0000000000
130447  23.116  79.252  9.975 0.0000000000
130451  28.738  80.308  9.970 0.0000000000
130452  28.068  80.120  9.499 0.0000000000
130453  27.441  79.551  9.197 0.0000000000
130454  22.925  79.376  9.538 0.0000000000
130460  27.484  80.450  9.087 0.0000000000
130461  26.850  79.937  8.650 0.0000000000
130462  22.861  79.289  9.107 0.0000000000
130469  26.063  79.959  8.085 0.0000000000
130470  25.434  79.902  7.630 0.0000000000
130471  22.953  79.263  8.590 0.0000000000
130479  24.974  79.728  7.180 0.0000000000
130480  24.606  79.638  6.950 0.0000000000
130481  23.549  78.928  7.618 0.0000000000
130482  23.190  79.183  7.919 0.0000000000
130492  24.421  79.582  6.849 0.0000000000
130493  24.214  79.681  6.835 0.0000000000
130494  24.019  79.426  7.049 0.0000000000
130495  23.611  79.428  7.310 0.0000000000
130496  23.245  79.709  7.650 0.0000000000
130507  23.990  79.956  6.662 0.0000000000
130508  23.890  79.876  6.895 0.0000000000
130509  23.860  79.844  7.097 0.0000000000
130768  30.216  79.953  24.108 0.0000000000
130769  28.739  79.882  23.049 0.0000000000
130782  27.321  79.789  22.347 0.0000000000
130783  26.198  79.739  21.694 0.0000000000
130796  25.418  79.764  20.988 0.0000000000
130797  24.939  79.738  20.205 0.0000000000
130812  24.526  79.688  19.281 0.0000000000
130827  28.168  82.093  20.513 0.0000000000
130828  24.052  79.673  18.436 0.0000000000
130829  23.983  79.884  18.214 0.0000000000
130838  28.540  83.078  19.790 0.0000000000
130839  28.077  82.419  20.179 0.0000000000
130840  24.089  79.682  18.006 0.0000000000
130841  24.069  79.835  18.120 0.0000000000
130847  29.848  82.575  18.014 0.0000000000
130848  28.790  82.173  18.712 0.0000000000
130849  28.225  81.916  19.592 0.0000000000
130850  24.304  79.691  17.941 0.0000000000
130857  30.433  82.035  17.182 0.0000000000
130858  31.150  81.494  16.561 0.0000000000
130859  27.687  81.683  20.336 0.0000000000
130860  26.641  81.328  20.361 0.0000000000
130861  25.588  80.828  19.655 0.0000000000
130862  25.030  80.128  18.366 0.0000000000
130863  24.619  79.455  17.851 0.0000000000
130876  31.063  81.693  16.382 0.0000000000
130877  30.960  81.366  15.453 0.0000000000
130892  30.839  81.060  14.585 0.0000000000
130893  29.775  80.600  13.678 0.0000000000
130894  28.020  80.046  12.834 0.0000000000
130908  26.506  79.929  12.347 0.0000000000
130909  25.354  79.877  11.896 0.0000000000
130923  31.139  81.892  11.667 0.0000000000
130924  24.439  79.869  11.332 0.0000000000
130925  23.697  79.918  10.646 0.0000000000
130926  23.265  80.334  10.089 0.0000000000
130935  30.636  82.182  11.070 0.0000000000
130936  29.871  81.487  10.546 0.0000000000
130937  23.273  79.721  10.162 0.0000000000
130938  22.919  80.222  9.664 0.0000000000
130939  22.534  80.865  9.364 0.0000000000
130943  29.938  82.627  10.685 0.0000000000
130944  29.198  81.960  10.169 0.0000000000
130945  28.511  81.190  9.684 0.0000000000
130946  22.695  80.126  9.257 0.0000000000
130947  22.334  80.989  9.171 0.0000000000
130952  28.447  82.352  9.890 0.0000000000
130953  27.838  81.598  9.443 0.0000000000
130954  27.030  81.380  9.006 0.0000000000
130955  22.621  80.183  8.919 0.0000000000
130956  22.270  81.161  8.928 0.0000000000
130962  26.314  81.168  8.463 0.0000000000
130963  25.504  81.046  7.971 0.0000000000
130964  22.657  80.467  8.516 0.0000000000
130965  22.274  81.372  8.765 0.0000000000
130971  24.650  80.966  7.387 0.0000000000
130972  24.444  80.372  6.924 0.0000000000
130973  22.936  80.235  8.000 0.0000000000
130978  24.045  81.247  6.931 0.0000000000
130979  24.024  80.692  6.580 0.0000000000
130980  24.128  80.237  6.459 0.0000000000
130981  23.689  79.955  7.199 0.0000000000
130982  23.408  80.302  7.495 0.0000000000
130992  23.948  80.945  6.153 0.0000000000
130993  24.020  80.562  6.272 0.0000000000
130994  23.970  80.519  6.538 0.0000000000
130995  24.019  80.454  7.063 0.0000000000
130996  23.851  80.771  7.319 0.0000000000
131223  29.328  80.833  23.378 0.0000000000
131237  27.829  80.678  22.721 0.0000000000
131238  26.648  80.612  22.129 0.0000000000
131250  25.903  80.590  21.372 0.0000000000
131251  25.625  80.667  20.650 0.0000000000
131267  25.476  80.756  19.713 0.0000000000
131285  24.889  80.601  18.659 0.0000000000
131286  24.186  80.027  18.264 0.0000000000
131298  24.422  80.668  18.198 0.0000000000
131299  24.189  80.134  18.076 0.0000000000
131310  24.601  80.817  18.286 0.0000000000
131318  27.910  82.579  19.875 0.0000000000
131319  26.594  82.241  20.015 0.0000000000
131320  25.547  81.499  18.948 0.0000000000
131321  24.933  80.758  18.337 0.0000000000
131342  29.367  81.373  13.398 0.0000000000
131343  27.556  80.996  12.664 0.0000000000
131350  26.226  80.835  12.124 0.0000000000
131351  25.147  80.795  11.498 0.0000000000
131359  24.215  80.736  10.895 0.0000000000
131360  23.557  80.841  10.292 0.0000000000
131361  22.943  81.153  9.729 0.0000000000
131362  22.460  81.828  9.425 0.0000000000
131368  22.576  81.166  9.489 0.0000000000
131369  22.247  81.927  9.334 0.0000000000
131370  21.873  82.648  9.412 0.0000000000
131375  29.378  83.999  11.007 0.0000000000
131376  22.107  82.011  9.154 0.0000000000
131377  21.688  82.826  9.303 0.0000000000
131382  28.659  83.837  10.517 0.0000000000
131383  27.787  83.573  10.099 0.0000000000
131384  27.274  82.617  9.395 0.0000000000
131385  21.922  82.264  8.949 0.0000000000
131386  21.510  82.999  9.166 0.0000000000
131391  27.080  83.877  9.775 0.0000000000
131392  26.433  82.948  9.047 0.0000000000
131393  25.725  82.134  8.365 0.0000000000
131394  22.613  80.881  8.311 0.0000000000
131395  22.244  81.694  8.592 0.0000000000
131402  25.646  83.237  8.448 0.0000000000
131403  24.930  82.526  7.855 0.0000000000
131404  22.641  81.278  8.064 0.0000000000
131405  22.151  82.008  8.409 0.0000000000
131410  24.237  82.287  7.132 0.0000000000
131411  24.203  81.992  6.599 0.0000000000
131412  23.465  81.232  7.571 0.0000000000
131418  24.043  81.780  6.058 0.0000000000
131419  23.993  81.598  5.669 0.0000000000
131420  23.917  81.266  5.908 0.0000000000
131421  24.048  81.491  6.495 0.0000000000
131422  23.948  81.323  7.078 0.0000000000
131429  24.019  81.999  5.424 0.0000000000
131430  24.066  82.035  5.884 0.0000000000
131431  24.138  82.070  6.174 0.0000000000
131662  30.065  81.923  23.373 0.0000000000
131676  28.411  81.499  22.903 0.0000000000
131677  27.171  81.400  22.468 0.0000000000
131686  26.307  81.576  21.644 0.0000000000
131687  25.891  81.255  21.080 0.0000000000
131699  26.153  82.108  21.390 0.0000000000
131700  25.850  82.274  20.823 0.0000000000
131709  25.540  82.207  19.597 0.0000000000
131717  25.251  82.265  18.726 0.0000000000
131725  25.220  82.011  18.607 0.0000000000
131735  28.274  83.671  19.040 0.0000000000
131736  26.330  82.889  19.003 0.0000000000
131737  25.313  82.104  18.936 0.0000000000
131745  29.286  84.271  18.097 0.0000000000
131752  28.535  82.172  12.816 0.0000000000
131753  27.076  81.630  12.370 0.0000000000
131757  27.319  82.312  12.319 0.0000000000
131758  26.140  81.859  11.787 0.0000000000
131759  24.794  81.749  10.954 0.0000000000
131760  24.081  81.994  10.320 0.0000000000
131768  23.980  81.385  10.472 0.0000000000
131769  23.411  81.778  9.922 0.0000000000
131770  22.571  82.192  9.591 0.0000000000
131771  21.917  82.648  9.583 0.0000000000
131772  21.365  83.208  9.840 0.0000000000
131779  21.773  82.841  9.582 0.0000000000
131780  21.211  83.325  9.682 0.0000000000
131781  20.646  83.747  9.657 0.0000000000
131787  21.161  83.401  9.397 0.0000000000
131788  20.538  83.856  9.409 0.0000000000
131794  28.109  85.623  10.926 0.0000000000
131795  21.743  82.519  8.798 0.0000000000
131796  21.105  83.326  9.007 0.0000000000
131797  20.431  83.942  9.175 0.0000000000
131806  27.319  85.453  10.514 0.0000000000
131807  26.673  85.093  9.771 0.0000000000
131808  21.621  82.764  8.618 0.0000000000
131809  21.081  83.401  8.770 0.0000000000
131814  26.093  84.565  8.853 0.0000000000
131815  25.283  84.266  8.142 0.0000000000
131816  22.760  82.044  7.812 0.0000000000
131817  22.078  82.343  8.229 0.0000000000
131821  24.617  83.932  7.298 0.0000000000
131822  24.343  83.068  6.804 0.0000000000
131823  23.658  82.034  7.358 0.0000000000
131828  24.563  84.068  6.638 0.0000000000
131829  24.446  83.183  6.023 0.0000000000
131830  24.124  82.453  5.549 0.0000000000
131831  24.197  82.145  6.390 0.0000000000
131832  24.221  82.361  6.717 0.0000000000
131837  24.302  83.312  5.270 0.0000000000
131838  24.175  82.665  4.978 0.0000000000
131839  24.135  82.724  5.235 0.0000000000
131840  24.278  82.701  6.008 0.0000000000
131841  24.365  83.027  6.374 0.0000000000
132068  29.677  82.829  23.580 0.0000000000
132081  29.076  82.341  22.675 0.0000000000
132082  27.742  82.014  22.568 0.0000000000
132091  26.918  82.007  22.233 0.0000000000
132113  26.460  84.039  18.584 0.0000000000
132114  25.856  83.424  18.707 0.0000000000
132121  28.570  84.586  17.957 0.0000000000
132122  27.086  83.960  18.678 0.0000000000
132123  25.938  83.096  18.725 0.0000000000
132140  28.132  82.960  12.574 0.0000000000
132145  27.057  82.965  11.977 0.0000000000
132146  25.801  82.823  11.162 0.0000000000
132147  24.572  82.790  10.396 0.0000000000
132148  23.749  82.455  10.004 0.0000000000
132157  23.772  83.109  9.951 0.0000000000
132158  22.952  82.840  9.773 0.0000000000
132159  21.923  83.059  9.770 0.0000000000
132160  21.201  83.393  9.912 0.0000000000
132161  20.655  83.805  9.951 0.0000000000
132162  19.940  84.164  9.990 0.0000000000
132169  20.453  83.894  9.860 0.0000000000
132170  19.860  84.260  9.713 0.0000000000
132171  19.337  84.747  9.449 0.0000000000
132178  19.909  84.291  9.326 0.0000000000
132179  19.230  84.810  9.159 0.0000000000
132189  20.760  83.669  8.845 0.0000000000
132190  20.015  84.079  8.934 0.0000000000
132191  19.109  84.931  8.878 0.0000000000
132201  27.287  86.882  10.216 0.0000000000
132202  21.557  82.974  8.340 0.0000000000
132203  20.798  83.743  8.571 0.0000000000
132204  19.578  84.704  8.707 0.0000000000
132209  26.302  86.661  9.483 0.0000000000
132210  25.892  85.599  8.503 0.0000000000
132211  22.931  82.534  7.553 0.0000000000
132212  21.950  83.201  7.949 0.0000000000
132213  21.009  83.849  8.337 0.0000000000
132217  25.906  86.903  8.605 0.0000000000
132218  25.442  85.910  7.755 0.0000000000
132219  23.639  83.132  7.342 0.0000000000
132220  22.705  83.584  7.610 0.0000000000
132225  24.896  85.444  6.864 0.0000000000
132226  24.677  84.864  6.066 0.0000000000
132227  24.430  83.438  6.612 0.0000000000
132233  24.468  84.411  5.311 0.0000000000
132234  24.384  84.036  4.645 0.0000000000
132235  24.326  83.511  4.598 0.0000000000
132236  24.243  83.655  4.926 0.0000000000
132237  24.480  83.646  5.936 0.0000000000
132242  24.226  84.281  4.095 0.0000000000
132243  24.226  84.037  4.116 0.0000000000
132244  24.005  84.130  4.200 0.0000000000
132468  28.846  83.083  22.372 0.0000000000
132469  28.173  82.456  22.521 0.0000000000
132477  27.474  83.113  22.113 0.0000000000
132493  26.060  84.595  19.157 0.0000000000
132497  27.665  85.380  18.112 0.0000000000
132498  26.688  84.773  18.534 0.0000000000
132505  28.602  85.288  17.777 0.0000000000
132506  27.426  84.733  18.296 0.0000000000
132545  19.829  84.455  10.091 0.0000000000
132546  19.285  84.937  9.808 0.0000000000
132557  19.114  84.943  9.608 0.0000000000
132589  20.588  84.112  8.438 0.0000000000
132590  19.939  84.633  8.524 0.0000000000
132598  27.569  88.166  9.493 0.0000000000
132599  22.199  84.140  7.836 0.0000000000
132600  20.845  84.472  8.281 0.0000000000
132609  26.362  88.464  8.939 0.0000000000
132610  25.787  87.691  8.058 0.0000000000
132611  24.155  84.302  6.951 0.0000000000
132612  23.286  84.136  7.503 0.0000000000
132622  25.897  88.767  7.943 0.0000000000
132623  25.328  87.668  7.089 0.0000000000
132624  25.133  86.233  6.262 0.0000000000
132625  24.550  84.536  6.168 0.0000000000
132634  25.404  87.401  5.975 0.0000000000
132635  25.170  86.077  5.268 0.0000000000
132636  24.584  85.148  4.681 0.0000000000
132637  24.401  84.319  4.573 0.0000000000
132638  24.469  84.746  5.079 0.0000000000
132646  25.001  86.133  4.430 0.0000000000
132647  24.593  85.332  4.042 0.0000000000
132648  24.283  85.129  3.975 0.0000000000
132649  24.063  84.946  4.052 0.0000000000
132650  23.977  85.447  4.214 0.0000000000
132837  26.919  86.262  19.552 0.0000000000
132841  27.529  86.071  18.776 0.0000000000
132842  26.702  85.391  18.951 0.0000000000
132848  28.630  86.231  17.896 0.0000000000
132860  29.545  85.774  17.324 0.0000000000
132958  28.104  89.455  8.900 0.0000000000
132967  29.290  89.812  7.660 0.0000000000
132968  27.598  89.507  7.579 0.0000000000
132969  26.159  89.198  7.162 0.0000000000
132970  24.770  85.829  5.620 0.0000000000
132975  27.251  89.668  6.545 0.0000000000
132976  26.266  89.007  6.032 0.0000000000
132977  25.829  87.690  5.274 0.0000000000
132978  24.228  86.106  4.457 0.0000000000
132984  26.555  88.687  4.858 0.0000000000
132985  25.658  87.626  4.566 0.0000000000
132986  25.065  86.993  4.079 0.0000000000
132987  24.700  86.474  3.751 0.0000000000
132988  24.434  86.257  3.791 0.0000000000
132989  24.289  86.203  3.987 0.0000000000
133151  27.831  87.526  19.724 0.0000000000
133161  28.469  87.245  18.869 0.0000000000
133275  31.320  90.133  6.295 0.0000000000
133276  29.382  90.121  6.937 0.0000000000
133285  31.135  90.536  5.416 0.0000000000
133286  29.387  90.333  5.741 0.0000000000
133287  27.600  89.923  5.847 0.0000000000
133293  29.681  90.475  4.565 0.0000000000
133294  28.213  89.975  4.753 0.0000000000
133295  27.038  89.309  4.228 0.0000000000
133296  26.088  88.586  3.978 0.0000000000
133592  32.952  90.427  4.510 0.0000000000
133593  31.857  90.484  5.146 0.0000000000
133602  33.756  90.758  2.785 0.0000000000
133603  31.712  90.848  4.180 0.0000000000
133604  30.390  90.683  4.468 0.0000000000
133619  32.690  91.329  1.670 0.0000000000
133620  30.575  91.226  3.435 0.0000000000
133621  28.821  90.813  3.725 0.0000000000
136099  26.564  82.518  21.753 0.0000000000
136100  25.711  83.381  20.716 0.0000000000
136101  25.661  83.786  20.547 0.0000000000
136102  25.631  83.617  20.735 0.0000000000
136103  27.515  82.501  22.287 0.0000000000
136104  25.892  83.710  21.011 0.0000000000
136105  25.619  84.077  19.779 0.0000000000
136106  26.686  85.520  21.355 0.0000000000
136108  26.315  83.202  21.394 0.0000000000
136109  27.208  86.906  20.960 0.0000000000
136113  26.055  85.284  20.529 0.0000000000
136117  26.893  83.419  21.899 0.0000000000
136118  26.783  84.237  21.670 0.0000000000
136120  26.526  86.218  20.329 0.0000000000
136123  28.139  84.104  22.288 0.0000000000
136128  27.295  87.634  20.527 0.0000000000
