#!ascii label  , from subject Yale_0050553 vox2ras=TkReg
944
12350  -8.542  -37.546  80.187 0.2222220004
12901  -8.869  -34.231  79.841 0.3333329856
13499  -9.272  -32.271  79.684 0.4444440007
13857  -10.572  -31.424  79.098 0.5555559993
14183  -10.146  -30.029  79.708 0.5555559993
14185  -11.531  -30.986  79.249 0.5555559993
14184  -11.940  -29.150  79.459 0.4444440007
12640  -7.802  -35.146  80.058 0.4444440007
12348  -5.485  -36.835  79.183 0.3333329856
12349  -6.961  -36.982  79.774 0.3333329856
13182  -10.137  -33.462  78.994 0.4444440007
13856  -8.591  -30.203  80.091 0.5555559993
14467  -9.681  -28.830  79.497 0.6666669846
13862  -13.360  -31.391  79.173 0.4444440007
14469  -14.074  -28.621  78.662 0.7777780294
14186  -14.410  -30.044  79.060 0.7777780294
14717  -11.442  -28.168  78.881 0.7777780294
14719  -12.979  -28.012  77.754 0.7777780294
14718  -11.358  -27.928  77.703 0.7777780294
12900  -5.963  -34.468  79.683 0.3333329856
13178  -6.944  -32.605  80.231 0.4444440007
12641  -3.413  -36.348  76.997 0.4444440007
12352  -4.768  -37.318  78.192 0.1111110002
12899  -4.182  -34.895  78.293 0.4444440007
13496  -3.891  -32.594  78.489 0.4444440007
13498  -5.259  -32.001  79.609 0.5555559993
12902  -2.525  -34.868  76.685 0.5555559993
13855  -6.534  -31.089  80.235 0.5555559993
13180  -3.170  -33.341  77.659 0.4444440007
13854  -6.075  -30.357  79.798 0.6666669846
14465  -8.426  -28.589  78.996 0.7777780294
14187  -15.921  -29.522  78.374 0.7777780294
13497  -2.475  -32.201  77.099 0.5555559993
13495  -3.763  -31.250  78.193 0.5555559993
14471  -15.437  -28.705  77.943 0.7777780294
14182  -5.467  -29.742  78.592 0.6666669846
14466  -7.077  -28.823  78.176 0.7777780294
14475  -13.194  -28.289  75.815 0.7777780294
14468  -9.057  -28.469  77.409 0.6666669846
14191  -10.876  -28.672  75.704 0.6666669846
14474  -12.598  -28.913  74.452 0.7777780294
13865  -6.479  -29.751  76.581 0.5555559993
14189  -8.865  -29.318  76.040 0.5555559993
14192  -11.203  -29.545  73.907 0.6666669846
13502  -17.429  -32.246  78.355 0.4444440007
14472  -14.612  -28.353  76.907 0.7777780294
13879  -9.586  -30.160  74.273 0.6666669846
14188  -18.228  -29.975  77.626 0.5555559993
14470  -16.758  -28.822  76.927 0.8888890147
14476  -15.599  -28.506  75.283 0.7777780294
14198  -13.269  -29.121  73.455 0.6666669846
14477  -14.806  -29.107  73.437 0.7777780294
14203  -13.819  -29.252  71.604 0.5555559993
13194  -20.754  -33.412  77.262 0.4444440007
13871  -18.813  -31.383  77.879 0.5555559993
14727  -25.853  -27.745  72.496 0.3333329856
14473  -18.354  -29.095  76.819 0.8888890147
15195  -24.863  -25.997  73.581 0.4444440007
16036  -23.803  -23.281  75.633 0.5555559993
14208  -15.668  -29.310  72.556 0.8888890147
16693  -23.232  -21.639  73.738 0.8888890147
16382  -23.950  -22.101  74.999 0.7777780294
16386  -28.504  -22.372  74.135 0.3333329856
16697  -25.686  -21.239  73.857 0.6666669846
16707  -29.111  -21.211  72.704 0.4444440007
16706  -27.651  -20.741  72.358 0.6666669846
13508  -20.340  -31.263  77.504 0.6666669846
14479  -26.076  -28.768  73.994 0.2222220004
14190  -19.613  -29.721  77.049 0.7777780294
14947  -25.468  -27.252  74.189 0.5555559993
15182  -24.489  -26.281  75.044 0.5555559993
14199  -17.996  -28.896  75.039 0.8888890147
15456  -23.720  -25.093  75.548 0.5555559993
16049  -29.554  -22.802  73.529 0.5555559993
16700  -24.999  -21.070  72.257 0.8888890147
14209  -15.833  -29.870  70.268 0.6666669846
14207  -14.675  -29.692  70.490 0.6666669846
13193  -21.540  -32.512  77.042 0.1111110002
13872  -21.203  -30.438  77.012 0.7777780294
15740  -22.706  -23.373  75.846 0.8888890147
16708  -30.413  -21.225  72.159 0.5555559993
15739  -22.114  -22.941  75.297 0.8888890147
14220  -17.225  -29.567  72.658 0.8888890147
16705  -27.080  -20.696  71.120 0.8888890147
16704  -25.292  -21.322  69.733 0.8888890147
14218  -15.304  -29.613  68.514 0.4444440007
14222  -16.562  -30.118  68.593 0.6666669846
13515  -22.591  -31.938  76.792 0.1111110002
13195  -22.648  -33.976  75.862 0.1111110002
14478  -25.029  -28.057  75.681 0.3333329856
14946  -23.207  -26.586  76.167 0.6666669846
14193  -19.806  -29.334  75.865 0.7777780294
15181  -22.497  -25.522  76.190 0.6666669846
16050  -30.784  -22.480  72.315 0.4444440007
15180  -21.260  -24.309  75.700 0.8888890147
14200  -18.769  -29.313  74.211 0.7777780294
16709  -29.605  -20.440  71.239 0.7777780294
14205  -18.809  -30.094  72.536 0.7777780294
16696  -22.854  -21.646  72.354 1.0000000000
14219  -17.771  -30.140  70.267 0.7777780294
14210  -19.373  -30.145  71.300 0.7777780294
14227  -15.915  -30.238  66.680 0.5555559993
14223  -17.613  -30.274  68.046 0.5555559993
14228  -18.881  -29.764  68.537 0.6666669846
13520  -23.922  -32.308  75.672 0.1111110002
13877  -23.616  -30.891  76.380 0.1111110002
13878  -24.611  -30.559  75.964 0.1111110002
14196  -23.458  -29.109  76.365 0.6666669846
14720  -22.108  -27.419  76.193 0.7777780294
16710  -31.959  -20.727  71.170 0.4444440007
16387  -32.641  -21.669  71.079 0.2222220004
14194  -21.098  -29.266  76.116 0.7777780294
14201  -20.047  -29.247  74.215 0.7777780294
15738  -20.715  -23.459  73.955 1.0000000000
16991  -31.859  -19.985  70.518 0.8888890147
16041  -21.660  -22.378  73.219 1.0000000000
16388  -28.389  -20.650  69.611 0.8888890147
16391  -29.848  -20.022  69.454 0.6666669846
16713  -31.640  -19.586  69.201 0.8888890147
14211  -19.957  -29.205  72.254 0.7777780294
14221  -19.472  -29.520  69.881 0.7777780294
16703  -23.016  -21.946  68.689 1.0000000000
14729  -19.547  -26.989  71.581 0.8888890147
14489  -19.162  -27.727  68.679 0.6666669846
14233  -18.676  -29.005  67.521 0.6666669846
13876  -22.480  -30.062  76.733 0.6666669846
14195  -21.578  -28.565  75.959 0.7777780294
14721  -20.734  -27.636  75.064 1.0000000000
14945  -20.115  -25.779  74.757 1.0000000000
16711  -33.401  -20.159  70.242 0.5555559993
16392  -33.965  -22.065  70.487 0.4444440007
14212  -20.119  -28.375  73.883 0.7777780294
15458  -20.013  -24.699  73.401 1.0000000000
15758  -20.798  -23.486  71.537 0.8888890147
16389  -26.797  -21.366  68.899 0.8888890147
16399  -30.711  -19.780  68.646 0.8888890147
16992  -33.273  -19.310  68.590 0.8888890147
16053  -21.706  -22.618  70.132 0.8888890147
16061  -29.871  -20.781  67.917 0.8888890147
16404  -30.943  -20.064  67.621 0.8888890147
16715  -31.876  -19.425  67.604 0.8888890147
14971  -19.753  -25.620  68.156 0.8888890147
16390  -28.213  -21.724  67.931 0.8888890147
16712  -23.975  -21.726  67.771 0.8888890147
16397  -25.269  -21.724  67.787 0.7777780294
16405  -31.420  -20.162  66.437 0.7777780294
16060  -30.677  -21.406  66.384 0.8888890147
16716  -23.122  -21.678  65.238 0.7777780294
16059  -27.289  -22.558  66.390 0.7777780294
15772  -29.313  -22.600  66.526 1.0000000000
16398  -24.891  -21.786  66.300 0.7777780294
16403  -25.893  -22.226  64.837 0.6666669846
16058  -28.570  -23.290  65.500 0.6666669846
15770  -30.037  -23.653  64.928 0.7777780294
16402  -24.758  -21.608  64.860 0.6666669846
16065  -27.115  -22.853  62.994 0.5555559993
16415  -24.335  -21.594  63.413 0.5555559993
16066  -28.528  -23.302  63.876 0.5555559993
14722  -19.791  -27.162  73.555 1.0000000000
15194  -19.623  -25.785  72.886 1.0000000000
16714  -34.866  -20.403  69.681 0.4444440007
15757  -20.693  -23.774  68.738 0.8888890147
16717  -32.801  -19.613  66.369 0.8888890147
16396  -21.508  -22.580  66.615 0.8888890147
14492  -18.869  -27.934  66.490 0.4444440007
16067  -31.926  -20.925  65.384 0.8888890147
15771  -31.318  -22.871  64.954 0.7777780294
16424  -21.618  -21.877  63.745 0.5555559993
16425  -22.014  -21.514  61.588 0.4444440007
16078  -26.053  -22.360  62.767 0.3333329856
16077  -26.455  -22.329  61.769 0.2222220004
16071  -29.893  -23.477  63.695 0.5555559993
16421  -24.601  -21.574  61.742 0.1111110002
16086  -25.809  -22.097  60.920 0.1111110002
16085  -27.430  -22.781  61.347 0.2222220004
16393  -35.040  -22.260  69.702 0.4444440007
16993  -34.227  -19.345  68.976 0.8888890147
17005  -33.508  -19.150  66.975 0.8888890147
15765  -20.492  -23.644  65.847 0.7777780294
14975  -19.836  -25.760  65.435 0.6666669846
16070  -20.423  -22.742  64.293 0.6666669846
16423  -20.632  -22.014  62.929 0.5555559993
16105  -22.123  -21.018  59.419 0.1111110002
16428  -23.039  -21.288  60.453 0.1111110002
16079  -28.733  -22.958  62.346 0.3333329856
16062  -34.739  -23.680  69.295 0.1111110002
16063  -35.660  -23.244  68.626 0.1111110002
16400  -35.764  -21.314  68.800 0.1111110002
16999  -35.536  -19.452  68.655 0.5555559993
16406  -37.116  -21.986  68.199 0.1111110002
17253  -34.483  -18.618  67.759 0.8888890147
16726  -33.549  -19.882  65.016 0.8888890147
15483  -20.080  -23.965  64.696 0.5555559993
16407  -38.158  -21.251  67.912 0.1111110002
17008  -34.098  -18.853  65.732 1.0000000000
17003  -37.527  -19.339  68.358 0.2222220004
17256  -35.282  -18.239  68.331 0.4444440007
17481  -34.444  -17.201  66.414 1.0000000000
16727  -38.721  -19.407  67.549 0.1111110002
17483  -37.198  -17.443  68.321 0.2222220004
17482  -35.276  -16.796  67.884 0.5555559993
17270  -34.667  -17.938  64.646 1.0000000000
17012  -35.686  -18.623  62.595 1.0000000000
17736  -37.681  -16.099  68.156 0.3333329856
17734  -36.044  -15.654  68.020 0.2222220004
17735  -34.598  -15.639  66.890 0.6666669846
17486  -34.832  -16.624  64.579 1.0000000000
17497  -35.891  -17.031  62.771 1.0000000000
17508  -35.382  -17.768  61.260 1.0000000000
17484  -38.783  -16.610  67.489 0.2222220004
17747  -34.365  -14.773  65.647 0.8888890147
17751  -34.994  -15.044  63.830 1.0000000000
17762  -35.452  -16.264  62.127 1.0000000000
17516  -33.813  -17.024  59.837 0.7777780294
18000  -36.899  -14.787  67.883 0.4444440007
18227  -35.004  -14.374  66.786 0.5555559993
18541  -34.724  -13.172  64.391 1.0000000000
18237  -34.599  -14.186  62.908 1.0000000000
18018  -34.130  -15.368  61.259 0.8888890147
17768  -32.769  -15.819  58.907 0.3333329856
18242  -33.655  -14.229  60.987 0.7777780294
18001  -38.078  -15.144  67.398 0.3333329856
18228  -37.674  -13.505  66.972 0.4444440007
18538  -36.360  -13.421  67.042 0.4444440007
18540  -35.895  -12.461  65.752 0.7777780294
19109  -35.755  -11.780  64.725 0.7777780294
19413  -36.804  -10.641  63.642 0.6666669846
18816  -35.035  -11.812  63.185 1.0000000000
19118  -36.160  -10.818  62.553 0.7777780294
18557  -34.383  -12.868  62.687 0.8888890147
18815  -34.711  -12.073  61.525 1.0000000000
19117  -36.531  -11.081  61.414 1.0000000000
18244  -33.430  -13.685  60.161 0.7777780294
18022  -32.504  -14.338  58.073 0.2222220004
18560  -33.721  -13.231  59.233 0.6666669846
18833  -35.486  -12.383  59.239 0.8888890147
18561  -33.534  -13.237  57.349 0.5555559993
18825  -34.323  -12.919  58.106 0.5555559993
18006  -39.326  -15.556  66.743 0.1111110002
17264  -40.399  -17.043  65.870 0.1111110002
18805  -37.476  -12.023  65.872 0.4444440007
19120  -38.344  -9.824  62.085 0.6666669846
19125  -39.788  -9.334  60.612 0.8888890147
19119  -38.332  -10.822  60.233 0.8888890147
18836  -37.680  -12.039  58.610 0.7777780294
18832  -35.185  -12.646  57.124 0.5555559993
18835  -36.997  -12.868  57.028 0.7777780294
18229  -39.143  -14.424  66.620 0.1111110002
18550  -38.884  -12.274  65.554 0.3333329856
19110  -37.852  -10.970  64.641 0.3333329856
19112  -40.962  -10.350  63.833 0.3333329856
19414  -40.570  -9.361  62.745 0.6666669846
19418  -40.920  -8.649  61.100 0.8888890147
19126  -40.696  -8.846  59.579 0.8888890147
19124  -39.171  -11.044  58.149 0.7777780294
18834  -35.752  -12.830  56.073 0.6666669846
18837  -38.041  -13.000  55.882 0.6666669846
18841  -36.231  -13.165  55.045 0.5555559993
18551  -40.331  -13.141  65.116 0.2222220004
18809  -40.252  -11.821  64.683 0.3333329856
18552  -41.760  -13.159  64.226 0.2222220004
19417  -42.572  -9.557  62.742 0.3333329856
19746  -42.954  -8.667  61.430 0.3333329856
19750  -41.935  -8.390  59.326 0.5555559993
19438  -41.541  -8.753  57.812 0.8888890147
19132  -40.139  -9.855  57.645 0.7777780294
19138  -40.103  -10.890  55.641 0.7777780294
19137  -39.229  -12.319  55.014 0.7777780294
18845  -38.391  -12.971  54.169 0.7777780294
19145  -40.724  -10.248  54.216 0.7777780294
19146  -39.204  -11.730  53.027 0.5555559993
18852  -36.930  -13.108  52.532 0.5555559993
19150  -37.714  -11.890  50.895 0.5555559993
18812  -42.254  -11.540  63.808 0.3333329856
19121  -43.276  -10.786  62.833 0.3333329856
19122  -44.157  -10.757  61.988 0.2222220004
19432  -44.751  -9.758  61.078 0.3333329856
19749  -44.191  -8.797  60.078 0.3333329856
19127  -45.928  -10.550  59.714 0.2222220004
19751  -44.867  -9.198  58.948 0.3333329856
20044  -43.750  -8.441  58.505 0.6666669846
19139  -41.034  -9.476  56.106 0.7777780294
19756  -42.780  -8.271  57.772 0.7777780294
19463  -40.558  -10.354  51.975 0.6666669846
18872  -35.652  -12.908  48.959 0.1111110002
19155  -38.503  -11.321  49.921 0.5555559993
19439  -45.690  -10.115  58.520 0.2222220004
19133  -46.220  -11.761  58.366 0.2222220004
18829  -46.741  -13.343  59.599 0.1111110002
19446  -41.940  -8.640  56.033 0.7777780294
19456  -41.795  -9.196  54.207 0.7777780294
19768  -42.764  -8.865  53.474 0.7777780294
19475  -41.520  -10.299  50.676 0.6666669846
19465  -42.994  -9.541  51.379 0.7777780294
19159  -36.993  -11.934  47.863 0.3333329856
19757  -45.068  -8.837  57.235 0.4444440007
19764  -43.931  -8.384  56.658 0.5555559993
19763  -43.243  -8.479  55.158 0.8888890147
19774  -44.574  -8.431  53.515 0.7777780294
19160  -42.751  -10.471  50.128 0.7777780294
19473  -38.458  -11.540  48.119 0.4444440007
19474  -40.369  -11.018  49.514 0.7777780294
19176  -37.444  -11.280  46.322 0.4444440007
19166  -42.517  -11.322  49.042 0.7777780294
19440  -46.017  -10.113  57.021 0.3333329856
19760  -45.882  -8.962  56.070 0.4444440007
19162  -45.014  -9.643  51.012 0.6666669846
19161  -44.753  -10.876  49.900 0.7777780294
19481  -39.493  -11.366  47.256 0.4444440007
19478  -40.229  -11.434  48.282 0.5555559993
19134  -46.714  -11.665  57.073 0.3333329856
19451  -47.038  -9.615  55.753 0.3333329856
19769  -45.455  -8.484  55.171 0.4444440007
19775  -46.649  -8.336  53.695 0.5555559993
19466  -45.333  -8.695  52.371 0.5555559993
19467  -47.383  -8.528  52.178 0.5555559993
19163  -46.636  -10.102  50.008 0.6666669846
19482  -41.666  -11.416  47.249 0.2222220004
19491  -39.334  -10.676  45.596 0.2222220004
19798  -44.089  -9.115  45.161 0.7777780294
19452  -48.743  -10.819  55.532 0.4444440007
19770  -47.874  -9.014  54.913 0.4444440007
19778  -48.062  -8.405  53.940 0.4444440007
19469  -48.989  -8.414  52.475 0.4444440007
19468  -48.800  -8.678  50.859 0.4444440007
19167  -44.505  -11.301  48.871 0.7777780294
19492  -42.852  -11.135  46.907 0.7777780294
19505  -40.212  -10.447  44.353 0.2222220004
19500  -41.229  -10.311  45.019 0.2222220004
19493  -44.472  -10.467  47.421 0.7777780294
20923  -44.414  -5.774  42.143 0.6666669846
19476  -47.811  -9.474  49.892 0.5555559993
19479  -46.135  -10.383  48.757 0.7777780294
19790  -46.066  -9.227  47.888 0.7777780294
20355  -46.000  -7.323  47.024 0.7777780294
20370  -44.770  -6.991  43.663 0.7777780294
20653  -43.271  -7.237  41.398 0.4444440007
19776  -49.520  -9.008  53.920 0.4444440007
19470  -49.961  -8.527  52.260 0.4444440007
20365  -45.650  -6.493  45.728 0.7777780294
21212  -45.613  -3.939  43.801 0.7777780294
20933  -43.403  -5.128  41.404 0.4444440007
19780  -50.577  -8.417  51.394 0.4444440007
19782  -49.735  -8.302  50.154 0.5555559993
19786  -48.391  -8.319  49.059 0.5555559993
21494  -44.866  -3.385  42.243 0.4444440007
19783  -51.272  -7.920  50.481 0.3333329856
20350  -48.168  -6.641  49.010 0.6666669846
20630  -46.882  -6.182  47.942 0.6666669846
20914  -46.874  -4.517  47.057 0.6666669846
21210  -46.401  -3.369  45.380 0.7777780294
21491  -46.484  -1.981  44.180 0.7777780294
21501  -43.558  -2.613  41.039 0.4444440007
20074  -50.545  -6.997  49.727 0.3333329856
20626  -49.551  -4.993  49.293 0.5555559993
20631  -48.228  -4.791  48.795 0.6666669846
21205  -48.349  -2.536  47.715 0.6666669846
21482  -47.298  -1.809  45.769 0.7777780294
22015  -47.737  -0.451  45.205 0.7777780294
21746  -46.094  -1.667  43.010 0.7777780294
21500  -41.613  -3.301  40.445 0.4444440007
22020  -45.258  -1.142  41.530 0.6666669846
20627  -50.937  -4.643  48.877 0.4444440007
20351  -51.076  -6.380  49.480 0.4444440007
21202  -49.209  -2.787  48.509 0.6666669846
21737  -48.586  0.120  46.652 0.6666669846
21752  -42.888  -2.093  40.493 0.5555559993
21199  -50.110  -2.680  48.645 0.5555559993
21734  -49.277  -0.135  47.692 0.6666669846
22301  -48.325  0.867  44.276 0.7777780294
22305  -47.216  0.803  41.970 0.7777780294
21735  -50.205  -0.233  47.816 0.5555559993
22012  -49.913  1.181  46.811 0.5555559993
22299  -49.306  1.480  45.898 0.6666669846
21738  -50.767  -0.213  46.928 0.3333329856
21486  -51.111  -1.366  45.867 0.3333329856
22643  -49.716  1.948  44.625 0.6666669846
22649  -49.593  2.651  42.834 0.7777780294
22302  -50.637  1.371  44.884 0.3333329856
22646  -51.092  2.498  43.016 0.6666669846
22915  -53.409  3.434  41.250 0.5555559993
22303  -51.687  1.551  43.201 0.4444440007
19791  -45.240  -8.529  46.667 0.7777780294
20373  -43.524  -8.094  42.224 0.7777780294
20077  -46.632  -7.915  47.922 0.7777780294
19480  -52.218  -8.496  49.674 0.3333329856
12903  -10.365  -34.715  79.117 0.4444440007
13503  -15.454  -31.817  78.713 0.5555559993
13187  -19.760  -33.712  77.701 0.3333329856
14197  -11.729  -29.431  72.399 0.6666669846
15745  -24.741  -24.376  74.859 0.5555559993
14202  -25.988  -30.082  74.063 0.2222220004
14981  -19.096  -27.247  64.472 0.3333329856
16091  -19.789  -22.327  61.725 0.5555559993
16068  -37.900  -23.464  67.192 0.1111110002
18840  -34.338  -12.954  55.683 0.4444440007
22024  -43.692  -1.153  40.183 0.5555559993
12647  -1.980  -36.160  75.480 0.3333329856
13179  -1.730  -33.389  76.778 0.4444440007
12904  -0.868  -34.578  76.176 0.3333329856
13181  -0.610  -33.775  76.299 0.3333329856
12908  0.961  -34.276  73.878 0.2222220004
12907  1.147  -33.721  75.242 0.3333329856
13183  0.429  -33.491  76.040 0.3333329856
13500  -1.125  -32.702  76.129 0.1111110002
13504  0.562  -32.881  75.541 0.2222220004
13863  -2.731  -31.117  76.430 0.3333329856
13516  0.874  -32.352  74.390 0.2222220004
13873  -0.414  -32.125  75.011 0.2222220004
13518  -1.608  -31.342  74.819 0.2222220004
13200  1.162  -33.500  73.450 0.2222220004
12911  0.133  -34.455  71.751 0.2222220004
13511  -3.065  -31.055  75.224 0.1111110002
13864  -5.017  -29.907  77.025 0.1111110002
13510  -4.685  -30.893  75.395 0.1111110002
13517  -2.974  -31.239  73.946 0.1111110002
13512  -5.874  -32.011  74.242 0.2222220004
13509  -4.113  -31.601  74.099 0.1111110002
13866  -7.551  -31.053  74.885 0.4444440007
13209  -4.208  -31.945  72.949 0.1111110002
13519  -6.928  -32.373  73.353 0.1111110002
13208  -5.466  -32.961  72.442 0.1111110002
13874  -9.096  -31.124  73.143 0.1111110002
13880  -10.310  -30.211  72.904 0.1111110002
13884  -9.958  -30.817  71.254 0.1111110002
13885  -11.111  -30.123  71.207 0.3333329856
14204  -12.447  -29.503  71.019 0.3333329856
13891  -12.063  -30.067  69.643 0.2222220004
13888  -10.782  -30.558  69.258 0.1111110002
14206  -13.605  -29.692  70.007 0.3333329856
13892  -12.782  -30.024  68.044 0.2222220004
14226  -14.633  -29.667  66.855 0.3333329856
14230  -14.992  -30.038  65.323 0.2222220004
14231  -16.604  -30.563  65.605 0.3333329856
14232  -18.100  -29.945  66.377 0.3333329856
14238  -16.966  -30.436  64.200 0.3333329856
16409  -32.847  -21.101  64.734 0.6666669846
16733  -34.345  -19.939  63.931 0.8888890147
16073  -33.151  -22.063  63.801 0.7777780294
16737  -34.554  -20.686  62.956 0.7777780294
16072  -31.155  -23.418  63.718 0.6666669846
16422  -33.721  -21.653  62.513 0.7777780294
16080  -32.652  -22.427  62.614 0.6666669846
17016  -35.281  -19.278  61.833 0.7777780294
16745  -34.161  -20.527  61.718 0.7777780294
16087  -29.498  -22.678  62.244 0.5555559993
16429  -32.159  -21.608  61.047 0.4444440007
16426  -31.086  -22.074  61.033 0.4444440007
16094  -29.302  -22.310  61.239 0.3333329856
14984  -19.395  -25.518  63.715 0.3333329856
17020  -33.827  -18.705  59.853 0.4444440007
16744  -32.523  -20.153  60.050 0.2222220004
17024  -33.171  -19.069  59.365 0.2222220004
15777  -19.540  -23.532  63.635 0.3333329856
17522  -32.541  -17.561  57.967 0.3333329856
18245  -31.471  -13.830  56.593 0.1111110002
18246  -32.311  -13.581  57.512 0.1111110002
18252  -30.917  -14.021  56.194 0.1111110002
18844  -36.688  -13.357  53.778 0.4444440007
22651  -49.097  2.804  41.520 0.6666669846
22309  -45.722  0.223  40.624 0.6666669846
22310  -47.861  1.937  40.403 0.6666669846
22030  -47.013  1.052  38.777 0.6666669846
22654  -50.596  3.806  39.647 0.6666669846
22314  -50.105  2.636  38.672 0.6666669846
19501  -42.688  -10.289  45.399 0.5555559993
19802  -42.665  -9.721  43.393 0.5555559993
22914  -51.382  3.644  41.948 0.6666669846
22313  -50.243  1.412  37.851 0.6666669846
22031  -45.179  0.138  39.326 0.6666669846
22316  -52.090  2.813  39.176 0.3333329856
22032  -48.089  0.408  37.804 0.6666669846
22042  -50.318  -0.107  36.583 0.6666669846
21751  -41.792  -2.300  39.777 0.4444440007
22025  -42.370  -1.500  38.990 0.4444440007
21761  -43.337  -1.098  37.909 0.6666669846
21743  -51.072  0.062  44.786 0.1111110002
20903  -51.523  -4.681  47.838 0.2222220004
21203  -51.167  -2.857  46.905 0.2222220004
22918  -53.439  3.790  40.458 0.5555559993
19808  -41.964  -9.729  42.045 0.3333329856
21767  -45.471  -0.468  37.653 0.6666669846
22037  -48.947  -0.928  37.113 0.6666669846
21762  -40.855  -2.215  38.031 0.4444440007
21200  -50.857  -2.946  48.144 0.2222220004
21768  -46.152  -1.193  37.058 0.6666669846
22033  -47.971  -1.019  37.298 0.6666669846
22038  -48.874  -1.503  35.763 0.6666669846
22322  -52.709  2.142  35.607 0.4444440007
21766  -45.067  -2.930  36.010 0.4444440007
21769  -46.985  -2.283  36.442 0.6666669846
22320  -51.636  1.064  36.036 0.4444440007
22325  -51.072  0.155  34.593 0.4444440007
21776  -46.067  -3.022  35.270 0.6666669846
21778  -46.964  -2.593  34.533 0.6666669846
22047  -48.347  -1.854  32.884 0.5555559993
21777  -45.620  -2.568  34.127 0.5555559993
22051  -45.298  -1.898  33.890 0.4444440007
22052  -47.100  -1.951  32.693 0.5555559993
22670  -47.124  -1.262  32.784 0.3333329856
23191  -47.316  -0.554  33.609 0.3333329856
23192  -48.232  -0.211  32.165 0.2222220004
22655  -53.481  3.207  40.299 0.4444440007
22656  -51.838  3.838  39.644 0.6666669846
22652  -53.619  2.468  41.390 0.3333329856
22653  -50.820  4.012  40.664 0.6666669846
20075  -52.325  -7.606  48.875 0.2222220004
12646  -0.428  -35.606  74.527 0.2222220004
13883  -0.398  -31.190  74.003 0.1111110002
14237  -15.859  -30.409  63.098 0.2222220004
19506  -41.524  -10.331  44.000 0.4444440007
20915  -51.318  -4.136  46.405 0.2222220004
22919  -54.500  3.064  40.364 0.5555559993
21765  -43.441  -1.716  36.956 0.4444440007
13505  -10.511  -32.800  78.157 0.3333329856
13859  -14.564  -32.855  78.633 0.1111110002
15748  -25.049  -25.294  73.826 0.2222220004
15751  -25.094  -25.417  72.576 0.2222220004
16044  -25.506  -24.792  74.022 0.2222220004
15750  -26.170  -23.987  74.951 0.2222220004
15749  -26.404  -25.295  73.642 0.2222220004
16046  -27.684  -23.025  74.547 0.3333329856
16698  -27.158  -21.537  73.978 0.3333329856
15462  -27.523  -24.908  74.418 0.2222220004
16384  -25.013  -22.836  75.243 0.3333329856
16045  -26.727  -22.969  75.130 0.2222220004
16385  -25.858  -21.783  74.920 0.3333329856
13501  -16.165  -34.200  78.218 0.2222220004
12905  -11.107  -34.063  77.129 0.2222220004
15204  -24.443  -26.086  70.274 0.1111110002
12347  -6.315  -38.738  78.837 0.1111110002
12078  -7.951  -38.862  79.474 0.1111110002
12351  -9.931  -36.499  79.796 0.1111110002
13188  -17.712  -34.325  78.038 0.1111110002
13858  -11.221  -32.158  77.979 0.1111110002
13867  -12.516  -33.613  76.027 0.1111110002
13861  -13.432  -33.268  78.045 0.1111110002
13868  -12.218  -32.324  78.621 0.2222220004
13869  -13.224  -32.509  78.907 0.2222220004
22326  -51.139  -0.189  33.150 0.3333329856
22312  -53.151  2.821  39.087 0.2222220004
22321  -52.592  2.411  37.150 0.3333329856
22329  -49.926  -0.973  30.954 0.2222220004
22327  -51.028  -0.665  31.496 0.3333329856
22315  -51.575  2.362  37.743 0.2222220004
13513  -11.626  -33.602  76.408 0.1111110002
13507  -15.746  -34.901  77.508 0.1111110002
22341  -48.395  -1.144  31.207 0.4444440007
14734  -29.805  -31.024  69.578 0.1111110002
14957  -30.375  -28.038  72.333 0.1111110002
14736  -29.879  -29.899  71.038 0.1111110002
14959  -31.496  -28.106  71.792 0.1111110002
14968  -28.593  -29.454  70.685 0.1111110002
15205  -27.387  -27.944  70.992 0.1111110002
14972  -27.888  -29.409  68.754 0.1111110002
14986  -26.669  -28.965  66.309 0.1111110002
14746  -28.575  -30.833  68.124 0.1111110002
14977  -27.450  -29.867  67.214 0.1111110002
15465  -30.347  -26.726  72.806 0.1111110002
14958  -29.168  -27.572  72.873 0.1111110002
15759  -24.938  -25.378  70.657 0.1111110002
15459  -28.463  -26.026  74.059 0.1111110002
15760  -25.663  -25.653  70.081 0.1111110002
15473  -26.554  -26.994  68.763 0.1111110002
15461  -27.628  -26.788  72.984 0.1111110002
15480  -26.293  -27.128  66.778 0.1111110002
15754  -31.127  -24.971  72.099 0.1111110002
15460  -29.024  -25.192  74.153 0.1111110002
15753  -25.617  -25.429  72.428 0.1111110002
15752  -26.425  -26.309  71.946 0.1111110002
14735  -31.164  -30.157  70.815 0.1111110002
15485  -25.649  -26.480  66.899 0.1111110002
14480  -26.363  -29.601  71.833 0.1111110002
18591  -34.898  -13.421  51.585 0.2222220004
18864  -35.486  -13.363  50.477 0.2222220004
18851  -34.467  -12.923  53.758 0.2222220004
18817  -43.040  -12.123  62.859 0.1111110002
19461  -51.018  -9.925  53.790 0.3333329856
18876  -33.116  -12.355  45.373 0.1111110002
18878  -34.768  -12.482  46.464 0.1111110002
19168  -36.412  -11.753  46.926 0.1111110002
18828  -46.237  -12.451  60.723 0.1111110002
20083  -31.665  -12.617  45.060 0.1111110002
19191  -30.054  -13.236  45.384 0.1111110002
18297  -30.210  -14.629  45.372 0.1111110002
18616  -31.790  -13.084  44.468 0.1111110002
18877  -34.212  -12.209  45.748 0.1111110002
19175  -36.267  -12.074  45.461 0.1111110002
18617  -30.815  -13.192  44.355 0.1111110002
18885  -32.286  -12.383  43.811 0.1111110002
18884  -33.253  -12.089  44.388 0.1111110002
19177  -37.388  -11.466  45.255 0.1111110002
19187  -35.282  -11.651  44.417 0.1111110002
19182  -37.234  -11.543  44.587 0.1111110002
19178  -37.818  -11.100  45.076 0.1111110002
20088  -32.593  -12.121  43.783 0.1111110002
19194  -31.862  -12.241  43.562 0.1111110002
19183  -38.616  -10.895  44.441 0.1111110002
19200  -32.774  -12.017  42.716 0.1111110002
19192  -35.965  -11.400  43.525 0.1111110002
19188  -37.727  -10.998  43.845 0.1111110002
19193  -37.688  -10.798  42.911 0.1111110002
19511  -39.177  -11.011  43.253 0.1111110002
19197  -36.616  -10.860  41.878 0.1111110002
19198  -37.490  -10.581  41.985 0.1111110002
19512  -40.391  -10.839  42.329 0.1111110002
19525  -37.215  -10.463  40.960 0.1111110002
19519  -38.358  -10.240  41.104 0.1111110002
19520  -39.753  -10.187  41.227 0.1111110002
19807  -40.879  -10.233  41.695 0.1111110002
19196  -35.732  -11.158  42.331 0.1111110002
19815  -38.345  -9.088  40.887 0.1111110002
19810  -40.000  -8.646  40.847 0.1111110002
20095  -41.925  -8.799  41.245 0.1111110002
20381  -41.912  -7.726  40.926 0.3333329856
19207  -35.373  -10.788  41.264 0.1111110002
19812  -35.339  -10.078  40.530 0.1111110002
19814  -37.191  -9.755  40.249 0.1111110002
20661  -40.839  -5.965  40.827 0.2222220004
20384  -39.140  -7.767  40.757 0.1111110002
20660  -39.206  -5.886  40.800 0.1111110002
19813  -36.051  -9.754  40.206 0.1111110002
20383  -36.198  -8.421  40.029 0.1111110002
20664  -36.726  -6.831  39.824 0.1111110002
20106  -37.216  -7.630  39.809 0.1111110002
20107  -38.266  -7.839  40.413 0.1111110002
21217  -41.536  -4.842  40.890 0.3333329856
21216  -40.193  -4.235  40.350 0.2222220004
20935  -38.668  -4.439  40.240 0.1111110002
21505  -40.250  -2.802  39.185 0.2222220004
20650  -36.823  -9.135  40.538 0.1111110002
20932  -36.946  -5.627  39.978 0.1111110002
21493  -37.386  -5.026  40.139 0.1111110002
20665  -37.940  -6.168  40.362 0.1111110002
20936  -37.646  -4.704  39.976 0.1111110002
21507  -38.656  -3.135  39.102 0.1111110002
21773  -41.430  -2.455  36.138 0.2222220004
21763  -41.723  -2.383  36.729 0.3333329856
20922  -37.790  -9.053  40.690 0.1111110002
21213  -37.927  -7.686  40.307 0.1111110002
21214  -37.458  -6.500  40.246 0.1111110002
21745  -38.489  -4.684  40.713 0.1111110002
22300  -38.257  -3.107  40.604 0.1111110002
22019  -37.153  -3.537  40.030 0.1111110002
21760  -37.834  -3.009  39.220 0.1111110002
22044  -39.212  -2.001  38.218 0.1111110002
21755  -39.741  -2.585  38.369 0.1111110002
21764  -42.931  -2.663  36.117 0.3333329856
22912  -38.933  -1.401  40.130 0.1111110002
22648  -38.046  -2.290  39.894 0.1111110002
22657  -39.746  -0.814  38.485 0.1111110002
22045  -41.027  -1.884  36.263 0.1111110002
22049  -43.017  -1.971  34.749 0.1111110002
21775  -43.566  -2.958  35.129 0.3333329856
23184  -40.251  -0.452  39.205 0.1111110002
22924  -40.902  -0.722  37.154 0.1111110002
23424  -41.626  0.011  38.164 0.1111110002
23428  -43.511  0.309  37.047 0.1111110002
22925  -42.958  -0.897  35.414 0.1111110002
22927  -45.437  -0.983  34.437 0.2222220004
23681  -43.672  0.708  38.162 0.1111110002
23683  -45.181  1.542  38.016 0.1111110002
23186  -44.654  -0.063  35.973 0.1111110002
22931  -48.126  -0.735  31.349 0.2222220004
22344  -49.703  -0.186  29.807 0.2222220004
23685  -46.292  1.158  37.230 0.1111110002
23429  -46.495  -0.131  35.519 0.1111110002
22935  -49.121  0.498  30.081 0.2222220004
22343  -52.697  -0.559  29.142 0.2222220004
22345  -54.057  -0.298  29.106 0.2222220004
22348  -54.477  -0.478  28.147 0.2222220004
23687  -48.725  0.661  34.710 0.1111110002
23689  -49.406  0.860  33.279 0.1111110002
23697  -49.776  1.639  30.528 0.1111110002
21532  -55.174  -3.592  26.364 0.1111110002
21800  -56.777  -2.089  26.301 0.1111110002
22936  -50.065  1.307  28.438 0.2222220004
21796  -57.532  -0.916  26.660 0.1111110002
22675  -51.581  0.552  28.215 0.2222220004
22342  -51.247  -0.483  29.775 0.2222220004
23686  -47.602  1.325  36.625 0.1111110002
23698  -50.140  2.632  28.565 0.2222220004
22353  -57.005  0.000  25.515 0.1111110002
22678  -56.565  0.328  26.003 0.1111110002
22349  -57.108  0.061  26.819 0.1111110002
22676  -53.544  0.298  26.805 0.2222220004
22352  -55.016  -0.184  27.055 0.1111110002
23979  -50.899  2.854  31.577 0.1111110002
22072  -56.442  -1.244  24.962 0.1111110002
22682  -56.479  0.737  24.635 0.1111110002
23197  -52.376  1.941  26.861 0.2222220004
22677  -55.438  0.620  25.639 0.1111110002
24318  -51.128  4.217  29.191 0.1111110002
23434  -51.216  3.453  27.473 0.2222220004
22937  -54.370  1.280  25.553 0.1111110002
23435  -53.591  4.316  26.596 0.2222220004
22938  -55.828  1.653  24.385 0.2222220004
23200  -54.115  2.596  25.698 0.2222220004
19140  -48.166  -12.241  56.204 0.2222220004
18610  -33.821  -13.302  46.905 0.1111110002
18609  -31.941  -14.018  45.707 0.1111110002
19195  -34.551  -11.903  42.700 0.1111110002
21742  -39.172  -5.778  40.989 0.1111110002
23978  -50.401  2.685  34.289 0.1111110002
24323  -52.170  5.702  27.999 0.2222220004
23199  -55.182  2.524  24.592 0.2222220004
14504  -18.062  -28.850  64.200 0.2222220004
14239  -17.617  -29.926  64.557 0.2222220004
13907  -13.804  -30.234  65.438 0.1111110002
14248  -16.041  -29.902  62.318 0.1111110002
14246  -17.088  -29.901  62.921 0.1111110002
14762  -18.993  -27.083  62.138 0.1111110002
14514  -17.809  -28.532  62.160 0.1111110002
15226  -19.295  -25.177  61.985 0.1111110002
16434  -30.211  -21.578  59.824 0.1111110002
17029  -32.604  -18.413  58.000 0.1111110002
16435  -31.141  -21.008  59.809 0.1111110002
17771  -31.652  -16.166  56.965 0.1111110002
17291  -32.001  -18.185  56.565 0.1111110002
14767  -18.220  -27.404  61.072 0.1111110002
16753  -32.038  -19.560  58.071 0.1111110002
17537  -31.241  -17.357  55.940 0.1111110002
17090  -48.365  -18.605  41.000 0.1111110002
17096  -48.837  -18.722  39.914 0.1111110002
17076  -55.176  -18.921  41.249 0.1111110002
18889  -48.974  -16.457  41.159 0.1111110002
17333  -48.062  -17.724  40.797 0.1111110002
18051  -48.741  -17.507  39.865 0.1111110002
16831  -50.475  -19.983  39.872 0.1111110002
16819  -53.325  -19.640  39.814 0.1111110002
16818  -54.846  -19.543  39.690 0.1111110002
17077  -54.407  -18.087  44.183 0.1111110002
18892  -47.629  -16.638  42.364 0.1111110002
17563  -46.720  -17.307  41.988 0.1111110002
17075  -53.908  -17.831  43.026 0.1111110002
17082  -48.806  -18.762  41.647 0.1111110002
17072  -51.188  -19.153  41.268 0.1111110002
17074  -53.234  -18.069  42.154 0.1111110002
18888  -49.809  -15.616  42.006 0.1111110002
17316  -52.523  -16.856  46.170 0.1111110002
17073  -52.115  -17.129  44.090 0.1111110002
17071  -51.225  -17.613  43.113 0.1111110002
18890  -48.687  -15.881  42.299 0.1111110002
18899  -52.966  -14.993  41.548 0.1111110002
19211  -56.291  -12.581  39.805 0.1111110002
19202  -47.937  -16.241  43.367 0.1111110002
17065  -50.840  -16.989  44.622 0.1111110002
17070  -50.020  -18.395  42.485 0.1111110002
18893  -51.285  -15.704  41.874 0.1111110002
19212  -55.328  -11.583  41.286 0.1111110002
20098  -55.537  -8.459  41.295 0.1111110002
18898  -53.594  -15.802  40.407 0.1111110002
19527  -56.169  -10.194  40.245 0.1111110002
18901  -55.305  -14.354  39.556 0.1111110002
16518  -41.665  -21.642  41.544 0.1111110002
16787  -46.943  -19.033  46.166 0.1111110002
17059  -48.498  -17.968  47.019 0.1111110002
16519  -41.363  -21.003  41.372 0.1111110002
17064  -50.525  -16.755  47.682 0.1111110002
19201  -46.384  -16.644  42.952 0.1111110002
17332  -46.063  -18.012  42.014 0.1111110002
17069  -47.951  -18.450  42.931 0.1111110002
17066  -49.526  -17.776  43.981 0.1111110002
19514  -48.590  -15.396  44.196 0.1111110002
19203  -48.705  -15.253  43.303 0.1111110002
18891  -49.469  -14.565  42.646 0.1111110002
18895  -51.288  -14.915  42.241 0.1111110002
19209  -53.354  -12.363  41.921 0.1111110002
20656  -55.847  -6.232  41.616 0.1111110002
19210  -54.850  -13.875  40.816 0.1111110002
19817  -56.439  -7.819  39.640 0.1111110002
20931  -56.631  -4.370  40.650 0.1111110002
18858  -46.855  -17.689  52.606 0.1111110002
18599  -44.508  -18.880  49.230 0.1111110002
18293  -43.017  -18.927  48.691 0.1111110002
18292  -43.219  -19.341  47.396 0.1111110002
18301  -42.785  -19.726  46.011 0.1111110002
18043  -42.158  -20.047  44.531 0.1111110002
17561  -42.719  -19.701  43.068 0.1111110002
16786  -45.827  -19.931  45.526 0.1111110002
16522  -41.052  -20.636  42.451 0.1111110002
16500  -43.764  -21.087  43.936 0.1111110002
19171  -47.517  -15.678  45.842 0.1111110002
19184  -45.720  -16.466  44.036 0.1111110002
19513  -47.320  -16.083  44.402 0.1111110002
19502  -48.709  -15.338  45.249 0.1111110002
17063  -49.402  -17.266  46.029 0.1111110002
17084  -46.425  -18.652  42.302 0.1111110002
19208  -51.046  -13.358  42.355 0.1111110002
20103  -53.445  -8.918  41.975 0.1111110002
20099  -54.648  -8.502  41.888 0.1111110002
18595  -46.631  -17.935  51.022 0.1111110002
18592  -46.408  -18.206  49.696 0.1111110002
18594  -46.833  -18.014  48.803 0.1111110002
18874  -48.545  -15.802  47.901 0.1111110002
18291  -44.988  -18.964  48.187 0.1111110002
18295  -44.544  -18.823  46.047 0.1111110002
19172  -50.074  -14.713  46.722 0.1111110002
18304  -44.066  -19.029  44.140 0.1111110002
16829  -42.292  -20.076  41.349 0.1111110002
16511  -42.973  -21.191  41.987 0.1111110002
16802  -44.828  -19.789  43.393 0.1111110002
18048  -45.112  -17.369  42.052 0.1111110002
16803  -45.920  -18.897  43.209 0.1111110002
16794  -47.178  -18.686  44.998 0.1111110002
19515  -49.256  -14.037  43.666 0.1111110002
19204  -49.380  -13.297  42.753 0.1111110002
20930  -55.283  -4.575  42.061 0.1111110002
21503  -55.347  -2.292  42.086 0.1111110002
19526  -52.042  -11.332  41.936 0.1111110002
20655  -54.711  -6.326  42.290 0.1111110002
20657  -53.608  -7.559  42.168 0.1111110002
21504  -56.078  -2.088  41.387 0.1111110002
21758  -56.475  -1.931  40.350 0.1111110002
17093  -43.291  -19.508  42.508 0.1111110002
16815  -44.569  -19.554  42.619 0.1111110002
17094  -44.733  -19.014  42.633 0.1111110002
20663  -52.710  -6.034  42.191 0.1111110002
21219  -53.064  -3.567  42.349 0.1111110002
21502  -53.896  -2.278  42.366 0.1111110002
21753  -54.915  -1.345  42.038 0.1111110002
20102  -51.624  -9.407  41.831 0.1111110002
18866  -51.173  -14.322  51.419 0.1111110002
18870  -50.367  -15.124  49.784 0.1111110002
18871  -51.064  -14.312  49.466 0.1111110002
18875  -46.465  -16.312  45.804 0.1111110002
18619  -44.779  -17.421  43.186 0.1111110002
16523  -43.196  -20.444  41.390 0.1111110002
19507  -49.724  -14.235  44.942 0.1111110002
19516  -49.747  -12.431  43.413 0.1111110002
19518  -49.263  -11.541  42.569 0.1111110002
19521  -49.773  -11.749  42.144 0.1111110002
19816  -50.490  -10.658  41.706 0.1111110002
22029  -55.466  -0.640  40.766 0.1111110002
21759  -56.117  -0.427  38.633 0.1111110002
18869  -49.146  -16.027  49.610 0.1111110002
17809  -44.309  -18.489  42.509 0.1111110002
19508  -50.230  -12.266  44.412 0.1111110002
19809  -48.499  -10.031  41.800 0.1111110002
20662  -51.095  -5.299  41.459 0.1111110002
21218  -52.162  -3.473  41.930 0.1111110002
19811  -49.534  -9.612  41.288 0.1111110002
19143  -49.672  -12.547  55.419 0.2222220004
19147  -50.983  -11.862  54.399 0.2222220004
18861  -50.377  -13.626  54.504 0.1111110002
19148  -51.690  -12.286  53.489 0.1111110002
18862  -50.997  -13.654  53.138 0.1111110002
18865  -50.439  -15.263  52.068 0.1111110002
18868  -49.904  -15.888  50.986 0.1111110002
18601  -47.351  -17.230  48.111 0.1111110002
18612  -44.971  -17.735  44.723 0.1111110002
19494  -51.045  -13.566  46.218 0.1111110002
19503  -51.552  -12.289  46.044 0.1111110002
19803  -50.976  -9.523  45.287 0.1111110002
19804  -50.003  -10.992  43.895 0.1111110002
20089  -49.347  -8.891  43.237 0.1111110002
20101  -49.232  -7.229  40.723 0.1111110002
20092  -48.269  -8.930  41.997 0.1111110002
20096  -48.539  -8.759  41.094 0.1111110002
19457  -49.890  -10.589  54.803 0.2222220004
19151  -51.677  -12.655  52.342 0.1111110002
19156  -52.033  -12.705  50.737 0.1111110002
19169  -52.118  -12.865  47.866 0.1111110002
19495  -52.439  -11.405  47.029 0.1111110002
20640  -51.223  -6.306  45.466 0.1111110002
20654  -48.746  -6.228  41.277 0.1111110002
19152  -51.707  -11.112  53.345 0.2222220004
19153  -51.900  -10.906  51.933 0.2222220004
19164  -52.793  -10.989  49.376 0.1111110002
19483  -52.839  -11.675  47.923 0.1111110002
20084  -52.239  -7.887  46.735 0.1111110002
20646  -49.571  -6.327  43.558 0.1111110002
20374  -48.530  -7.494  42.375 0.1111110002
20934  -49.935  -4.855  41.081 0.1111110002
19464  -51.279  -9.316  52.032 0.2222220004
19157  -52.398  -10.230  50.843 0.2222220004
19484  -52.930  -10.561  48.438 0.1111110002
19787  -52.846  -9.557  47.808 0.1111110002
20632  -52.080  -5.753  47.017 0.1111110002
19471  -51.649  -8.846  51.160 0.2222220004
20356  -52.181  -6.231  47.802 0.1111110002
20916  -50.454  -4.100  44.813 0.1111110002
22026  -52.932  1.497  41.072 0.1111110002
22021  -52.077  0.285  42.201 0.2222220004
21748  -51.235  -1.410  41.557 0.1111110002
21756  -53.116  0.161  41.322 0.1111110002
22027  -53.598  2.059  40.693 0.1111110002
22028  -53.858  1.990  40.096 0.1111110002
22335  -53.322  1.732  32.504 0.2222220004
22328  -52.219  0.349  32.149 0.2222220004
22330  -52.908  0.095  30.822 0.2222220004
22311  -53.190  2.640  40.231 0.1111110002
18853  -48.193  -17.452  54.372 0.1111110002
18600  -44.460  -17.873  50.822 0.1111110002
18859  -48.421  -17.399  52.808 0.1111110002
18860  -49.675  -16.318  52.766 0.1111110002
12353  -4.105  -38.451  76.616 0.1111110002
12358  -1.489  -37.302  73.501 0.1111110002
12360  -2.696  -39.121  73.717 0.1111110002
12364  -1.958  -38.227  71.841 0.1111110002
12359  -2.082  -37.570  74.489 0.1111110002
12650  -0.935  -35.954  72.800 0.1111110002
12653  -1.122  -36.073  69.902 0.1111110002
13207  0.496  -33.167  72.166 0.1111110002
12914  -0.272  -34.850  70.076 0.1111110002
13214  0.325  -33.140  70.294 0.1111110002
13221  -0.087  -33.799  68.096 0.1111110002
13538  0.475  -30.815  69.299 0.1111110002
13890  0.508  -30.062  71.236 0.1111110002
13528  0.446  -31.287  72.193 0.1111110002
13521  0.579  -31.863  73.317 0.1111110002
13224  0.218  -33.524  66.983 0.1111110002
13886  -0.153  -30.177  73.086 0.1111110002
13542  0.552  -32.134  66.794 0.1111110002
14215  0.401  -29.028  69.284 0.1111110002
14481  0.116  -28.017  70.956 0.1111110002
14213  0.233  -28.756  71.918 0.1111110002
13894  0.484  -30.794  66.947 0.1111110002
14229  0.001  -29.214  67.404 0.1111110002
13900  -0.240  -30.452  66.013 0.1111110002
22664  -54.666  2.962  32.798 0.1111110002
22334  -55.027  1.166  30.028 0.1111110002
22671  -55.471  2.553  31.560 0.1111110002
22337  -56.035  1.561  30.472 0.1111110002
22306  -52.407  1.287  42.498 0.1111110002
22361  -56.111  -0.462  23.936 0.1111110002
22356  -52.659  -2.314  23.786 0.1111110002
22071  -54.135  -2.699  24.849 0.1111110002
22360  -54.531  -1.529  23.888 0.1111110002
22687  -56.213  0.721  23.314 0.1111110002
22690  -55.563  0.501  22.710 0.1111110002
22944  -56.105  1.556  23.536 0.1111110002
22686  -53.948  -0.682  22.775 0.1111110002
23205  -55.028  2.433  22.042 0.1111110002
23995  -54.974  4.294  23.002 0.1111110002
23438  -55.444  3.120  23.632 0.1111110002
23705  -54.600  3.895  25.635 0.1111110002
24663  -53.907  6.508  26.938 0.1111110002
24666  -54.747  6.298  26.173 0.1111110002
24325  -54.904  5.545  25.910 0.1111110002
16054  -31.814  -23.344  71.271 0.1111110002
16055  -33.073  -23.385  70.306 0.1111110002
13219  -0.123  -34.417  69.059 0.1111110002
23994  -55.095  5.086  24.963 0.1111110002
