#!ascii label  , from subject Yale_0050569 vox2ras=TkReg
1007
29432  -6.438  -39.897  31.057 0.0000000000
29433  -7.027  -40.385  31.034 0.0000000000
29434  -7.938  -40.859  30.837 0.0000000000
29435  -8.617  -41.000  30.725 0.0000000000
29439  -5.225  -39.695  30.953 0.0000000000
29440  -6.372  -39.530  31.031 0.0000000000
29441  -7.454  -40.381  30.849 0.0000000000
29442  -8.310  -40.811  30.681 0.0000000000
29443  -8.964  -40.874  30.683 0.0000000000
29448  -5.690  -39.564  30.872 0.0000000000
29449  -6.878  -39.596  31.043 0.0000000000
29450  -7.886  -40.310  30.724 0.0000000000
29451  -8.691  -40.626  30.650 0.0000000000
29452  -9.141  -40.705  30.629 0.0000000000
30324  -7.539  -40.616  32.396 0.0000000000
30325  -8.491  -40.755  32.012 0.0000000000
30334  -6.823  -40.471  31.780 0.0000000000
30335  -7.985  -40.891  31.533 0.0000000000
30336  -9.034  -40.909  31.441 0.0000000000
30337  -9.778  -40.811  31.233 0.0000000000
30345  -6.137  -39.988  31.381 0.0000000000
30346  -7.453  -40.711  31.156 0.0000000000
30347  -8.412  -41.042  30.974 0.0000000000
30348  -9.248  -40.962  30.868 0.0000000000
30349  -10.117  -40.622  30.955 0.0000000000
30350  -10.553  -40.348  30.857 0.0000000000
30356  -5.148  -39.145  31.011 0.0000000000
30357  -6.190  -39.358  31.127 0.0000000000
30358  -9.567  -40.656  30.712 0.0000000000
30359  -10.218  -40.400  30.736 0.0000000000
30360  -10.621  -40.153  30.709 0.0000000000
30366  -4.367  -39.020  30.466 0.0000000000
30367  -5.915  -39.479  30.772 0.0000000000
30368  -7.317  -39.647  30.985 0.0000000000
30369  -8.332  -40.236  30.653 0.0000000000
30370  -9.202  -40.359  30.557 0.0000000000
30371  -9.965  -40.284  30.556 0.0000000000
30372  -10.339  -40.204  30.622 0.0000000000
30379  -3.218  -38.848  29.367 0.0000000000
30380  -4.544  -39.230  30.228 0.0000000000
30381  -6.476  -39.384  30.874 0.0000000000
30382  -7.908  -39.842  30.803 0.0000000000
30383  -8.643  -40.163  30.584 0.0000000000
30393  -3.517  -38.957  29.395 0.0000000000
31132  -8.155  -40.204  33.947 0.0000000000
31146  -7.752  -40.439  33.352 0.0000000000
31147  -8.747  -40.271  33.228 0.0000000000
31148  -9.417  -40.216  32.825 0.0000000000
31156  -8.415  -40.582  32.636 0.0000000000
31157  -9.183  -40.568  32.276 0.0000000000
31158  -9.894  -40.291  32.239 0.0000000000
31162  -9.735  -40.658  31.704 0.0000000000
31163  -10.379  -40.380  31.479 0.0000000000
31164  -10.872  -40.126  31.212 0.0000000000
31168  -10.678  -40.356  31.067 0.0000000000
31169  -10.906  -40.027  30.921 0.0000000000
31173  -10.852  -39.786  30.727 0.0000000000
31177  -9.367  -40.105  30.494 0.0000000000
31178  -9.801  -39.879  30.503 0.0000000000
31179  -10.459  -39.851  30.593 0.0000000000
31183  -4.641  -39.286  30.011 0.0000000000
31184  -5.586  -39.453  30.556 0.0000000000
31185  -7.404  -39.533  30.943 0.0000000000
31186  -8.967  -39.856  30.612 0.0000000000
31187  -9.673  -39.635  30.534 0.0000000000
31194  -3.847  -39.264  29.388 0.0000000000
31195  -5.036  -39.318  30.184 0.0000000000
31204  -3.541  -39.164  28.612 0.0000000000
31982  -7.567  -40.131  35.298 0.0000000000
31983  -8.104  -39.715  35.525 0.0000000000
31995  -7.989  -40.127  34.489 0.0000000000
31996  -8.612  -39.875  34.266 0.0000000000
31997  -9.250  -39.764  33.658 0.0000000000
32008  -9.195  -39.984  33.387 0.0000000000
32009  -9.670  -39.805  33.000 0.0000000000
32021  -10.378  -39.807  32.127 0.0000000000
32022  -10.826  -39.577  31.695 0.0000000000
32035  -10.800  -39.950  31.522 0.0000000000
32036  -11.054  -39.631  31.222 0.0000000000
32048  -11.038  -39.383  30.831 0.0000000000
32049  -10.971  -39.023  30.640 0.0000000000
32058  -10.845  -39.326  30.669 0.0000000000
32059  -10.865  -38.741  30.658 0.0000000000
32069  -9.978  -39.468  30.540 0.0000000000
32070  -10.481  -39.015  30.600 0.0000000000
32071  -10.875  -38.473  30.608 0.0000000000
32081  -5.775  -39.155  30.663 0.0000000000
32082  -7.058  -39.240  31.095 0.0000000000
32083  -8.520  -39.235  30.984 0.0000000000
32084  -9.756  -39.114  30.655 0.0000000000
32085  -10.318  -38.698  30.580 0.0000000000
32093  -4.039  -39.250  29.543 0.0000000000
32094  -4.705  -39.195  30.268 0.0000000000
32892  -8.390  -39.304  35.747 0.0000000000
32893  -8.925  -39.175  34.882 0.0000000000
32907  -8.731  -39.447  34.899 0.0000000000
32908  -9.275  -39.352  33.964 0.0000000000
32923  -9.962  -39.295  32.904 0.0000000000
32937  -10.539  -39.233  32.136 0.0000000000
32938  -10.930  -39.093  31.501 0.0000000000
32952  -11.085  -38.894  30.963 0.0000000000
32953  -10.875  -38.480  30.697 0.0000000000
32967  -11.000  -38.805  30.755 0.0000000000
32968  -10.884  -38.460  30.455 0.0000000000
32981  -10.844  -38.213  30.416 0.0000000000
32991  -10.592  -38.372  30.621 0.0000000000
32992  -10.880  -37.965  30.446 0.0000000000
33003  -5.352  -39.198  31.009 0.0000000000
33004  -6.919  -38.835  31.203 0.0000000000
33005  -8.261  -38.623  31.180 0.0000000000
33006  -9.425  -38.430  30.929 0.0000000000
33007  -10.282  -38.200  30.680 0.0000000000
33008  -10.670  -37.968  30.579 0.0000000000
33021  -3.943  -39.234  29.324 0.0000000000
33022  -4.442  -39.099  30.161 0.0000000000
33798  -8.708  -39.061  35.193 0.0000000000
33799  -9.161  -39.064  34.422 0.0000000000
33810  -9.101  -38.828  34.303 0.0000000000
33811  -9.566  -38.895  33.572 0.0000000000
33824  -10.099  -38.809  32.659 0.0000000000
33835  -10.490  -38.621  31.829 0.0000000000
33836  -10.826  -38.409  31.146 0.0000000000
33846  -10.748  -38.155  30.617 0.0000000000
33847  -10.972  -37.934  30.388 0.0000000000
33860  -10.837  -37.779  30.182 0.0000000000
33875  -10.885  -37.433  30.128 0.0000000000
33890  -10.863  -37.034  29.971 0.0000000000
33905  -4.357  -38.961  30.694 0.0000000000
33906  -5.353  -38.649  31.080 0.0000000000
33907  -6.820  -38.202  31.341 0.0000000000
33908  -8.166  -37.921  31.253 0.0000000000
33909  -9.247  -37.716  30.984 0.0000000000
33910  -10.071  -37.481  30.555 0.0000000000
33911  -10.640  -37.358  30.255 0.0000000000
33926  -4.051  -39.022  29.847 0.0000000000
33927  -4.535  -39.041  30.406 0.0000000000
34808  -8.078  -38.357  34.051 0.0000000000
34809  -8.587  -38.724  34.717 0.0000000000
34827  -8.261  -38.005  33.442 0.0000000000
34828  -8.956  -38.240  33.330 0.0000000000
34829  -9.680  -38.561  32.984 0.0000000000
34846  -9.131  -37.702  32.485 0.0000000000
34847  -9.700  -38.047  32.191 0.0000000000
34861  -10.234  -37.852  31.267 0.0000000000
34862  -10.520  -37.622  30.710 0.0000000000
34874  -10.745  -37.235  30.204 0.0000000000
34875  -10.906  -37.494  30.187 0.0000000000
34883  -10.896  -36.736  29.881 0.0000000000
34884  -10.983  -36.990  29.924 0.0000000000
34892  -11.063  -36.634  29.722 0.0000000000
34900  -11.021  -36.409  29.630 0.0000000000
34913  -3.421  -37.471  31.196 0.0000000000
34914  -4.749  -37.945  31.245 0.0000000000
34915  -6.692  -37.467  31.436 0.0000000000
34916  -8.222  -36.957  31.126 0.0000000000
34917  -9.170  -36.964  30.713 0.0000000000
34918  -9.871  -36.876  30.101 0.0000000000
34919  -10.490  -36.515  29.440 0.0000000000
34920  -10.805  -36.472  29.527 0.0000000000
34936  -3.745  -38.863  30.063 0.0000000000
34937  -9.104  -36.328  29.937 0.0000000000
34938  -9.675  -36.354  29.439 0.0000000000
34939  -10.180  -36.258  28.936 0.0000000000
34940  -10.462  -36.108  28.658 0.0000000000
35908  -7.703  -37.614  33.448 0.0000000000
35909  -8.335  -37.632  33.117 0.0000000000
35924  -8.048  -37.101  32.918 0.0000000000
35925  -8.592  -37.177  32.475 0.0000000000
35926  -9.255  -37.254  32.033 0.0000000000
35939  -9.011  -36.486  31.848 0.0000000000
35940  -9.755  -36.808  31.244 0.0000000000
35941  -10.316  -37.213  30.943 0.0000000000
35954  -10.120  -36.180  30.831 0.0000000000
35955  -10.386  -36.565  30.506 0.0000000000
35969  -10.976  -36.103  29.842 0.0000000000
35970  -10.984  -36.483  29.733 0.0000000000
35983  -11.101  -35.574  29.440 0.0000000000
35984  -11.145  -35.967  29.407 0.0000000000
35996  -3.782  -35.673  31.806 0.0000000000
35997  -4.603  -35.517  31.880 0.0000000000
35998  -11.138  -35.851  29.032 0.0000000000
36016  -4.843  -36.261  31.826 0.0000000000
36017  -7.107  -36.078  31.346 0.0000000000
36018  -7.827  -36.498  31.168 0.0000000000
36019  -10.619  -35.912  28.496 0.0000000000
36020  -10.879  -35.746  28.532 0.0000000000
36029  -8.297  -35.227  29.881 0.0000000000
36030  -8.763  -35.642  29.558 0.0000000000
36031  -9.487  -35.852  28.754 0.0000000000
36032  -9.962  -35.862  28.355 0.0000000000
36033  -10.402  -35.605  27.987 0.0000000000
36034  -10.697  -35.555  28.084 0.0000000000
36047  -9.228  -35.125  28.202 0.0000000000
36048  -9.501  -35.230  28.083 0.0000000000
36049  -9.856  -35.414  27.781 0.0000000000
36050  -10.108  -35.510  27.764 0.0000000000
36993  -7.649  -36.715  33.086 0.0000000000
37006  -8.034  -36.277  32.660 0.0000000000
37007  -8.521  -36.245  32.217 0.0000000000
37018  -8.383  -35.643  32.423 0.0000000000
37019  -8.809  -35.613  32.021 0.0000000000
37020  -9.316  -35.703  31.469 0.0000000000
37030  -9.885  -35.581  30.983 0.0000000000
37031  -10.255  -35.763  30.598 0.0000000000
37041  -10.155  -35.119  30.584 0.0000000000
37042  -10.519  -35.321  30.129 0.0000000000
37056  -10.943  -34.978  29.466 0.0000000000
37057  -11.142  -35.179  29.160 0.0000000000
37077  -4.456  -34.834  31.735 0.0000000000
37078  -5.247  -35.212  31.746 0.0000000000
37079  -10.868  -34.520  28.949 0.0000000000
37080  -10.987  -34.839  28.697 0.0000000000
37101  -5.526  -34.523  31.538 0.0000000000
37102  -6.580  -34.876  31.267 0.0000000000
37103  -7.762  -35.036  30.400 0.0000000000
37104  -10.798  -34.810  28.175 0.0000000000
37110  -7.787  -34.473  30.134 0.0000000000
37111  -8.403  -34.660  29.234 0.0000000000
37112  -8.679  -35.005  28.883 0.0000000000
37113  -10.421  -34.986  27.505 0.0000000000
37114  -10.556  -34.737  27.628 0.0000000000
37119  -8.851  -34.560  28.341 0.0000000000
37120  -9.159  -34.812  28.159 0.0000000000
37121  -9.635  -34.612  27.506 0.0000000000
37122  -10.031  -34.506  27.260 0.0000000000
37123  -10.235  -34.789  27.415 0.0000000000
37124  -10.369  -34.583  27.378 0.0000000000
37131  -10.005  -34.105  27.220 0.0000000000
37132  -9.993  -34.327  27.228 0.0000000000
37964  -7.396  -35.811  33.168 0.0000000000
37971  -8.027  -35.228  32.870 0.0000000000
37977  -8.548  -34.891  32.453 0.0000000000
37978  -9.062  -34.733  31.839 0.0000000000
37979  -9.525  -34.968  31.314 0.0000000000
37987  -9.417  -34.309  31.426 0.0000000000
37988  -9.826  -34.504  30.946 0.0000000000
37997  -10.141  -34.373  30.324 0.0000000000
37998  -10.409  -34.268  29.733 0.0000000000
38014  -10.557  -33.942  29.154 0.0000000000
38035  -3.774  -34.067  31.632 0.0000000000
38036  -10.327  -33.475  28.418 0.0000000000
38037  -10.504  -33.914  27.998 0.0000000000
38057  -4.961  -33.942  31.529 0.0000000000
38058  -6.167  -33.744  31.239 0.0000000000
38059  -10.111  -33.089  27.727 0.0000000000
38060  -10.263  -33.487  27.450 0.0000000000
38075  -7.453  -33.718  30.512 0.0000000000
38076  -8.355  -33.865  29.466 0.0000000000
38077  -10.450  -33.380  27.119 0.0000000000
38083  -8.961  -33.951  28.537 0.0000000000
38084  -9.575  -33.897  27.810 0.0000000000
38085  -9.558  -34.339  27.579 0.0000000000
38086  -10.568  -33.739  27.067 0.0000000000
38087  -10.643  -33.448  27.007 0.0000000000
38088  -10.373  -33.909  27.119 0.0000000000
38093  -10.209  -33.421  27.533 0.0000000000
38094  -10.137  -33.747  27.380 0.0000000000
38095  -10.336  -33.751  27.092 0.0000000000
38096  -10.725  -33.235  26.846 0.0000000000
38853  -7.468  -34.645  33.369 0.0000000000
38861  -8.136  -34.226  33.001 0.0000000000
38868  -8.655  -33.950  32.437 0.0000000000
38869  -9.075  -33.725  31.809 0.0000000000
38878  -9.500  -33.600  31.268 0.0000000000
38879  -9.851  -33.530  30.692 0.0000000000
38890  -10.100  -33.374  30.027 0.0000000000
38891  -10.246  -33.493  29.480 0.0000000000
38906  -10.115  -32.910  29.560 0.0000000000
38907  -10.087  -32.953  29.020 0.0000000000
38927  -9.985  -32.472  28.438 0.0000000000
38947  -4.375  -33.549  31.589 0.0000000000
38948  -5.144  -32.970  31.429 0.0000000000
38949  -10.108  -32.417  27.888 0.0000000000
38950  -10.521  -32.168  27.350 0.0000000000
38974  -6.837  -32.452  30.666 0.0000000000
38975  -8.273  -32.872  29.862 0.0000000000
38976  -10.864  -32.323  27.022 0.0000000000
38994  -9.152  -33.014  29.029 0.0000000000
38995  -9.813  -33.053  28.263 0.0000000000
38996  -10.951  -32.709  26.642 0.0000000000
38997  -10.919  -32.544  26.807 0.0000000000
39008  -10.211  -32.956  27.573 0.0000000000
39009  -10.429  -32.998  27.241 0.0000000000
39010  -10.784  -32.712  26.908 0.0000000000
39011  -10.995  -32.370  26.688 0.0000000000
39012  -11.191  -32.093  26.599 0.0000000000
39019  -11.170  -32.086  26.599 0.0000000000
39020  -11.107  -31.958  26.601 0.0000000000
39783  -7.523  -33.541  33.453 0.0000000000
39798  -8.197  -33.222  33.000 0.0000000000
39810  -8.706  -32.963  32.357 0.0000000000
39811  -9.144  -32.813  31.699 0.0000000000
39822  -9.630  -32.703  31.147 0.0000000000
39823  -9.935  -32.560  30.545 0.0000000000
39832  -10.170  -32.307  29.949 0.0000000000
39833  -10.345  -31.869  29.550 0.0000000000
39842  -10.124  -32.396  29.406 0.0000000000
39843  -10.256  -31.954  28.950 0.0000000000
39859  -10.495  -31.720  28.219 0.0000000000
39860  -11.092  -31.252  27.844 0.0000000000
39877  -10.520  -31.753  27.665 0.0000000000
39878  -11.174  -31.168  27.337 0.0000000000
39899  -8.132  -32.081  29.874 0.0000000000
39900  -11.351  -30.886  26.532 0.0000000000
39901  -11.798  -30.359  26.045 0.0000000000
39923  -8.955  -32.168  29.239 0.0000000000
39924  -9.721  -32.215  28.509 0.0000000000
39925  -11.287  -31.389  26.461 0.0000000000
39926  -11.790  -30.610  26.145 0.0000000000
39947  -10.231  -32.208  27.712 0.0000000000
39948  -10.769  -32.149  27.020 0.0000000000
39949  -10.987  -32.176  26.716 0.0000000000
39950  -11.381  -31.660  26.419 0.0000000000
39951  -11.581  -31.253  26.265 0.0000000000
39952  -11.730  -30.864  26.153 0.0000000000
39971  -11.068  -31.753  26.776 0.0000000000
39972  -11.163  -31.714  26.568 0.0000000000
39973  -11.340  -31.422  26.405 0.0000000000
39974  -11.620  -31.021  26.212 0.0000000000
40754  -7.638  -32.694  33.307 0.0000000000
40777  -7.325  -32.097  33.201 0.0000000000
40778  -8.132  -32.139  32.935 0.0000000000
40792  -8.802  -31.986  32.247 0.0000000000
40793  -9.293  -31.901  31.596 0.0000000000
40800  -9.810  -31.799  31.064 0.0000000000
40801  -10.153  -31.629  30.492 0.0000000000
40809  -10.459  -31.405  29.978 0.0000000000
40810  -10.704  -31.262  29.443 0.0000000000
40818  -10.922  -31.107  28.830 0.0000000000
40826  -11.275  -30.847  28.250 0.0000000000
40827  -11.604  -30.574  27.694 0.0000000000
40836  -11.858  -30.277  27.045 0.0000000000
40847  -7.595  -31.548  30.029 0.0000000000
40848  -12.128  -29.802  26.383 0.0000000000
40849  -12.082  -29.943  25.983 0.0000000000
40859  -8.495  -31.443  29.326 0.0000000000
40860  -9.311  -31.428  28.589 0.0000000000
40861  -12.019  -29.955  25.670 0.0000000000
40875  -9.958  -31.419  27.817 0.0000000000
40876  -10.562  -31.376  27.144 0.0000000000
40877  -11.909  -30.546  25.785 0.0000000000
40878  -12.037  -30.218  25.648 0.0000000000
40894  -11.001  -31.393  26.699 0.0000000000
40895  -11.355  -30.887  26.394 0.0000000000
40896  -11.699  -30.527  26.094 0.0000000000
40897  -11.910  -30.308  25.855 0.0000000000
40898  -12.077  -29.907  25.538 0.0000000000
41767  -7.215  -31.302  32.770 0.0000000000
41768  -8.211  -31.200  32.469 0.0000000000
41777  -8.909  -31.089  32.003 0.0000000000
41778  -9.506  -31.014  31.506 0.0000000000
41786  -9.939  -30.914  30.954 0.0000000000
41787  -10.368  -30.730  30.446 0.0000000000
41794  -10.773  -30.590  29.914 0.0000000000
41795  -11.077  -30.454  29.322 0.0000000000
41803  -11.397  -30.271  28.721 0.0000000000
41811  -11.742  -30.031  28.114 0.0000000000
41812  -12.021  -29.730  27.465 0.0000000000
41821  -12.297  -29.282  26.751 0.0000000000
41834  -4.822  -30.655  31.430 0.0000000000
41835  -6.371  -31.033  30.656 0.0000000000
41836  -12.457  -29.086  26.171 0.0000000000
41837  -12.424  -29.224  25.815 0.0000000000
41847  -7.785  -30.790  29.450 0.0000000000
41848  -8.680  -30.713  28.592 0.0000000000
41849  -12.328  -29.248  25.437 0.0000000000
41859  -9.402  -30.662  27.816 0.0000000000
41860  -10.004  -30.597  27.088 0.0000000000
41861  -12.227  -29.268  25.197 0.0000000000
41872  -10.752  -30.435  26.368 0.0000000000
41873  -11.475  -29.899  25.718 0.0000000000
41874  -11.900  -29.708  25.491 0.0000000000
41875  -12.158  -29.436  25.313 0.0000000000
41876  -12.257  -29.079  25.055 0.0000000000
41888  -11.424  -29.251  25.173 0.0000000000
41889  -11.749  -29.142  25.016 0.0000000000
41890  -12.079  -28.958  24.872 0.0000000000
41891  -12.269  -28.760  24.838 0.0000000000
42741  -7.439  -30.528  32.162 0.0000000000
42742  -8.258  -30.564  31.992 0.0000000000
42752  -6.631  -29.941  31.556 0.0000000000
42753  -7.690  -29.954  31.573 0.0000000000
42754  -8.786  -30.167  31.488 0.0000000000
42755  -9.525  -30.351  31.205 0.0000000000
42764  -9.264  -29.792  31.065 0.0000000000
42765  -9.907  -29.921  30.792 0.0000000000
42766  -10.489  -29.846  30.239 0.0000000000
42775  -10.858  -29.725  29.683 0.0000000000
42776  -11.175  -29.563  29.085 0.0000000000
42783  -11.462  -29.363  28.459 0.0000000000
42792  -11.812  -29.095  27.838 0.0000000000
42793  -12.124  -28.845  27.200 0.0000000000
42805  -12.293  -28.520  26.688 0.0000000000
42817  -4.168  -30.230  31.036 0.0000000000
42818  -5.486  -30.038  30.791 0.0000000000
42819  -12.476  -28.436  26.197 0.0000000000
42820  -12.536  -28.510  25.708 0.0000000000
42831  -7.156  -29.828  29.301 0.0000000000
42832  -8.106  -30.258  28.733 0.0000000000
42833  -12.479  -28.510  25.253 0.0000000000
42845  -7.825  -29.225  28.283 0.0000000000
42846  -8.691  -29.696  27.752 0.0000000000
42847  -9.520  -30.104  27.265 0.0000000000
42848  -12.365  -28.402  24.843 0.0000000000
42860  -9.182  -29.184  27.021 0.0000000000
42861  -9.825  -29.468  26.566 0.0000000000
42862  -10.904  -29.213  25.396 0.0000000000
42863  -12.269  -28.204  24.564 0.0000000000
42871  -11.458  -28.677  24.735 0.0000000000
42872  -12.025  -28.255  24.387 0.0000000000
42873  -12.265  -28.275  24.506 0.0000000000
42874  -12.391  -28.031  24.424 0.0000000000
42881  -12.359  -27.688  24.165 0.0000000000
42882  -12.347  -27.773  24.125 0.0000000000
42883  -12.331  -27.876  23.917 0.0000000000
43787  -6.894  -29.257  31.096 0.0000000000
43788  -8.012  -29.322  31.085 0.0000000000
43789  -8.761  -29.472  31.037 0.0000000000
43798  -8.421  -29.062  30.722 0.0000000000
43799  -9.123  -29.121  30.623 0.0000000000
43800  -9.891  -29.074  30.171 0.0000000000
43801  -10.416  -29.223  29.830 0.0000000000
43810  -10.094  -28.698  29.698 0.0000000000
43811  -10.603  -28.772  29.274 0.0000000000
43812  -11.089  -28.868  28.739 0.0000000000
43821  -10.768  -28.334  28.650 0.0000000000
43822  -11.223  -28.345  28.097 0.0000000000
43831  -11.738  -28.252  27.421 0.0000000000
43832  -12.087  -28.083  26.881 0.0000000000
43843  -12.321  -27.899  26.380 0.0000000000
43853  -4.055  -29.533  30.821 0.0000000000
43854  -4.837  -29.680  30.933 0.0000000000
43855  -12.465  -27.777  25.984 0.0000000000
43856  -12.536  -27.863  25.661 0.0000000000
43866  -3.498  -28.540  30.218 0.0000000000
43867  -4.739  -28.464  29.967 0.0000000000
43868  -5.545  -29.279  30.224 0.0000000000
43869  -12.513  -27.818  25.180 0.0000000000
43880  -5.930  -28.070  28.711 0.0000000000
43881  -7.045  -28.507  28.341 0.0000000000
43882  -8.177  -28.936  27.793 0.0000000000
43883  -12.387  -27.706  24.632 0.0000000000
43897  -7.948  -27.884  27.173 0.0000000000
43898  -8.845  -28.434  26.803 0.0000000000
43899  -10.350  -28.082  25.131 0.0000000000
43900  -11.054  -28.426  24.753 0.0000000000
43901  -12.208  -27.352  24.104 0.0000000000
43902  -12.368  -26.779  23.825 0.0000000000
43916  -10.881  -27.144  24.343 0.0000000000
43917  -11.606  -27.500  24.249 0.0000000000
43918  -12.178  -27.592  24.263 0.0000000000
43919  -12.342  -27.155  23.877 0.0000000000
43920  -12.388  -26.908  23.920 0.0000000000
43932  -12.131  -26.699  23.962 0.0000000000
43933  -12.227  -27.088  23.923 0.0000000000
43934  -12.346  -27.143  23.732 0.0000000000
43935  -12.376  -27.375  23.789 0.0000000000
44941  -6.083  -28.528  30.491 0.0000000000
44942  -7.332  -28.736  30.616 0.0000000000
44943  -7.990  -28.894  30.663 0.0000000000
44958  -5.493  -27.606  30.089 0.0000000000
44959  -6.803  -27.916  30.227 0.0000000000
44960  -8.128  -28.380  30.314 0.0000000000
44961  -9.174  -28.329  29.955 0.0000000000
44962  -9.731  -28.515  29.793 0.0000000000
44971  -8.927  -27.815  29.440 0.0000000000
44972  -9.634  -28.007  29.260 0.0000000000
44973  -10.319  -28.017  28.859 0.0000000000
44984  -9.819  -27.703  28.543 0.0000000000
44985  -10.409  -27.748  28.154 0.0000000000
44986  -10.874  -27.747  27.843 0.0000000000
44994  -10.577  -27.452  27.644 0.0000000000
44995  -11.143  -27.498  27.349 0.0000000000
44996  -11.742  -27.655  26.993 0.0000000000
45006  -11.505  -27.115  26.717 0.0000000000
45007  -11.975  -27.325  26.457 0.0000000000
45025  -12.265  -27.231  25.958 0.0000000000
45026  -12.434  -27.411  25.664 0.0000000000
45042  -2.813  -27.561  29.786 0.0000000000
45043  -4.017  -27.702  29.752 0.0000000000
45044  -5.369  -27.650  28.681 0.0000000000
45045  -12.314  -26.933  25.498 0.0000000000
45046  -12.451  -27.162  25.208 0.0000000000
45062  -6.433  -27.614  28.108 0.0000000000
45063  -7.356  -27.358  27.372 0.0000000000
45064  -12.375  -27.092  24.658 0.0000000000
45078  -8.292  -27.290  26.311 0.0000000000
45079  -9.427  -27.092  25.226 0.0000000000
45080  -10.327  -27.059  24.625 0.0000000000
45081  -12.159  -26.903  24.089 0.0000000000
45082  -12.311  -26.555  23.833 0.0000000000
45095  -10.108  -26.475  24.476 0.0000000000
45096  -10.762  -26.415  24.241 0.0000000000
45097  -11.420  -26.430  24.092 0.0000000000
45098  -12.488  -26.565  23.427 0.0000000000
45099  -12.514  -26.326  23.570 0.0000000000
45114  -11.930  -26.290  23.888 0.0000000000
45115  -12.328  -26.054  23.573 0.0000000000
45116  -12.497  -26.371  23.501 0.0000000000
45117  -12.524  -26.613  23.141 0.0000000000
45118  -12.680  -26.142  23.203 0.0000000000
45132  -12.444  -25.569  23.186 0.0000000000
45133  -12.568  -25.778  23.142 0.0000000000
45134  -12.628  -25.956  23.016 0.0000000000
46146  -6.163  -27.180  29.654 0.0000000000
46147  -7.460  -27.541  29.639 0.0000000000
46148  -8.436  -27.827  29.652 0.0000000000
46168  -4.881  -26.205  29.085 0.0000000000
46169  -5.621  -26.545  29.019 0.0000000000
46170  -6.773  -26.952  28.858 0.0000000000
46171  -8.312  -27.242  28.690 0.0000000000
46172  -9.297  -27.507  28.565 0.0000000000
46191  -8.466  -26.760  27.925 0.0000000000
46192  -9.371  -27.044  27.830 0.0000000000
46193  -10.162  -27.292  27.701 0.0000000000
46207  -9.619  -26.359  27.304 0.0000000000
46208  -10.278  -26.757  27.265 0.0000000000
46209  -10.987  -26.565  26.700 0.0000000000
46220  -11.590  -26.404  26.092 0.0000000000
46221  -12.015  -26.835  26.047 0.0000000000
46234  -11.727  -25.937  25.621 0.0000000000
46235  -12.012  -26.379  25.565 0.0000000000
46244  -4.047  -26.635  28.747 0.0000000000
46245  -4.906  -27.180  28.591 0.0000000000
46246  -12.217  -26.424  25.053 0.0000000000
46247  -12.288  -26.570  24.707 0.0000000000
46255  -5.056  -25.981  27.801 0.0000000000
46256  -6.219  -26.465  27.675 0.0000000000
46257  -7.658  -26.618  26.555 0.0000000000
46258  -12.082  -26.384  24.144 0.0000000000
46268  -7.554  -25.900  26.247 0.0000000000
46269  -8.540  -26.204  25.464 0.0000000000
46270  -9.587  -25.962  24.584 0.0000000000
46271  -12.193  -26.125  23.753 0.0000000000
46272  -12.400  -25.873  23.420 0.0000000000
46283  -10.484  -25.710  24.240 0.0000000000
46284  -11.208  -25.592  24.038 0.0000000000
46285  -11.705  -25.764  23.907 0.0000000000
46286  -12.525  -25.628  23.128 0.0000000000
46299  -11.544  -25.294  23.659 0.0000000000
46300  -11.948  -25.395  23.482 0.0000000000
46301  -12.190  -25.427  23.102 0.0000000000
46302  -12.655  -25.605  22.874 0.0000000000
46303  -12.737  -25.588  23.104 0.0000000000
46321  -11.994  -24.987  22.831 0.0000000000
46322  -12.289  -25.107  22.719 0.0000000000
46323  -12.539  -25.220  22.660 0.0000000000
46324  -12.587  -25.431  22.751 0.0000000000
47369  -5.059  -25.822  28.576 0.0000000000
47370  -6.078  -26.319  28.340 0.0000000000
47371  -7.042  -26.544  28.249 0.0000000000
47376  -5.607  -25.697  28.063 0.0000000000
47377  -6.408  -25.887  27.829 0.0000000000
47378  -7.648  -26.177  27.718 0.0000000000
47379  -8.550  -26.355  27.617 0.0000000000
47384  -8.255  -25.678  27.405 0.0000000000
47385  -8.986  -25.862  27.203 0.0000000000
47386  -9.735  -25.745  26.778 0.0000000000
47387  -10.425  -26.001  26.643 0.0000000000
47391  -10.140  -25.374  26.259 0.0000000000
47392  -10.779  -25.558  26.002 0.0000000000
47396  -11.367  -25.417  25.496 0.0000000000
47397  -11.712  -25.522  25.219 0.0000000000
47406  -3.039  -25.841  28.932 0.0000000000
47407  -11.920  -25.660  24.877 0.0000000000
47408  -12.052  -25.782  24.386 0.0000000000
47414  -1.872  -24.698  28.714 0.0000000000
47415  -2.889  -25.148  28.130 0.0000000000
47416  -4.327  -25.343  27.968 0.0000000000
47417  -5.706  -25.229  27.383 0.0000000000
47418  -12.081  -25.609  23.792 0.0000000000
47426  -6.920  -25.157  26.428 0.0000000000
47427  -8.356  -24.955  25.579 0.0000000000
47428  -9.251  -25.223  24.989 0.0000000000
47429  -12.336  -25.352  23.372 0.0000000000
47430  -12.718  -25.198  23.052 0.0000000000
47438  -9.339  -24.479  24.979 0.0000000000
47439  -10.223  -24.725  24.426 0.0000000000
47440  -10.835  -25.134  24.122 0.0000000000
47441  -12.829  -25.053  22.774 0.0000000000
47452  -10.678  -24.171  24.009 0.0000000000
47453  -11.070  -24.616  23.529 0.0000000000
47454  -11.591  -24.981  23.409 0.0000000000
47455  -12.730  -25.071  22.546 0.0000000000
47456  -12.818  -24.879  22.579 0.0000000000
47476  -11.300  -24.105  22.886 0.0000000000
47477  -11.632  -24.571  22.915 0.0000000000
47478  -12.070  -24.180  22.427 0.0000000000
47479  -12.517  -24.195  22.413 0.0000000000
47480  -12.613  -24.585  22.384 0.0000000000
47481  -12.728  -24.398  22.364 0.0000000000
47502  -12.246  -23.595  22.250 0.0000000000
47503  -12.365  -23.739  22.163 0.0000000000
48474  -4.958  -25.323  28.058 0.0000000000
48478  -4.554  -24.895  27.901 0.0000000000
48479  -5.467  -25.119  27.607 0.0000000000
48480  -6.629  -25.172  27.403 0.0000000000
48481  -7.609  -25.089  27.289 0.0000000000
48485  -8.313  -24.917  27.047 0.0000000000
48486  -9.022  -24.697  26.575 0.0000000000
48487  -9.642  -24.910  26.205 0.0000000000
48492  -9.517  -24.148  26.150 0.0000000000
48493  -10.098  -24.443  25.762 0.0000000000
48494  -10.859  -24.315  25.339 0.0000000000
48499  -11.509  -24.459  24.918 0.0000000000
48500  -11.716  -25.089  24.802 0.0000000000
48508  -11.794  -23.979  24.544 0.0000000000
48509  -11.882  -24.621  24.232 0.0000000000
48510  -11.979  -25.193  23.922 0.0000000000
48517  -1.189  -24.010  28.279 0.0000000000
48518  -2.697  -24.096  27.710 0.0000000000
48519  -4.364  -24.015  27.595 0.0000000000
48520  -5.138  -24.663  27.382 0.0000000000
48521  -12.213  -24.150  23.742 0.0000000000
48522  -12.272  -24.634  23.534 0.0000000000
48529  -5.284  -23.507  26.659 0.0000000000
48530  -6.069  -24.151  26.537 0.0000000000
48531  -7.534  -24.158  25.620 0.0000000000
48532  -12.666  -24.516  22.896 0.0000000000
48533  -12.838  -24.808  22.817 0.0000000000
48540  -8.766  -23.956  25.095 0.0000000000
48541  -9.662  -23.853  24.603 0.0000000000
48542  -12.607  -24.280  22.548 0.0000000000
48543  -12.777  -24.457  22.595 0.0000000000
48550  -10.221  -23.872  24.120 0.0000000000
48551  -10.545  -23.739  23.543 0.0000000000
48552  -12.668  -24.381  22.402 0.0000000000
48561  -10.988  -23.620  22.978 0.0000000000
48562  -11.663  -23.393  22.517 0.0000000000
48563  -12.155  -23.461  22.424 0.0000000000
48564  -12.596  -23.919  22.071 0.0000000000
48565  -12.605  -23.677  22.019 0.0000000000
48566  -12.615  -24.031  22.250 0.0000000000
48575  -11.897  -22.693  22.249 0.0000000000
48576  -12.079  -23.041  22.155 0.0000000000
48577  -12.238  -23.343  21.862 0.0000000000
48578  -12.541  -23.313  21.641 0.0000000000
49530  -4.466  -24.200  27.648 0.0000000000
49531  -5.751  -24.204  27.344 0.0000000000
49532  -6.973  -24.109  27.302 0.0000000000
49533  -7.767  -24.310  27.163 0.0000000000
49545  -7.530  -23.661  27.130 0.0000000000
49546  -8.267  -23.756  26.889 0.0000000000
49547  -9.141  -23.310  26.481 0.0000000000
49558  -9.910  -23.277  26.115 0.0000000000
49559  -10.657  -23.239  25.655 0.0000000000
49560  -10.926  -23.599  25.410 0.0000000000
49566  -11.045  -22.732  25.564 0.0000000000
49567  -11.215  -23.290  25.226 0.0000000000
49572  -11.708  -23.386  24.714 0.0000000000
49573  -12.006  -23.493  24.262 0.0000000000
49579  -0.210  -22.483  27.594 0.0000000000
49580  -1.224  -22.821  27.472 0.0000000000
49581  -2.745  -22.958  27.318 0.0000000000
49582  -3.592  -23.397  27.593 0.0000000000
49583  -12.206  -23.650  23.826 0.0000000000
49584  -12.355  -23.701  23.444 0.0000000000
49590  -3.417  -22.452  27.258 0.0000000000
49591  -4.358  -22.889  26.880 0.0000000000
49592  -6.251  -22.996  25.805 0.0000000000
49593  -6.980  -23.590  25.641 0.0000000000
49594  -12.471  -23.698  22.915 0.0000000000
49602  -7.073  -22.487  25.220 0.0000000000
49603  -7.962  -23.016  24.845 0.0000000000
49604  -9.076  -23.449  24.598 0.0000000000
49605  -12.337  -23.758  22.241 0.0000000000
49606  -12.494  -24.141  22.392 0.0000000000
49613  -8.607  -22.511  24.031 0.0000000000
49614  -9.603  -22.960  23.686 0.0000000000
49615  -10.467  -23.244  23.099 0.0000000000
49616  -12.365  -23.393  21.855 0.0000000000
49617  -12.539  -23.970  22.260 0.0000000000
49629  -9.856  -22.410  22.812 0.0000000000
49630  -10.762  -22.553  22.486 0.0000000000
49631  -11.620  -22.664  22.191 0.0000000000
49632  -12.412  -23.222  21.678 0.0000000000
49633  -12.534  -23.759  22.138 0.0000000000
49644  -11.065  -21.919  21.920 0.0000000000
49645  -11.683  -22.131  21.760 0.0000000000
49646  -12.069  -22.484  21.489 0.0000000000
49647  -12.338  -22.635  21.193 0.0000000000
49648  -12.599  -22.956  21.291 0.0000000000
49659  -11.807  -21.767  21.066 0.0000000000
49660  -12.058  -21.848  21.054 0.0000000000
49661  -12.239  -22.073  20.920 0.0000000000
50630  -3.525  -23.189  27.549 0.0000000000
50631  -4.830  -23.234  27.328 0.0000000000
50632  -6.223  -22.951  27.277 0.0000000000
50633  -7.065  -23.368  27.189 0.0000000000
50644  -6.616  -22.217  27.021 0.0000000000
50645  -7.416  -22.727  26.981 0.0000000000
50646  -8.462  -22.623  26.725 0.0000000000
50647  -9.066  -22.366  26.564 0.0000000000
50660  -9.647  -22.404  26.414 0.0000000000
50661  -10.297  -22.363  26.133 0.0000000000
50671  -10.855  -22.233  25.813 0.0000000000
50672  -11.285  -22.266  25.372 0.0000000000
50679  -11.695  -22.523  24.918 0.0000000000
50680  -11.939  -22.638  24.392 0.0000000000
50687  -0.129  -21.554  27.263 0.0000000000
50688  -1.070  -21.618  27.085 0.0000000000
50689  -2.400  -22.173  27.186 0.0000000000
50690  -3.100  -22.287  27.442 0.0000000000
50691  -12.136  -22.690  23.690 0.0000000000
50692  -12.247  -23.227  23.514 0.0000000000
50699  -1.634  -20.981  26.799 0.0000000000
50700  -2.534  -21.407  26.762 0.0000000000
50701  -3.625  -22.038  26.789 0.0000000000
50702  -5.534  -21.971  25.745 0.0000000000
50703  -6.577  -22.288  25.380 0.0000000000
50704  -12.136  -22.341  23.232 0.0000000000
50705  -12.152  -22.841  23.068 0.0000000000
50713  -6.187  -21.392  25.236 0.0000000000
50714  -7.226  -21.785  24.786 0.0000000000
50715  -8.145  -22.270  24.261 0.0000000000
50716  -11.999  -22.867  22.201 0.0000000000
50724  -7.748  -21.365  23.951 0.0000000000
50725  -8.590  -21.819  23.446 0.0000000000
50726  -9.409  -22.268  22.991 0.0000000000
50727  -12.217  -22.781  21.645 0.0000000000
50737  -8.911  -21.413  22.584 0.0000000000
50738  -9.640  -21.750  22.332 0.0000000000
50739  -10.566  -21.785  21.937 0.0000000000
50740  -12.350  -22.731  21.335 0.0000000000
50749  -10.065  -21.491  21.473 0.0000000000
50750  -10.796  -21.629  21.156 0.0000000000
50751  -11.402  -21.696  20.907 0.0000000000
50752  -12.640  -22.487  20.844 0.0000000000
50753  -12.445  -22.274  20.809 0.0000000000
50761  -11.035  -21.462  20.425 0.0000000000
50762  -11.549  -21.594  20.312 0.0000000000
50763  -12.051  -21.699  20.203 0.0000000000
50764  -12.456  -21.919  20.406 0.0000000000
50765  -12.479  -21.589  20.073 0.0000000000
51617  -2.630  -21.948  27.389 0.0000000000
51618  -3.982  -22.199  27.497 0.0000000000
51619  -5.066  -22.239  27.332 0.0000000000
51631  -3.356  -21.467  27.032 0.0000000000
51632  -4.375  -21.360  27.164 0.0000000000
51633  -5.766  -21.599  27.056 0.0000000000
51634  -6.899  -21.559  26.777 0.0000000000
51635  -7.948  -21.649  26.669 0.0000000000
51636  -8.644  -21.909  26.544 0.0000000000
51649  -8.484  -21.318  26.483 0.0000000000
51650  -9.113  -21.553  26.375 0.0000000000
51651  -9.861  -21.603  26.225 0.0000000000
51662  -10.340  -21.521  25.899 0.0000000000
51663  -10.697  -21.346  25.244 0.0000000000
51669  -11.369  -21.502  24.613 0.0000000000
51670  -11.760  -22.088  24.509 0.0000000000
51676  -0.257  -21.024  27.221 0.0000000000
51677  -0.505  -21.129  27.265 0.0000000000
51678  -11.478  -21.143  24.078 0.0000000000
51679  -11.780  -21.667  23.929 0.0000000000
51686  0.355  -20.743  27.015 0.0000000000
51687  -0.723  -20.701  26.959 0.0000000000
51688  -2.432  -20.425  26.383 0.0000000000
51689  -4.333  -21.084  26.055 0.0000000000
51690  -5.573  -21.280  25.443 0.0000000000
51691  -11.993  -21.670  23.085 0.0000000000
51692  -12.032  -22.183  22.981 0.0000000000
51701  -3.221  -19.730  26.131 0.0000000000
51702  -4.235  -20.070  25.864 0.0000000000
51703  -6.219  -20.601  25.032 0.0000000000
51704  -7.283  -21.114  24.276 0.0000000000
51705  -11.983  -21.271  22.601 0.0000000000
51706  -11.784  -21.871  22.353 0.0000000000
51716  -7.006  -20.071  24.277 0.0000000000
51717  -7.849  -20.675  23.536 0.0000000000
51718  -8.590  -21.194  22.832 0.0000000000
51719  -11.954  -21.920  21.531 0.0000000000
51728  -8.460  -20.165  22.806 0.0000000000
51729  -8.954  -20.768  22.046 0.0000000000
51730  -9.603  -21.253  21.560 0.0000000000
51731  -12.210  -21.909  20.861 0.0000000000
51739  -9.183  -20.443  21.087 0.0000000000
51740  -9.852  -20.878  20.693 0.0000000000
51741  -10.631  -21.220  20.440 0.0000000000
51742  -12.490  -21.343  20.246 0.0000000000
51747  -10.065  -20.532  19.856 0.0000000000
51748  -10.773  -20.843  19.699 0.0000000000
51749  -11.645  -21.141  19.604 0.0000000000
51750  -12.095  -21.200  19.705 0.0000000000
51751  -12.326  -20.916  19.707 0.0000000000
51752  -12.463  -21.076  19.919 0.0000000000
51756  -10.954  -20.304  19.075 0.0000000000
51757  -11.345  -20.473  19.139 0.0000000000
51758  -11.843  -20.609  19.279 0.0000000000
51759  -12.109  -20.720  19.424 0.0000000000
52561  -1.871  -20.791  26.823 0.0000000000
52562  -2.708  -21.151  26.995 0.0000000000
52583  -2.137  -20.082  26.342 0.0000000000
52584  -3.142  -20.444  26.755 0.0000000000
52585  -4.770  -20.508  26.629 0.0000000000
52586  -6.089  -20.622  26.517 0.0000000000
52587  -7.318  -20.564  26.338 0.0000000000
52588  -8.090  -20.966  26.473 0.0000000000
52606  -7.596  -20.136  25.768 0.0000000000
52607  -8.374  -20.586  26.101 0.0000000000
52608  -9.344  -20.843  25.884 0.0000000000
52609  -9.901  -21.143  25.899 0.0000000000
52626  -9.174  -20.384  25.303 0.0000000000
52627  -9.802  -20.703  25.242 0.0000000000
52628  -10.288  -20.749  24.936 0.0000000000
52641  -9.976  -20.400  24.615 0.0000000000
52642  -10.520  -20.629  24.443 0.0000000000
52653  -11.036  -20.616  23.908 0.0000000000
52654  -11.496  -20.874  23.709 0.0000000000
52663  0.042  -19.901  27.071 0.0000000000
52664  -1.007  -19.996  26.624 0.0000000000
52665  -11.176  -20.389  23.279 0.0000000000
52666  -11.659  -20.735  23.122 0.0000000000
52673  -0.221  -19.432  26.364 0.0000000000
52674  -2.131  -19.450  25.963 0.0000000000
52675  -3.948  -19.245  25.790 0.0000000000
52676  -5.195  -19.633  25.343 0.0000000000
52677  -11.934  -20.681  22.547 0.0000000000
52678  -12.038  -20.955  22.270 0.0000000000
52686  -5.032  -19.102  25.088 0.0000000000
52687  -6.266  -19.432  24.505 0.0000000000
52688  -7.338  -19.722  23.880 0.0000000000
52689  -12.162  -20.333  22.053 0.0000000000
52690  -12.252  -20.762  21.701 0.0000000000
52700  -7.142  -19.189  23.783 0.0000000000
52701  -8.011  -19.500  23.156 0.0000000000
52702  -8.434  -19.986  22.225 0.0000000000
52703  -12.448  -20.833  20.984 0.0000000000
52713  -8.279  -19.439  22.231 0.0000000000
52714  -8.760  -19.813  21.361 0.0000000000
52715  -9.199  -20.233  20.585 0.0000000000
52716  -12.579  -20.704  20.367 0.0000000000
52724  -9.039  -19.677  20.442 0.0000000000
52725  -9.534  -20.017  19.859 0.0000000000
52726  -10.160  -20.249  19.471 0.0000000000
52727  -12.317  -20.197  19.519 0.0000000000
52728  -12.517  -20.397  19.804 0.0000000000
52734  -9.970  -19.708  19.297 0.0000000000
52735  -10.543  -19.891  19.059 0.0000000000
52736  -11.112  -19.756  18.869 0.0000000000
52737  -11.601  -19.800  18.963 0.0000000000
52738  -12.071  -19.976  19.220 0.0000000000
53582  -1.001  -20.033  26.742 0.0000000000
53598  -1.421  -19.521  26.256 0.0000000000
53599  -2.464  -19.385  26.109 0.0000000000
53600  -3.840  -19.424  25.933 0.0000000000
53601  -5.242  -19.759  26.034 0.0000000000
53602  -6.243  -19.990  25.973 0.0000000000
53614  -4.668  -18.962  25.328 0.0000000000
53615  -5.607  -19.451  25.166 0.0000000000
53616  -6.719  -19.740  25.289 0.0000000000
53617  -7.732  -19.744  24.997 0.0000000000
53618  -8.704  -20.264  25.407 0.0000000000
53631  -7.755  -19.411  24.210 0.0000000000
53632  -8.638  -19.837  24.360 0.0000000000
53633  -9.525  -20.192  24.518 0.0000000000
53646  -8.551  -19.546  23.334 0.0000000000
53647  -9.449  -19.976  23.558 0.0000000000
53648  -10.377  -20.273  23.774 0.0000000000
53663  -9.532  -19.664  22.778 0.0000000000
53664  -10.301  -19.978  23.007 0.0000000000
53677  -11.167  -19.731  22.517 0.0000000000
53678  -11.693  -20.201  22.571 0.0000000000
53691  -1.072  -18.583  26.030 0.0000000000
53692  -3.211  -18.501  25.615 0.0000000000
53693  -4.379  -18.801  25.307 0.0000000000
53694  -11.342  -19.217  21.996 0.0000000000
53695  -11.803  -19.667  22.013 0.0000000000
53701  -3.961  -18.144  24.884 0.0000000000
53702  -5.252  -18.458  24.591 0.0000000000
53703  -6.484  -18.939  23.977 0.0000000000
53704  -12.326  -19.716  21.534 0.0000000000
53705  -12.584  -19.909  21.032 0.0000000000
53713  -5.953  -18.088  23.741 0.0000000000
53714  -7.162  -18.570  23.189 0.0000000000
53715  -8.150  -18.954  22.738 0.0000000000
53716  -12.699  -19.923  20.463 0.0000000000
53725  -7.868  -18.271  22.483 0.0000000000
53726  -8.242  -18.698  22.029 0.0000000000
53727  -8.762  -18.991  20.797 0.0000000000
53728  -12.697  -19.816  19.986 0.0000000000
53737  -9.094  -19.115  19.998 0.0000000000
53738  -9.586  -19.121  19.439 0.0000000000
53739  -12.363  -19.472  19.322 0.0000000000
53740  -12.556  -19.503  19.633 0.0000000000
53748  -10.086  -19.104  18.964 0.0000000000
53749  -10.705  -18.993  18.627 0.0000000000
53750  -11.346  -18.976  18.509 0.0000000000
53751  -11.839  -19.003  18.678 0.0000000000
53752  -12.168  -19.011  18.881 0.0000000000
54656  -1.716  -18.448  25.911 0.0000000000
54657  -2.881  -18.333  25.656 0.0000000000
54658  -3.910  -18.418  25.566 0.0000000000
54667  -3.630  -17.679  25.585 0.0000000000
54668  -4.348  -17.867  25.263 0.0000000000
54669  -5.179  -18.338  24.773 0.0000000000
54670  -5.921  -19.019  24.483 0.0000000000
54671  -6.652  -19.282  24.397 0.0000000000
54680  -5.593  -18.203  24.146 0.0000000000
54681  -6.189  -18.415  23.889 0.0000000000
54682  -6.965  -19.074  23.795 0.0000000000
54683  -7.559  -19.202  23.552 0.0000000000
54693  -6.528  -18.211  23.435 0.0000000000
54694  -7.045  -18.403  23.161 0.0000000000
54695  -7.857  -18.872  22.929 0.0000000000
54696  -8.498  -19.225  22.832 0.0000000000
54707  -8.086  -18.667  22.306 0.0000000000
54708  -8.872  -18.960  22.379 0.0000000000
54709  -9.613  -19.361  22.403 0.0000000000
54719  -9.322  -18.597  21.943 0.0000000000
54720  -10.152  -19.157  22.179 0.0000000000
54738  -1.588  -18.083  25.824 0.0000000000
54739  -9.753  -18.357  21.609 0.0000000000
54740  -10.705  -18.656  21.669 0.0000000000
54741  -11.445  -18.884  21.642 0.0000000000
54759  -3.086  -17.631  25.099 0.0000000000
54760  -4.298  -17.963  24.588 0.0000000000
54761  -11.151  -18.368  21.222 0.0000000000
54762  -11.867  -18.626  21.074 0.0000000000
54763  -12.468  -19.173  20.971 0.0000000000
54773  -3.904  -17.200  24.589 0.0000000000
54774  -4.878  -17.545  24.135 0.0000000000
54775  -6.316  -17.646  23.002 0.0000000000
54776  -12.361  -18.639  20.583 0.0000000000
54777  -12.655  -19.097  20.447 0.0000000000
54787  -7.688  -17.761  22.334 0.0000000000
54788  -8.507  -17.916  20.998 0.0000000000
54789  -8.855  -18.555  20.291 0.0000000000
54790  -12.749  -19.192  20.019 0.0000000000
54800  -8.662  -17.470  20.307 0.0000000000
54801  -9.106  -18.083  19.604 0.0000000000
54802  -9.691  -18.622  19.119 0.0000000000
54803  -12.548  -18.678  19.317 0.0000000000
54804  -12.654  -19.168  19.727 0.0000000000
54815  -9.481  -17.585  18.939 0.0000000000
54816  -9.986  -18.134  18.651 0.0000000000
54817  -10.966  -17.987  18.144 0.0000000000
54818  -11.632  -18.230  18.248 0.0000000000
54819  -12.074  -18.082  18.428 0.0000000000
54820  -12.365  -18.559  18.887 0.0000000000
54836  -11.160  -17.389  17.946 0.0000000000
54837  -11.497  -17.595  18.001 0.0000000000
54838  -11.816  -17.773  18.114 0.0000000000
55720  -2.076  -17.306  25.722 0.0000000000
55721  -2.913  -17.095  25.579 0.0000000000
55723  -3.704  -16.928  25.243 0.0000000000
55724  -4.701  -17.094  24.611 0.0000000000
55725  -5.259  -17.754  24.244 0.0000000000
55728  -4.875  -16.732  23.905 0.0000000000
55729  -5.490  -17.358  23.648 0.0000000000
55730  -6.104  -17.864  23.428 0.0000000000
55732  -5.842  -16.977  23.251 0.0000000000
55733  -6.270  -17.492  23.021 0.0000000000
55734  -7.305  -17.570  22.564 0.0000000000
55735  -7.871  -18.160  22.413 0.0000000000
55741  -7.559  -17.024  22.225 0.0000000000
55742  -8.149  -17.605  21.990 0.0000000000
55743  -8.612  -18.243  21.693 0.0000000000
55755  -8.286  -17.103  21.388 0.0000000000
55756  -8.733  -17.635  21.228 0.0000000000
55772  -9.746  -17.671  21.045 0.0000000000
55773  -10.508  -17.915  20.942 0.0000000000
55796  -1.727  -16.814  25.418 0.0000000000
55797  -11.007  -17.721  20.729 0.0000000000
55798  -11.493  -17.659  20.446 0.0000000000
55816  -3.229  -16.882  24.914 0.0000000000
55817  -4.174  -16.748  24.189 0.0000000000
55818  -5.592  -16.710  23.376 0.0000000000
55819  -12.066  -17.893  20.263 0.0000000000
55820  -12.492  -18.377  20.190 0.0000000000
55833  -6.931  -16.756  22.579 0.0000000000
55834  -7.995  -16.803  21.869 0.0000000000
55835  -12.359  -17.769  19.783 0.0000000000
55836  -12.635  -18.494  19.905 0.0000000000
55849  -8.545  -16.815  20.971 0.0000000000
55850  -8.697  -16.980  19.927 0.0000000000
55851  -12.490  -17.842  19.380 0.0000000000
55852  -12.643  -18.673  19.672 0.0000000000
55865  -9.159  -17.033  19.189 0.0000000000
55866  -9.777  -17.043  18.587 0.0000000000
55867  -10.373  -17.380  18.259 0.0000000000
55868  -12.155  -17.391  18.337 0.0000000000
55869  -12.356  -17.572  18.749 0.0000000000
55881  -10.243  -16.747  18.178 0.0000000000
55882  -10.786  -16.979  17.996 0.0000000000
55883  -11.300  -16.955  17.950 0.0000000000
55884  -11.842  -17.172  18.080 0.0000000000
56669  -2.311  -16.579  25.584 0.0000000000
56682  -2.621  -16.001  25.197 0.0000000000
56683  -3.673  -16.050  24.590 0.0000000000
56695  -4.431  -16.169  24.068 0.0000000000
56696  -5.032  -16.302  23.749 0.0000000000
56707  -5.596  -16.407  23.451 0.0000000000
56708  -6.052  -16.512  23.117 0.0000000000
56709  -6.599  -16.576  22.772 0.0000000000
56722  -7.205  -16.466  22.405 0.0000000000
56723  -7.676  -16.419  22.008 0.0000000000
56741  -8.240  -16.662  21.679 0.0000000000
56760  -9.118  -16.713  20.812 0.0000000000
56827  -12.115  -16.755  18.345 0.0000000000
56834  -10.920  -16.245  17.924 0.0000000000
56835  -11.432  -16.363  17.992 0.0000000000
56836  -11.788  -16.444  18.138 0.0000000000
110210  -3.803  -32.231  31.784 0.0000000000
110214  -5.218  -32.199  31.552 0.0000000000
110217  -4.892  -31.447  31.654 0.0000000000
110218  -5.815  -32.368  31.189 0.0000000000
110220  -5.865  -31.881  31.138 0.0000000000
