#!ascii label  , from subject Yale_0050569 vox2ras=TkReg
636
36523  57.489  -42.194  -1.401 0.0000000000
36524  57.124  -40.297  -1.529 0.0000000000
36525  56.545  -39.409  -1.825 0.0000000000
36533  57.810  -41.616  -1.893 0.0000000000
36534  57.153  -40.128  -2.065 0.0000000000
36543  58.057  -41.220  -2.476 0.0000000000
36544  56.886  -39.856  -2.642 0.0000000000
36551  59.037  -42.469  -3.015 0.0000000000
36552  57.613  -40.566  -3.376 0.0000000000
36553  56.441  -39.653  -3.141 0.0000000000
36559  58.973  -41.855  -4.260 0.0000000000
36560  57.543  -40.704  -4.111 0.0000000000
37466  55.767  -38.101  -0.661 0.0000000000
37480  55.882  -38.504  -1.012 0.0000000000
37481  54.654  -38.293  -0.740 0.0000000000
37496  56.610  -39.176  -1.344 0.0000000000
37497  55.557  -38.655  -1.253 0.0000000000
37498  53.989  -38.397  -0.890 0.0000000000
37499  52.908  -38.392  -0.815 0.0000000000
37512  56.470  -39.301  -1.500 0.0000000000
37513  55.653  -38.887  -1.555 0.0000000000
37514  53.665  -38.563  -1.283 0.0000000000
37515  52.612  -38.369  -0.898 0.0000000000
37525  55.740  -39.049  -2.058 0.0000000000
37526  54.142  -38.694  -2.051 0.0000000000
37536  55.467  -39.153  -2.778 0.0000000000
37537  54.109  -38.872  -2.726 0.0000000000
37549  56.748  -40.303  -3.970 0.0000000000
37550  55.453  -39.455  -3.613 0.0000000000
37551  54.010  -38.905  -3.084 0.0000000000
37563  58.278  -41.216  -5.230 0.0000000000
37564  56.772  -40.286  -4.448 0.0000000000
37565  55.466  -39.655  -4.237 0.0000000000
38445  55.864  -37.307  -0.403 0.0000000000
38446  54.311  -37.118  -0.332 0.0000000000
38447  53.275  -37.046  -0.387 0.0000000000
38457  54.878  -37.979  -0.476 0.0000000000
38458  53.627  -37.948  -0.379 0.0000000000
38459  52.494  -37.461  -0.532 0.0000000000
38460  51.765  -37.372  -0.792 0.0000000000
38473  52.893  -38.166  -0.603 0.0000000000
38474  52.193  -38.100  -0.706 0.0000000000
38475  51.512  -37.599  -0.986 0.0000000000
38492  53.142  -38.561  -1.545 0.0000000000
38493  52.219  -38.225  -1.228 0.0000000000
38494  51.322  -37.616  -1.239 0.0000000000
38506  53.064  -38.488  -1.959 0.0000000000
38507  52.185  -38.180  -1.851 0.0000000000
38516  53.117  -38.453  -2.536 0.0000000000
38517  52.251  -38.061  -2.211 0.0000000000
38530  54.635  -39.114  -3.931 0.0000000000
38531  53.773  -38.736  -3.224 0.0000000000
38552  58.012  -40.700  -5.339 0.0000000000
38553  56.664  -40.159  -4.931 0.0000000000
38554  55.594  -39.649  -4.487 0.0000000000
39350  55.280  -35.715  -0.238 0.0000000000
39351  53.844  -35.755  -0.363 0.0000000000
39352  52.768  -35.979  -0.637 0.0000000000
39355  51.906  -36.238  -0.919 0.0000000000
39356  51.301  -36.559  -1.123 0.0000000000
39359  51.015  -36.859  -1.304 0.0000000000
39370  51.472  -37.789  -1.540 0.0000000000
39371  51.009  -37.006  -1.544 0.0000000000
39386  51.668  -37.850  -1.891 0.0000000000
39387  51.164  -37.245  -1.812 0.0000000000
39400  52.796  -38.179  -2.663 0.0000000000
39401  51.822  -37.558  -2.273 0.0000000000
39402  50.890  -36.713  -2.014 0.0000000000
39417  56.730  -39.517  -4.896 0.0000000000
39418  56.132  -39.348  -4.730 0.0000000000
39419  54.950  -39.036  -4.244 0.0000000000
39420  53.186  -38.142  -3.177 0.0000000000
39421  52.037  -37.211  -2.500 0.0000000000
39435  57.495  -40.099  -5.103 0.0000000000
39436  56.341  -39.874  -4.908 0.0000000000
39437  55.792  -39.662  -4.693 0.0000000000
40230  51.814  -35.622  10.352 0.0000000000
40231  50.717  -35.682  10.779 0.0000000000
40232  49.712  -35.593  11.041 0.0000000000
40233  48.801  -35.478  11.187 0.0000000000
40234  47.963  -35.360  11.242 0.0000000000
40235  47.231  -35.241  11.222 0.0000000000
40240  51.698  -35.536  8.960 0.0000000000
40241  50.820  -35.803  9.530 0.0000000000
40242  49.876  -35.729  9.941 0.0000000000
40243  49.002  -35.612  10.236 0.0000000000
40244  48.181  -35.520  10.438 0.0000000000
40245  47.423  -35.425  10.575 0.0000000000
40251  51.473  -35.416  7.857 0.0000000000
40252  50.837  -35.853  8.296 0.0000000000
40253  49.996  -35.956  8.773 0.0000000000
40254  49.162  -35.836  9.179 0.0000000000
40255  48.370  -35.709  9.502 0.0000000000
40256  47.595  -35.582  9.751 0.0000000000
40263  51.712  -35.043  7.256 0.0000000000
40264  51.113  -35.724  7.063 0.0000000000
40265  50.128  -36.178  7.654 0.0000000000
40266  49.299  -36.177  8.125 0.0000000000
40267  48.539  -35.988  8.514 0.0000000000
40268  47.808  -35.780  8.842 0.0000000000
40278  50.956  -36.140  6.411 0.0000000000
40279  50.288  -36.197  6.730 0.0000000000
40280  49.468  -36.377  7.205 0.0000000000
40281  48.700  -36.298  7.595 0.0000000000
40282  47.985  -36.073  7.960 0.0000000000
40283  47.323  -35.768  8.259 0.0000000000
40291  50.750  -36.290  6.228 0.0000000000
40292  49.788  -36.336  6.576 0.0000000000
40293  48.914  -36.437  6.823 0.0000000000
40294  48.149  -36.285  7.144 0.0000000000
40295  47.492  -35.949  7.460 0.0000000000
40296  46.880  -35.676  7.746 0.0000000000
40301  51.851  -35.692  6.877 0.0000000000
40302  50.393  -36.087  6.429 0.0000000000
40303  49.267  -36.382  6.263 0.0000000000
40304  48.346  -36.312  6.408 0.0000000000
40305  47.620  -36.051  6.685 0.0000000000
40306  46.994  -35.764  7.000 0.0000000000
40317  52.260  -34.816  6.813 0.0000000000
40318  51.158  -35.492  6.524 0.0000000000
40319  49.778  -36.176  5.862 0.0000000000
40320  48.621  -36.284  5.741 0.0000000000
40321  47.741  -36.104  5.932 0.0000000000
40322  47.042  -35.823  6.187 0.0000000000
40331  52.293  -33.948  6.697 0.0000000000
40332  51.635  -34.542  6.101 0.0000000000
40333  50.276  -35.695  5.381 0.0000000000
40334  48.987  -36.145  5.101 0.0000000000
40335  47.815  -36.100  5.095 0.0000000000
40336  47.185  -35.915  5.525 0.0000000000
40342  51.213  -34.390  5.043 0.0000000000
40343  50.528  -35.004  4.712 0.0000000000
40344  49.300  -35.640  4.467 0.0000000000
40345  48.257  -35.926  4.474 0.0000000000
40357  56.434  -33.911  0.268 0.0000000000
40358  54.685  -33.983  0.049 0.0000000000
40359  53.261  -34.169  -0.267 0.0000000000
40363  52.180  -34.448  -0.675 0.0000000000
40364  51.321  -34.693  -1.189 0.0000000000
40365  50.549  -34.230  -1.326 0.0000000000
40369  50.841  -35.489  -1.539 0.0000000000
40370  50.073  -34.664  -1.536 0.0000000000
40375  50.562  -35.875  -1.759 0.0000000000
40376  49.618  -35.008  -1.800 0.0000000000
40377  48.990  -34.704  -1.885 0.0000000000
40387  50.460  -36.116  -1.944 0.0000000000
40388  49.391  -35.076  -2.035 0.0000000000
40389  48.767  -34.674  -1.985 0.0000000000
40398  51.135  -36.587  -2.234 0.0000000000
40399  50.168  -35.751  -2.071 0.0000000000
40400  49.520  -35.172  -2.194 0.0000000000
40410  56.961  -39.038  -4.664 0.0000000000
40411  55.100  -38.334  -4.179 0.0000000000
40412  53.672  -37.753  -3.494 0.0000000000
40413  52.449  -37.062  -2.747 0.0000000000
40414  51.623  -36.628  -2.421 0.0000000000
40422  57.969  -39.817  -5.212 0.0000000000
41233  50.673  -34.534  13.258 0.0000000000
41234  49.770  -34.634  13.326 0.0000000000
41235  48.822  -34.699  13.362 0.0000000000
41236  47.900  -34.717  13.363 0.0000000000
41247  53.678  -34.424  11.952 0.0000000000
41248  52.648  -34.767  12.296 0.0000000000
41249  51.379  -34.808  12.682 0.0000000000
41250  50.140  -34.990  12.659 0.0000000000
41251  49.150  -34.991  12.677 0.0000000000
41252  48.225  -34.934  12.656 0.0000000000
41253  47.313  -34.863  12.608 0.0000000000
41267  54.802  -32.856  9.840 0.0000000000
41268  54.054  -34.039  10.784 0.0000000000
41269  52.876  -35.110  11.201 0.0000000000
41270  51.656  -35.351  11.607 0.0000000000
41271  50.502  -35.415  11.862 0.0000000000
41272  49.466  -35.420  11.972 0.0000000000
41273  48.534  -35.283  11.981 0.0000000000
41274  47.657  -35.109  11.909 0.0000000000
41283  54.781  -32.168  8.237 0.0000000000
41284  53.659  -33.643  8.996 0.0000000000
41285  52.808  -34.975  9.766 0.0000000000
41295  53.428  -32.970  7.201 0.0000000000
41296  52.268  -34.502  7.947 0.0000000000
41306  52.419  -34.505  6.832 0.0000000000
41307  51.491  -35.696  6.885 0.0000000000
41341  46.502  -35.522  7.317 0.0000000000
41353  52.776  -33.825  6.232 0.0000000000
41354  52.260  -33.656  6.298 0.0000000000
41355  46.389  -35.518  6.596 0.0000000000
41364  52.775  -32.849  6.255 0.0000000000
41365  52.303  -33.230  6.009 0.0000000000
41366  51.643  -33.850  5.305 0.0000000000
41367  47.072  -35.936  5.007 0.0000000000
41368  46.323  -35.651  5.412 0.0000000000
41378  51.795  -33.184  4.869 0.0000000000
41379  50.726  -33.784  4.220 0.0000000000
41380  49.530  -34.845  3.772 0.0000000000
41381  48.321  -35.426  3.736 0.0000000000
41382  47.051  -35.798  4.190 0.0000000000
41383  45.605  -35.328  4.278 0.0000000000
41392  49.602  -33.901  3.183 0.0000000000
41393  48.567  -34.401  3.023 0.0000000000
41394  47.370  -34.867  3.093 0.0000000000
41395  46.147  -35.007  3.316 0.0000000000
41404  55.644  -32.450  1.160 0.0000000000
41405  53.890  -32.707  0.898 0.0000000000
41406  52.362  -32.934  0.410 0.0000000000
41409  51.346  -33.178  -0.223 0.0000000000
41410  50.603  -33.291  -0.593 0.0000000000
41411  49.768  -33.307  -0.816 0.0000000000
41412  48.893  -32.853  -0.820 0.0000000000
41417  49.267  -33.887  -1.405 0.0000000000
41418  48.432  -33.370  -1.297 0.0000000000
41419  47.854  -33.420  -1.471 0.0000000000
41424  48.903  -34.288  -1.659 0.0000000000
41425  48.419  -34.162  -1.776 0.0000000000
41426  47.652  -33.802  -1.788 0.0000000000
41430  49.145  -34.919  -2.138 0.0000000000
41431  48.526  -34.456  -2.100 0.0000000000
41432  47.553  -33.881  -2.186 0.0000000000
41437  51.146  -36.258  -2.340 0.0000000000
41438  50.532  -35.754  -2.262 0.0000000000
41439  49.274  -34.820  -2.312 0.0000000000
41440  48.042  -34.119  -2.385 0.0000000000
41441  47.456  -33.815  -2.397 0.0000000000
41450  57.286  -37.919  -3.854 0.0000000000
41451  55.607  -37.603  -3.771 0.0000000000
41452  54.060  -37.106  -3.479 0.0000000000
41453  52.764  -36.578  -2.886 0.0000000000
41454  51.396  -35.995  -2.455 0.0000000000
41455  50.118  -35.127  -2.406 0.0000000000
41456  49.450  -34.706  -2.442 0.0000000000
42262  54.181  -33.325  14.267 0.0000000000
42263  52.748  -33.628  14.440 0.0000000000
42264  51.312  -33.756  14.504 0.0000000000
42265  50.100  -33.817  14.557 0.0000000000
42266  49.077  -33.989  14.612 0.0000000000
42267  48.178  -34.114  14.604 0.0000000000
42278  55.924  -32.152  12.834 0.0000000000
42279  54.876  -33.166  13.491 0.0000000000
42280  53.307  -33.888  13.714 0.0000000000
42281  51.745  -34.163  13.678 0.0000000000
42282  50.476  -34.165  13.878 0.0000000000
42283  49.435  -34.296  13.972 0.0000000000
42284  48.482  -34.424  14.029 0.0000000000
42285  47.592  -34.457  14.012 0.0000000000
42300  56.596  -31.781  11.748 0.0000000000
42301  54.871  -33.279  12.185 0.0000000000
42302  53.724  -34.165  12.888 0.0000000000
42303  52.536  -34.387  13.104 0.0000000000
42318  56.402  -31.944  9.748 0.0000000000
42319  55.313  -32.705  10.937 0.0000000000
42401  52.943  -32.850  5.836 0.0000000000
42414  53.311  -32.311  5.540 0.0000000000
42415  53.128  -32.177  5.814 0.0000000000
42416  52.990  -32.378  5.867 0.0000000000
42430  53.697  -31.779  5.717 0.0000000000
42431  53.525  -31.673  5.545 0.0000000000
42432  52.531  -32.284  4.861 0.0000000000
42433  51.342  -32.664  3.997 0.0000000000
42449  55.854  -30.737  3.937 0.0000000000
42450  53.881  -31.542  4.095 0.0000000000
42451  51.479  -32.231  2.878 0.0000000000
42452  50.104  -32.679  3.035 0.0000000000
42453  48.892  -33.229  2.608 0.0000000000
42454  47.774  -33.547  2.332 0.0000000000
42455  46.607  -34.201  2.472 0.0000000000
42456  45.471  -34.303  2.711 0.0000000000
42465  56.611  -31.107  2.540 0.0000000000
42466  54.789  -31.546  2.409 0.0000000000
42467  52.815  -32.008  2.001 0.0000000000
42468  50.845  -32.183  1.204 0.0000000000
42469  50.097  -31.989  1.044 0.0000000000
42470  47.551  -33.006  2.045 0.0000000000
42471  47.072  -33.200  1.984 0.0000000000
42472  46.034  -33.477  1.974 0.0000000000
42473  44.920  -33.572  2.126 0.0000000000
42479  50.671  -32.643  0.214 0.0000000000
42480  50.001  -32.341  0.406 0.0000000000
42481  49.067  -32.212  0.014 0.0000000000
42482  47.971  -32.262  -0.349 0.0000000000
42483  46.749  -31.985  -0.058 0.0000000000
42484  45.826  -32.027  0.135 0.0000000000
42485  45.356  -32.001  0.178 0.0000000000
42490  47.824  -32.860  -1.096 0.0000000000
42491  47.089  -32.699  -1.182 0.0000000000
42492  46.043  -32.286  -0.647 0.0000000000
42493  45.395  -32.075  -0.286 0.0000000000
42498  46.751  -33.653  -1.858 0.0000000000
42499  45.932  -33.227  -1.517 0.0000000000
42500  45.313  -32.587  -1.098 0.0000000000
42504  46.880  -33.662  -2.283 0.0000000000
42505  45.884  -33.522  -2.076 0.0000000000
42506  45.288  -33.305  -1.733 0.0000000000
42510  49.007  -34.414  -2.527 0.0000000000
42511  48.228  -34.052  -2.593 0.0000000000
42512  47.303  -33.679  -2.541 0.0000000000
42513  46.394  -33.545  -2.402 0.0000000000
42520  57.766  -37.006  -3.451 0.0000000000
42521  56.115  -36.707  -3.433 0.0000000000
42522  54.563  -36.341  -3.299 0.0000000000
42523  53.201  -35.955  -2.913 0.0000000000
42524  51.927  -35.510  -2.569 0.0000000000
42525  50.670  -34.989  -2.471 0.0000000000
42526  49.520  -34.486  -2.534 0.0000000000
42527  48.679  -34.112  -2.655 0.0000000000
43356  54.548  -31.854  16.160 0.0000000000
43357  53.680  -32.208  16.267 0.0000000000
43358  52.329  -32.632  16.425 0.0000000000
43359  51.196  -32.814  16.465 0.0000000000
43365  57.094  -31.098  15.105 0.0000000000
43366  55.024  -32.081  15.633 0.0000000000
43367  53.081  -32.760  15.758 0.0000000000
43368  51.613  -33.058  15.872 0.0000000000
43369  50.328  -33.136  15.982 0.0000000000
43370  49.331  -33.292  15.751 0.0000000000
43376  57.830  -30.752  14.227 0.0000000000
43377  55.808  -32.207  14.361 0.0000000000
43378  53.828  -32.940  14.986 0.0000000000
43379  52.207  -33.331  15.179 0.0000000000
43380  50.834  -33.474  15.253 0.0000000000
43381  49.693  -33.577  15.252 0.0000000000
43382  48.762  -33.675  15.157 0.0000000000
43394  57.202  -31.192  13.096 0.0000000000
43395  55.994  -32.158  13.523 0.0000000000
43409  57.642  -31.095  12.136 0.0000000000
43523  53.998  -31.594  5.558 0.0000000000
43539  55.214  -30.859  5.082 0.0000000000
43540  54.216  -31.281  5.286 0.0000000000
43541  50.380  -32.008  1.801 0.0000000000
43542  49.948  -32.094  2.129 0.0000000000
43543  49.025  -32.365  2.224 0.0000000000
43544  48.385  -32.805  2.213 0.0000000000
43556  50.315  -31.942  1.461 0.0000000000
43557  49.944  -31.871  1.409 0.0000000000
43558  49.102  -31.976  1.570 0.0000000000
43559  47.921  -32.502  1.719 0.0000000000
43560  46.698  -32.581  1.412 0.0000000000
43561  45.586  -32.759  1.386 0.0000000000
43562  44.477  -32.909  1.525 0.0000000000
43574  49.834  -31.916  0.968 0.0000000000
43575  49.384  -31.842  0.897 0.0000000000
43576  48.456  -31.970  0.817 0.0000000000
43577  47.331  -32.085  0.749 0.0000000000
43578  46.228  -32.148  0.729 0.0000000000
43579  45.134  -32.271  0.661 0.0000000000
43580  44.003  -32.502  0.992 0.0000000000
43590  45.030  -32.015  0.101 0.0000000000
43591  44.438  -32.151  0.268 0.0000000000
43600  44.818  -32.154  -0.483 0.0000000000
43601  44.083  -32.053  -0.336 0.0000000000
43608  45.257  -33.350  -1.972 0.0000000000
43609  44.679  -32.790  -1.496 0.0000000000
43610  43.776  -32.159  -0.864 0.0000000000
43616  47.526  -33.667  -2.660 0.0000000000
43617  46.732  -33.370  -2.651 0.0000000000
43618  45.402  -33.162  -2.200 0.0000000000
43619  44.331  -32.574  -1.788 0.0000000000
43620  43.869  -32.323  -1.444 0.0000000000
43626  56.723  -35.821  -3.185 0.0000000000
43627  55.122  -35.491  -3.166 0.0000000000
43628  53.699  -35.218  -2.897 0.0000000000
43629  52.425  -34.911  -2.628 0.0000000000
43630  51.199  -34.555  -2.501 0.0000000000
43631  50.023  -34.207  -2.546 0.0000000000
43632  48.943  -33.920  -2.709 0.0000000000
43633  47.850  -33.658  -2.782 0.0000000000
43634  47.163  -33.306  -2.795 0.0000000000
44577  56.685  -30.499  16.736 0.0000000000
44578  55.232  -30.994  17.060 0.0000000000
44579  53.739  -31.550  17.402 0.0000000000
44580  52.444  -32.011  17.636 0.0000000000
44581  51.341  -32.090  17.493 0.0000000000
44582  50.745  -32.091  17.354 0.0000000000
44586  57.816  -30.421  16.197 0.0000000000
44587  56.027  -31.080  16.447 0.0000000000
44588  54.444  -31.622  16.624 0.0000000000
44589  53.004  -32.162  16.952 0.0000000000
44590  51.708  -32.443  17.018 0.0000000000
44591  50.324  -32.535  16.754 0.0000000000
44597  58.227  -30.482  15.550 0.0000000000
44598  56.628  -31.183  15.881 0.0000000000
44599  55.301  -31.563  16.145 0.0000000000
44600  49.741  -32.979  16.173 0.0000000000
44748  43.698  -32.145  -1.134 0.0000000000
44756  46.714  -32.938  -2.747 0.0000000000
44757  45.781  -32.768  -2.516 0.0000000000
44758  44.770  -32.555  -2.120 0.0000000000
44759  44.007  -32.315  -1.648 0.0000000000
44760  43.501  -32.111  -0.988 0.0000000000
44767  57.476  -35.037  -2.881 0.0000000000
44768  55.778  -34.648  -2.911 0.0000000000
44769  54.247  -34.394  -2.811 0.0000000000
44770  52.942  -34.209  -2.663 0.0000000000
44771  51.742  -33.963  -2.510 0.0000000000
44772  50.566  -33.697  -2.505 0.0000000000
44773  49.433  -33.496  -2.601 0.0000000000
44774  48.386  -33.332  -2.753 0.0000000000
44775  47.484  -33.138  -2.822 0.0000000000
45666  55.399  -30.206  18.135 0.0000000000
45667  53.929  -30.779  18.568 0.0000000000
45668  52.742  -31.156  18.728 0.0000000000
45669  51.908  -31.258  18.486 0.0000000000
45685  56.156  -30.284  17.315 0.0000000000
45686  54.552  -30.936  17.837 0.0000000000
45687  53.168  -31.440  18.157 0.0000000000
45688  52.054  -31.695  18.167 0.0000000000
45689  51.111  -31.634  17.791 0.0000000000
45701  50.452  -32.017  17.248 0.0000000000
45847  57.549  -33.580  -1.797 0.0000000000
45848  55.999  -32.934  -2.283 0.0000000000
45849  54.999  -32.629  -2.343 0.0000000000
45850  49.231  -32.406  -2.368 0.0000000000
45851  48.378  -32.320  -2.351 0.0000000000
45852  47.356  -32.270  -2.427 0.0000000000
45853  46.307  -32.343  -2.472 0.0000000000
45854  45.207  -32.255  -2.181 0.0000000000
45855  44.329  -32.173  -1.781 0.0000000000
45856  43.708  -32.140  -1.171 0.0000000000
45857  43.312  -32.131  -0.594 0.0000000000
45864  56.632  -33.951  -2.565 0.0000000000
45865  54.820  -33.356  -2.610 0.0000000000
45866  53.463  -33.472  -2.602 0.0000000000
45867  52.317  -33.298  -2.511 0.0000000000
45868  51.166  -33.071  -2.464 0.0000000000
45869  49.961  -32.847  -2.465 0.0000000000
45870  48.868  -32.857  -2.583 0.0000000000
45871  47.906  -32.759  -2.677 0.0000000000
45872  47.113  -32.674  -2.721 0.0000000000
46923  43.788  -31.972  -0.135 0.0000000000
46924  43.357  -31.680  0.228 0.0000000000
46925  42.745  -31.402  0.432 0.0000000000
46933  56.694  -32.547  -1.516 0.0000000000
46934  55.343  -32.135  -1.991 0.0000000000
46935  54.006  -32.222  -2.241 0.0000000000
46936  52.579  -31.740  -2.172 0.0000000000
46937  51.380  -31.536  -2.123 0.0000000000
46938  50.285  -31.614  -2.011 0.0000000000
46939  49.147  -31.843  -1.988 0.0000000000
46940  47.923  -31.869  -1.959 0.0000000000
46941  46.766  -31.920  -1.977 0.0000000000
46942  45.681  -31.930  -1.867 0.0000000000
46943  44.756  -31.955  -1.539 0.0000000000
46944  44.028  -31.960  -0.968 0.0000000000
46945  43.522  -32.026  -0.476 0.0000000000
46946  43.064  -31.872  -0.067 0.0000000000
46950  53.764  -32.928  -2.482 0.0000000000
46951  52.954  -32.666  -2.454 0.0000000000
46952  51.824  -32.404  -2.411 0.0000000000
46953  50.721  -32.247  -2.337 0.0000000000
46954  49.851  -32.166  -2.280 0.0000000000
48025  41.350  -29.557  1.446 0.0000000000
48038  42.829  -30.154  1.319 0.0000000000
48039  42.357  -30.221  1.272 0.0000000000
48040  41.589  -30.068  1.331 0.0000000000
48053  56.761  -31.470  -0.413 0.0000000000
48054  52.096  -30.176  -0.974 0.0000000000
48055  51.402  -30.263  -0.916 0.0000000000
48056  50.474  -30.559  -0.495 0.0000000000
48057  49.442  -31.140  0.085 0.0000000000
48058  48.234  -31.680  0.464 0.0000000000
48059  46.955  -31.897  0.582 0.0000000000
48060  45.782  -31.788  0.519 0.0000000000
48061  44.809  -31.635  0.494 0.0000000000
48062  43.943  -31.535  0.445 0.0000000000
48063  43.071  -30.836  0.906 0.0000000000
48064  42.229  -30.817  0.887 0.0000000000
48073  57.039  -32.287  -0.610 0.0000000000
48074  55.973  -31.468  -1.310 0.0000000000
48075  54.605  -31.268  -1.783 0.0000000000
48076  53.356  -31.133  -1.836 0.0000000000
48077  52.184  -30.687  -1.633 0.0000000000
48078  50.893  -30.889  -1.571 0.0000000000
48079  49.838  -31.263  -1.298 0.0000000000
48080  48.708  -31.700  -1.083 0.0000000000
48081  47.472  -31.986  -1.004 0.0000000000
48082  46.259  -32.052  -0.910 0.0000000000
48083  45.246  -31.953  -0.741 0.0000000000
48084  44.474  -32.020  -0.385 0.0000000000
48085  44.068  -32.008  -0.213 0.0000000000
49133  47.344  -28.187  2.474 0.0000000000
49134  46.759  -28.462  2.490 0.0000000000
49135  45.791  -28.744  2.595 0.0000000000
49136  44.760  -28.896  2.660 0.0000000000
49137  43.750  -28.857  2.350 0.0000000000
49138  42.701  -28.781  1.903 0.0000000000
49139  41.568  -29.021  1.600 0.0000000000
49153  49.586  -28.980  1.705 0.0000000000
49154  48.984  -29.145  1.791 0.0000000000
49155  47.818  -29.107  2.245 0.0000000000
49156  46.595  -29.732  2.427 0.0000000000
49157  45.515  -29.793  2.280 0.0000000000
49158  44.496  -29.762  1.905 0.0000000000
49159  43.412  -29.928  1.512 0.0000000000
49160  42.478  -29.614  1.494 0.0000000000
49161  41.992  -29.720  1.421 0.0000000000
49172  57.004  -30.894  0.534 0.0000000000
49173  55.725  -30.175  -0.117 0.0000000000
49174  54.419  -29.994  -0.421 0.0000000000
49175  52.978  -30.051  -0.698 0.0000000000
49176  51.941  -29.853  -0.186 0.0000000000
49177  51.008  -29.826  0.199 0.0000000000
49178  49.901  -29.718  0.941 0.0000000000
49179  48.743  -30.353  1.353 0.0000000000
49180  47.476  -30.711  1.590 0.0000000000
49181  46.245  -30.746  1.458 0.0000000000
49182  45.193  -30.695  1.280 0.0000000000
49183  44.267  -30.734  1.136 0.0000000000
49184  43.678  -30.800  1.048 0.0000000000
49198  56.122  -30.832  -0.627 0.0000000000
49199  55.148  -30.579  -1.114 0.0000000000
49200  53.912  -30.509  -1.359 0.0000000000
49201  53.080  -30.534  -1.495 0.0000000000
50266  50.467  -27.803  2.217 0.0000000000
50267  49.742  -27.638  2.311 0.0000000000
50268  48.850  -27.493  2.382 0.0000000000
50269  47.862  -27.628  2.449 0.0000000000
50270  46.944  -27.493  2.404 0.0000000000
50271  46.032  -27.462  2.359 0.0000000000
50272  45.092  -27.830  2.456 0.0000000000
50273  44.112  -27.948  2.443 0.0000000000
50274  43.104  -27.853  2.328 0.0000000000
50275  41.946  -27.583  2.073 0.0000000000
50276  40.817  -27.739  1.748 0.0000000000
50289  55.801  -29.180  1.893 0.0000000000
50290  54.519  -28.773  1.562 0.0000000000
50291  53.297  -28.615  1.485 0.0000000000
50292  52.193  -28.493  1.543 0.0000000000
50293  51.130  -28.365  1.759 0.0000000000
50294  50.133  -28.610  1.798 0.0000000000
50295  49.322  -28.400  2.140 0.0000000000
50296  48.568  -28.364  2.263 0.0000000000
50297  45.803  -26.782  2.165 0.0000000000
50298  45.366  -26.877  2.120 0.0000000000
50299  44.507  -26.988  2.104 0.0000000000
50300  43.567  -27.041  2.045 0.0000000000
50301  42.692  -26.987  2.007 0.0000000000
50315  56.339  -29.955  1.061 0.0000000000
50316  55.107  -29.494  0.677 0.0000000000
50317  53.794  -29.379  0.520 0.0000000000
50318  52.614  -29.317  0.597 0.0000000000
50319  51.599  -29.200  0.838 0.0000000000
50320  50.748  -29.161  1.112 0.0000000000
51412  55.883  -27.606  2.798 0.0000000000
51413  54.705  -27.336  2.701 0.0000000000
51414  53.467  -27.147  2.681 0.0000000000
51415  52.370  -26.964  2.676 0.0000000000
51416  51.370  -26.815  2.630 0.0000000000
51417  50.361  -26.850  2.510 0.0000000000
51418  49.350  -26.613  2.415 0.0000000000
51419  48.298  -26.323  2.196 0.0000000000
51420  47.272  -26.566  2.228 0.0000000000
51421  46.468  -26.687  2.172 0.0000000000
51422  46.051  -26.761  2.164 0.0000000000
51423  41.118  -26.849  1.691 0.0000000000
51440  55.207  -28.271  2.406 0.0000000000
51441  53.978  -28.019  2.312 0.0000000000
51442  52.824  -27.840  2.317 0.0000000000
51443  51.793  -27.669  2.307 0.0000000000
51444  51.009  -27.497  2.305 0.0000000000
51445  48.129  -25.642  1.495 0.0000000000
51446  47.489  -25.785  1.720 0.0000000000
51447  46.726  -25.971  1.661 0.0000000000
51448  45.868  -26.175  1.767 0.0000000000
51449  44.931  -26.125  1.608 0.0000000000
51450  43.998  -26.169  1.567 0.0000000000
51451  43.014  -26.226  1.541 0.0000000000
51452  41.901  -26.308  1.541 0.0000000000
51466  47.708  -25.620  0.944 0.0000000000
51467  47.112  -25.713  0.846 0.0000000000
51468  46.389  -25.817  0.485 0.0000000000
51469  45.425  -25.839  0.608 0.0000000000
51470  44.492  -25.875  0.579 0.0000000000
51471  43.505  -25.868  0.574 0.0000000000
51472  42.486  -25.767  0.583 0.0000000000
51487  45.886  -25.857  -0.522 0.0000000000
51488  45.040  -25.811  -0.576 0.0000000000
51489  44.058  -25.719  -0.575 0.0000000000
52655  55.658  -26.549  2.857 0.0000000000
52656  54.104  -26.421  2.759 0.0000000000
52657  52.949  -26.323  2.746 0.0000000000
52658  51.934  -26.072  2.749 0.0000000000
52659  50.866  -26.098  2.530 0.0000000000
52660  49.930  -26.018  2.341 0.0000000000
52661  49.088  -25.862  2.117 0.0000000000
52662  48.549  -25.617  1.844 0.0000000000
52682  51.277  -25.575  2.278 0.0000000000
52683  50.416  -25.471  2.115 0.0000000000
52684  49.619  -25.482  1.846 0.0000000000
52685  48.968  -25.509  1.237 0.0000000000
52686  48.504  -25.568  1.293 0.0000000000
52701  48.896  -25.430  0.567 0.0000000000
52702  48.421  -25.524  0.348 0.0000000000
52703  47.512  -25.719  -0.038 0.0000000000
52704  46.978  -25.835  -0.036 0.0000000000
52720  48.479  -25.440  -0.692 0.0000000000
52721  47.952  -25.546  -0.911 0.0000000000
52722  46.848  -25.751  -1.240 0.0000000000
52723  45.673  -25.815  -1.615 0.0000000000
52747  46.857  -25.675  -2.294 0.0000000000
52748  46.285  -25.683  -2.497 0.0000000000
53853  55.693  -25.605  2.593 0.0000000000
53854  54.594  -25.609  2.606 0.0000000000
53855  53.362  -25.673  2.674 0.0000000000
53856  52.616  -25.793  2.753 0.0000000000
53874  55.123  -24.707  1.837 0.0000000000
53875  53.730  -24.889  1.949 0.0000000000
53876  52.309  -25.232  1.971 0.0000000000
53877  51.004  -25.021  1.475 0.0000000000
53878  50.041  -25.195  1.165 0.0000000000
53879  49.486  -25.379  1.105 0.0000000000
53893  54.869  -24.024  1.267 0.0000000000
53894  54.171  -24.016  1.246 0.0000000000
53895  52.901  -24.127  1.099 0.0000000000
53896  51.646  -24.395  0.664 0.0000000000
53897  50.456  -24.643  -0.008 0.0000000000
53898  49.287  -25.223  0.142 0.0000000000
53899  48.744  -25.372  -0.472 0.0000000000
53912  50.325  -24.483  -0.906 0.0000000000
53913  49.787  -24.721  -1.031 0.0000000000
53914  48.710  -25.132  -1.484 0.0000000000
53915  47.673  -25.512  -1.993 0.0000000000
53916  47.143  -25.657  -2.205 0.0000000000
53934  48.573  -24.729  -2.299 0.0000000000
53935  48.082  -24.953  -2.532 0.0000000000
55015  55.251  -24.052  1.272 0.0000000000
55031  55.040  -23.543  0.543 0.0000000000
55032  53.544  -23.436  0.221 0.0000000000
55033  52.240  -23.601  -0.152 0.0000000000
55034  51.131  -24.036  -0.592 0.0000000000
55035  50.593  -24.349  -0.817 0.0000000000
55049  54.244  -22.913  -0.734 0.0000000000
55050  52.856  -22.918  -0.984 0.0000000000
55051  51.541  -23.167  -1.553 0.0000000000
55052  50.401  -24.020  -1.528 0.0000000000
55053  49.344  -24.375  -1.962 0.0000000000
55054  48.823  -24.594  -2.178 0.0000000000
56146  53.558  -22.564  -1.875 0.0000000000
