#!ascii label  , from subject Yale_0050561 vox2ras=TkReg
684
19156  -29.072  -12.928  62.235 0.0000000000
23822  -44.477  4.248  43.317 0.0000000000
25307  -34.293  5.471  49.790 0.0000000000
18855  -15.882  -12.966  51.795 0.0000000000
25996  -52.657  13.093  32.307 0.0000000000
21587  -30.332  -4.982  59.385 0.0000000000
21307  -21.679  -2.953  58.189 0.0000000000
18234  -27.623  -14.837  51.234 0.0000000000
19455  -21.474  -13.154  63.489 0.0000000000
17106  -19.383  -20.938  65.735 0.0000000000
25367  -49.317  10.692  40.850 0.0000000000
23182  -40.446  2.613  48.657 0.0000000000
23831  -36.069  4.022  34.120 0.0000000000
22878  -29.075  3.148  42.322 0.0000000000
17899  -11.932  -15.754  68.196 0.0000000000
26019  -52.966  13.875  27.876 0.0000000000
20407  -28.191  -7.824  60.556 0.0000000000
21871  -26.091  -1.455  60.415 0.0000000000
20688  -23.947  -6.067  64.273 0.0000000000
18540  -29.207  -14.246  55.740 0.0000000000
19799  -27.122  -9.249  55.877 0.0000000000
17643  -27.805  -18.585  58.798 0.0000000000
17653  -26.301  -19.361  53.714 0.0000000000
19150  -25.160  -13.714  64.941 0.0000000000
17385  -25.676  -19.154  63.037 0.0000000000
20397  -19.316  -8.359  65.469 0.0000000000
24399  -47.039  6.565  43.622 0.0000000000
26289  -45.315  15.040  38.097 0.0000000000
25370  -44.205  10.250  37.480 0.0000000000
23177  -38.806  2.288  52.130 0.0000000000
23192  -33.745  3.439  44.365 0.0000000000
23168  -33.504  4.279  50.551 0.0000000000
19160  -9.551  -10.586  60.027 0.0000000000
18812  -13.193  -11.820  62.146 0.0000000000
26004  -53.554  12.402  30.387 0.0000000000
25701  -47.782  11.820  28.434 0.0000000000
25374  -47.114  11.337  31.115 0.0000000000
25351  -35.309  5.141  41.854 0.0000000000
17099  -4.730  -19.570  67.527 0.0000000000
23159  -31.059  3.959  53.697 0.0000000000
22128  -28.556  -0.088  58.675 0.0000000000
21894  -24.031  -0.506  55.106 0.0000000000
18841  -20.890  -12.941  57.188 0.0000000000
18182  -20.030  -14.979  62.811 0.0000000000
17908  -22.682  -16.453  63.931 0.0000000000
20409  -13.654  -7.607  61.461 0.0000000000
25676  -51.391  13.356  36.142 0.0000000000
39717  -50.194  17.172  32.510 0.0000000000
27122  -49.086  17.737  36.182 0.0000000000
23204  -43.731  1.528  44.861 0.0000000000
23825  -40.835  5.116  37.735 0.0000000000
23220  -38.472  3.530  39.543 0.0000000000
23235  -32.588  1.727  36.026 0.0000000000
24676  -28.861  4.564  38.636 0.0000000000
24980  -30.014  4.190  49.719 0.0000000000
19165  -5.139  -11.933  60.373 0.0000000000
18180  -7.853  -13.448  64.288 0.0000000000
16815  -8.737  -20.235  68.260 0.0000000000
17370  -15.801  -17.820  67.731 0.0000000000
26023  -46.793  13.790  24.343 0.0000000000
19784  -28.708  -10.674  61.881 0.0000000000
20089  -26.582  -8.916  63.456 0.0000000000
20082  -25.321  -9.536  64.438 0.0000000000
18833  -29.322  -13.750  58.929 0.0000000000
19788  -29.562  -11.126  59.542 0.0000000000
18205  -28.519  -16.196  60.427 0.0000000000
17927  -29.088  -16.290  56.745 0.0000000000
18822  -27.161  -14.153  64.173 0.0000000000
18203  -27.443  -15.929  63.080 0.0000000000
19453  -24.656  -11.274  65.121 0.0000000000
23823  -45.781  4.469  43.479 0.0000000000
25019  -45.429  10.038  41.470 0.0000000000
24403  -44.075  6.904  41.387 0.0000000000
23163  -36.365  2.394  53.935 0.0000000000
23532  -36.885  3.620  52.028 0.0000000000
23531  -34.983  3.746  53.611 0.0000000000
18838  -13.741  -11.922  55.674 0.0000000000
18538  -15.416  -12.942  55.115 0.0000000000
25685  -52.201  13.454  30.925 0.0000000000
25683  -51.060  13.443  31.079 0.0000000000
25686  -51.833  13.851  31.400 0.0000000000
25317  -36.324  5.449  46.996 0.0000000000
25029  -53.934  8.191  33.628 0.0000000000
25033  -54.526  7.355  31.954 0.0000000000
25055  -54.927  8.789  30.333 0.0000000000
16007  -4.858  -23.765  68.171 0.0000000000
14760  -2.511  -26.163  68.281 0.0000000000
22355  -31.327  0.908  57.443 0.0000000000
22124  -29.602  -1.307  59.256 0.0000000000
21873  -24.347  -1.669  60.009 0.0000000000
21882  -25.082  -0.878  58.729 0.0000000000
21604  -22.660  -3.073  54.997 0.0000000000
21023  -28.355  -7.530  58.655 0.0000000000
17949  -27.097  -16.700  52.131 0.0000000000
19174  -20.847  -12.872  58.869 0.0000000000
18211  -21.720  -14.729  60.849 0.0000000000
17910  -22.960  -15.750  63.101 0.0000000000
17118  -25.369  -20.752  61.797 0.0000000000
16834  -24.490  -20.743  63.555 0.0000000000
19778  -18.412  -10.894  64.842 0.0000000000
20086  -15.482  -9.053  64.008 0.0000000000
19785  -17.468  -11.695  61.482 0.0000000000
20099  -15.697  -10.589  60.097 0.0000000000
25671  -50.671  11.229  38.575 0.0000000000
26590  -49.931  15.660  36.912 0.0000000000
26589  -48.514  15.484  38.783 0.0000000000
24404  -50.442  5.209  40.073 0.0000000000
24679  -51.027  6.852  39.941 0.0000000000
25022  -51.874  9.191  37.507 0.0000000000
23195  -42.360  1.781  46.109 0.0000000000
23551  -41.224  3.933  41.218 0.0000000000
23211  -41.021  3.220  43.361 0.0000000000
23202  -33.584  3.235  42.200 0.0000000000
23217  -33.992  2.705  39.811 0.0000000000
22892  -31.419  2.919  39.409 0.0000000000
24128  -30.085  3.908  37.075 0.0000000000
23229  -28.516  2.644  37.356 0.0000000000
22606  -27.590  2.869  52.402 0.0000000000
22852  -30.054  2.921  51.068 0.0000000000
18811  -10.089  -11.239  61.969 0.0000000000
18517  -8.018  -11.883  62.040 0.0000000000
18177  -8.713  -13.131  65.310 0.0000000000
17896  -7.517  -16.294  67.802 0.0000000000
17368  -8.884  -17.572  68.495 0.0000000000
17626  -18.976  -16.762  66.679 0.0000000000
18179  -17.704  -14.928  65.992 0.0000000000
17371  -18.254  -18.276  67.160 0.0000000000
26313  -49.008  15.070  22.823 0.0000000000
26022  -49.205  14.719  26.080 0.0000000000
25053  -44.876  9.339  28.356 0.0000000000
24718  -42.922  9.172  26.760 0.0000000000
27414  -48.428  19.125  31.773 0.0000000000
39720  -47.621  15.491  29.761 0.0000000000
23829  -38.008  4.440  34.547 0.0000000000
24694  -41.076  7.867  34.264 0.0000000000
24693  -36.850  6.628  34.225 0.0000000000
25707  -54.429  12.137  27.752 0.0000000000
21017  -28.625  -6.911  60.190 0.0000000000
21298  -29.090  -4.057  60.862 0.0000000000
21004  -27.179  -4.533  62.453 0.0000000000
21291  -25.023  -3.876  63.084 0.0000000000
21294  -23.265  -2.899  62.843 0.0000000000
18558  -28.096  -14.512  52.573 0.0000000000
19470  -28.734  -11.819  53.572 0.0000000000
19179  -29.366  -12.628  56.065 0.0000000000
20406  -28.008  -8.174  58.887 0.0000000000
17123  -26.137  -20.490  60.070 0.0000000000
16858  -23.643  -22.038  55.284 0.0000000000
17650  -27.157  -19.228  55.736 0.0000000000
17940  -28.710  -16.202  54.403 0.0000000000
19452  -22.305  -12.767  64.906 0.0000000000
18212  -23.684  -15.497  63.297 0.0000000000
18202  -26.700  -16.376  63.716 0.0000000000
17390  -26.594  -19.167  61.341 0.0000000000
21001  -20.019  -5.698  63.559 0.0000000000
20398  -21.970  -7.976  65.287 0.0000000000
19777  -20.772  -10.110  65.810 0.0000000000
25361  -48.353  9.400  42.243 0.0000000000
25988  -47.632  13.720  40.101 0.0000000000
25366  -46.817  11.388  41.434 0.0000000000
25674  -44.824  12.086  38.659 0.0000000000
23180  -39.732  2.306  50.974 0.0000000000
23187  -39.058  3.418  47.785 0.0000000000
23186  -38.091  3.779  49.699 0.0000000000
23179  -34.813  3.933  48.256 0.0000000000
22866  -30.411  3.343  45.376 0.0000000000
19466  -6.944  -10.396  58.241 0.0000000000
19173  -10.756  -11.123  57.226 0.0000000000
19154  -11.949  -11.266  60.462 0.0000000000
18809  -12.237  -12.013  64.271 0.0000000000
26015  -53.357  13.160  28.640 0.0000000000
25702  -49.764  13.184  28.411 0.0000000000
25693  -51.051  13.245  29.452 0.0000000000
25384  -48.885  11.376  30.187 0.0000000000
25043  -44.609  9.982  29.818 0.0000000000
24684  -35.051  3.678  37.416 0.0000000000
25023  -37.671  5.945  37.015 0.0000000000
25346  -38.448  5.414  42.068 0.0000000000
25700  -54.405  11.348  29.387 0.0000000000
17102  -4.617  -17.916  64.926 0.0000000000
23160  -32.682  3.444  55.327 0.0000000000
22845  -31.978  2.620  56.349 0.0000000000
22595  -28.880  2.732  56.240 0.0000000000
22353  -26.905  2.288  55.940 0.0000000000
22119  -27.755  -1.103  59.687 0.0000000000
22350  -25.875  1.047  56.552 0.0000000000
22141  -23.559  1.752  53.172 0.0000000000
18552  -18.778  -12.891  53.911 0.0000000000
18210  -18.667  -14.431  57.540 0.0000000000
18200  -20.906  -14.668  60.010 0.0000000000
17905  -21.570  -16.332  64.405 0.0000000000
17109  -22.033  -20.002  65.533 0.0000000000
17909  -24.344  -17.184  64.111 0.0000000000
16832  -22.873  -21.136  64.203 0.0000000000
21016  -17.514  -5.877  62.187 0.0000000000
20108  -16.028  -10.814  56.261 0.0000000000
25371  -52.937  10.088  34.934 0.0000000000
26597  -51.007  15.978  33.155 0.0000000000
26594  -50.928  15.516  34.661 0.0000000000
39716  -49.110  18.583  34.837 0.0000000000
27980  -47.612  20.400  33.048 0.0000000000
26854  -47.266  16.202  38.516 0.0000000000
27974  -46.580  19.746  35.879 0.0000000000
25028  -53.607  7.125  34.251 0.0000000000
23548  -44.522  2.830  43.967 0.0000000000
23821  -42.607  4.798  41.038 0.0000000000
23552  -43.354  3.894  43.018 0.0000000000
23827  -39.609  4.856  36.418 0.0000000000
23566  -36.447  3.412  35.198 0.0000000000
23210  -36.439  3.146  41.349 0.0000000000
23218  -35.993  2.874  38.891 0.0000000000
23242  -34.556  2.902  34.663 0.0000000000
24410  -31.978  3.405  36.599 0.0000000000
25008  -32.675  5.310  41.634 0.0000000000
24998  -33.348  5.725  44.094 0.0000000000
23166  -32.104  4.258  52.236 0.0000000000
22857  -31.546  3.016  48.867 0.0000000000
24989  -31.202  5.025  45.961 0.0000000000
25305  -33.057  5.246  49.964 0.0000000000
25294  -33.053  6.030  53.281 0.0000000000
19149  -4.280  -13.593  62.992 0.0000000000
18215  -6.258  -14.694  60.799 0.0000000000
19171  -6.183  -11.088  60.004 0.0000000000
18526  -7.000  -12.733  61.595 0.0000000000
17630  -6.393  -16.195  63.576 0.0000000000
17624  -6.025  -16.909  66.379 0.0000000000
17100  -6.246  -19.145  68.333 0.0000000000
18505  -15.988  -13.140  62.868 0.0000000000
18500  -15.602  -13.332  64.829 0.0000000000
17900  -14.293  -15.709  68.101 0.0000000000
17620  -13.575  -19.395  66.906 0.0000000000
17369  -11.043  -18.629  68.135 0.0000000000
25704  -47.769  13.251  27.157 0.0000000000
25401  -42.382  10.480  24.427 0.0000000000
39712  -49.835  14.529  31.590 0.0000000000
26002  -45.686  12.858  29.157 0.0000000000
24688  -43.443  8.185  38.009 0.0000000000
25680  -42.696  10.952  34.763 0.0000000000
19783  -29.304  -11.716  61.491 0.0000000000
19780  -27.551  -10.733  63.274 0.0000000000
19152  -28.108  -12.519  63.334 0.0000000000
19157  -29.255  -12.654  60.861 0.0000000000
18824  -28.501  -13.847  61.756 0.0000000000
18520  -28.893  -14.275  60.204 0.0000000000
18823  -28.423  -14.082  62.998 0.0000000000
19454  -26.597  -12.140  64.386 0.0000000000
24118  -44.643  5.693  42.875 0.0000000000
23553  -45.974  2.690  43.538 0.0000000000
23162  -34.052  3.220  54.932 0.0000000000
18847  -14.916  -13.045  52.994 0.0000000000
18542  -16.666  -13.702  54.297 0.0000000000
25314  -36.465  5.490  48.867 0.0000000000
25372  -53.836  10.297  32.749 0.0000000000
25687  -53.957  11.052  31.520 0.0000000000
15390  -4.491  -25.683  68.125 0.0000000000
21597  -31.575  -5.402  57.204 0.0000000000
21598  -31.483  -3.981  58.027 0.0000000000
21589  -30.314  -3.245  59.511 0.0000000000
21591  -22.993  -2.088  59.142 0.0000000000
21881  -24.083  -1.335  58.423 0.0000000000
21596  -23.035  -2.215  57.110 0.0000000000
18239  -27.546  -14.188  50.194 0.0000000000
21018  -29.410  -5.835  60.255 0.0000000000
17953  -26.731  -16.831  51.149 0.0000000000
17667  -25.893  -17.999  50.954 0.0000000000
17954  -26.602  -16.527  49.876 0.0000000000
19460  -20.525  -12.792  60.339 0.0000000000
18216  -22.168  -14.441  61.061 0.0000000000
19168  -21.827  -13.647  61.219 0.0000000000
16845  -24.065  -21.988  58.550 0.0000000000
16835  -24.489  -21.506  61.771 0.0000000000
19776  -19.994  -11.999  64.486 0.0000000000
19782  -17.415  -11.409  63.129 0.0000000000
19781  -19.560  -12.353  62.810 0.0000000000
25021  -50.840  9.222  39.470 0.0000000000
25987  -49.818  13.143  38.964 0.0000000000
25986  -48.859  12.943  40.138 0.0000000000
25020  -49.692  8.191  41.511 0.0000000000
23194  -41.547  2.635  45.186 0.0000000000
23201  -31.218  3.195  41.393 0.0000000000
22882  -28.830  3.209  40.881 0.0000000000
22893  -29.605  2.952  39.130 0.0000000000
23216  -28.235  2.966  39.867 0.0000000000
22609  -27.139  2.060  51.002 0.0000000000
22859  -41.545  1.006  49.475 0.0000000000
22864  -42.553  0.264  47.997 0.0000000000
22872  -42.589  0.961  46.900 0.0000000000
18497  -10.898  -12.345  65.221 0.0000000000
18509  -8.973  -12.114  63.600 0.0000000000
18175  -9.636  -13.742  66.813 0.0000000000
17897  -8.548  -15.444  67.829 0.0000000000
17898  -9.903  -15.843  68.198 0.0000000000
17105  -19.873  -19.624  66.538 0.0000000000
17104  -17.754  -20.019  66.426 0.0000000000
26309  -52.807  14.631  26.479 0.0000000000
26308  -51.032  15.198  25.425 0.0000000000
24706  -42.914  8.735  28.778 0.0000000000
27725  -47.000  20.092  31.608 0.0000000000
27415  -46.106  18.769  30.094 0.0000000000
24133  -36.947  5.690  33.577 0.0000000000
26020  -53.856  13.676  26.736 0.0000000000
20698  -28.061  -6.481  61.813 0.0000000000
20399  -25.592  -7.407  63.957 0.0000000000
20694  -25.749  -5.486  63.564 0.0000000000
21295  -24.379  -2.426  62.772 0.0000000000
21003  -23.264  -3.980  63.552 0.0000000000
18546  -28.729  -14.894  54.148 0.0000000000
19187  -28.784  -12.951  53.519 0.0000000000
20092  -28.389  -8.869  60.912 0.0000000000
20097  -28.763  -9.650  59.306 0.0000000000
17129  -26.972  -19.726  57.839 0.0000000000
17130  -26.669  -20.177  56.740 0.0000000000
17646  -27.778  -18.765  56.710 0.0000000000
18539  -29.191  -14.991  57.015 0.0000000000
18229  -28.012  -15.741  53.149 0.0000000000
18821  -25.269  -14.537  64.487 0.0000000000
18518  -26.317  -15.586  64.007 0.0000000000
17913  -27.297  -17.139  61.657 0.0000000000
17638  -27.520  -18.282  60.495 0.0000000000
17391  -27.088  -19.410  60.294 0.0000000000
20687  -21.422  -6.130  64.600 0.0000000000
19151  -25.733  -13.158  64.953 0.0000000000
19779  -22.365  -10.115  65.631 0.0000000000
19451  -23.150  -11.976  65.424 0.0000000000
25013  -47.989  7.751  43.062 0.0000000000
24675  -46.521  8.667  42.859 0.0000000000
25368  -44.667  10.325  39.800 0.0000000000
25993  -44.466  13.117  37.026 0.0000000000
25678  -43.801  11.064  36.039 0.0000000000
24120  -48.156  5.430  43.230 0.0000000000
23183  -38.797  3.298  50.484 0.0000000000
23169  -34.710  4.349  51.727 0.0000000000
23176  -36.124  4.128  49.250 0.0000000000
22865  -32.124  3.493  45.929 0.0000000000
22858  -33.007  3.653  48.875 0.0000000000
22850  -38.476  0.695  53.346 0.0000000000
22620  -40.724  0.393  51.421 0.0000000000
18820  -14.581  -12.394  59.688 0.0000000000
18828  -13.934  -11.755  58.041 0.0000000000
25689  -52.485  13.417  30.127 0.0000000000
25699  -52.071  13.648  28.973 0.0000000000
25377  -49.158  11.740  31.015 0.0000000000
25373  -46.937  10.343  30.953 0.0000000000
25044  -46.156  9.101  30.004 0.0000000000
25016  -35.618  4.346  39.724 0.0000000000
25018  -36.260  4.451  37.731 0.0000000000
16813  -4.067  -18.987  66.189 0.0000000000
22357  -32.831  0.503  56.937 0.0000000000
22354  -29.591  1.246  57.604 0.0000000000
22596  -30.526  2.480  56.748 0.0000000000
22844  -28.216  3.135  55.293 0.0000000000
21583  -27.453  -2.400  61.039 0.0000000000
21884  -24.187  -1.122  56.487 0.0000000000
22127  -25.523  -0.056  57.661 0.0000000000
22131  -24.797  0.356  55.799 0.0000000000
22352  -25.196  1.924  54.908 0.0000000000
22137  -23.771  0.963  54.165 0.0000000000
19802  -27.558  -10.395  52.786 0.0000000000
19473  -27.661  -11.467  50.332 0.0000000000
17137  -25.234  -20.654  53.951 0.0000000000
18545  -20.229  -13.203  55.306 0.0000000000
18544  -20.122  -13.822  55.561 0.0000000000
18533  -21.244  -13.999  57.400 0.0000000000
18192  -21.481  -15.298  62.392 0.0000000000
17628  -21.637  -17.514  65.541 0.0000000000
17379  -22.335  -18.775  65.571 0.0000000000
17911  -26.021  -17.397  63.817 0.0000000000
18201  -24.615  -16.352  63.890 0.0000000000
17384  -25.348  -18.797  63.987 0.0000000000
16833  -23.322  -21.789  62.921 0.0000000000
16824  -21.344  -22.310  63.461 0.0000000000
16825  -21.207  -21.247  65.170 0.0000000000
20693  -19.821  -6.849  64.679 0.0000000000
21012  -19.471  -4.783  61.438 0.0000000000
20692  -18.309  -7.241  63.978 0.0000000000
20405  -13.910  -7.622  62.473 0.0000000000
20701  -14.604  -6.630  62.485 0.0000000000
19796  -18.136  -11.719  57.196 0.0000000000
20102  -15.043  -10.258  58.266 0.0000000000
20109  -16.065  -10.971  54.352 0.0000000000
27978  -48.897  19.465  33.159 0.0000000000
27979  -47.879  19.819  34.791 0.0000000000
26853  -46.528  14.495  39.312 0.0000000000
39715  -46.174  16.830  37.971 0.0000000000
25025  -52.811  7.877  35.879 0.0000000000
23213  -42.797  2.934  43.898 0.0000000000
23212  -39.406  3.389  41.683 0.0000000000
23226  -37.574  3.611  37.447 0.0000000000
23193  -36.632  3.500  45.034 0.0000000000
23203  -38.607  3.301  43.286 0.0000000000
23219  -33.038  2.568  38.484 0.0000000000
23225  -34.269  2.585  37.627 0.0000000000
23236  -34.212  2.358  35.852 0.0000000000
23241  -33.034  2.380  35.041 0.0000000000
23830  -31.843  2.913  35.593 0.0000000000
24409  -29.303  4.421  37.622 0.0000000000
25007  -30.979  4.964  40.293 0.0000000000
24997  -30.895  5.174  42.384 0.0000000000
23161  -32.939  4.105  53.888 0.0000000000
22619  -29.017  1.562  49.338 0.0000000000
22625  -30.262  2.073  48.992 0.0000000000
22624  -29.550  1.568  47.506 0.0000000000
22629  -29.824  2.535  46.434 0.0000000000
24986  -30.875  4.545  47.985 0.0000000000
24981  -31.645  4.680  50.734 0.0000000000
25301  -33.623  5.738  51.754 0.0000000000
22873  -43.593  0.074  45.642 0.0000000000
22879  -45.011  0.382  44.547 0.0000000000
20400  -4.965  -10.126  60.934 0.0000000000
19457  -4.200  -11.110  60.891 0.0000000000
18826  -4.957  -14.094  61.229 0.0000000000
18837  -5.585  -12.867  60.782 0.0000000000
19167  -9.341  -10.571  58.496 0.0000000000
19172  -7.382  -10.654  59.732 0.0000000000
18511  -7.639  -12.916  62.627 0.0000000000
18198  -7.033  -13.988  61.883 0.0000000000
17627  -6.691  -15.623  65.146 0.0000000000
17381  -5.573  -17.073  64.461 0.0000000000
17366  -7.463  -18.411  68.452 0.0000000000
16530  -6.811  -20.861  68.477 0.0000000000
16280  -7.503  -22.613  67.763 0.0000000000
18199  -19.384  -14.550  60.405 0.0000000000
18191  -17.910  -14.075  60.839 0.0000000000
18181  -17.689  -14.082  63.934 0.0000000000
17902  -16.945  -15.634  67.109 0.0000000000
18178  -14.366  -13.986  66.719 0.0000000000
17621  -13.554  -18.238  67.806 0.0000000000
26025  -47.159  13.682  22.640 0.0000000000
25716  -44.468  12.273  23.938 0.0000000000
25705  -49.226  13.900  27.342 0.0000000000
25394  -43.470  10.618  25.769 0.0000000000
39713  -50.617  15.966  32.354 0.0000000000
39714  -48.906  16.509  31.278 0.0000000000
26607  -46.109  14.813  28.891 0.0000000000
26001  -47.148  13.679  30.079 0.0000000000
25688  -44.941  11.598  29.142 0.0000000000
24124  -41.880  6.092  37.846 0.0000000000
24695  -40.386  8.628  33.723 0.0000000000
25356  -39.009  6.101  39.186 0.0000000000
20402  -27.790  -8.285  61.930 0.0000000000
18839  -29.635  -13.871  57.589 0.0000000000
19169  -29.748  -12.557  58.217 0.0000000000
19786  -29.121  -10.391  60.780 0.0000000000
17914  -28.421  -17.375  59.622 0.0000000000
17926  -28.610  -17.610  57.405 0.0000000000
18217  -29.326  -15.330  58.398 0.0000000000
18206  -28.096  -15.310  61.975 0.0000000000
20081  -23.958  -8.557  64.909 0.0000000000
24398  -45.686  6.574  43.391 0.0000000000
24677  -44.897  7.745  42.515 0.0000000000
24678  -44.644  9.032  41.163 0.0000000000
24681  -44.265  8.741  39.456 0.0000000000
23558  -46.925  3.414  42.986 0.0000000000
18848  -13.475  -12.609  53.187 0.0000000000
18537  -15.390  -12.722  57.847 0.0000000000
25682  -50.501  13.720  31.440 0.0000000000
25334  -36.331  5.428  43.478 0.0000000000
25345  -37.168  5.315  42.591 0.0000000000
24702  -53.929  5.439  32.232 0.0000000000
24709  -55.140  6.945  30.167 0.0000000000
16278  -4.787  -22.420  68.197 0.0000000000
16528  -3.778  -21.344  67.703 0.0000000000
15677  -2.972  -23.511  67.941 0.0000000000
22133  -32.034  -1.727  57.537 0.0000000000
21885  -30.902  -2.106  58.564 0.0000000000
21580  -24.278  -2.109  62.115 0.0000000000
17660  -26.629  -18.304  52.585 0.0000000000
18534  -21.829  -13.869  59.238 0.0000000000
17119  -25.262  -19.862  62.996 0.0000000000
16840  -22.212  -22.825  60.393 0.0000000000
20080  -18.033  -9.715  65.354 0.0000000000
20088  -17.398  -8.832  64.951 0.0000000000
20085  -15.779  -9.932  63.472 0.0000000000
20096  -15.387  -10.335  61.648 0.0000000000
20098  -14.034  -9.074  60.276 0.0000000000
19791  -17.138  -11.359  59.193 0.0000000000
25675  -51.067  12.273  37.478 0.0000000000
26855  -48.591  16.750  37.705 0.0000000000
27719  -45.060  16.903  37.257 0.0000000000
24687  -51.924  6.514  37.762 0.0000000000
22891  -31.221  1.884  37.425 0.0000000000
23240  -31.115  2.113  35.688 0.0000000000
23234  -30.629  1.815  36.489 0.0000000000
23564  -28.555  3.191  36.880 0.0000000000
22848  -28.848  3.487  53.927 0.0000000000
22853  -30.029  3.605  52.571 0.0000000000
18827  -8.199  -11.250  61.258 0.0000000000
17901  -7.858  -14.441  66.287 0.0000000000
17906  -19.598  -15.292  64.655 0.0000000000
17623  -17.088  -16.721  67.554 0.0000000000
26314  -50.986  15.678  23.240 0.0000000000
26310  -49.405  15.232  24.307 0.0000000000
25713  -47.624  13.928  26.063 0.0000000000
25388  -47.306  10.538  29.014 0.0000000000
25060  -45.360  10.686  27.577 0.0000000000
39721  -49.081  18.530  31.996 0.0000000000
26872  -47.035  16.887  29.593 0.0000000000
27139  -45.764  17.319  29.074 0.0000000000
24412  -40.564  6.263  35.075 0.0000000000
24131  -38.274  5.783  33.609 0.0000000000
25677  -37.898  8.537  34.674 0.0000000000
21014  -28.268  -5.161  61.861 0.0000000000
20403  -26.937  -7.182  63.027 0.0000000000
21581  -25.684  -2.368  62.039 0.0000000000
21586  -22.448  -2.549  60.081 0.0000000000
19192  -28.030  -12.808  50.946 0.0000000000
19800  -28.577  -11.046  54.754 0.0000000000
19792  -29.025  -10.988  57.388 0.0000000000
17128  -26.194  -20.407  55.815 0.0000000000
17932  -28.365  -17.260  55.743 0.0000000000
17654  -27.441  -17.852  53.934 0.0000000000
17947  -27.849  -16.943  53.360 0.0000000000
18528  -22.894  -14.501  62.823 0.0000000000
19155  -23.393  -14.328  63.872 0.0000000000
18204  -25.486  -16.211  63.911 0.0000000000
17912  -26.646  -16.969  63.202 0.0000000000
17637  -26.264  -18.086  62.690 0.0000000000
17124  -25.977  -19.865  61.969 0.0000000000
21013  -21.200  -3.264  60.477 0.0000000000
21002  -21.704  -4.227  63.120 0.0000000000
19775  -19.929  -10.877  65.531 0.0000000000
25365  -47.885  10.893  41.798 0.0000000000
25992  -45.611  13.137  39.543 0.0000000000
25673  -45.254  11.807  39.987 0.0000000000
26290  -44.020  14.725  36.398 0.0000000000
24400  -49.201  5.179  42.371 0.0000000000
24401  -49.475  6.486  42.127 0.0000000000
23181  -36.812  3.752  47.612 0.0000000000
22871  -30.634  3.511  44.234 0.0000000000
19468  -8.144  -10.473  56.712 0.0000000000
19161  -12.201  -11.239  58.976 0.0000000000
18176  -11.822  -13.636  66.892 0.0000000000
25706  -51.457  13.972  27.833 0.0000000000
25389  -49.287  12.160  29.462 0.0000000000
25684  -51.355  13.282  30.571 0.0000000000
25051  -46.800  9.468  29.540 0.0000000000
24707  -44.454  8.848  28.986 0.0000000000
23833  -34.462  3.689  34.593 0.0000000000
24685  -35.498  4.808  35.351 0.0000000000
25017  -37.031  4.826  39.107 0.0000000000
25056  -55.504  8.500  27.761 0.0000000000
25390  -55.225  10.229  27.393 0.0000000000
22846  -33.973  1.971  55.796 0.0000000000
23158  -30.700  3.489  55.263 0.0000000000
22600  -26.703  2.885  54.000 0.0000000000
22599  -25.197  2.484  53.482 0.0000000000
21588  -28.808  -2.378  60.265 0.0000000000
22123  -26.474  -0.332  58.833 0.0000000000
22349  -27.329  0.804  57.726 0.0000000000
22362  -24.239  2.161  52.329 0.0000000000
18856  -17.015  -12.331  51.606 0.0000000000
18543  -17.849  -13.770  54.311 0.0000000000
18549  -18.588  -13.579  54.336 0.0000000000
17903  -19.680  -16.018  65.709 0.0000000000
17374  -20.458  -18.522  66.540 0.0000000000
17631  -23.467  -17.983  64.728 0.0000000000
17114  -23.903  -19.478  64.610 0.0000000000
21022  -20.749  -3.999  59.341 0.0000000000
20697  -16.752  -6.739  63.198 0.0000000000
20411  -13.594  -8.846  58.195 0.0000000000
19807  -17.629  -11.823  52.848 0.0000000000
25679  -52.790  12.029  33.862 0.0000000000
25995  -51.951  14.211  33.486 0.0000000000
27123  -50.156  17.060  34.234 0.0000000000
39719  -49.685  18.058  33.083 0.0000000000
27982  -45.430  21.131  32.520 0.0000000000
39718  -47.918  17.214  37.927 0.0000000000
27975  -47.563  18.109  36.974 0.0000000000
28196  -45.984  20.909  34.188 0.0000000000
24117  -43.609  5.151  42.047 0.0000000000
23190  -39.191  3.332  45.258 0.0000000000
23231  -35.249  2.932  36.819 0.0000000000
24411  -33.806  3.456  35.935 0.0000000000
24683  -33.790  3.493  38.124 0.0000000000
24682  -32.236  3.722  38.399 0.0000000000
25012  -33.603  4.319  39.916 0.0000000000
25344  -34.246  5.603  42.942 0.0000000000
25316  -33.637  5.400  47.664 0.0000000000
23167  -31.925  3.956  51.122 0.0000000000
22856  -31.732  3.334  50.116 0.0000000000
22863  -31.259  3.169  46.887 0.0000000000
22632  -29.118  2.422  44.642 0.0000000000
22877  -29.398  3.141  43.145 0.0000000000
22644  -27.896  2.288  42.148 0.0000000000
24673  -28.815  4.522  40.141 0.0000000000
24996  -32.028  5.474  45.210 0.0000000000
23214  -45.628  1.434  44.186 0.0000000000
19773  -4.477  -11.554  62.362 0.0000000000
18813  -4.249  -15.012  62.772 0.0000000000
19465  -5.726  -10.652  59.265 0.0000000000
18832  -6.632  -11.850  60.887 0.0000000000
18527  -6.032  -13.653  61.005 0.0000000000
17642  -6.523  -16.322  60.527 0.0000000000
17367  -6.274  -17.835  67.772 0.0000000000
16811  -5.441  -20.658  68.264 0.0000000000
18532  -16.848  -13.843  56.917 0.0000000000
18531  -16.595  -13.546  59.247 0.0000000000
18814  -14.915  -12.518  61.042 0.0000000000
18499  -13.953  -12.917  65.570 0.0000000000
18498  -12.270  -12.737  65.889 0.0000000000
17107  -15.969  -20.135  66.265 0.0000000000
17622  -12.914  -17.115  68.370 0.0000000000
17619  -10.772  -17.158  68.516 0.0000000000
16814  -9.163  -21.360  67.576 0.0000000000
25395  -44.887  12.088  25.659 0.0000000000
25997  -51.600  14.663  32.329 0.0000000000
26003  -48.212  13.577  30.977 0.0000000000
25382  -43.301  10.390  28.785 0.0000000000
24125  -43.184  6.323  39.742 0.0000000000
24691  -41.337  7.344  34.736 0.0000000000
24689  -42.280  8.532  35.363 0.0000000000
25994  -43.417  12.594  35.289 0.0000000000
25024  -37.307  7.135  35.236 0.0000000000
25313  -36.534  5.870  50.184 0.0000000000
21315  -21.944  -3.626  55.669 0.0000000000
21300  -29.377  -7.058  57.950 0.0000000000
21313  -30.704  -6.365  57.545 0.0000000000
22608  -25.197  1.909  51.273 0.0000000000
22614  -40.370  -0.851  51.967 0.0000000000
22356  -33.481  -1.413  56.528 0.0000000000
18849  -20.503  -12.937  55.939 0.0000000000
20095  -14.003  -8.536  61.786 0.0000000000
19798  -18.584  -11.887  55.422 0.0000000000
23230  -32.811  2.132  37.418 0.0000000000
19458  -4.263  -11.188  60.407 0.0000000000
19153  -4.598  -13.035  61.324 0.0000000000
17904  -7.304  -14.147  63.323 0.0000000000
25032  -39.098  8.617  33.727 0.0000000000
25999  -39.463  10.511  34.334 0.0000000000
19463  -29.399  -12.018  59.736 0.0000000000
23557  -47.355  1.741  42.657 0.0000000000
25031  -53.875  6.427  33.303 0.0000000000
22132  -30.384  -0.554  58.411 0.0000000000
20704  -27.292  -8.230  56.324 0.0000000000
23224  -28.962  2.565  38.123 0.0000000000
24127  -28.169  4.193  37.350 0.0000000000
26315  -52.856  15.332  24.037 0.0000000000
21293  -22.751  -2.707  61.238 0.0000000000
18519  -24.532  -15.263  63.922 0.0000000000
25991  -46.825  13.245  40.242 0.0000000000
19178  -9.495  -10.826  56.583 0.0000000000
25042  -44.655  9.145  29.603 0.0000000000
25353  -39.085  5.730  40.781 0.0000000000
25327  -38.935  5.413  45.521 0.0000000000
19194  -17.918  -12.229  52.571 0.0000000000
18220  -19.779  -14.284  56.547 0.0000000000
21011  -18.498  -5.942  62.722 0.0000000000
21028  -19.531  -5.009  60.107 0.0000000000
20087  -15.737  -8.410  64.163 0.0000000000
20401  -16.672  -7.858  64.055 0.0000000000
20696  -15.323  -7.069  63.301 0.0000000000
20416  -14.493  -9.696  55.623 0.0000000000
19190  -18.645  -12.176  54.232 0.0000000000
27720  -45.870  18.603  36.836 0.0000000000
25026  -52.546  6.479  35.715 0.0000000000
24405  -27.370  3.993  38.624 0.0000000000
24668  -30.417  4.765  43.446 0.0000000000
18530  -5.342  -14.740  60.676 0.0000000000
15391  -5.936  -24.862  67.603 0.0000000000
18504  -14.226  -12.618  64.593 0.0000000000
17103  -10.339  -20.623  67.043 0.0000000000
25375  -45.996  11.525  30.457 0.0000000000
25360  -39.828  7.334  38.620 0.0000000000
25364  -38.713  7.629  36.698 0.0000000000
24705  -43.123  8.482  27.955 0.0000000000
25376  -47.642  10.051  30.636 0.0000000000
20094  -14.459  -7.811  63.076 0.0000000000
20103  -16.118  -10.973  57.812 0.0000000000
22862  -30.698  2.550  47.913 0.0000000000
26000  -41.229  11.088  34.145 0.0000000000
18829  -14.729  -12.166  57.414 0.0000000000
21893  -23.182  -1.724  54.212 0.0000000000
26871  -44.924  16.424  28.417 0.0000000000
18846  -10.690  -11.448  55.603 0.0000000000
25339  -40.172  5.904  43.259 0.0000000000
22886  -27.454  2.645  39.400 0.0000000000
23565  -27.426  3.740  37.690 0.0000000000
25306  -34.533  5.792  50.884 0.0000000000
24970  -30.568  4.675  52.030 0.0000000000
20396  -5.791  -10.680  62.438 0.0000000000
19795  -6.182  -9.930  57.982 0.0000000000
19790  -4.987  -10.277  59.155 0.0000000000
19166  -7.567  -10.886  60.483 0.0000000000
17375  -5.491  -17.512  62.798 0.0000000000
