#!ascii label  , from subject Yale_0050561 vox2ras=TkReg
219
19321  -44.665  -14.797  15.896 0.0000000000
16975  -23.060  -20.103  19.220 0.0000000000
20244  -50.864  -11.188  17.541 0.0000000000
17275  -38.560  -19.603  12.775 0.0000000000
17236  -36.113  -21.045  20.242 0.0000000000
18972  -41.188  -14.746  20.252 0.0000000000
16173  -33.431  -25.307  19.354 0.0000000000
20519  -45.240  -8.385  17.331 0.0000000000
19344  -45.328  -12.132  12.504 0.0000000000
20536  -48.888  -9.603  13.023 0.0000000000
19924  -47.909  -12.018  15.005 0.0000000000
18073  -40.765  -17.433  14.127 0.0000000000
18079  -44.249  -15.577  13.142 0.0000000000
18678  -44.985  -13.753  12.341 0.0000000000
16698  -29.708  -21.793  18.607 0.0000000000
17255  -30.836  -18.899  17.503 0.0000000000
16400  -23.442  -21.803  20.105 0.0000000000
15548  -25.106  -24.921  21.712 0.0000000000
15866  -25.118  -23.816  18.949 0.0000000000
16420  -34.384  -23.572  20.414 0.0000000000
19903  -44.411  -11.306  19.567 0.0000000000
16717  -37.801  -20.654  12.802 0.0000000000
17520  -43.019  -17.382  14.617 0.0000000000
17786  -42.060  -19.553  19.015 0.0000000000
18651  -44.105  -16.002  19.018 0.0000000000
17788  -39.833  -18.000  20.031 0.0000000000
17515  -33.737  -16.756  17.096 0.0000000000
16703  -35.263  -24.845  15.451 0.0000000000
16705  -38.065  -23.296  16.309 0.0000000000
17248  -40.246  -21.467  17.858 0.0000000000
19909  -47.822  -12.437  19.388 0.0000000000
20236  -49.156  -10.312  18.902 0.0000000000
20818  -49.092  -6.786  17.235 0.0000000000
21150  -44.726  -5.902  14.186 0.0000000000
21453  -50.034  -3.834  14.976 0.0000000000
19597  -45.163  -13.539  15.130 0.0000000000
19926  -45.877  -12.033  13.385 0.0000000000
18392  -42.372  -16.488  15.067 0.0000000000
18086  -41.474  -15.356  12.277 0.0000000000
19338  -43.638  -13.427  12.965 0.0000000000
16416  -23.773  -21.561  17.668 0.0000000000
16697  -28.410  -20.956  17.724 0.0000000000
16408  -22.638  -21.386  18.374 0.0000000000
16152  -22.819  -21.947  19.695 0.0000000000
15849  -23.554  -23.703  20.259 0.0000000000
16169  -26.629  -23.009  18.041 0.0000000000
16170  -28.834  -23.216  18.639 0.0000000000
20529  -51.275  -10.290  14.739 0.0000000000
20517  -53.092  -10.194  17.786 0.0000000000
17008  -40.122  -18.857  13.116 0.0000000000
17266  -41.389  -18.385  14.530 0.0000000000
19006  -49.978  -12.252  13.243 0.0000000000
17498  -38.451  -20.280  20.315 0.0000000000
17785  -40.990  -18.814  19.912 0.0000000000
17789  -38.322  -18.982  19.987 0.0000000000
17503  -33.642  -18.688  17.765 0.0000000000
15563  -29.282  -25.704  19.772 0.0000000000
16174  -34.811  -25.955  17.745 0.0000000000
16704  -36.573  -23.753  15.484 0.0000000000
16421  -36.463  -24.752  18.306 0.0000000000
16987  -34.807  -21.705  20.410 0.0000000000
16689  -36.524  -22.657  20.127 0.0000000000
17240  -39.082  -21.603  19.573 0.0000000000
17502  -41.604  -20.445  18.268 0.0000000000
18652  -43.292  -15.391  20.044 0.0000000000
19313  -46.781  -13.686  19.022 0.0000000000
19309  -44.170  -13.323  20.121 0.0000000000
19918  -43.678  -9.546  18.363 0.0000000000
19908  -47.086  -11.117  19.446 0.0000000000
20512  -47.149  -9.103  18.162 0.0000000000
20515  -49.466  -8.699  18.226 0.0000000000
20817  -47.631  -7.622  17.235 0.0000000000
21452  -48.197  -4.237  14.363 0.0000000000
19940  -47.146  -10.317  12.053 0.0000000000
20256  -47.143  -10.289  12.575 0.0000000000
20251  -47.666  -11.078  13.613 0.0000000000
19920  -49.279  -12.060  16.483 0.0000000000
17810  -39.142  -18.510  13.368 0.0000000000
17276  -40.541  -17.838  12.425 0.0000000000
18082  -42.520  -15.618  12.259 0.0000000000
18399  -46.292  -14.363  13.082 0.0000000000
18679  -47.298  -12.575  12.244 0.0000000000
16700  -32.318  -21.388  19.825 0.0000000000
17246  -33.125  -20.216  18.803 0.0000000000
16994  -31.257  -20.635  18.877 0.0000000000
16997  -28.512  -19.102  17.026 0.0000000000
16397  -25.125  -23.284  21.385 0.0000000000
15848  -24.350  -23.640  21.428 0.0000000000
15867  -27.963  -24.528  19.343 0.0000000000
15872  -29.398  -24.557  19.646 0.0000000000
16172  -32.573  -23.931  20.421 0.0000000000
16418  -31.225  -23.522  20.553 0.0000000000
16687  -32.036  -22.664  20.457 0.0000000000
18981  -38.854  -13.497  19.283 0.0000000000
19307  -42.838  -12.868  20.001 0.0000000000
18982  -40.544  -13.153  19.670 0.0000000000
19318  -40.306  -11.086  18.624 0.0000000000
20248  -41.912  -8.946  16.878 0.0000000000
16973  -25.172  -20.186  18.817 0.0000000000
16194  -37.235  -22.013  13.031 0.0000000000
16718  -39.248  -19.993  13.931 0.0000000000
17799  -44.257  -16.384  14.301 0.0000000000
18663  -43.514  -16.265  16.112 0.0000000000
18983  -45.430  -14.835  17.422 0.0000000000
18052  -42.500  -17.735  19.587 0.0000000000
18363  -41.458  -16.506  20.230 0.0000000000
18369  -38.722  -16.514  19.539 0.0000000000
17499  -36.519  -18.368  19.093 0.0000000000
18056  -36.144  -16.781  18.209 0.0000000000
18375  -36.775  -15.145  18.503 0.0000000000
16198  -36.512  -22.012  12.283 0.0000000000
17002  -36.252  -22.995  13.639 0.0000000000
17003  -37.636  -22.650  14.628 0.0000000000
17516  -39.109  -21.230  15.183 0.0000000000
16690  -37.993  -23.234  19.051 0.0000000000
17239  -39.314  -22.637  17.694 0.0000000000
17517  -40.316  -20.446  15.846 0.0000000000
17794  -41.297  -19.617  16.480 0.0000000000
18063  -42.731  -17.587  16.788 0.0000000000
19596  -46.642  -13.771  16.985 0.0000000000
19919  -48.216  -12.868  16.843 0.0000000000
20241  -49.864  -11.850  17.860 0.0000000000
19589  -45.999  -12.733  19.897 0.0000000000
19911  -48.798  -11.205  19.177 0.0000000000
20243  -50.608  -10.433  18.855 0.0000000000
20514  -51.573  -9.631  19.015 0.0000000000
20819  -51.062  -7.624  18.299 0.0000000000
21442  -52.089  -6.294  17.845 0.0000000000
20525  -43.389  -8.154  16.254 0.0000000000
20520  -45.690  -6.975  16.015 0.0000000000
21148  -47.813  -6.026  16.092 0.0000000000
21446  -50.351  -4.880  16.225 0.0000000000
19601  -43.722  -13.466  13.856 0.0000000000
19327  -43.449  -14.185  14.481 0.0000000000
20527  -50.027  -11.287  15.419 0.0000000000
20528  -52.092  -10.654  16.388 0.0000000000
17500  -39.543  -20.091  20.089 0.0000000000
17497  -37.130  -19.909  20.079 0.0000000000
15875  -31.654  -25.591  19.640 0.0000000000
15879  -32.700  -26.294  18.316 0.0000000000
17237  -37.652  -21.466  20.128 0.0000000000
18973  -42.996  -14.184  20.246 0.0000000000
20240  -44.455  -8.969  18.054 0.0000000000
20234  -45.604  -10.023  19.061 0.0000000000
19339  -46.335  -11.874  11.979 0.0000000000
20535  -49.423  -10.747  14.097 0.0000000000
18396  -39.825  -16.828  13.190 0.0000000000
17532  -39.242  -17.974  12.517 0.0000000000
18087  -40.597  -15.770  12.600 0.0000000000
18680  -43.653  -13.925  12.400 0.0000000000
16699  -30.593  -21.049  18.947 0.0000000000
16696  -25.277  -21.115  17.066 0.0000000000
16702  -26.037  -19.735  16.711 0.0000000000
16171  -31.083  -24.281  20.233 0.0000000000
16417  -30.410  -23.275  19.941 0.0000000000
18980  -37.201  -13.370  18.803 0.0000000000
19916  -40.841  -9.676  17.649 0.0000000000
20544  -49.621  -8.949  12.490 0.0000000000
17519  -42.862  -17.996  15.536 0.0000000000
17526  -42.507  -17.145  13.299 0.0000000000
18370  -43.316  -17.336  18.472 0.0000000000
18659  -43.882  -16.424  17.414 0.0000000000
17247  -35.021  -19.738  19.163 0.0000000000
17504  -35.110  -17.716  17.881 0.0000000000
18057  -34.995  -15.789  17.547 0.0000000000
16708  -34.936  -23.831  13.945 0.0000000000
16998  -38.754  -22.619  16.609 0.0000000000
16419  -35.658  -24.317  19.522 0.0000000000
17238  -39.666  -22.290  18.570 0.0000000000
17803  -39.902  -19.680  14.688 0.0000000000
17505  -41.321  -20.123  17.229 0.0000000000
17790  -42.439  -19.132  18.540 0.0000000000
18058  -42.389  -18.810  17.663 0.0000000000
19311  -45.718  -14.578  18.852 0.0000000000
19910  -48.598  -12.665  18.273 0.0000000000
20235  -49.742  -11.391  18.795 0.0000000000
20526  -43.725  -7.045  15.196 0.0000000000
21151  -46.527  -5.590  14.838 0.0000000000
18667  -41.178  -15.587  13.588 0.0000000000
19011  -41.892  -14.556  13.047 0.0000000000
16427  -27.662  -22.173  17.759 0.0000000000
15858  -23.878  -23.830  19.506 0.0000000000
20826  -51.524  -9.397  13.964 0.0000000000
20516  -52.981  -9.469  18.704 0.0000000000
18675  -48.357  -13.219  13.099 0.0000000000
17514  -32.123  -16.888  16.836 0.0000000000
15245  -28.193  -25.818  20.017 0.0000000000
16428  -36.041  -25.064  17.049 0.0000000000
16691  -37.410  -24.214  17.449 0.0000000000
17501  -40.480  -21.021  19.234 0.0000000000
19310  -45.021  -14.439  19.685 0.0000000000
19312  -45.640  -13.589  19.949 0.0000000000
19917  -42.695  -9.890  18.330 0.0000000000
21156  -45.825  -5.076  13.638 0.0000000000
19608  -49.162  -10.118  11.800 0.0000000000
17245  -31.814  -20.274  18.518 0.0000000000
16993  -29.236  -20.647  18.042 0.0000000000
15556  -25.265  -25.003  20.661 0.0000000000
15561  -26.562  -25.375  20.300 0.0000000000
15874  -30.259  -24.883  19.949 0.0000000000
16688  -33.350  -22.449  20.756 0.0000000000
19308  -42.005  -11.235  19.075 0.0000000000
19317  -38.978  -11.781  18.791 0.0000000000
16661  -26.412  -23.131  20.676 0.0000000000
16666  -24.362  -21.145  19.574 0.0000000000
16193  -39.102  -21.152  14.774 0.0000000000
17005  -42.040  -18.812  16.336 0.0000000000
18368  -39.466  -15.745  19.805 0.0000000000
18053  -37.935  -17.312  19.360 0.0000000000
18376  -34.781  -14.566  17.854 0.0000000000
16678  -22.377  -20.022  18.322 0.0000000000
17265  -37.218  -21.783  13.034 0.0000000000
17525  -38.740  -20.144  13.684 0.0000000000
16988  -38.635  -23.291  18.066 0.0000000000
18069  -41.104  -18.404  14.983 0.0000000000
19592  -46.436  -14.219  18.146 0.0000000000
21733  -52.851  -4.671  17.152 0.0000000000
20242  -50.437  -11.397  18.513 0.0000000000
20513  -52.033  -10.286  18.806 0.0000000000
