#!ascii label  , from subject Yale_0050578 vox2ras=TkReg
434
53844  -33.509  -18.046  13.602 0.0000000000
53851  -34.334  -18.528  13.549 0.0000000000
53860  -35.236  -18.869  13.184 0.0000000000
53861  -35.994  -18.995  12.851 0.0000000000
53871  -37.050  -18.814  12.533 0.0000000000
53892  -37.774  -18.372  12.280 0.0000000000
54909  -31.776  -16.990  13.728 0.0000000000
54910  -32.843  -17.309  13.492 0.0000000000
54911  -33.730  -17.670  13.200 0.0000000000
54917  -34.704  -17.855  13.007 0.0000000000
54918  -35.060  -17.251  12.902 0.0000000000
54924  -29.900  -15.663  11.384 0.0000000000
54925  -30.155  -15.073  10.946 0.0000000000
54926  -35.470  -18.422  12.975 0.0000000000
54927  -35.961  -17.800  12.959 0.0000000000
54933  -30.068  -16.230  10.260 0.0000000000
54934  -30.401  -15.805  9.924 0.0000000000
54935  -37.072  -17.701  12.517 0.0000000000
54954  -37.587  -17.613  11.521 0.0000000000
56080  -31.060  -16.129  13.191 0.0000000000
56081  -31.995  -16.398  13.038 0.0000000000
56082  -33.132  -16.856  12.930 0.0000000000
56083  -33.901  -17.308  12.921 0.0000000000
56089  -30.459  -15.693  12.699 0.0000000000
56090  -31.141  -15.368  12.726 0.0000000000
56091  -32.324  -15.633  12.418 0.0000000000
56092  -34.089  -16.706  12.715 0.0000000000
56093  -35.224  -16.826  12.671 0.0000000000
56097  -30.230  -15.648  12.184 0.0000000000
56098  -30.776  -15.139  11.564 0.0000000000
56099  -31.310  -14.842  12.266 0.0000000000
56100  -36.138  -17.014  12.514 0.0000000000
56104  -30.484  -14.669  10.362 0.0000000000
56105  -30.760  -14.344  9.713 0.0000000000
56106  -36.813  -16.765  11.913 0.0000000000
56122  -30.680  -15.406  9.410 0.0000000000
56123  -30.822  -15.046  8.752 0.0000000000
56124  -37.521  -16.890  11.138 0.0000000000
57167  -32.686  -15.233  11.898 0.0000000000
57168  -33.633  -15.909  12.036 0.0000000000
57169  -34.550  -16.364  12.383 0.0000000000
57173  -30.991  -14.436  11.158 0.0000000000
57174  -31.711  -14.463  11.495 0.0000000000
57175  -33.237  -15.100  11.526 0.0000000000
57176  -35.069  -16.020  11.692 0.0000000000
57181  -30.697  -14.387  10.987 0.0000000000
57182  -30.990  -14.147  10.405 0.0000000000
57183  -36.954  -15.839  11.389 0.0000000000
57184  -37.463  -15.504  10.869 0.0000000000
57200  -31.059  -14.121  8.829 0.0000000000
57201  -37.613  -16.491  10.951 0.0000000000
57202  -38.111  -16.048  10.762 0.0000000000
57216  -30.737  -13.743  7.560 0.0000000000
58268  -32.061  -14.143  10.879 0.0000000000
58269  -32.710  -14.379  11.011 0.0000000000
58270  -33.921  -14.751  11.082 0.0000000000
58277  -31.691  -13.820  10.519 0.0000000000
58278  -35.298  -14.869  11.080 0.0000000000
58279  -36.721  -14.770  10.828 0.0000000000
58280  -37.677  -14.447  10.716 0.0000000000
58297  -31.453  -13.577  9.479 0.0000000000
58298  -37.990  -15.197  10.786 0.0000000000
58299  -38.906  -14.755  10.647 0.0000000000
58313  -31.099  -13.214  8.308 0.0000000000
58314  -30.864  -12.853  7.375 0.0000000000
58315  -38.850  -15.517  10.543 0.0000000000
58332  -31.493  -12.746  6.394 0.0000000000
58333  -32.321  -12.612  5.431 0.0000000000
59399  -32.358  -13.907  10.600 0.0000000000
59400  -33.139  -13.935  10.645 0.0000000000
59401  -34.153  -14.100  10.752 0.0000000000
59412  -32.330  -13.416  9.958 0.0000000000
59413  -33.495  -13.337  10.264 0.0000000000
59414  -34.996  -13.578  10.714 0.0000000000
59415  -36.577  -13.601  10.615 0.0000000000
59416  -38.036  -13.787  10.544 0.0000000000
59430  -31.738  -12.871  8.865 0.0000000000
59431  -31.788  -12.357  8.304 0.0000000000
59432  -39.293  -14.040  10.517 0.0000000000
59433  -40.034  -14.066  10.383 0.0000000000
59447  -31.242  -12.587  8.044 0.0000000000
59448  -31.590  -12.146  7.406 0.0000000000
59449  -40.151  -14.664  10.227 0.0000000000
59450  -40.585  -14.250  10.037 0.0000000000
59467  -31.770  -11.862  6.215 0.0000000000
59468  -32.278  -11.825  5.617 0.0000000000
59488  -32.871  -12.020  4.800 0.0000000000
59489  -33.526  -11.835  4.160 0.0000000000
60496  -32.702  -12.723  9.384 0.0000000000
60497  -33.819  -12.634  9.795 0.0000000000
60498  -35.012  -12.422  10.097 0.0000000000
60499  -36.829  -12.698  10.328 0.0000000000
60500  -38.708  -13.081  10.376 0.0000000000
60501  -39.465  -12.855  10.482 0.0000000000
60513  -32.229  -12.461  8.748 0.0000000000
60514  -32.912  -12.007  8.615 0.0000000000
60515  -33.910  -12.134  9.468 0.0000000000
60516  -39.613  -13.701  10.439 0.0000000000
60517  -40.213  -13.528  10.306 0.0000000000
60532  -32.540  -11.475  7.059 0.0000000000
60533  -33.293  -11.143  6.776 0.0000000000
60535  -41.166  -14.136  9.540 0.0000000000
60552  -32.210  -11.548  6.106 0.0000000000
60553  -32.878  -11.318  5.801 0.0000000000
60565  -33.401  -11.365  4.779 0.0000000000
60566  -33.905  -11.305  3.907 0.0000000000
61640  -34.735  -11.849  9.842 0.0000000000
61641  -35.219  -11.521  10.235 0.0000000000
61642  -37.149  -11.853  10.196 0.0000000000
61643  -38.839  -11.999  10.765 0.0000000000
61644  -39.792  -11.783  11.049 0.0000000000
61654  -33.462  -11.718  8.681 0.0000000000
61655  -34.053  -11.495  9.276 0.0000000000
61656  -34.528  -10.953  9.928 0.0000000000
61657  -40.076  -12.646  10.491 0.0000000000
61658  -40.710  -12.164  10.466 0.0000000000
61670  -33.341  -11.524  8.282 0.0000000000
61671  -33.726  -11.044  7.913 0.0000000000
61672  -41.205  -13.254  9.730 0.0000000000
61673  -41.548  -12.603  9.576 0.0000000000
61692  -33.859  -10.715  6.531 0.0000000000
61693  -34.323  -10.364  6.226 0.0000000000
61695  -42.145  -13.314  8.919 0.0000000000
61705  -33.649  -11.045  5.542 0.0000000000
61706  -34.287  -10.642  5.220 0.0000000000
61722  -34.742  -10.695  3.743 0.0000000000
61723  -35.340  -10.221  3.525 0.0000000000
62758  -34.832  -10.818  10.118 0.0000000000
62759  -35.639  -10.787  10.148 0.0000000000
62760  -37.476  -10.856  10.233 0.0000000000
62761  -39.139  -11.077  10.783 0.0000000000
62773  -34.027  -10.780  9.043 0.0000000000
62774  -34.349  -10.280  9.761 0.0000000000
62775  -35.706  -9.983  9.814 0.0000000000
62776  -37.237  -10.000  9.622 0.0000000000
62777  -40.183  -11.071  10.922 0.0000000000
62778  -41.039  -10.632  10.494 0.0000000000
62788  -33.997  -10.282  8.892 0.0000000000
62789  -33.907  -9.658  8.748 0.0000000000
62790  -41.442  -11.695  9.945 0.0000000000
62791  -41.806  -10.991  9.845 0.0000000000
62807  -34.050  -10.468  7.818 0.0000000000
62808  -34.073  -10.001  7.145 0.0000000000
62809  -42.192  -12.482  9.060 0.0000000000
62810  -42.441  -12.460  8.414 0.0000000000
62822  -34.507  -9.980  5.991 0.0000000000
62823  -34.870  -9.679  5.495 0.0000000000
62824  -42.054  -12.906  8.260 0.0000000000
62837  -34.894  -10.144  5.042 0.0000000000
62838  -35.248  -9.719  4.516 0.0000000000
62851  -35.762  -9.640  3.348 0.0000000000
63825  -38.562  -10.330  10.352 0.0000000000
63826  -39.416  -10.541  10.960 0.0000000000
63836  -34.601  -9.282  9.089 0.0000000000
63837  -36.147  -9.059  8.937 0.0000000000
63838  -37.919  -9.385  9.647 0.0000000000
63839  -39.706  -9.847  10.568 0.0000000000
63840  -41.529  -9.894  10.035 0.0000000000
63841  -42.210  -9.482  9.807 0.0000000000
63850  -33.952  -8.889  8.054 0.0000000000
63851  -34.743  -8.374  8.378 0.0000000000
63852  -42.293  -11.727  9.256 0.0000000000
63853  -42.497  -10.904  9.444 0.0000000000
63854  -42.706  -9.954  9.687 0.0000000000
63866  -33.906  -9.013  6.674 0.0000000000
63867  -34.269  -8.275  7.215 0.0000000000
63868  -42.478  -12.154  8.782 0.0000000000
63869  -42.823  -11.799  8.474 0.0000000000
63870  -43.346  -10.662  9.060 0.0000000000
63884  -34.110  -9.184  5.970 0.0000000000
63885  -34.384  -8.570  5.705 0.0000000000
63899  -35.069  -8.238  4.014 0.0000000000
63900  -35.198  -7.404  3.438 0.0000000000
63915  -35.895  -8.853  3.203 0.0000000000
64919  -36.278  -8.547  8.610 0.0000000000
64920  -37.019  -8.454  8.607 0.0000000000
64921  -38.670  -8.554  9.658 0.0000000000
64922  -40.296  -8.722  9.928 0.0000000000
64923  -41.624  -8.867  9.733 0.0000000000
64930  -35.726  -8.169  8.398 0.0000000000
64931  -36.018  -7.681  7.978 0.0000000000
64932  -42.672  -9.098  9.762 0.0000000000
64941  -34.940  -7.665  7.737 0.0000000000
64942  -35.503  -7.340  7.079 0.0000000000
64943  -43.389  -9.661  9.553 0.0000000000
64954  -34.618  -7.650  6.478 0.0000000000
64955  -35.221  -7.202  5.789 0.0000000000
64956  -43.983  -9.795  8.809 0.0000000000
64957  -44.490  -9.232  8.308 0.0000000000
64968  -34.685  -7.662  5.219 0.0000000000
64969  -35.175  -7.131  4.263 0.0000000000
64984  -35.391  -6.785  3.029 0.0000000000
64985  -35.904  -6.523  2.079 0.0000000000
65990  -36.993  -7.922  8.036 0.0000000000
65991  -37.755  -7.615  8.628 0.0000000000
65992  -39.217  -7.509  9.611 0.0000000000
65993  -40.746  -7.901  9.473 0.0000000000
66000  -36.746  -7.388  7.610 0.0000000000
66001  -37.542  -6.837  7.663 0.0000000000
66002  -42.008  -7.987  9.497 0.0000000000
66003  -42.653  -7.447  9.200 0.0000000000
66013  -36.446  -7.064  6.577 0.0000000000
66014  -37.461  -6.499  6.528 0.0000000000
66015  -43.389  -8.617  9.484 0.0000000000
66016  -43.662  -7.604  9.087 0.0000000000
66028  -36.067  -6.745  5.242 0.0000000000
66029  -37.310  -6.260  5.166 0.0000000000
66030  -44.226  -8.688  8.999 0.0000000000
66031  -44.642  -7.994  8.476 0.0000000000
66044  -35.924  -6.352  3.601 0.0000000000
66045  -37.103  -5.694  3.827 0.0000000000
66063  -35.580  -6.192  2.632 0.0000000000
66064  -36.313  -5.661  2.243 0.0000000000
67043  -38.478  -6.435  8.963 0.0000000000
67044  -40.017  -6.890  9.023 0.0000000000
67045  -41.024  -7.369  9.124 0.0000000000
67049  -38.233  -5.767  8.082 0.0000000000
67050  -39.189  -5.435  8.586 0.0000000000
67051  -41.137  -6.539  8.840 0.0000000000
67052  -42.571  -6.397  8.830 0.0000000000
67060  -38.440  -5.487  7.039 0.0000000000
67061  -38.587  -5.066  8.142 0.0000000000
67062  -43.844  -6.451  8.797 0.0000000000
67074  -38.265  -5.660  5.319 0.0000000000
67075  -44.992  -6.662  8.470 0.0000000000
67086  -38.132  -5.363  4.262 0.0000000000
67103  -37.659  -5.150  3.152 0.0000000000
67104  -37.398  -4.836  1.838 0.0000000000
68146  -39.275  -4.879  8.427 0.0000000000
68147  -39.920  -5.108  8.401 0.0000000000
68148  -41.337  -5.465  8.455 0.0000000000
68152  -38.717  -4.844  7.374 0.0000000000
68153  -39.036  -4.525  7.864 0.0000000000
68154  -40.463  -4.502  7.912 0.0000000000
68155  -42.420  -4.926  8.249 0.0000000000
68156  -43.486  -4.364  8.050 0.0000000000
68165  -38.783  -4.924  6.725 0.0000000000
68166  -39.283  -4.271  6.451 0.0000000000
68167  -44.228  -5.369  8.494 0.0000000000
68168  -44.714  -4.582  8.084 0.0000000000
68180  -38.896  -5.122  5.247 0.0000000000
68181  -39.372  -4.523  4.907 0.0000000000
68182  -45.293  -5.642  8.404 0.0000000000
68183  -45.984  -5.218  7.891 0.0000000000
68196  -38.508  -4.859  4.108 0.0000000000
68197  -38.716  -4.406  3.235 0.0000000000
68198  -39.042  -4.036  2.485 0.0000000000
68217  -38.358  -4.443  1.897 0.0000000000
69274  -39.716  -3.591  7.143 0.0000000000
69275  -40.962  -3.809  7.211 0.0000000000
69276  -42.098  -3.661  7.099 0.0000000000
69277  -43.405  -3.582  7.240 0.0000000000
69280  -39.757  -3.615  5.968 0.0000000000
69281  -40.277  -3.031  6.364 0.0000000000
69282  -41.032  -3.237  6.672 0.0000000000
69283  -45.127  -3.362  7.350 0.0000000000
69284  -45.873  -2.546  7.167 0.0000000000
69293  -39.931  -3.760  4.677 0.0000000000
69294  -40.120  -3.316  5.619 0.0000000000
69295  -46.544  -4.488  7.481 0.0000000000
69296  -46.548  -3.456  7.221 0.0000000000
69309  -39.671  -3.707  3.487 0.0000000000
69310  -39.616  -3.507  2.578 0.0000000000
70396  -41.805  -3.200  6.631 0.0000000000
70397  -42.200  -3.133  6.639 0.0000000000
70401  -40.606  -3.120  6.093 0.0000000000
70402  -41.162  -2.782  6.250 0.0000000000
70403  -42.442  -2.145  6.261 0.0000000000
70404  -44.847  -1.280  5.900 0.0000000000
70408  -40.065  -3.250  4.789 0.0000000000
70409  -40.459  -3.048  5.212 0.0000000000
70410  -40.807  -2.317  4.922 0.0000000000
70411  -41.035  -1.410  5.130 0.0000000000
70423  -40.240  -3.439  4.346 0.0000000000
70424  -40.338  -3.119  3.758 0.0000000000
70425  -40.371  -2.557  3.452 0.0000000000
70439  -40.224  -3.044  2.750 0.0000000000
70440  -40.289  -2.619  2.528 0.0000000000
70450  -48.661  -3.568  5.537 0.0000000000
70451  -49.469  -2.787  5.014 0.0000000000
70452  -50.395  -2.180  4.435 0.0000000000
70453  -51.026  -2.037  3.708 0.0000000000
71482  -48.907  -2.183  5.737 0.0000000000
71483  -49.936  -1.799  4.304 0.0000000000
71484  -50.847  -1.444  3.166 0.0000000000
71485  -51.169  -1.875  2.401 0.0000000000
71493  -50.593  -1.511  2.082 0.0000000000
71494  -50.803  -1.713  2.099 0.0000000000
72383  -46.475  -1.080  5.710 0.0000000000
72401  -48.924  -1.209  5.577 0.0000000000
72402  -49.828  -1.116  4.303 0.0000000000
72403  -50.569  -1.232  3.217 0.0000000000
72404  -50.304  -1.490  2.478 0.0000000000
72405  -51.634  -1.690  1.445 0.0000000000
72418  -50.312  -0.699  3.538 0.0000000000
72419  -50.593  -0.894  2.889 0.0000000000
72420  -50.380  -1.317  1.802 0.0000000000
72421  -50.808  -1.560  1.219 0.0000000000
73334  -46.011  -0.568  5.486 0.0000000000
73335  -46.892  -0.446  5.478 0.0000000000
73340  -45.296  -0.797  5.509 0.0000000000
73341  -47.459  0.203  5.412 0.0000000000
73342  -47.805  0.605  5.347 0.0000000000
73348  -47.945  -0.357  5.590 0.0000000000
73349  -48.279  0.326  5.434 0.0000000000
73353  -42.236  1.252  1.694 0.0000000000
73354  -48.267  -0.893  5.608 0.0000000000
73355  -49.126  -0.301  5.124 0.0000000000
73361  -50.227  -0.294  4.106 0.0000000000
73362  -50.682  -0.373  2.998 0.0000000000
73363  -50.376  -0.426  1.296 0.0000000000
73364  -50.432  -0.804  0.433 0.0000000000
73365  -51.285  -0.726  -0.065 0.0000000000
73378  -50.171  0.147  0.446 0.0000000000
73379  -50.312  0.022  -0.040 0.0000000000
73380  -51.005  0.002  -0.586 0.0000000000
74335  -46.034  -0.117  5.438 0.0000000000
74336  -46.360  -0.242  5.425 0.0000000000
74342  -44.875  -0.691  5.519 0.0000000000
74343  -45.269  0.095  5.365 0.0000000000
74344  -46.448  0.305  5.279 0.0000000000
74345  -47.312  0.884  5.193 0.0000000000
74351  -44.206  -0.243  5.439 0.0000000000
74352  -44.151  0.586  4.580 0.0000000000
74353  -48.119  1.057  5.239 0.0000000000
74357  -42.712  0.282  4.572 0.0000000000
74358  -43.182  1.107  3.137 0.0000000000
74359  -49.057  0.794  5.241 0.0000000000
74363  -43.124  1.586  1.713 0.0000000000
74364  -43.142  1.758  0.654 0.0000000000
74365  -49.933  0.616  4.612 0.0000000000
74366  -50.912  0.362  3.670 0.0000000000
74367  -50.607  0.067  2.249 0.0000000000
74376  -50.975  0.596  2.599 0.0000000000
74377  -50.580  0.448  1.236 0.0000000000
74378  -50.571  0.668  -0.028 0.0000000000
74379  -51.092  0.773  -0.781 0.0000000000
75424  -44.930  0.754  4.644 0.0000000000
75425  -45.637  0.931  4.711 0.0000000000
75426  -46.561  1.178  4.837 0.0000000000
75431  -44.642  1.466  3.993 0.0000000000
75432  -45.899  1.971  4.351 0.0000000000
75433  -47.422  2.035  4.901 0.0000000000
75434  -48.560  2.593  4.993 0.0000000000
75438  -43.983  1.941  2.664 0.0000000000
75439  -48.767  1.740  5.238 0.0000000000
75440  -49.581  2.386  4.998 0.0000000000
75444  -43.611  2.247  1.604 0.0000000000
75445  -43.547  2.482  0.828 0.0000000000
75446  -49.654  1.436  5.031 0.0000000000
75447  -50.695  1.623  4.604 0.0000000000
75450  -43.388  3.006  0.184 0.0000000000
75452  -51.578  1.121  3.582 0.0000000000
75453  -51.706  1.127  2.418 0.0000000000
75454  -51.458  1.268  0.771 0.0000000000
75455  -51.353  1.558  -0.686 0.0000000000
76550  -45.029  2.520  3.289 0.0000000000
76551  -46.488  3.233  3.725 0.0000000000
76552  -47.940  3.214  4.507 0.0000000000
76553  -49.028  3.384  4.782 0.0000000000
76557  -44.293  2.726  2.151 0.0000000000
76558  -45.158  3.442  2.487 0.0000000000
76559  -50.600  3.394  4.850 0.0000000000
76560  -51.269  4.137  4.470 0.0000000000
76565  -43.930  2.694  1.452 0.0000000000
76566  -44.214  3.356  1.258 0.0000000000
76567  -51.842  2.205  4.168 0.0000000000
76568  -52.102  3.543  4.470 0.0000000000
76573  -43.962  3.973  0.275 0.0000000000
76575  -52.009  1.693  3.282 0.0000000000
76576  -52.706  2.471  2.785 0.0000000000
76577  -52.400  2.140  0.257 0.0000000000
76587  -53.573  3.223  2.633 0.0000000000
76588  -53.532  3.059  1.669 0.0000000000
77585  -46.985  4.020  3.200 0.0000000000
77586  -47.728  3.970  3.848 0.0000000000
77587  -48.435  3.804  4.372 0.0000000000
77591  -46.183  4.174  2.559 0.0000000000
77592  -47.575  4.773  2.716 0.0000000000
77593  -49.097  4.464  4.102 0.0000000000
77594  -50.598  4.751  4.264 0.0000000000
77597  -45.075  4.299  1.594 0.0000000000
77598  -46.120  5.060  1.436 0.0000000000
77599  -51.711  4.747  4.184 0.0000000000
77602  -44.454  4.203  0.932 0.0000000000
77603  -44.822  4.973  0.417 0.0000000000
77604  -52.846  4.308  3.815 0.0000000000
77605  -53.529  4.493  3.152 0.0000000000
77612  -53.535  3.603  3.129 0.0000000000
77613  -54.138  3.898  2.539 0.0000000000
78517  -48.231  5.438  2.165 0.0000000000
78518  -49.112  5.408  3.051 0.0000000000
78519  -49.933  5.222  3.778 0.0000000000
78524  -47.373  5.685  1.363 0.0000000000
78525  -48.983  6.045  1.618 0.0000000000
78526  -50.995  5.729  3.152 0.0000000000
78527  -52.096  6.218  2.941 0.0000000000
78532  -46.079  6.395  -0.203 0.0000000000
78533  -47.732  6.425  0.299 0.0000000000
78534  -52.110  5.220  3.727 0.0000000000
78535  -52.672  5.545  2.984 0.0000000000
78542  -53.871  5.191  2.489 0.0000000000
79458  -50.531  6.431  1.319 0.0000000000
79459  -51.962  6.336  2.040 0.0000000000
79460  -52.510  6.144  2.482 0.0000000000
79465  -47.415  7.326  -0.770 0.0000000000
79466  -49.201  7.010  -0.309 0.0000000000
122993  -46.983  -4.490  6.899 0.0000000000
122994  -47.700  -3.503  6.547 0.0000000000
122995  -47.391  -2.323  6.905 0.0000000000
122996  -46.599  -2.397  6.995 0.0000000000
122999  -47.913  -2.285  6.540 0.0000000000
123001  -43.261  -0.757  5.493 0.0000000000
123002  -40.624  -0.282  3.874 0.0000000000
123003  -41.950  -0.720  4.936 0.0000000000
123004  -43.324  -0.475  5.328 0.0000000000
123005  -43.962  -0.498  5.472 0.0000000000
123006  -40.395  -0.134  2.849 0.0000000000
123007  -40.800  -0.030  2.101 0.0000000000
123009  -40.277  -0.899  2.521 0.0000000000
123010  -40.235  -0.110  3.639 0.0000000000
123011  -40.375  -0.158  3.479 0.0000000000
123012  -47.554  -1.949  6.770 0.0000000000
123013  -40.267  -1.151  3.556 0.0000000000
123014  -43.507  -0.149  5.355 0.0000000000
123015  -45.678  -1.004  5.595 0.0000000000
123016  -45.028  -0.979  5.567 0.0000000000
123017  -44.641  -0.813  5.525 0.0000000000
123018  -46.551  -1.468  6.156 0.0000000000
123019  -46.871  -1.804  6.724 0.0000000000
123020  -40.810  0.055  3.771 0.0000000000
123021  -41.277  0.638  2.526 0.0000000000
123022  -47.477  -0.913  5.674 0.0000000000
123023  -47.783  -1.500  6.250 0.0000000000
