#!ascii label  , from subject Yale_0050578 vox2ras=TkReg
1844
38417  -57.789  -35.261  13.154 0.0000000000
38429  -57.577  -35.674  12.737 0.0000000000
38441  -55.646  -36.207  10.678 0.0000000000
38442  -56.631  -36.606  11.188 0.0000000000
39285  -60.004  -34.610  15.486 0.0000000000
39293  -58.478  -34.884  14.128 0.0000000000
39294  -60.332  -35.034  13.952 0.0000000000
39295  -61.272  -35.330  12.830 0.0000000000
39296  -61.498  -35.715  12.156 0.0000000000
39305  -57.441  -35.900  11.678 0.0000000000
39306  -58.242  -35.531  12.328 0.0000000000
39307  -60.226  -35.773  11.988 0.0000000000
39308  -61.172  -35.952  12.130 0.0000000000
39309  -61.079  -35.866  11.542 0.0000000000
39319  -56.587  -35.516  11.151 0.0000000000
39320  -58.345  -35.106  10.875 0.0000000000
40191  -60.704  -33.977  15.451 0.0000000000
40194  -61.525  -33.684  14.402 0.0000000000
40195  -61.823  -34.927  12.593 0.0000000000
40196  -61.594  -35.532  11.724 0.0000000000
40202  -61.956  -33.809  12.850 0.0000000000
40203  -61.719  -34.712  11.710 0.0000000000
40204  -61.011  -35.569  10.871 0.0000000000
40213  -54.567  -34.010  11.320 0.0000000000
40214  -56.155  -34.188  10.973 0.0000000000
40215  -57.128  -33.974  10.722 0.0000000000
40216  -59.743  -34.909  10.091 0.0000000000
40217  -60.231  -35.359  10.949 0.0000000000
41236  -61.204  -32.236  14.701 0.0000000000
41239  -61.473  -32.272  13.681 0.0000000000
41240  -61.425  -33.220  11.848 0.0000000000
41241  -61.373  -34.597  10.917 0.0000000000
41250  -54.439  -32.885  11.922 0.0000000000
41251  -55.741  -33.003  11.383 0.0000000000
41252  -56.843  -32.998  11.027 0.0000000000
41253  -58.669  -34.058  10.537 0.0000000000
41254  -60.371  -34.055  10.494 0.0000000000
41255  -60.178  -35.336  11.289 0.0000000000
42247  -60.132  -30.731  14.070 0.0000000000
42248  -60.846  -31.203  12.753 0.0000000000
42254  -52.992  -31.852  12.615 0.0000000000
42255  -54.353  -31.953  12.278 0.0000000000
42256  -55.662  -32.000  11.875 0.0000000000
42257  -57.146  -32.000  11.222 0.0000000000
42258  -58.986  -32.354  10.860 0.0000000000
42259  -60.326  -31.709  11.301 0.0000000000
42267  -52.972  -30.987  12.464 0.0000000000
42268  -54.296  -31.078  12.301 0.0000000000
42269  -55.557  -31.133  12.021 0.0000000000
42270  -56.369  -31.080  11.793 0.0000000000
42271  -59.500  -31.425  10.993 0.0000000000
42272  -59.809  -31.084  10.988 0.0000000000
43226  -59.146  -29.750  13.783 0.0000000000
43228  -57.988  -31.672  11.064 0.0000000000
43229  -58.554  -31.437  11.027 0.0000000000
43230  -60.073  -30.029  12.563 0.0000000000
43231  -59.873  -29.368  12.490 0.0000000000
43237  -53.027  -30.217  12.161 0.0000000000
43238  -54.284  -30.309  12.062 0.0000000000
43239  -55.592  -30.433  11.986 0.0000000000
43240  -57.211  -30.867  11.521 0.0000000000
43241  -58.825  -30.745  11.095 0.0000000000
43242  -59.709  -30.332  11.445 0.0000000000
43243  -59.990  -29.628  11.926 0.0000000000
44193  -59.069  -28.599  14.277 0.0000000000
44194  -59.601  -28.284  14.165 0.0000000000
44209  -60.331  -29.113  13.369 0.0000000000
44210  -60.347  -28.843  13.466 0.0000000000
44211  -61.254  -29.777  13.091 0.0000000000
44222  -52.126  -29.634  11.764 0.0000000000
44223  -53.068  -29.560  11.676 0.0000000000
44224  -54.342  -29.594  11.726 0.0000000000
44225  -55.754  -29.737  11.755 0.0000000000
44226  -57.194  -29.862  11.520 0.0000000000
44227  -58.600  -29.875  11.191 0.0000000000
44228  -59.472  -29.826  11.086 0.0000000000
44229  -60.274  -29.580  11.723 0.0000000000
44230  -61.748  -30.545  12.055 0.0000000000
44231  -62.908  -30.384  11.257 0.0000000000
44232  -63.574  -30.167  10.760 0.0000000000
44233  -63.693  -29.672  10.554 0.0000000000
44234  -63.603  -29.281  10.477 0.0000000000
44245  -51.800  -29.062  11.115 0.0000000000
44246  -53.120  -28.810  11.061 0.0000000000
44247  -54.501  -28.975  11.408 0.0000000000
44248  -55.754  -28.991  11.479 0.0000000000
44249  -57.050  -29.034  11.343 0.0000000000
44250  -58.311  -29.210  11.161 0.0000000000
44251  -59.387  -29.594  11.051 0.0000000000
44252  -60.517  -30.179  10.827 0.0000000000
44253  -61.762  -30.580  10.476 0.0000000000
44254  -62.807  -30.442  10.071 0.0000000000
44255  -63.253  -29.864  10.060 0.0000000000
44256  -63.427  -29.358  10.181 0.0000000000
44257  -63.489  -29.126  10.324 0.0000000000
44264  -51.944  -28.569  10.377 0.0000000000
44265  -52.597  -28.435  10.396 0.0000000000
45234  -59.156  -27.233  15.476 0.0000000000
45235  -59.851  -27.703  14.785 0.0000000000
45253  -59.671  -26.694  15.502 0.0000000000
45254  -60.549  -27.349  14.900 0.0000000000
45255  -61.424  -28.200  13.990 0.0000000000
45256  -62.402  -28.284  13.648 0.0000000000
45270  -61.996  -29.506  13.171 0.0000000000
45271  -62.952  -29.361  12.708 0.0000000000
45272  -63.567  -29.534  11.634 0.0000000000
45273  -63.818  -29.471  11.088 0.0000000000
45274  -63.760  -29.162  10.753 0.0000000000
45289  -53.816  -28.554  11.011 0.0000000000
45290  -54.531  -28.371  11.065 0.0000000000
45291  -55.694  -28.230  11.125 0.0000000000
45292  -56.902  -28.120  10.982 0.0000000000
45293  -58.270  -28.581  10.969 0.0000000000
45294  -59.416  -29.045  10.656 0.0000000000
45295  -60.695  -29.582  10.116 0.0000000000
45296  -61.830  -29.793  9.553 0.0000000000
45297  -62.628  -29.525  9.417 0.0000000000
45298  -63.124  -29.027  9.551 0.0000000000
45299  -63.380  -28.888  10.100 0.0000000000
45300  -63.562  -28.890  10.475 0.0000000000
45311  -51.441  -28.351  9.846 0.0000000000
45312  -52.149  -28.166  9.823 0.0000000000
45313  -53.350  -28.197  10.390 0.0000000000
45314  -54.468  -27.699  10.387 0.0000000000
45315  -55.782  -27.625  10.660 0.0000000000
45316  -56.375  -27.609  10.689 0.0000000000
45317  -63.249  -28.286  9.736 0.0000000000
45318  -63.434  -28.494  10.269 0.0000000000
45319  -63.484  -28.666  10.441 0.0000000000
45330  -51.004  -27.952  9.168 0.0000000000
45331  -52.021  -27.747  9.183 0.0000000000
45332  -52.917  -27.758  9.583 0.0000000000
45333  -53.611  -27.721  9.949 0.0000000000
46232  -58.957  -26.153  15.942 0.0000000000
46245  -59.108  -25.647  15.429 0.0000000000
46246  -60.262  -26.012  15.358 0.0000000000
46247  -61.333  -26.575  14.892 0.0000000000
46248  -62.184  -27.119  14.331 0.0000000000
46264  -59.520  -25.045  14.612 0.0000000000
46265  -60.821  -25.342  14.521 0.0000000000
46266  -62.048  -25.782  14.274 0.0000000000
46267  -63.032  -27.014  13.514 0.0000000000
46268  -63.564  -28.177  12.462 0.0000000000
46269  -63.767  -28.439  11.616 0.0000000000
46270  -63.811  -28.774  11.077 0.0000000000
46285  -57.458  -27.863  10.783 0.0000000000
46286  -58.238  -27.733  10.607 0.0000000000
46287  -59.622  -27.856  10.249 0.0000000000
46288  -60.939  -28.491  9.386 0.0000000000
46289  -61.968  -28.621  8.899 0.0000000000
46290  -62.599  -28.373  8.968 0.0000000000
46291  -62.935  -28.086  9.158 0.0000000000
46292  -63.680  -27.936  11.064 0.0000000000
46293  -63.646  -28.509  10.713 0.0000000000
46307  -54.414  -27.387  9.963 0.0000000000
46308  -55.006  -27.201  10.054 0.0000000000
46309  -56.623  -27.122  10.328 0.0000000000
46310  -58.274  -26.253  9.851 0.0000000000
46311  -59.920  -26.717  9.519 0.0000000000
46312  -61.284  -27.226  8.670 0.0000000000
46313  -62.138  -27.278  8.427 0.0000000000
46314  -62.645  -27.120  8.591 0.0000000000
46315  -63.011  -27.201  9.247 0.0000000000
46316  -63.437  -27.745  10.279 0.0000000000
46317  -63.528  -28.424  10.485 0.0000000000
46330  -51.035  -27.628  8.632 0.0000000000
46331  -51.544  -27.445  8.561 0.0000000000
46332  -52.642  -27.307  8.868 0.0000000000
46333  -53.947  -27.237  9.453 0.0000000000
46334  -55.236  -26.433  9.172 0.0000000000
46335  -56.930  -25.930  9.298 0.0000000000
46336  -57.729  -25.739  9.135 0.0000000000
46345  -50.617  -27.403  8.210 0.0000000000
46346  -51.405  -27.020  7.988 0.0000000000
46347  -52.234  -26.834  7.998 0.0000000000
46348  -53.399  -26.768  8.468 0.0000000000
46349  -54.231  -26.610  8.795 0.0000000000
46358  -51.089  -26.748  7.472 0.0000000000
46359  -51.672  -26.749  7.645 0.0000000000
47243  -58.633  -24.205  13.411 0.0000000000
47244  -60.074  -24.284  13.493 0.0000000000
47245  -61.428  -24.422  13.484 0.0000000000
47246  -62.570  -24.728  13.106 0.0000000000
47247  -63.169  -25.782  12.901 0.0000000000
47248  -63.501  -26.655  12.576 0.0000000000
47249  -63.662  -27.453  12.105 0.0000000000
47262  -59.282  -23.238  12.331 0.0000000000
47263  -60.723  -23.187  12.455 0.0000000000
47264  -61.840  -23.299  12.427 0.0000000000
47265  -62.311  -23.535  12.306 0.0000000000
47266  -63.603  -26.713  12.060 0.0000000000
47267  -63.661  -27.187  11.626 0.0000000000
47280  -59.153  -25.747  9.241 0.0000000000
47281  -60.251  -25.697  8.572 0.0000000000
47282  -61.542  -26.115  7.608 0.0000000000
47283  -62.260  -25.847  7.745 0.0000000000
47284  -62.996  -25.443  8.096 0.0000000000
47285  -63.070  -26.128  9.784 0.0000000000
47286  -63.466  -26.808  10.894 0.0000000000
47303  -55.206  -26.060  8.568 0.0000000000
47304  -55.983  -25.747  8.454 0.0000000000
47305  -58.173  -25.120  8.150 0.0000000000
47306  -60.571  -25.105  6.883 0.0000000000
47307  -61.960  -25.110  6.489 0.0000000000
47308  -62.789  -24.641  6.826 0.0000000000
47309  -63.189  -24.356  6.983 0.0000000000
47320  -52.412  -26.603  7.582 0.0000000000
47321  -53.018  -26.538  7.649 0.0000000000
47322  -54.559  -26.052  8.037 0.0000000000
47323  -56.163  -25.320  7.248 0.0000000000
47324  -57.295  -24.899  6.860 0.0000000000
47329  -50.812  -26.362  6.555 0.0000000000
47330  -52.060  -26.391  7.088 0.0000000000
47331  -53.477  -26.071  6.928 0.0000000000
47332  -54.877  -25.634  6.670 0.0000000000
47333  -55.870  -25.257  6.573 0.0000000000
47351  -50.422  -26.028  5.536 0.0000000000
47352  -51.423  -25.936  5.725 0.0000000000
47353  -52.670  -25.865  6.028 0.0000000000
47354  -53.774  -25.730  6.139 0.0000000000
47371  -50.173  -26.025  4.500 0.0000000000
47372  -50.844  -25.802  4.921 0.0000000000
48339  -62.576  -23.814  12.138 0.0000000000
48340  -62.942  -24.923  12.336 0.0000000000
48341  -63.320  -25.752  12.498 0.0000000000
48355  -58.633  -21.798  11.590 0.0000000000
48356  -60.071  -22.035  11.602 0.0000000000
48357  -61.334  -21.816  11.470 0.0000000000
48358  -62.226  -22.402  11.423 0.0000000000
48359  -62.724  -23.722  11.085 0.0000000000
48360  -63.325  -25.758  11.917 0.0000000000
48361  -63.567  -26.512  11.838 0.0000000000
48378  -61.689  -21.067  11.059 0.0000000000
48379  -61.895  -21.420  11.147 0.0000000000
48380  -62.793  -23.968  9.213 0.0000000000
48381  -63.109  -25.455  10.829 0.0000000000
48382  -63.473  -26.353  11.493 0.0000000000
48403  -59.653  -24.605  6.249 0.0000000000
48404  -61.176  -24.252  6.045 0.0000000000
48405  -62.546  -23.888  6.052 0.0000000000
48406  -63.338  -23.658  6.420 0.0000000000
48407  -63.302  -23.677  7.363 0.0000000000
48432  -56.731  -24.867  6.529 0.0000000000
48433  -58.306  -24.510  6.332 0.0000000000
48434  -60.101  -23.749  6.212 0.0000000000
48435  -61.673  -22.805  6.089 0.0000000000
48436  -63.190  -22.632  6.180 0.0000000000
48437  -63.580  -22.645  6.746 0.0000000000
48445  -54.502  -25.438  5.890 0.0000000000
48446  -55.760  -25.159  6.238 0.0000000000
48447  -57.294  -24.263  6.863 0.0000000000
48448  -59.021  -23.310  6.653 0.0000000000
48449  -60.224  -22.539  6.155 0.0000000000
48456  -51.320  -25.762  4.884 0.0000000000
48457  -52.033  -25.702  4.941 0.0000000000
48458  -53.401  -25.520  5.196 0.0000000000
48459  -54.773  -25.180  5.346 0.0000000000
48460  -56.071  -24.524  6.207 0.0000000000
48462  -50.040  -26.628  3.404 0.0000000000
48463  -51.115  -26.066  3.884 0.0000000000
48464  -52.487  -25.797  3.820 0.0000000000
48465  -53.814  -25.447  4.114 0.0000000000
48466  -55.098  -24.997  4.679 0.0000000000
48467  -56.335  -24.783  5.596 0.0000000000
48472  -49.673  -27.327  2.437 0.0000000000
48473  -50.556  -27.042  2.244 0.0000000000
48474  -51.799  -26.722  2.332 0.0000000000
48475  -53.072  -26.159  2.591 0.0000000000
48476  -54.299  -25.507  3.062 0.0000000000
48477  -55.546  -24.996  3.789 0.0000000000
48478  -56.600  -24.784  4.941 0.0000000000
48492  -49.720  -27.983  0.612 0.0000000000
48493  -51.147  -27.564  0.828 0.0000000000
48494  -52.444  -27.130  1.109 0.0000000000
48495  -53.801  -26.624  1.375 0.0000000000
48496  -54.927  -25.939  2.074 0.0000000000
48497  -55.682  -25.172  2.599 0.0000000000
48502  -49.549  -27.515  -0.715 0.0000000000
48503  -50.521  -27.654  -0.381 0.0000000000
48504  -51.671  -27.352  -0.025 0.0000000000
48505  -52.920  -27.032  0.281 0.0000000000
48506  -53.893  -26.761  0.449 0.0000000000
49387  -58.390  -20.749  10.931 0.0000000000
49388  -59.758  -20.964  11.098 0.0000000000
49389  -60.603  -21.200  11.274 0.0000000000
49390  -62.537  -21.667  10.633 0.0000000000
49391  -62.596  -22.222  10.707 0.0000000000
49403  -58.228  -20.548  10.156 0.0000000000
49404  -59.793  -20.342  10.267 0.0000000000
49405  -61.057  -20.638  10.769 0.0000000000
49406  -62.175  -20.994  10.558 0.0000000000
49407  -62.932  -21.631  9.512 0.0000000000
49408  -63.380  -20.923  8.714 0.0000000000
49422  -57.764  -21.078  8.937 0.0000000000
49423  -59.772  -20.514  8.848 0.0000000000
49424  -60.893  -20.335  8.185 0.0000000000
49425  -63.438  -22.075  7.854 0.0000000000
49426  -63.490  -21.047  8.347 0.0000000000
49452  -57.172  -21.706  7.620 0.0000000000
49453  -58.865  -21.469  7.451 0.0000000000
49454  -60.861  -21.118  6.952 0.0000000000
49455  -62.696  -21.450  6.645 0.0000000000
49456  -63.666  -21.525  6.986 0.0000000000
49457  -63.682  -21.118  7.695 0.0000000000
49470  -56.596  -22.590  6.738 0.0000000000
49471  -58.064  -22.444  6.678 0.0000000000
49472  -59.401  -22.053  6.396 0.0000000000
49475  -56.358  -21.950  6.697 0.0000000000
49476  -56.866  -23.580  6.532 0.0000000000
49477  -57.719  -23.744  6.013 0.0000000000
49478  -63.755  -23.758  5.652 0.0000000000
49479  -63.808  -23.826  5.467 0.0000000000
49480  -63.862  -23.635  5.427 0.0000000000
49481  -57.329  -24.679  6.102 0.0000000000
49482  -58.570  -24.278  6.282 0.0000000000
49483  -60.220  -24.135  6.138 0.0000000000
49484  -61.776  -24.135  5.996 0.0000000000
49485  -62.943  -24.175  6.017 0.0000000000
49486  -63.687  -23.975  5.783 0.0000000000
49487  -63.761  -23.914  5.312 0.0000000000
49488  -63.868  -23.668  5.156 0.0000000000
49500  -56.354  -24.901  3.677 0.0000000000
49501  -57.523  -24.792  4.774 0.0000000000
49502  -59.146  -24.760  5.117 0.0000000000
49503  -60.707  -24.870  5.256 0.0000000000
49504  -62.057  -24.898  5.255 0.0000000000
49505  -63.028  -24.740  5.176 0.0000000000
49506  -63.534  -24.327  4.970 0.0000000000
49507  -63.725  -23.863  4.819 0.0000000000
49508  -63.816  -23.458  4.755 0.0000000000
49521  -50.016  -26.148  -1.105 0.0000000000
49522  -50.937  -25.846  -0.846 0.0000000000
49523  -54.535  -26.448  1.005 0.0000000000
49524  -55.336  -25.811  1.357 0.0000000000
49525  -56.568  -25.046  2.387 0.0000000000
49526  -58.132  -24.788  3.057 0.0000000000
49527  -59.677  -24.833  3.532 0.0000000000
49528  -61.139  -25.022  3.889 0.0000000000
49529  -62.294  -24.943  4.055 0.0000000000
49530  -63.036  -24.575  4.150 0.0000000000
49531  -63.448  -24.028  4.215 0.0000000000
49532  -63.614  -23.564  4.317 0.0000000000
49533  -63.679  -23.320  4.351 0.0000000000
49537  -50.001  -27.129  -1.033 0.0000000000
49538  -50.857  -26.979  -0.791 0.0000000000
49539  -52.035  -26.478  -0.567 0.0000000000
49540  -53.337  -26.433  -0.140 0.0000000000
49541  -54.560  -26.092  0.199 0.0000000000
49542  -55.856  -25.374  0.538 0.0000000000
49543  -57.265  -24.927  1.104 0.0000000000
49544  -58.734  -24.693  1.679 0.0000000000
49545  -60.200  -24.683  2.200 0.0000000000
49546  -61.532  -24.636  2.592 0.0000000000
49547  -62.529  -24.383  2.921 0.0000000000
49548  -63.126  -23.913  3.293 0.0000000000
49549  -63.475  -23.438  3.653 0.0000000000
49550  -63.585  -23.230  3.917 0.0000000000
49551  -63.628  -23.155  4.090 0.0000000000
50506  -60.872  -20.125  9.941 0.0000000000
50507  -61.772  -20.110  9.814 0.0000000000
50508  -62.685  -20.425  9.312 0.0000000000
50509  -63.235  -20.714  8.671 0.0000000000
50510  -63.492  -20.731  8.433 0.0000000000
50515  -60.419  -20.040  9.596 0.0000000000
50516  -61.122  -20.054  9.051 0.0000000000
50517  -62.177  -20.026  8.680 0.0000000000
50518  -63.024  -20.340  8.263 0.0000000000
50519  -63.551  -20.700  8.032 0.0000000000
50531  -61.542  -20.197  8.023 0.0000000000
50532  -62.379  -20.476  7.556 0.0000000000
50533  -63.321  -20.825  7.454 0.0000000000
50534  -63.671  -20.950  7.513 0.0000000000
50550  -56.290  -22.284  6.658 0.0000000000
50551  -57.521  -22.854  6.224 0.0000000000
50552  -58.351  -23.310  6.432 0.0000000000
50553  -63.812  -23.578  5.778 0.0000000000
50554  -63.909  -23.448  5.594 0.0000000000
50555  -63.953  -23.465  5.347 0.0000000000
50557  -57.418  -22.130  6.702 0.0000000000
50558  -58.361  -22.526  6.632 0.0000000000
50559  -59.576  -23.061  6.208 0.0000000000
50560  -61.563  -22.814  6.082 0.0000000000
50561  -62.913  -23.127  6.110 0.0000000000
50562  -63.652  -23.205  6.283 0.0000000000
50563  -63.946  -23.201  5.808 0.0000000000
50564  -64.075  -23.213  5.362 0.0000000000
50565  -64.005  -23.363  5.084 0.0000000000
50579  -62.857  -22.109  6.145 0.0000000000
50580  -63.609  -22.218  6.232 0.0000000000
50581  -64.026  -22.458  5.874 0.0000000000
50582  -64.174  -22.640  5.257 0.0000000000
50583  -64.060  -22.980  4.936 0.0000000000
50584  -63.929  -23.181  4.775 0.0000000000
50591  -50.193  -24.463  -0.472 0.0000000000
50592  -51.548  -24.774  -0.633 0.0000000000
50593  -52.676  -24.400  -0.654 0.0000000000
50594  -53.746  -24.262  -0.867 0.0000000000
50595  -63.907  -22.574  4.447 0.0000000000
50596  -63.842  -22.904  4.400 0.0000000000
50597  -63.793  -23.145  4.509 0.0000000000
50600  -52.675  -25.625  -0.655 0.0000000000
50601  -53.689  -25.429  -0.619 0.0000000000
50602  -54.995  -24.947  -0.723 0.0000000000
50603  -56.271  -24.593  -0.113 0.0000000000
50604  -57.615  -24.191  0.497 0.0000000000
50605  -59.191  -23.959  0.937 0.0000000000
50606  -60.734  -23.855  1.275 0.0000000000
50607  -62.056  -23.614  1.557 0.0000000000
50608  -62.778  -23.453  2.256 0.0000000000
50609  -63.292  -23.106  2.770 0.0000000000
50610  -63.629  -22.678  3.510 0.0000000000
50611  -63.710  -22.924  4.121 0.0000000000
50612  -63.706  -23.091  4.307 0.0000000000
50616  -62.601  -22.860  1.520 0.0000000000
50617  -63.053  -22.645  1.918 0.0000000000
50618  -63.441  -22.402  2.441 0.0000000000
50619  -63.599  -22.224  2.786 0.0000000000
51701  -57.903  -21.658  5.771 0.0000000000
51702  -59.333  -21.826  5.553 0.0000000000
51703  -61.012  -21.453  5.991 0.0000000000
51719  -51.838  -22.133  0.433 0.0000000000
51720  -62.395  -21.326  5.734 0.0000000000
51721  -63.277  -21.369  5.247 0.0000000000
51722  -63.817  -21.849  5.244 0.0000000000
51723  -64.072  -22.153  5.167 0.0000000000
51729  -50.800  -23.421  -0.122 0.0000000000
51730  -51.731  -23.267  -0.238 0.0000000000
51731  -52.901  -22.983  -0.256 0.0000000000
51732  -54.364  -23.318  -0.601 0.0000000000
51733  -55.490  -22.845  -0.478 0.0000000000
51734  -56.497  -22.599  -0.233 0.0000000000
51735  -63.559  -21.422  3.537 0.0000000000
51736  -63.850  -21.861  4.280 0.0000000000
51737  -64.027  -22.214  4.645 0.0000000000
51741  -55.613  -23.970  -0.857 0.0000000000
51742  -56.500  -23.612  -0.277 0.0000000000
51743  -57.916  -22.883  0.236 0.0000000000
51744  -59.868  -22.826  0.600 0.0000000000
51745  -61.447  -22.698  0.741 0.0000000000
51746  -62.449  -22.490  0.953 0.0000000000
51747  -63.562  -21.559  2.128 0.0000000000
51748  -63.714  -21.775  3.116 0.0000000000
51749  -63.764  -22.162  3.814 0.0000000000
51753  -62.938  -22.204  1.229 0.0000000000
51754  -63.365  -21.998  1.761 0.0000000000
51755  -63.617  -21.949  2.440 0.0000000000
51756  -63.685  -22.103  3.056 0.0000000000
52874  -58.849  -20.778  4.456 0.0000000000
52875  -60.582  -20.673  4.104 0.0000000000
52890  -52.581  -21.233  0.797 0.0000000000
52891  -53.182  -20.683  1.134 0.0000000000
52892  -62.506  -20.502  3.493 0.0000000000
52893  -62.835  -20.958  4.521 0.0000000000
52900  -53.449  -22.248  -0.055 0.0000000000
52901  -54.044  -21.521  0.528 0.0000000000
52902  -55.510  -21.597  0.678 0.0000000000
52903  -56.743  -21.585  0.623 0.0000000000
52904  -63.029  -20.544  1.542 0.0000000000
52905  -63.199  -20.853  3.260 0.0000000000
52910  -57.747  -21.477  0.618 0.0000000000
52911  -59.089  -21.684  0.427 0.0000000000
52912  -60.836  -21.595  0.429 0.0000000000
52913  -62.457  -21.553  1.040 0.0000000000
52914  -63.375  -21.150  1.823 0.0000000000
52918  -62.832  -21.931  1.002 0.0000000000
52919  -63.233  -21.666  1.249 0.0000000000
53923  -60.269  -19.909  3.523 0.0000000000
53936  -52.727  -19.651  1.542 0.0000000000
53937  -53.563  -19.319  1.615 0.0000000000
53938  -62.206  -19.860  2.744 0.0000000000
53946  -53.559  -20.265  1.327 0.0000000000
53947  -54.541  -20.115  1.458 0.0000000000
53948  -56.017  -20.270  1.371 0.0000000000
53949  -57.050  -19.813  1.459 0.0000000000
53950  -62.720  -19.823  1.519 0.0000000000
53955  -57.080  -20.726  1.125 0.0000000000
53956  -58.188  -20.354  1.011 0.0000000000
53957  -59.930  -20.413  0.656 0.0000000000
53958  -61.855  -20.213  0.727 0.0000000000
55002  -59.946  -19.144  3.651 0.0000000000
55017  -53.061  -18.335  1.940 0.0000000000
55018  -54.259  -18.409  1.819 0.0000000000
55019  -55.338  -18.035  1.727 0.0000000000
55020  -61.970  -19.037  2.712 0.0000000000
55031  -55.236  -19.090  1.670 0.0000000000
55032  -56.373  -18.710  1.637 0.0000000000
55033  -57.922  -18.886  1.438 0.0000000000
55034  -59.224  -18.517  1.154 0.0000000000
55035  -62.950  -18.928  1.609 0.0000000000
55036  -63.146  -18.251  1.055 0.0000000000
55042  -59.094  -19.445  1.048 0.0000000000
55043  -60.704  -19.018  0.593 0.0000000000
55044  -62.377  -18.719  0.899 0.0000000000
55045  -62.939  -18.096  0.801 0.0000000000
56153  -60.301  -17.725  4.572 0.0000000000
56171  -54.197  -16.295  2.456 0.0000000000
56173  -61.483  -18.011  3.503 0.0000000000
56174  -62.927  -17.545  2.999 0.0000000000
56175  -63.795  -17.175  2.824 0.0000000000
56191  -53.617  -17.244  2.133 0.0000000000
56192  -54.962  -16.964  2.010 0.0000000000
56193  -56.265  -17.168  1.607 0.0000000000
56194  -57.612  -16.757  1.417 0.0000000000
56195  -62.696  -18.219  2.670 0.0000000000
56196  -63.557  -17.820  2.365 0.0000000000
56197  -63.992  -17.134  2.295 0.0000000000
56211  -57.276  -17.744  1.418 0.0000000000
56212  -58.667  -17.442  1.278 0.0000000000
56213  -60.127  -17.757  1.060 0.0000000000
56214  -63.202  -18.494  2.102 0.0000000000
56215  -63.519  -17.909  1.685 0.0000000000
56216  -63.902  -17.042  1.771 0.0000000000
56228  -61.535  -17.921  0.691 0.0000000000
56229  -62.508  -17.813  0.693 0.0000000000
56230  -63.324  -17.521  1.047 0.0000000000
56231  -63.699  -16.816  1.503 0.0000000000
57210  -60.773  -16.426  6.416 0.0000000000
57211  -61.716  -16.046  5.906 0.0000000000
57226  -62.036  -16.701  4.762 0.0000000000
57227  -63.642  -16.170  3.784 0.0000000000
57228  -64.202  -16.040  3.417 0.0000000000
57245  -53.978  -15.466  2.916 0.0000000000
57246  -55.723  -15.523  2.494 0.0000000000
57247  -57.932  -14.864  2.029 0.0000000000
57248  -59.071  -14.662  1.718 0.0000000000
57249  -62.536  -17.288  3.689 0.0000000000
57250  -63.355  -16.865  3.521 0.0000000000
57251  -64.161  -16.392  3.018 0.0000000000
57264  -55.906  -16.364  1.916 0.0000000000
57265  -57.030  -15.994  1.715 0.0000000000
57266  -59.248  -15.685  1.375 0.0000000000
57267  -61.434  -15.318  1.236 0.0000000000
57268  -62.324  -15.199  1.331 0.0000000000
57269  -64.243  -16.522  2.283 0.0000000000
57283  -59.742  -16.889  1.198 0.0000000000
57284  -61.109  -16.730  1.090 0.0000000000
57285  -62.485  -15.902  1.273 0.0000000000
57286  -63.398  -16.040  1.609 0.0000000000
57287  -64.026  -16.292  1.866 0.0000000000
57303  -61.915  -17.394  0.700 0.0000000000
57304  -62.422  -17.015  0.999 0.0000000000
57305  -63.168  -16.627  1.329 0.0000000000
57306  -63.609  -16.450  1.590 0.0000000000
58293  -61.768  -15.229  8.080 0.0000000000
58294  -62.815  -14.994  7.495 0.0000000000
58308  -62.064  -15.801  6.933 0.0000000000
58309  -62.966  -14.962  6.281 0.0000000000
58322  -54.576  -14.032  4.210 0.0000000000
58323  -55.743  -13.700  3.997 0.0000000000
58324  -62.486  -15.831  5.744 0.0000000000
58325  -63.049  -15.340  4.511 0.0000000000
58326  -63.913  -15.896  3.503 0.0000000000
58346  -55.057  -14.463  3.357 0.0000000000
58347  -57.231  -13.909  3.230 0.0000000000
58348  -59.593  -13.907  2.198 0.0000000000
58349  -61.654  -13.692  2.140 0.0000000000
58350  -62.801  -14.458  2.651 0.0000000000
58351  -63.665  -15.339  3.164 0.0000000000
58352  -64.227  -15.889  3.205 0.0000000000
58367  -59.633  -14.549  1.562 0.0000000000
58368  -60.707  -14.479  1.525 0.0000000000
58369  -62.396  -14.720  1.637 0.0000000000
58370  -63.493  -15.166  2.199 0.0000000000
58371  -64.155  -15.836  2.538 0.0000000000
58383  -62.676  -15.172  1.370 0.0000000000
58384  -63.190  -15.293  1.585 0.0000000000
58385  -63.845  -15.614  1.928 0.0000000000
59407  -60.607  -13.591  9.605 0.0000000000
59408  -62.081  -13.336  9.085 0.0000000000
59409  -63.084  -13.047  8.607 0.0000000000
59425  -61.305  -14.489  8.950 0.0000000000
59426  -62.827  -14.173  8.295 0.0000000000
59427  -63.743  -13.161  7.808 0.0000000000
59440  -63.466  -13.968  7.102 0.0000000000
59441  -63.968  -12.795  6.732 0.0000000000
59455  -55.289  -13.342  4.632 0.0000000000
59456  -56.932  -12.873  4.281 0.0000000000
59457  -58.747  -12.230  3.999 0.0000000000
59458  -60.599  -12.096  3.783 0.0000000000
59459  -62.298  -12.265  3.898 0.0000000000
59460  -63.378  -13.281  5.296 0.0000000000
59461  -64.112  -12.305  6.146 0.0000000000
59480  -57.992  -12.930  3.690 0.0000000000
59481  -59.200  -13.038  3.392 0.0000000000
59482  -61.030  -12.923  2.976 0.0000000000
59483  -62.317  -13.486  3.452 0.0000000000
59484  -62.797  -14.497  3.814 0.0000000000
60488  -59.817  -12.566  9.890 0.0000000000
60489  -61.418  -12.306  9.541 0.0000000000
60490  -62.667  -12.113  9.093 0.0000000000
60491  -63.380  -12.070  8.233 0.0000000000
60505  -63.955  -12.115  7.346 0.0000000000
60524  -64.151  -11.979  6.610 0.0000000000
60540  -56.137  -12.489  5.124 0.0000000000
60541  -57.929  -11.871  5.018 0.0000000000
60542  -59.959  -11.321  4.625 0.0000000000
60543  -61.924  -11.111  4.344 0.0000000000
60544  -63.197  -11.527  5.049 0.0000000000
60545  -63.986  -11.853  5.826 0.0000000000
60546  -64.229  -11.878  6.250 0.0000000000
61631  -58.958  -11.543  9.921 0.0000000000
61632  -60.722  -11.165  9.727 0.0000000000
61633  -62.169  -10.953  9.405 0.0000000000
61634  -63.167  -10.840  8.754 0.0000000000
61648  -63.688  -11.139  7.746 0.0000000000
61665  -64.022  -11.345  6.866 0.0000000000
61680  -55.492  -12.123  5.407 0.0000000000
61681  -57.109  -11.521  5.496 0.0000000000
61682  -59.067  -10.699  5.271 0.0000000000
61683  -61.385  -9.957  4.928 0.0000000000
61684  -63.013  -10.192  5.225 0.0000000000
61685  -63.909  -10.923  5.662 0.0000000000
61686  -64.142  -11.473  6.270 0.0000000000
62747  -57.979  -10.667  9.682 0.0000000000
62748  -59.998  -10.133  9.683 0.0000000000
62749  -61.701  -9.648  9.483 0.0000000000
62750  -62.794  -9.785  9.130 0.0000000000
62751  -63.247  -9.890  8.725 0.0000000000
62764  -56.468  -10.526  9.264 0.0000000000
62765  -57.812  -9.758  9.195 0.0000000000
62766  -62.625  -8.735  9.112 0.0000000000
62767  -63.358  -9.120  8.611 0.0000000000
62768  -63.590  -10.040  8.121 0.0000000000
62782  -63.094  -8.064  8.158 0.0000000000
62783  -63.703  -9.101  7.408 0.0000000000
62784  -63.908  -10.368  7.096 0.0000000000
62797  -55.641  -11.768  5.586 0.0000000000
62798  -56.350  -11.392  5.574 0.0000000000
62799  -58.171  -10.354  5.542 0.0000000000
62800  -60.365  -9.267  5.627 0.0000000000
62801  -62.580  -8.387  6.287 0.0000000000
62802  -63.646  -9.920  6.224 0.0000000000
62803  -64.025  -10.816  6.323 0.0000000000
62816  -55.251  -11.682  5.322 0.0000000000
62817  -56.825  -10.615  5.559 0.0000000000
62818  -58.216  -9.705  5.501 0.0000000000
63819  -59.361  -9.310  9.262 0.0000000000
63820  -61.076  -8.847  9.298 0.0000000000
63821  -61.990  -8.692  9.375 0.0000000000
63828  -55.467  -10.311  8.754 0.0000000000
63829  -56.823  -9.500  8.703 0.0000000000
63830  -58.553  -8.846  8.750 0.0000000000
63831  -60.628  -7.839  8.467 0.0000000000
63832  -62.088  -8.104  8.808 0.0000000000
63844  -54.934  -9.808  8.249 0.0000000000
63845  -55.847  -9.689  8.458 0.0000000000
63846  -61.353  -6.963  7.323 0.0000000000
63847  -62.220  -7.277  7.729 0.0000000000
63860  -54.155  -9.761  7.962 0.0000000000
63861  -59.575  -8.934  5.645 0.0000000000
63862  -61.060  -7.665  6.139 0.0000000000
63863  -61.919  -7.353  6.895 0.0000000000
63876  -54.668  -11.366  4.737 0.0000000000
63877  -55.912  -10.640  5.175 0.0000000000
63878  -57.400  -9.691  5.267 0.0000000000
63879  -59.059  -8.720  5.439 0.0000000000
63880  -60.143  -8.101  5.572 0.0000000000
63894  -55.429  -10.468  4.408 0.0000000000
63895  -56.344  -10.054  4.991 0.0000000000
63911  -54.676  -10.692  3.784 0.0000000000
64912  -56.882  -9.136  8.379 0.0000000000
64913  -57.575  -8.743  8.362 0.0000000000
64914  -59.105  -7.884  8.392 0.0000000000
64924  -55.346  -9.329  8.074 0.0000000000
64925  -56.313  -9.061  8.181 0.0000000000
64926  -57.243  -8.667  8.172 0.0000000000
64927  -60.326  -7.248  7.848 0.0000000000
64936  -54.892  -9.064  7.845 0.0000000000
64937  -56.063  -8.677  7.961 0.0000000000
64938  -60.877  -7.278  6.943 0.0000000000
64949  -57.575  -9.322  5.149 0.0000000000
64950  -58.500  -8.848  5.329 0.0000000000
64951  -60.276  -8.022  5.969 0.0000000000
64962  -55.837  -10.008  4.296 0.0000000000
64963  -56.905  -9.510  4.746 0.0000000000
64964  -58.453  -8.686  5.162 0.0000000000
64979  -55.264  -10.019  3.704 0.0000000000
64980  -56.701  -9.190  4.173 0.0000000000
65985  -57.619  -8.489  8.193 0.0000000000
65986  -58.184  -8.192  8.241 0.0000000000
65994  -56.602  -8.521  7.991 0.0000000000
65995  -57.541  -8.250  8.084 0.0000000000
65996  -59.089  -7.600  8.123 0.0000000000
66006  -54.452  -7.948  7.463 0.0000000000
66007  -56.568  -8.007  7.823 0.0000000000
66008  -58.718  -7.501  7.921 0.0000000000
66009  -60.240  -7.472  7.099 0.0000000000
66020  -53.393  -7.417  6.899 0.0000000000
66021  -54.711  -7.140  7.036 0.0000000000
66022  -59.708  -8.345  5.513 0.0000000000
66023  -60.674  -7.592  6.334 0.0000000000
66036  -57.796  -8.777  4.750 0.0000000000
66037  -59.413  -8.280  5.328 0.0000000000
66038  -60.693  -7.538  5.831 0.0000000000
66053  -54.601  -9.553  2.780 0.0000000000
66054  -55.993  -9.133  3.439 0.0000000000
66055  -57.722  -8.422  4.168 0.0000000000
66056  -59.510  -7.685  4.995 0.0000000000
66057  -60.563  -7.422  5.410 0.0000000000
66073  -55.372  -8.862  2.647 0.0000000000
66074  -56.540  -8.604  3.181 0.0000000000
67053  -56.158  -7.169  7.347 0.0000000000
67054  -58.170  -7.102  7.593 0.0000000000
67055  -59.999  -7.041  7.503 0.0000000000
67056  -60.878  -7.165  7.222 0.0000000000
67064  -52.730  -6.813  6.557 0.0000000000
67065  -54.083  -6.679  6.769 0.0000000000
67066  -55.618  -6.423  6.825 0.0000000000
67067  -57.515  -6.478  7.193 0.0000000000
67068  -59.574  -6.551  7.311 0.0000000000
67069  -61.133  -6.743  6.701 0.0000000000
67070  -61.737  -6.149  6.407 0.0000000000
67080  -53.650  -6.088  6.534 0.0000000000
67081  -54.640  -6.195  6.660 0.0000000000
67082  -61.110  -7.031  5.763 0.0000000000
67083  -61.534  -6.289  6.063 0.0000000000
67095  -57.423  -8.195  3.358 0.0000000000
67096  -58.584  -7.687  4.092 0.0000000000
67097  -60.005  -7.155  4.853 0.0000000000
67098  -60.830  -6.583  5.105 0.0000000000
67113  -54.862  -8.427  2.023 0.0000000000
67114  -56.372  -8.232  2.346 0.0000000000
67115  -57.900  -7.795  3.085 0.0000000000
67116  -59.208  -7.229  3.816 0.0000000000
67117  -59.996  -6.787  4.426 0.0000000000
67127  -54.497  -7.819  1.575 0.0000000000
67128  -55.415  -8.028  1.841 0.0000000000
68157  -55.894  -6.024  6.622 0.0000000000
68158  -56.761  -5.978  6.699 0.0000000000
68159  -58.665  -5.867  6.961 0.0000000000
68160  -60.490  -5.953  6.820 0.0000000000
68161  -61.505  -6.038  6.447 0.0000000000
68171  -53.192  -5.267  6.142 0.0000000000
68172  -55.356  -5.580  6.459 0.0000000000
68173  -57.547  -5.318  6.428 0.0000000000
68174  -59.482  -5.283  6.470 0.0000000000
68175  -60.958  -5.460  6.319 0.0000000000
68176  -61.606  -5.782  6.068 0.0000000000
68188  -53.249  -4.431  5.734 0.0000000000
68189  -61.179  -5.927  5.228 0.0000000000
68207  -56.535  -7.887  1.978 0.0000000000
68208  -57.242  -7.818  2.132 0.0000000000
68209  -58.597  -7.337  2.697 0.0000000000
68210  -59.942  -6.419  3.643 0.0000000000
68227  -54.091  -6.916  0.969 0.0000000000
68228  -56.042  -7.501  1.531 0.0000000000
68229  -57.835  -7.319  1.653 0.0000000000
68230  -59.165  -6.894  2.041 0.0000000000
68231  -59.829  -6.352  2.186 0.0000000000
68243  -54.234  -6.150  0.220 0.0000000000
69285  -54.616  -4.505  5.894 0.0000000000
69286  -56.498  -4.534  6.027 0.0000000000
69287  -58.377  -4.608  5.972 0.0000000000
69288  -59.992  -4.823  5.828 0.0000000000
69289  -60.978  -5.219  5.576 0.0000000000
69290  -61.246  -5.561  5.420 0.0000000000
69298  -52.656  -4.033  5.337 0.0000000000
69299  -53.931  -3.679  5.257 0.0000000000
69300  -55.616  -3.761  5.516 0.0000000000
69301  -57.376  -3.814  5.537 0.0000000000
69302  -58.948  -4.092  5.345 0.0000000000
69303  -60.078  -4.582  4.986 0.0000000000
69304  -60.442  -5.388  4.168 0.0000000000
69305  -60.055  -5.334  3.149 0.0000000000
69315  -52.313  -3.515  4.992 0.0000000000
69316  -53.089  -3.523  5.018 0.0000000000
69317  -60.139  -5.875  2.620 0.0000000000
69318  -60.225  -5.472  2.564 0.0000000000
69331  -55.457  -6.394  0.567 0.0000000000
69332  -57.090  -6.645  0.899 0.0000000000
69333  -58.650  -6.791  1.049 0.0000000000
69334  -59.760  -6.605  1.290 0.0000000000
69335  -60.297  -6.135  1.564 0.0000000000
69336  -60.577  -5.723  1.607 0.0000000000
69343  -53.765  -5.704  -0.479 0.0000000000
69344  -55.026  -5.411  -0.455 0.0000000000
69345  -56.507  -5.661  0.070 0.0000000000
69346  -58.117  -6.064  0.275 0.0000000000
69347  -59.504  -6.295  0.426 0.0000000000
69348  -60.338  -6.021  0.785 0.0000000000
69349  -60.638  -5.846  1.088 0.0000000000
69357  -53.551  -4.997  -1.295 0.0000000000
69358  -54.296  -5.130  -0.953 0.0000000000
70412  -54.084  -3.335  4.832 0.0000000000
70413  -54.821  -3.320  4.853 0.0000000000
70414  -56.419  -3.196  4.987 0.0000000000
70415  -58.003  -3.343  4.872 0.0000000000
70416  -59.200  -3.859  4.506 0.0000000000
70417  -59.905  -4.539  3.951 0.0000000000
70418  -60.039  -5.045  3.352 0.0000000000
70427  -51.980  -2.764  4.774 0.0000000000
70428  -53.603  -2.913  4.559 0.0000000000
70429  -55.434  -2.801  4.258 0.0000000000
70430  -57.058  -2.836  4.167 0.0000000000
70431  -58.471  -3.073  3.972 0.0000000000
70432  -59.312  -3.924  3.400 0.0000000000
70433  -59.823  -4.627  2.878 0.0000000000
70434  -60.255  -5.095  2.443 0.0000000000
70445  -52.449  -2.137  4.301 0.0000000000
70446  -53.514  -1.872  3.983 0.0000000000
70447  -60.674  -5.246  1.555 0.0000000000
70454  -55.301  -4.879  -0.968 0.0000000000
70455  -56.039  -4.832  -0.818 0.0000000000
70456  -57.571  -5.074  -0.635 0.0000000000
70457  -59.176  -5.605  -0.499 0.0000000000
70458  -60.366  -5.629  -0.183 0.0000000000
70459  -60.992  -5.229  0.367 0.0000000000
70465  -53.486  -4.631  -2.379 0.0000000000
70466  -55.128  -4.505  -1.830 0.0000000000
70467  -57.077  -4.295  -1.739 0.0000000000
70468  -58.729  -4.627  -1.578 0.0000000000
70469  -60.250  -5.017  -1.330 0.0000000000
70470  -61.344  -4.924  -0.960 0.0000000000
70471  -61.937  -4.568  -0.868 0.0000000000
70480  -54.596  -4.659  -3.593 0.0000000000
70481  -55.885  -4.576  -3.710 0.0000000000
70491  -54.109  -5.596  -5.768 0.0000000000
70502  -53.666  -5.895  -7.482 0.0000000000
70514  -53.885  -5.580  -8.277 0.0000000000
71459  -54.710  -1.856  3.856 0.0000000000
71460  -56.216  -2.294  3.393 0.0000000000
71461  -57.683  -2.614  3.134 0.0000000000
71462  -58.863  -3.180  2.763 0.0000000000
71463  -59.695  -3.965  2.284 0.0000000000
71464  -60.360  -4.603  1.877 0.0000000000
71465  -60.673  -4.964  1.670 0.0000000000
71471  -51.744  -1.916  3.556 0.0000000000
71472  -52.860  -1.781  3.302 0.0000000000
71473  -54.041  -1.647  2.976 0.0000000000
71474  -55.558  -1.439  2.614 0.0000000000
71475  -57.113  -1.892  2.445 0.0000000000
71476  -58.440  -2.413  2.068 0.0000000000
71477  -59.533  -3.137  1.591 0.0000000000
71478  -60.527  -3.884  1.203 0.0000000000
71479  -61.075  -4.599  0.741 0.0000000000
71486  -52.163  -1.750  2.299 0.0000000000
71487  -53.339  -1.230  2.322 0.0000000000
71488  -54.525  -0.760  2.355 0.0000000000
71489  -61.910  -4.368  -0.371 0.0000000000
71495  -56.968  -4.275  -3.167 0.0000000000
71496  -58.434  -4.229  -2.885 0.0000000000
71497  -59.986  -4.359  -2.670 0.0000000000
71498  -61.363  -4.354  -2.250 0.0000000000
71499  -62.244  -4.302  -1.818 0.0000000000
71500  -62.625  -3.830  -1.643 0.0000000000
71504  -54.832  -5.373  -5.333 0.0000000000
71505  -55.956  -5.245  -5.201 0.0000000000
71506  -57.161  -5.043  -5.048 0.0000000000
71507  -58.494  -4.802  -4.666 0.0000000000
71508  -59.809  -4.523  -4.138 0.0000000000
71509  -61.392  -4.243  -4.107 0.0000000000
71510  -62.471  -4.100  -3.059 0.0000000000
71511  -62.782  -3.970  -2.438 0.0000000000
71516  -54.358  -5.713  -6.979 0.0000000000
71517  -55.206  -5.611  -6.649 0.0000000000
71518  -56.109  -5.497  -6.389 0.0000000000
71519  -57.141  -5.425  -6.280 0.0000000000
71520  -58.506  -4.945  -6.201 0.0000000000
71521  -59.849  -4.855  -5.524 0.0000000000
71522  -60.624  -4.543  -5.025 0.0000000000
71530  -54.190  -5.025  -7.737 0.0000000000
71531  -55.152  -5.001  -7.149 0.0000000000
71532  -56.153  -5.030  -6.885 0.0000000000
71533  -57.162  -5.105  -6.763 0.0000000000
71534  -57.776  -5.109  -6.652 0.0000000000
71544  -53.817  -5.204  -8.410 0.0000000000
72392  -56.835  -0.979  1.891 0.0000000000
72393  -58.141  -1.298  1.563 0.0000000000
72394  -59.436  -1.985  1.018 0.0000000000
72395  -60.559  -2.841  0.506 0.0000000000
72396  -61.343  -3.640  0.101 0.0000000000
72397  -61.793  -4.111  -0.076 0.0000000000
72406  -52.631  -1.249  1.319 0.0000000000
72407  -54.023  -0.483  1.463 0.0000000000
72408  -55.787  -0.220  1.569 0.0000000000
72409  -57.660  -0.176  1.021 0.0000000000
72410  -59.291  -0.590  0.488 0.0000000000
72411  -60.675  -1.542  -0.146 0.0000000000
72412  -61.970  -2.432  -0.491 0.0000000000
72413  -62.317  -3.485  -0.715 0.0000000000
72422  -51.908  -1.144  0.567 0.0000000000
72423  -53.251  -0.491  0.354 0.0000000000
72424  -54.940  0.115  0.304 0.0000000000
72425  -56.857  0.420  0.144 0.0000000000
72426  -58.741  0.246  -0.458 0.0000000000
72427  -60.591  -0.191  -0.968 0.0000000000
72428  -62.095  -1.089  -1.365 0.0000000000
72429  -63.116  -2.253  -2.032 0.0000000000
72430  -63.439  -1.771  -2.851 0.0000000000
72435  -62.200  -4.187  -5.116 0.0000000000
72436  -62.739  -4.000  -4.465 0.0000000000
72437  -63.156  -3.354  -3.353 0.0000000000
72438  -63.532  -2.098  -3.436 0.0000000000
72443  -59.214  -4.541  -6.642 0.0000000000
72444  -59.945  -4.395  -6.309 0.0000000000
72445  -61.380  -4.290  -5.764 0.0000000000
72446  -62.654  -3.732  -5.580 0.0000000000
72447  -63.209  -3.271  -5.015 0.0000000000
72448  -63.478  -2.505  -4.645 0.0000000000
72456  -54.388  -4.293  -7.703 0.0000000000
72457  -54.769  -4.024  -6.920 0.0000000000
72458  -55.961  -4.077  -6.635 0.0000000000
72459  -57.163  -4.092  -6.660 0.0000000000
72460  -58.465  -4.383  -6.706 0.0000000000
72461  -59.854  -3.848  -6.623 0.0000000000
72462  -61.076  -3.373  -6.415 0.0000000000
72463  -62.259  -2.984  -6.317 0.0000000000
72464  -63.105  -2.757  -5.961 0.0000000000
72465  -63.388  -2.662  -5.433 0.0000000000
72476  -53.688  -4.241  -7.456 0.0000000000
72477  -54.294  -4.045  -7.237 0.0000000000
73366  -52.538  -0.319  -0.389 0.0000000000
73367  -54.068  0.286  -0.901 0.0000000000
73368  -55.867  0.460  -1.109 0.0000000000
73369  -57.834  0.846  -1.435 0.0000000000
73370  -59.950  0.676  -2.569 0.0000000000
73371  -61.840  0.061  -2.556 0.0000000000
73372  -62.982  -0.852  -2.616 0.0000000000
73373  -63.355  -1.497  -2.668 0.0000000000
73381  -52.165  0.154  -0.937 0.0000000000
73382  -53.079  0.261  -1.044 0.0000000000
73383  -60.604  1.127  -3.995 0.0000000000
73384  -61.458  0.794  -3.971 0.0000000000
73385  -62.791  0.059  -4.253 0.0000000000
73386  -63.257  -1.217  -3.378 0.0000000000
73391  -63.077  -0.619  -5.831 0.0000000000
73392  -63.382  -1.337  -4.575 0.0000000000
73398  -54.597  -3.012  -5.469 0.0000000000
73399  -55.327  -2.948  -5.327 0.0000000000
73400  -56.679  -2.045  -5.402 0.0000000000
73401  -58.167  -2.321  -5.861 0.0000000000
73402  -59.365  -2.657  -6.120 0.0000000000
73403  -60.689  -1.947  -6.339 0.0000000000
73404  -61.908  -1.944  -6.745 0.0000000000
73405  -62.752  -1.425  -6.706 0.0000000000
73406  -63.349  -1.919  -5.695 0.0000000000
73417  -52.348  -2.867  -5.588 0.0000000000
73418  -53.762  -2.969  -5.629 0.0000000000
73419  -54.628  -2.235  -4.883 0.0000000000
73420  -55.614  -1.723  -4.938 0.0000000000
73421  -61.748  -0.975  -6.880 0.0000000000
73422  -62.275  -0.928  -7.051 0.0000000000
73423  -62.578  -0.836  -7.009 0.0000000000
74368  -54.319  0.638  -1.511 0.0000000000
74369  -55.096  0.678  -1.842 0.0000000000
74370  -56.760  0.787  -2.477 0.0000000000
74371  -58.385  0.853  -2.986 0.0000000000
74380  -52.132  0.879  -1.375 0.0000000000
74381  -53.898  0.870  -1.803 0.0000000000
74382  -55.956  1.015  -3.021 0.0000000000
74383  -57.805  1.282  -3.902 0.0000000000
74384  -59.606  1.096  -4.200 0.0000000000
74385  -61.072  1.036  -4.815 0.0000000000
74386  -62.022  0.878  -5.074 0.0000000000
74392  -57.110  1.122  -4.338 0.0000000000
74393  -58.724  0.959  -5.191 0.0000000000
74394  -60.368  0.350  -5.359 0.0000000000
74395  -61.704  0.547  -5.809 0.0000000000
74396  -62.520  0.385  -5.923 0.0000000000
74403  -57.081  -0.711  -5.402 0.0000000000
74404  -57.743  0.143  -5.383 0.0000000000
74405  -59.481  -0.529  -6.171 0.0000000000
74406  -61.262  -0.224  -6.530 0.0000000000
74407  -62.162  0.049  -6.707 0.0000000000
74408  -62.629  -0.361  -6.763 0.0000000000
74417  -52.591  -1.800  -4.942 0.0000000000
74418  -53.901  -1.509  -5.105 0.0000000000
74419  -55.111  -0.955  -5.086 0.0000000000
74420  -56.739  -0.237  -5.326 0.0000000000
74421  -57.687  0.957  -5.862 0.0000000000
74422  -62.032  -0.395  -7.043 0.0000000000
74423  -62.440  -0.460  -7.067 0.0000000000
74424  -62.710  -0.632  -7.035 0.0000000000
74436  -52.614  -1.015  -5.725 0.0000000000
75456  -52.167  1.640  -1.460 0.0000000000
75457  -53.579  1.743  -2.316 0.0000000000
75458  -55.382  1.460  -3.143 0.0000000000
75463  -54.928  2.059  -3.086 0.0000000000
75464  -56.918  1.786  -4.084 0.0000000000
75471  -58.119  1.599  -5.412 0.0000000000
75479  -53.425  -0.952  -5.470 0.0000000000
75480  -54.466  -0.195  -5.698 0.0000000000
75481  -55.760  0.434  -5.606 0.0000000000
75482  -57.290  1.167  -6.126 0.0000000000
75483  -58.180  1.866  -6.255 0.0000000000
75493  -52.208  -0.411  -6.535 0.0000000000
75494  -53.974  -0.046  -7.024 0.0000000000
75495  -54.541  0.654  -6.109 0.0000000000
75496  -57.941  1.929  -6.523 0.0000000000
75497  -58.365  2.126  -6.592 0.0000000000
75511  -51.892  -0.266  -7.956 0.0000000000
75512  -53.319  0.472  -7.963 0.0000000000
75513  -53.905  0.556  -8.115 0.0000000000
76578  -52.400  2.418  -1.281 0.0000000000
76579  -53.357  2.369  -2.193 0.0000000000
76580  -54.112  2.293  -2.752 0.0000000000
76589  -53.352  3.129  -0.183 0.0000000000
76590  -53.710  3.240  -1.822 0.0000000000
76591  -55.156  2.842  -3.091 0.0000000000
76592  -57.624  2.684  -4.388 0.0000000000
76597  -58.500  2.531  -5.589 0.0000000000
76604  -55.147  1.090  -5.886 0.0000000000
76605  -56.339  1.559  -5.910 0.0000000000
76606  -57.355  1.669  -6.462 0.0000000000
76607  -58.438  2.492  -6.365 0.0000000000
76614  -53.915  1.596  -7.691 0.0000000000
76615  -54.782  1.772  -6.552 0.0000000000
76616  -55.856  2.304  -6.033 0.0000000000
76617  -57.419  2.305  -6.503 0.0000000000
76618  -58.229  2.339  -6.622 0.0000000000
76625  -51.244  -0.031  -9.033 0.0000000000
76626  -53.140  0.847  -9.050 0.0000000000
76627  -53.722  0.905  -8.481 0.0000000000
76646  -52.204  0.051  -10.383 0.0000000000
76669  -51.730  0.465  -10.934 0.0000000000
77614  -54.370  3.864  1.213 0.0000000000
77615  -54.660  4.036  -0.328 0.0000000000
77616  -55.205  4.189  -2.142 0.0000000000
77617  -56.726  3.994  -3.417 0.0000000000
77621  -57.970  3.647  -4.708 0.0000000000
77627  -58.356  3.320  -5.759 0.0000000000
77632  -53.155  4.597  -7.477 0.0000000000
77633  -53.520  4.504  -7.319 0.0000000000
77634  -54.281  3.520  -6.757 0.0000000000
77635  -55.502  3.436  -6.293 0.0000000000
77636  -57.033  3.407  -6.466 0.0000000000
77637  -58.088  3.165  -6.442 0.0000000000
77644  -53.153  3.993  -8.060 0.0000000000
77645  -53.484  2.036  -8.237 0.0000000000
77657  -53.187  2.538  -9.665 0.0000000000
77671  -50.975  0.732  -11.350 0.0000000000
77672  -52.757  0.931  -11.431 0.0000000000
77695  -51.388  1.574  -11.936 0.0000000000
77696  -52.623  1.458  -11.671 0.0000000000
77716  -50.724  2.259  -12.458 0.0000000000
78543  -54.580  4.825  1.906 0.0000000000
78544  -55.140  4.839  0.812 0.0000000000
78545  -55.742  5.052  -0.549 0.0000000000
78546  -56.583  5.172  -1.968 0.0000000000
78550  -57.368  5.040  -3.377 0.0000000000
78554  -57.937  4.382  -4.918 0.0000000000
78557  -54.369  4.975  -6.928 0.0000000000
78558  -55.291  4.799  -6.558 0.0000000000
78559  -56.579  4.585  -6.443 0.0000000000
78560  -57.620  4.300  -6.300 0.0000000000
78561  -58.105  4.025  -5.901 0.0000000000
78591  -53.559  3.256  -10.463 0.0000000000
78609  -52.412  1.805  -12.013 0.0000000000
78610  -53.535  1.923  -11.979 0.0000000000
78627  -50.157  2.686  -12.873 0.0000000000
78628  -51.894  2.423  -12.747 0.0000000000
78629  -53.534  2.849  -12.866 0.0000000000
78630  -53.981  3.467  -13.324 0.0000000000
78646  -50.831  3.148  -14.279 0.0000000000
78647  -52.225  3.102  -13.830 0.0000000000
78648  -53.186  3.362  -13.860 0.0000000000
78649  -53.657  3.685  -13.826 0.0000000000
78659  -50.622  3.153  -15.474 0.0000000000
79467  -51.417  7.453  0.162 0.0000000000
79468  -53.499  6.802  1.571 0.0000000000
79469  -55.127  7.333  0.568 0.0000000000
79470  -56.156  7.289  -0.158 0.0000000000
79471  -56.735  7.121  -0.916 0.0000000000
79472  -56.890  7.059  -1.327 0.0000000000
79479  -50.053  8.458  -1.295 0.0000000000
79480  -54.301  5.675  2.009 0.0000000000
79481  -54.837  5.883  1.369 0.0000000000
79482  -55.827  5.997  0.455 0.0000000000
79483  -56.586  6.042  -0.668 0.0000000000
79484  -57.119  6.276  -1.732 0.0000000000
79489  -57.297  6.002  -2.647 0.0000000000
79493  -57.054  5.872  -4.658 0.0000000000
79494  -57.358  5.541  -3.890 0.0000000000
79497  -54.293  5.961  -6.852 0.0000000000
79498  -55.055  5.974  -6.731 0.0000000000
79499  -56.118  5.769  -6.378 0.0000000000
79500  -57.038  5.324  -5.875 0.0000000000
79501  -57.642  4.902  -5.383 0.0000000000
79551  -54.149  4.169  -10.979 0.0000000000
79552  -54.615  4.305  -11.470 0.0000000000
79571  -54.178  3.020  -11.988 0.0000000000
79572  -54.764  3.965  -12.313 0.0000000000
79573  -55.302  4.677  -12.576 0.0000000000
79591  -51.723  3.185  -14.714 0.0000000000
79592  -52.351  3.481  -14.713 0.0000000000
79593  -53.298  3.848  -14.459 0.0000000000
79594  -54.252  4.157  -13.652 0.0000000000
79595  -55.304  4.835  -13.090 0.0000000000
79596  -55.702  5.315  -13.243 0.0000000000
79611  -50.513  3.136  -15.874 0.0000000000
79612  -51.232  3.423  -15.495 0.0000000000
79613  -52.268  4.341  -15.303 0.0000000000
79614  -53.642  4.606  -14.509 0.0000000000
79615  -54.736  4.973  -13.841 0.0000000000
79616  -55.439  5.328  -13.462 0.0000000000
79617  -55.684  5.523  -13.330 0.0000000000
79626  -50.013  3.660  -16.395 0.0000000000
79627  -51.062  4.370  -15.998 0.0000000000
79628  -51.664  4.763  -15.920 0.0000000000
80505  -56.907  7.648  -1.379 0.0000000000
80506  -56.902  7.426  -1.307 0.0000000000
80512  -52.956  8.621  -0.025 0.0000000000
80513  -54.432  8.950  -0.235 0.0000000000
80514  -55.752  8.745  -0.368 0.0000000000
80515  -56.500  8.367  -0.713 0.0000000000
80516  -56.836  7.776  -1.206 0.0000000000
80517  -57.133  7.146  -1.433 0.0000000000
80525  -51.790  9.536  -1.431 0.0000000000
80526  -53.321  9.778  -1.091 0.0000000000
80527  -57.224  6.798  -1.971 0.0000000000
80531  -56.703  6.977  -2.827 0.0000000000
80532  -57.091  6.606  -2.666 0.0000000000
80535  -54.608  7.645  -5.580 0.0000000000
80536  -54.863  7.595  -4.882 0.0000000000
80537  -55.526  7.234  -4.204 0.0000000000
80538  -56.343  6.859  -3.621 0.0000000000
80539  -56.988  6.370  -3.507 0.0000000000
80542  -54.697  6.927  -6.156 0.0000000000
80543  -55.442  6.665  -5.696 0.0000000000
80544  -56.311  6.245  -5.156 0.0000000000
80591  -54.411  4.604  -11.156 0.0000000000
80607  -53.635  5.726  -10.566 0.0000000000
80608  -54.727  4.882  -11.644 0.0000000000
80609  -55.357  4.847  -12.183 0.0000000000
80621  -55.664  5.074  -12.641 0.0000000000
80622  -55.787  5.353  -12.997 0.0000000000
80638  -52.895  5.196  -14.954 0.0000000000
80639  -54.072  5.493  -14.222 0.0000000000
80640  -55.141  5.687  -13.766 0.0000000000
80641  -55.678  5.763  -13.431 0.0000000000
80642  -55.866  5.636  -13.193 0.0000000000
80659  -49.958  5.020  -16.369 0.0000000000
80660  -51.064  5.236  -15.968 0.0000000000
80661  -52.031  5.214  -15.685 0.0000000000
81479  -57.010  7.549  -1.508 0.0000000000
81480  -56.973  7.324  -1.470 0.0000000000
81487  -55.530  10.129  -1.216 0.0000000000
81488  -56.298  9.617  -1.073 0.0000000000
81489  -56.683  8.842  -1.498 0.0000000000
81490  -56.984  7.852  -1.603 0.0000000000
81491  -57.088  7.362  -1.684 0.0000000000
81498  -51.742  11.280  -2.920 0.0000000000
81499  -53.021  11.078  -2.087 0.0000000000
81500  -54.359  10.708  -1.650 0.0000000000
81501  -56.586  8.960  -2.121 0.0000000000
81502  -56.875  8.125  -1.982 0.0000000000
81503  -57.099  7.398  -2.011 0.0000000000
81506  -51.863  11.787  -4.014 0.0000000000
81507  -56.217  8.957  -2.836 0.0000000000
81508  -56.508  7.926  -2.591 0.0000000000
81509  -56.929  7.439  -2.337 0.0000000000
81513  -54.763  8.595  -4.858 0.0000000000
81514  -55.557  8.678  -3.839 0.0000000000
81515  -55.926  7.944  -3.259 0.0000000000
81577  -54.800  5.948  -11.623 0.0000000000
81578  -55.220  5.277  -11.897 0.0000000000
81594  -55.413  6.104  -12.089 0.0000000000
81595  -55.523  5.559  -12.262 0.0000000000
81596  -55.821  5.550  -12.696 0.0000000000
81613  -51.762  6.988  -14.223 0.0000000000
81614  -53.039  6.320  -14.328 0.0000000000
81615  -54.843  6.379  -13.883 0.0000000000
81616  -55.576  6.202  -13.525 0.0000000000
81617  -55.859  6.097  -13.154 0.0000000000
81618  -56.009  5.802  -12.936 0.0000000000
81635  -47.488  6.062  -16.161 0.0000000000
81636  -48.695  6.036  -15.976 0.0000000000
81637  -49.903  6.077  -15.468 0.0000000000
81638  -51.361  6.187  -15.033 0.0000000000
81639  -52.356  5.667  -15.156 0.0000000000
82490  -56.104  10.456  -1.786 0.0000000000
82491  -56.507  9.966  -1.758 0.0000000000
82492  -56.629  9.547  -1.864 0.0000000000
82495  -52.965  11.962  -3.205 0.0000000000
82496  -54.074  11.841  -3.157 0.0000000000
82497  -55.373  11.285  -2.876 0.0000000000
82498  -56.156  10.475  -2.572 0.0000000000
82499  -56.554  9.822  -2.357 0.0000000000
82502  -53.501  12.653  -4.013 0.0000000000
82503  -55.159  11.041  -4.409 0.0000000000
82504  -55.891  10.673  -3.754 0.0000000000
82505  -56.171  9.927  -3.277 0.0000000000
82510  -55.175  10.028  -4.672 0.0000000000
82511  -55.614  9.803  -4.086 0.0000000000
82578  -53.546  7.202  -10.436 0.0000000000
82591  -55.130  6.869  -12.032 0.0000000000
82592  -55.694  6.058  -12.406 0.0000000000
82593  -55.745  5.734  -12.519 0.0000000000
82602  -50.296  7.592  -13.798 0.0000000000
82603  -51.253  7.649  -13.836 0.0000000000
82604  -52.711  7.503  -14.043 0.0000000000
82605  -54.512  7.369  -13.899 0.0000000000
82606  -55.408  6.957  -13.108 0.0000000000
82607  -55.823  6.247  -12.759 0.0000000000
82608  -55.896  5.875  -12.683 0.0000000000
82619  -47.454  6.810  -15.091 0.0000000000
82620  -48.540  7.009  -14.573 0.0000000000
82621  -49.774  7.199  -14.169 0.0000000000
82622  -50.788  7.139  -14.116 0.0000000000
82632  -45.614  6.398  -16.289 0.0000000000
82633  -46.476  6.707  -15.572 0.0000000000
83414  -54.789  11.976  -3.673 0.0000000000
83415  -54.986  11.865  -4.146 0.0000000000
83473  -54.280  8.163  -11.122 0.0000000000
83482  -53.924  8.944  -11.068 0.0000000000
83483  -54.888  8.191  -12.125 0.0000000000
83490  -49.702  7.873  -13.764 0.0000000000
83491  -50.533  8.217  -13.751 0.0000000000
83492  -52.067  8.264  -13.957 0.0000000000
83493  -54.109  8.339  -14.116 0.0000000000
83494  -54.996  8.399  -13.312 0.0000000000
83502  -46.809  7.320  -14.918 0.0000000000
83503  -47.518  7.659  -14.483 0.0000000000
83504  -48.833  7.982  -13.923 0.0000000000
83505  -49.722  8.394  -13.826 0.0000000000
83513  -45.933  7.032  -15.876 0.0000000000
83514  -46.264  7.546  -15.278 0.0000000000
83515  -46.811  7.838  -14.800 0.0000000000
83522  -45.429  6.928  -16.523 0.0000000000
83523  -45.925  7.450  -15.898 0.0000000000
84354  -52.594  10.025  -10.216 0.0000000000
84355  -53.954  9.557  -12.084 0.0000000000
84364  -50.242  8.654  -13.876 0.0000000000
84365  -51.255  8.816  -13.989 0.0000000000
84366  -53.304  9.031  -14.245 0.0000000000
84367  -54.704  9.684  -13.860 0.0000000000
84368  -54.839  10.422  -14.231 0.0000000000
84376  -47.187  8.072  -14.738 0.0000000000
84377  -47.971  8.403  -14.643 0.0000000000
84378  -49.893  9.142  -14.534 0.0000000000
84379  -52.194  9.496  -14.701 0.0000000000
84380  -53.848  9.815  -14.766 0.0000000000
84381  -54.628  10.270  -14.520 0.0000000000
84382  -54.863  10.508  -14.462 0.0000000000
84389  -46.169  7.842  -15.652 0.0000000000
84390  -46.849  8.297  -15.333 0.0000000000
84391  -48.273  9.351  -15.635 0.0000000000
84392  -49.482  9.692  -15.514 0.0000000000
84399  -45.459  7.224  -16.946 0.0000000000
84400  -46.010  7.799  -16.505 0.0000000000
84401  -46.987  8.943  -16.630 0.0000000000
84402  -47.968  9.331  -16.573 0.0000000000
84409  -45.318  7.440  -17.416 0.0000000000
84410  -46.104  8.308  -17.661 0.0000000000
84411  -46.658  8.834  -17.391 0.0000000000
84421  -44.798  7.596  -18.377 0.0000000000
84422  -45.837  8.457  -18.897 0.0000000000
84435  -45.144  8.283  -19.693 0.0000000000
84436  -45.862  8.624  -19.560 0.0000000000
84451  -45.014  8.504  -20.467 0.0000000000
84457  -44.428  8.538  -21.420 0.0000000000
85244  -52.323  11.294  -10.324 0.0000000000
85254  -53.605  11.017  -12.357 0.0000000000
85255  -54.535  10.940  -13.662 0.0000000000
85256  -54.631  11.112  -13.719 0.0000000000
85265  -51.535  10.072  -15.238 0.0000000000
85266  -53.028  10.228  -15.412 0.0000000000
85267  -54.116  10.455  -15.170 0.0000000000
85268  -54.657  10.666  -14.681 0.0000000000
85269  -54.891  10.812  -14.242 0.0000000000
85270  -54.799  11.092  -13.909 0.0000000000
85279  -49.401  10.040  -16.155 0.0000000000
85280  -50.588  10.294  -15.867 0.0000000000
85281  -52.248  10.716  -16.060 0.0000000000
85282  -53.430  11.127  -15.800 0.0000000000
85283  -54.211  11.179  -15.050 0.0000000000
85284  -54.637  11.168  -14.519 0.0000000000
85285  -54.769  11.161  -14.161 0.0000000000
85294  -47.855  9.381  -17.157 0.0000000000
85295  -48.774  9.970  -16.915 0.0000000000
85296  -50.293  10.567  -17.086 0.0000000000
85297  -51.669  11.170  -16.948 0.0000000000
85298  -52.562  11.469  -16.336 0.0000000000
85306  -46.624  8.779  -17.765 0.0000000000
85307  -47.266  9.093  -17.714 0.0000000000
85308  -48.354  9.892  -17.949 0.0000000000
85309  -49.878  10.587  -18.188 0.0000000000
85310  -51.046  11.300  -17.922 0.0000000000
85318  -46.638  8.922  -18.390 0.0000000000
85319  -47.668  9.560  -18.755 0.0000000000
85320  -49.036  10.396  -19.048 0.0000000000
85321  -50.140  11.101  -19.047 0.0000000000
85327  -45.861  8.728  -19.928 0.0000000000
85328  -46.661  9.203  -19.656 0.0000000000
85329  -48.154  9.956  -19.729 0.0000000000
85330  -49.183  10.563  -19.898 0.0000000000
85341  -44.900  8.677  -21.047 0.0000000000
85342  -45.807  9.013  -20.746 0.0000000000
85343  -46.917  9.516  -20.632 0.0000000000
85353  -44.237  8.598  -22.186 0.0000000000
85354  -45.164  9.092  -22.320 0.0000000000
85355  -46.238  9.410  -21.847 0.0000000000
85362  -44.078  9.213  -23.385 0.0000000000
85363  -44.890  9.425  -23.421 0.0000000000
85371  -43.509  9.967  -24.116 0.0000000000
86048  -52.123  13.072  -10.607 0.0000000000
86059  -52.229  12.979  -11.875 0.0000000000
86060  -53.165  11.967  -12.619 0.0000000000
86061  -54.258  11.513  -13.491 0.0000000000
86062  -54.679  11.294  -13.794 0.0000000000
86068  -54.491  11.343  -13.659 0.0000000000
86069  -54.674  11.399  -13.989 0.0000000000
86073  -52.796  12.292  -15.739 0.0000000000
86074  -53.516  12.078  -15.042 0.0000000000
86075  -54.177  11.780  -14.567 0.0000000000
86076  -54.540  11.535  -14.216 0.0000000000
86080  -51.436  12.282  -17.328 0.0000000000
86081  -52.035  12.321  -16.456 0.0000000000
86085  -50.725  11.442  -18.680 0.0000000000
86086  -51.129  12.212  -18.376 0.0000000000
86089  -49.861  11.061  -19.600 0.0000000000
86090  -50.757  12.016  -19.401 0.0000000000
86091  -50.911  12.551  -18.725 0.0000000000
86094  -47.647  9.798  -20.349 0.0000000000
86095  -48.692  10.417  -20.486 0.0000000000
86096  -49.812  11.387  -20.294 0.0000000000
86097  -50.389  12.396  -20.207 0.0000000000
86101  -46.778  9.589  -21.291 0.0000000000
86102  -47.857  10.160  -21.173 0.0000000000
86103  -49.155  11.186  -21.124 0.0000000000
86104  -50.012  12.364  -20.844 0.0000000000
86105  -50.278  12.592  -20.477 0.0000000000
86114  -46.358  9.505  -22.830 0.0000000000
86115  -47.278  9.966  -22.203 0.0000000000
86116  -48.532  11.163  -22.081 0.0000000000
86117  -49.496  12.053  -21.494 0.0000000000
86118  -49.792  12.499  -21.253 0.0000000000
86124  -44.704  9.694  -23.919 0.0000000000
86125  -45.723  9.868  -23.957 0.0000000000
86126  -47.172  10.143  -23.395 0.0000000000
86127  -47.887  10.527  -22.804 0.0000000000
86133  -41.346  12.139  -24.223 0.0000000000
86134  -42.139  11.477  -24.107 0.0000000000
86135  -43.043  10.913  -24.093 0.0000000000
86136  -44.101  10.348  -24.104 0.0000000000
86137  -44.887  10.144  -24.282 0.0000000000
86143  -41.067  12.277  -24.536 0.0000000000
86148  -40.920  13.596  -25.605 0.0000000000
86155  -40.661  13.933  -26.311 0.0000000000
86159  -40.190  13.723  -27.191 0.0000000000
86164  -39.727  13.270  -28.209 0.0000000000
86785  -52.006  14.136  -11.377 0.0000000000
86786  -52.687  12.976  -12.674 0.0000000000
86787  -53.577  12.098  -13.138 0.0000000000
86790  -51.567  15.360  -13.412 0.0000000000
86791  -52.007  14.589  -13.551 0.0000000000
86792  -53.166  12.875  -13.535 0.0000000000
86793  -53.942  11.983  -13.581 0.0000000000
86794  -54.458  11.537  -13.754 0.0000000000
86795  -49.538  16.130  -14.641 0.0000000000
86796  -51.216  14.850  -14.577 0.0000000000
86797  -52.435  13.671  -14.427 0.0000000000
86798  -53.404  12.682  -14.260 0.0000000000
86799  -54.038  12.073  -14.058 0.0000000000
86800  -54.430  11.705  -13.937 0.0000000000
86801  -47.301  14.654  -16.411 0.0000000000
86802  -48.040  14.327  -15.946 0.0000000000
86803  -49.358  14.284  -15.805 0.0000000000
86804  -51.032  13.738  -16.053 0.0000000000
86805  -51.948  13.306  -15.508 0.0000000000
86806  -48.492  14.775  -17.640 0.0000000000
86807  -49.099  14.260  -17.480 0.0000000000
86808  -49.910  13.831  -17.296 0.0000000000
86809  -50.768  13.210  -17.299 0.0000000000
86812  -48.946  14.576  -18.697 0.0000000000
86813  -49.630  14.080  -18.614 0.0000000000
86814  -50.364  13.309  -18.540 0.0000000000
86815  -50.649  12.980  -18.118 0.0000000000
86819  -49.097  14.471  -19.198 0.0000000000
86820  -49.656  13.945  -19.562 0.0000000000
86821  -50.351  13.142  -19.507 0.0000000000
86825  -50.068  13.417  -20.570 0.0000000000
86826  -50.312  13.004  -20.263 0.0000000000
86833  -48.765  11.928  -22.474 0.0000000000
86834  -49.293  12.257  -22.066 0.0000000000
86835  -50.006  12.835  -21.519 0.0000000000
86840  -46.080  10.536  -24.812 0.0000000000
86841  -46.945  10.856  -24.490 0.0000000000
86842  -48.255  11.580  -23.250 0.0000000000
86843  -49.107  12.603  -22.621 0.0000000000
86844  -49.598  12.882  -22.176 0.0000000000
86850  -41.157  13.086  -24.153 0.0000000000
86851  -41.609  12.708  -24.002 0.0000000000
86852  -42.432  12.279  -23.925 0.0000000000
86853  -43.556  11.721  -24.276 0.0000000000
86854  -45.163  10.984  -24.851 0.0000000000
86855  -46.349  11.175  -25.063 0.0000000000
86862  -40.918  13.908  -25.166 0.0000000000
86863  -41.045  13.258  -24.681 0.0000000000
86869  -40.687  14.132  -25.558 0.0000000000
86870  -41.005  13.299  -25.092 0.0000000000
86877  -40.094  14.260  -26.123 0.0000000000
86882  -38.554  13.971  -27.298 0.0000000000
86883  -39.330  14.077  -26.867 0.0000000000
86886  -38.323  13.837  -28.066 0.0000000000
86887  -39.042  13.631  -27.663 0.0000000000
86891  -38.095  13.469  -29.091 0.0000000000
86892  -38.728  13.199  -28.655 0.0000000000
87538  -51.067  17.869  -10.889 0.0000000000
87539  -51.470  16.966  -11.158 0.0000000000
87540  -51.808  15.440  -11.429 0.0000000000
87541  -52.168  14.169  -12.062 0.0000000000
87542  -50.267  18.470  -10.977 0.0000000000
87543  -51.099  16.832  -11.996 0.0000000000
87544  -51.835  15.146  -12.669 0.0000000000
87545  -52.335  14.058  -12.689 0.0000000000
87546  -47.679  18.945  -12.033 0.0000000000
87547  -50.431  16.991  -13.121 0.0000000000
87548  -52.234  14.279  -13.586 0.0000000000
87549  -52.568  13.750  -13.568 0.0000000000
87554  -47.157  14.919  -16.857 0.0000000000
87556  -47.039  15.524  -17.468 0.0000000000
87557  -47.833  15.030  -17.784 0.0000000000
87560  -46.517  16.589  -17.396 0.0000000000
87561  -47.111  16.030  -17.921 0.0000000000
87562  -48.550  14.912  -19.213 0.0000000000
87563  -49.581  14.071  -20.082 0.0000000000
87567  -49.058  14.918  -20.528 0.0000000000
87568  -49.643  14.032  -20.846 0.0000000000
87575  -49.596  14.582  -21.677 0.0000000000
87576  -49.720  13.509  -22.056 0.0000000000
87580  -46.926  11.548  -25.087 0.0000000000
87581  -47.755  12.188  -24.585 0.0000000000
87582  -49.192  13.626  -23.275 0.0000000000
87583  -49.453  13.174  -22.533 0.0000000000
87587  -41.129  13.714  -24.555 0.0000000000
87588  -41.361  13.677  -24.239 0.0000000000
87589  -41.972  13.511  -24.092 0.0000000000
87590  -42.884  13.035  -24.760 0.0000000000
87591  -44.380  12.559  -25.512 0.0000000000
87592  -46.472  12.435  -25.542 0.0000000000
87593  -48.133  13.643  -24.916 0.0000000000
87594  -48.762  14.588  -24.064 0.0000000000
87600  -40.510  14.410  -25.322 0.0000000000
87601  -40.900  14.269  -25.011 0.0000000000
87608  -39.826  14.708  -25.741 0.0000000000
87614  -38.249  14.759  -26.904 0.0000000000
87615  -38.875  14.577  -26.572 0.0000000000
87621  -38.111  14.376  -27.351 0.0000000000
87622  -38.587  14.202  -26.962 0.0000000000
87625  -37.765  14.166  -28.400 0.0000000000
87627  -37.575  14.510  -29.528 0.0000000000
87628  -37.690  14.049  -29.407 0.0000000000
87633  -37.766  14.348  -29.921 0.0000000000
88360  -50.314  18.818  -8.243 0.0000000000
88361  -51.333  18.142  -8.330 0.0000000000
88362  -51.764  16.247  -9.538 0.0000000000
88363  -51.210  18.449  -9.842 0.0000000000
88364  -51.635  17.029  -10.460 0.0000000000
88365  -46.125  16.962  -17.055 0.0000000000
88367  -46.690  16.885  -17.935 0.0000000000
88368  -47.471  15.879  -19.077 0.0000000000
88369  -48.246  15.399  -19.964 0.0000000000
88372  -47.082  16.542  -19.177 0.0000000000
88373  -47.732  15.989  -19.965 0.0000000000
88374  -48.663  15.619  -20.847 0.0000000000
88380  -49.334  15.506  -22.210 0.0000000000
88385  -49.066  15.348  -23.395 0.0000000000
88388  -41.103  14.328  -24.646 0.0000000000
88389  -41.443  14.813  -24.457 0.0000000000
88390  -42.535  14.392  -24.600 0.0000000000
88391  -43.775  14.088  -25.309 0.0000000000
88392  -45.407  13.991  -25.921 0.0000000000
88393  -47.049  14.427  -25.550 0.0000000000
88394  -48.144  15.078  -24.542 0.0000000000
88395  -48.679  15.338  -23.952 0.0000000000
88399  -40.219  14.911  -25.237 0.0000000000
88400  -40.651  15.152  -24.835 0.0000000000
88401  -40.991  15.221  -24.626 0.0000000000
88407  -39.709  15.254  -25.568 0.0000000000
88408  -40.062  15.251  -25.117 0.0000000000
88415  -38.554  15.106  -26.664 0.0000000000
88416  -39.164  15.003  -26.123 0.0000000000
88423  -38.020  14.979  -27.268 0.0000000000
88428  -37.552  15.106  -28.649 0.0000000000
88429  -37.701  14.764  -28.031 0.0000000000
88431  -37.530  14.810  -29.236 0.0000000000
88432  -37.543  14.584  -28.726 0.0000000000
88436  -37.767  14.894  -29.823 0.0000000000
88437  -38.087  14.733  -30.584 0.0000000000
89120  -51.415  15.746  -6.071 0.0000000000
89136  -51.548  17.008  -7.351 0.0000000000
89137  -52.282  14.435  -7.772 0.0000000000
89139  -46.218  17.689  -17.626 0.0000000000
89142  -45.960  18.147  -17.664 0.0000000000
89143  -46.627  17.666  -18.692 0.0000000000
89144  -47.339  16.668  -20.005 0.0000000000
89145  -48.005  16.215  -20.513 0.0000000000
89150  -46.675  18.024  -19.436 0.0000000000
89151  -47.061  17.484  -20.147 0.0000000000
89152  -48.224  16.678  -21.187 0.0000000000
89158  -48.744  16.529  -22.625 0.0000000000
89161  -41.592  15.718  -24.644 0.0000000000
89162  -42.278  15.517  -24.650 0.0000000000
89163  -43.368  15.373  -24.988 0.0000000000
89164  -44.707  15.298  -25.625 0.0000000000
89165  -46.126  15.484  -25.743 0.0000000000
89166  -47.316  16.157  -24.709 0.0000000000
89167  -48.387  16.373  -23.822 0.0000000000
89170  -40.770  15.995  -25.011 0.0000000000
89171  -41.128  15.715  -24.743 0.0000000000
89172  -47.441  17.066  -24.464 0.0000000000
89173  -47.787  16.995  -24.186 0.0000000000
89177  -39.884  15.852  -25.847 0.0000000000
89178  -40.246  15.783  -25.304 0.0000000000
89184  -38.795  15.604  -26.726 0.0000000000
89185  -39.289  15.558  -26.250 0.0000000000
89194  -38.378  15.490  -27.138 0.0000000000
89202  -37.818  15.469  -28.723 0.0000000000
89203  -38.074  15.503  -28.066 0.0000000000
89209  -37.837  15.348  -29.188 0.0000000000
89210  -38.328  15.794  -28.981 0.0000000000
89213  -37.837  15.181  -29.566 0.0000000000
89214  -38.779  15.561  -30.087 0.0000000000
89215  -40.071  16.004  -30.574 0.0000000000
89221  -38.986  15.059  -31.361 0.0000000000
89222  -40.631  15.768  -31.397 0.0000000000
89946  -49.678  15.086  -5.003 0.0000000000
89963  -50.161  17.250  -6.102 0.0000000000
89972  -45.583  18.412  -17.356 0.0000000000
89973  -45.143  18.598  -17.062 0.0000000000
89974  -45.710  18.683  -17.905 0.0000000000
89975  -46.285  18.343  -18.998 0.0000000000
89979  -45.880  18.875  -18.986 0.0000000000
89980  -46.613  18.524  -20.073 0.0000000000
89981  -47.442  17.764  -21.217 0.0000000000
89982  -48.167  17.365  -22.044 0.0000000000
89987  -46.964  18.667  -21.476 0.0000000000
89988  -47.691  18.126  -22.157 0.0000000000
89989  -48.075  17.593  -22.952 0.0000000000
89993  -41.502  16.171  -24.815 0.0000000000
89994  -42.066  16.346  -24.848 0.0000000000
89995  -43.078  16.448  -24.860 0.0000000000
89996  -44.261  16.474  -25.046 0.0000000000
89997  -45.473  16.484  -25.267 0.0000000000
89998  -46.405  16.589  -25.001 0.0000000000
89999  -47.810  17.639  -23.782 0.0000000000
90002  -40.750  16.352  -25.335 0.0000000000
90003  -41.649  16.874  -25.282 0.0000000000
90004  -42.866  17.348  -25.100 0.0000000000
90005  -44.013  17.520  -25.070 0.0000000000
90006  -45.139  17.517  -25.046 0.0000000000
90007  -46.128  17.491  -25.063 0.0000000000
90008  -46.984  17.442  -24.738 0.0000000000
90009  -47.507  17.706  -24.340 0.0000000000
90013  -39.806  16.051  -26.223 0.0000000000
90014  -40.724  16.734  -26.070 0.0000000000
90015  -41.732  17.497  -25.919 0.0000000000
90018  -38.804  15.790  -27.014 0.0000000000
90019  -39.574  16.156  -26.840 0.0000000000
90020  -40.783  17.013  -27.232 0.0000000000
90027  -38.871  15.996  -27.527 0.0000000000
90028  -40.122  16.701  -27.941 0.0000000000
90029  -40.977  17.093  -27.803 0.0000000000
90036  -39.032  16.186  -28.452 0.0000000000
90037  -40.195  16.547  -28.911 0.0000000000
90044  -39.395  16.195  -29.376 0.0000000000
90045  -40.837  16.464  -29.750 0.0000000000
90046  -41.958  16.703  -30.362 0.0000000000
90051  -39.958  16.178  -30.104 0.0000000000
90052  -41.175  16.306  -30.683 0.0000000000
90053  -42.631  16.953  -31.167 0.0000000000
90054  -43.388  17.652  -31.711 0.0000000000
90059  -41.933  16.461  -31.531 0.0000000000
90783  -44.309  19.044  -17.142 0.0000000000
90784  -45.128  19.303  -18.388 0.0000000000
90787  -40.124  19.394  -17.219 0.0000000000
90788  -42.353  19.572  -17.102 0.0000000000
90789  -44.060  20.025  -18.599 0.0000000000
90790  -45.490  19.378  -19.758 0.0000000000
90791  -46.284  19.210  -20.842 0.0000000000
90795  -44.730  20.048  -20.200 0.0000000000
90796  -45.716  19.829  -20.947 0.0000000000
90797  -46.548  19.690  -21.910 0.0000000000
90798  -47.302  18.901  -22.441 0.0000000000
90799  -47.691  18.351  -22.757 0.0000000000
90802  -46.597  20.069  -22.645 0.0000000000
90803  -46.972  19.603  -22.889 0.0000000000
90804  -47.449  18.737  -23.389 0.0000000000
90806  -42.938  17.994  -25.536 0.0000000000
90807  -44.003  18.579  -25.562 0.0000000000
90808  -45.030  18.453  -25.485 0.0000000000
90809  -45.915  18.440  -25.395 0.0000000000
90810  -46.582  18.481  -25.079 0.0000000000
90811  -47.101  18.533  -24.653 0.0000000000
90812  -47.394  18.440  -24.105 0.0000000000
90815  -41.981  17.810  -26.391 0.0000000000
90816  -42.968  18.438  -26.190 0.0000000000
90817  -43.517  18.607  -25.861 0.0000000000
90820  -41.858  17.715  -27.071 0.0000000000
90821  -43.043  18.487  -27.116 0.0000000000
90826  -41.292  17.117  -28.236 0.0000000000
90827  -41.949  17.572  -27.967 0.0000000000
90828  -43.220  18.340  -28.001 0.0000000000
90835  -41.171  16.933  -28.804 0.0000000000
90836  -42.413  17.373  -28.855 0.0000000000
90837  -43.465  18.133  -28.842 0.0000000000
90843  -41.081  16.726  -29.274 0.0000000000
90844  -42.266  17.057  -29.759 0.0000000000
90845  -43.796  18.207  -29.835 0.0000000000
90846  -44.356  18.876  -30.229 0.0000000000
90856  -42.666  17.074  -30.538 0.0000000000
90857  -43.545  17.765  -30.851 0.0000000000
90858  -44.227  18.738  -30.624 0.0000000000
90859  -44.309  19.125  -30.802 0.0000000000
90873  -43.693  18.570  -31.732 0.0000000000
90874  -44.061  18.723  -31.126 0.0000000000
90875  -44.251  18.935  -30.919 0.0000000000
91501  -37.754  20.810  -18.707 0.0000000000
91502  -39.422  20.632  -18.408 0.0000000000
91503  -41.455  21.056  -18.238 0.0000000000
91504  -42.743  20.248  -18.605 0.0000000000
91508  -41.887  21.332  -19.812 0.0000000000
91509  -43.331  20.876  -20.212 0.0000000000
91510  -45.114  20.427  -21.242 0.0000000000
91511  -45.913  20.169  -21.647 0.0000000000
91514  -43.774  21.458  -21.495 0.0000000000
91515  -44.612  20.953  -21.939 0.0000000000
91516  -46.014  20.567  -22.462 0.0000000000
91517  -46.672  20.244  -23.262 0.0000000000
91518  -46.957  19.710  -23.599 0.0000000000
91521  -44.706  19.338  -26.042 0.0000000000
91522  -45.156  19.301  -25.930 0.0000000000
91523  -45.837  19.266  -25.807 0.0000000000
91524  -46.374  19.327  -25.497 0.0000000000
91525  -46.735  19.397  -25.048 0.0000000000
91526  -46.982  19.524  -24.356 0.0000000000
91529  -44.153  19.311  -26.796 0.0000000000
91530  -44.374  19.334  -26.390 0.0000000000
91531  -45.337  19.893  -26.495 0.0000000000
91532  -45.869  19.976  -26.193 0.0000000000
91533  -46.263  20.027  -25.814 0.0000000000
91534  -46.517  20.067  -25.424 0.0000000000
91535  -46.674  20.110  -25.004 0.0000000000
91538  -44.188  19.316  -27.343 0.0000000000
91539  -45.025  20.084  -27.311 0.0000000000
91540  -45.237  20.218  -26.868 0.0000000000
91544  -44.283  19.227  -28.116 0.0000000000
91545  -44.925  20.204  -28.052 0.0000000000
91553  -44.302  18.965  -28.905 0.0000000000
91554  -44.682  20.154  -28.835 0.0000000000
91560  -44.227  18.632  -29.400 0.0000000000
91561  -44.456  19.557  -29.915 0.0000000000
91562  -44.281  19.928  -30.501 0.0000000000
91570  -42.933  20.671  -31.260 0.0000000000
91571  -44.404  19.127  -30.383 0.0000000000
91572  -44.288  19.417  -30.647 0.0000000000
91585  -43.071  19.946  -31.616 0.0000000000
91586  -43.810  19.311  -31.345 0.0000000000
91587  -44.161  19.250  -31.036 0.0000000000
92255  -34.657  23.615  -16.945 0.0000000000
92256  -35.850  23.150  -17.107 0.0000000000
92257  -37.198  22.653  -18.568 0.0000000000
92258  -39.026  22.169  -19.292 0.0000000000
92259  -40.236  21.453  -18.958 0.0000000000
92264  -39.839  22.874  -19.789 0.0000000000
92265  -40.953  22.322  -20.066 0.0000000000
92266  -42.354  21.801  -20.181 0.0000000000
92269  -41.459  22.662  -21.337 0.0000000000
92270  -42.585  22.000  -21.489 0.0000000000
92271  -44.222  21.765  -22.490 0.0000000000
92272  -45.462  21.379  -23.150 0.0000000000
92273  -46.396  20.958  -23.905 0.0000000000
92274  -46.794  20.276  -23.996 0.0000000000
92277  -46.452  20.962  -24.633 0.0000000000
92278  -46.587  20.584  -24.716 0.0000000000
92280  -45.551  20.482  -26.785 0.0000000000
92281  -45.881  20.678  -26.520 0.0000000000
92282  -46.273  20.649  -26.036 0.0000000000
92283  -46.426  20.590  -25.613 0.0000000000
92284  -46.488  20.597  -25.281 0.0000000000
92286  -45.097  21.020  -27.634 0.0000000000
92287  -45.511  21.006  -27.015 0.0000000000
92288  -45.800  21.199  -26.501 0.0000000000
92291  -44.570  21.161  -28.132 0.0000000000
92300  -41.927  21.738  -28.287 0.0000000000
92301  -43.778  21.239  -28.967 0.0000000000
92307  -42.879  21.322  -29.884 0.0000000000
92308  -43.828  20.517  -30.369 0.0000000000
92309  -44.099  20.010  -30.752 0.0000000000
92312  -42.361  21.285  -30.367 0.0000000000
92313  -43.101  20.943  -30.852 0.0000000000
92314  -43.706  20.258  -30.944 0.0000000000
92315  -44.007  19.719  -30.987 0.0000000000
92319  -43.303  20.352  -31.204 0.0000000000
92320  -43.648  19.866  -31.229 0.0000000000
92321  -43.909  19.522  -31.140 0.0000000000
93006  -35.595  24.837  -17.064 0.0000000000
93007  -36.870  24.476  -17.962 0.0000000000
93008  -38.359  24.096  -18.979 0.0000000000
93009  -39.315  23.448  -19.548 0.0000000000
93010  -32.606  24.916  -17.851 0.0000000000
93011  -33.961  24.848  -17.016 0.0000000000
93012  -39.600  24.535  -19.192 0.0000000000
93013  -40.074  23.832  -20.297 0.0000000000
93014  -40.960  23.327  -21.144 0.0000000000
93016  -40.671  24.289  -21.705 0.0000000000
93017  -41.678  23.214  -22.394 0.0000000000
93018  -43.432  22.490  -23.145 0.0000000000
93019  -44.921  22.008  -23.739 0.0000000000
93020  -45.920  21.561  -24.247 0.0000000000
93021  -46.332  21.208  -24.630 0.0000000000
93023  -41.068  24.418  -23.377 0.0000000000
93024  -42.829  23.522  -23.960 0.0000000000
93025  -44.332  22.633  -24.469 0.0000000000
93026  -45.471  21.889  -24.869 0.0000000000
93027  -46.167  21.368  -25.080 0.0000000000
93028  -46.410  21.032  -25.048 0.0000000000
93029  -46.453  20.810  -25.139 0.0000000000
93031  -35.436  25.694  -25.366 0.0000000000
93032  -41.799  24.386  -24.818 0.0000000000
93033  -43.557  23.136  -25.324 0.0000000000
93034  -44.895  22.070  -25.667 0.0000000000
93035  -45.872  21.314  -25.922 0.0000000000
93036  -46.378  21.022  -25.564 0.0000000000
93037  -46.420  20.895  -25.389 0.0000000000
93038  -46.548  20.813  -25.316 0.0000000000
93040  -36.119  26.185  -26.807 0.0000000000
93041  -42.403  23.917  -25.842 0.0000000000
93042  -44.250  22.046  -26.775 0.0000000000
93043  -45.467  21.453  -26.434 0.0000000000
93044  -45.786  21.334  -26.293 0.0000000000
93048  -40.592  24.375  -26.391 0.0000000000
93049  -42.055  23.527  -26.492 0.0000000000
93050  -43.623  21.868  -27.793 0.0000000000
93053  -40.504  23.233  -26.850 0.0000000000
93054  -42.665  22.065  -27.652 0.0000000000
93055  -43.552  21.773  -28.291 0.0000000000
93777  -33.691  27.288  -17.643 0.0000000000
93778  -34.938  26.517  -16.994 0.0000000000
93779  -37.403  26.515  -17.227 0.0000000000
93780  -37.973  25.279  -18.355 0.0000000000
93783  -32.750  26.684  -18.710 0.0000000000
93784  -33.325  26.092  -17.341 0.0000000000
93785  -38.704  27.458  -17.757 0.0000000000
93786  -39.736  26.350  -18.268 0.0000000000
93787  -40.571  25.086  -18.938 0.0000000000
93790  -32.979  26.704  -20.749 0.0000000000
93791  -40.964  27.633  -20.233 0.0000000000
93792  -40.857  25.579  -19.870 0.0000000000
93795  -34.586  26.877  -23.307 0.0000000000
93796  -35.911  28.249  -24.510 0.0000000000
93797  -41.322  28.090  -22.764 0.0000000000
93798  -41.203  25.852  -22.092 0.0000000000
93799  -35.111  26.100  -24.595 0.0000000000
93800  -36.386  27.170  -25.439 0.0000000000
93801  -41.399  27.612  -24.596 0.0000000000
93802  -41.422  26.098  -23.946 0.0000000000
93803  -37.710  27.375  -27.412 0.0000000000
93804  -38.648  27.980  -27.868 0.0000000000
93805  -41.219  27.429  -25.799 0.0000000000
93806  -41.611  25.943  -25.351 0.0000000000
93807  -37.777  26.662  -27.831 0.0000000000
93808  -38.722  26.409  -27.129 0.0000000000
93809  -40.538  26.294  -26.588 0.0000000000
93810  -41.503  25.452  -25.983 0.0000000000
93811  -39.526  24.717  -27.200 0.0000000000
93812  -40.084  25.149  -27.030 0.0000000000
94496  -34.047  28.106  -17.997 0.0000000000
94497  -34.724  27.916  -17.318 0.0000000000
94498  -36.134  28.009  -17.239 0.0000000000
94503  -33.506  28.070  -18.704 0.0000000000
94504  -38.039  28.635  -17.743 0.0000000000
94505  -39.204  27.857  -17.841 0.0000000000
94510  -33.456  28.194  -19.986 0.0000000000
94511  -38.425  29.771  -19.550 0.0000000000
94512  -39.456  28.430  -19.010 0.0000000000
94515  -34.374  28.483  -21.696 0.0000000000
94516  -35.632  29.117  -23.525 0.0000000000
94517  -38.145  30.025  -20.790 0.0000000000
94518  -39.781  29.806  -21.399 0.0000000000
94519  -37.260  29.310  -25.335 0.0000000000
94520  -39.101  29.923  -25.707 0.0000000000
94521  -40.381  29.356  -24.484 0.0000000000
94522  -37.566  28.477  -26.741 0.0000000000
94523  -38.690  28.615  -27.206 0.0000000000
94524  -40.061  28.496  -26.482 0.0000000000
94525  -38.876  28.017  -27.770 0.0000000000
94526  -39.377  27.839  -27.313 0.0000000000
95305  -34.498  28.539  -17.910 0.0000000000
95306  -35.242  28.831  -17.553 0.0000000000
95307  -36.328  29.294  -17.854 0.0000000000
95312  -34.088  28.787  -18.538 0.0000000000
95313  -37.093  29.946  -18.900 0.0000000000
95318  -33.966  29.121  -19.489 0.0000000000
95319  -37.285  30.430  -20.282 0.0000000000
95322  -34.399  29.522  -20.693 0.0000000000
95323  -35.508  30.058  -22.014 0.0000000000
95324  -37.334  30.479  -21.949 0.0000000000
95325  -39.118  30.405  -23.426 0.0000000000
95326  -36.664  30.130  -23.551 0.0000000000
95327  -38.195  30.294  -24.192 0.0000000000
95328  -39.304  30.422  -24.593 0.0000000000
96066  -34.653  29.099  -18.225 0.0000000000
96067  -35.292  29.553  -18.425 0.0000000000
96068  -36.023  30.019  -18.798 0.0000000000
96073  -34.500  29.589  -18.984 0.0000000000
96074  -35.277  30.189  -19.397 0.0000000000
96075  -36.254  30.485  -19.772 0.0000000000
96078  -34.666  30.041  -20.006 0.0000000000
96079  -35.525  30.648  -20.395 0.0000000000
96080  -36.446  30.715  -20.876 0.0000000000
96082  -35.138  30.325  -20.894 0.0000000000
96083  -36.044  30.614  -21.224 0.0000000000
96084  -36.565  30.767  -21.346 0.0000000000
122627  -60.198  -35.457  10.721 0.0000000000
122628  -59.976  -35.416  10.782 0.0000000000
122629  -59.753  -35.395  10.743 0.0000000000
122630  -59.794  -35.277  9.984 0.0000000000
122631  -60.017  -35.588  10.753 0.0000000000
122632  -59.483  -34.949  10.024 0.0000000000
122633  -59.422  -35.061  10.239 0.0000000000
122634  -60.096  -35.050  9.995 0.0000000000
123257  -53.853  5.477  -7.359 0.0000000000
123258  -53.634  5.693  -6.930 0.0000000000
123262  -53.486  8.055  -7.774 0.0000000000
123263  -54.269  7.244  -6.539 0.0000000000
123265  -52.912  12.085  -5.463 0.0000000000
123266  -54.411  8.927  -5.263 0.0000000000
123268  -54.196  9.596  -5.535 0.0000000000
123269  -51.594  13.502  -5.483 0.0000000000
123270  -52.921  11.911  -6.348 0.0000000000
123272  -54.520  11.146  -5.292 0.0000000000
123273  -53.047  12.715  -6.277 0.0000000000
123274  -52.857  12.037  -4.819 0.0000000000
123275  -54.388  12.178  -4.277 0.0000000000
123277  -50.380  14.260  -5.150 0.0000000000
123278  -52.558  12.292  -3.671 0.0000000000
123279  -53.868  11.658  -5.237 0.0000000000
123281  -53.178  9.035  -9.668 0.0000000000
123286  -52.977  11.921  -7.776 0.0000000000
123288  -52.081  12.808  -8.786 0.0000000000
123290  -52.821  13.276  -7.756 0.0000000000
123296  -49.322  18.793  -9.167 0.0000000000
123298  -45.695  18.337  -12.865 0.0000000000
123299  -50.380  18.670  -9.946 0.0000000000
123300  -49.070  18.388  -7.310 0.0000000000
123302  -46.880  16.305  -14.330 0.0000000000
123303  -49.666  18.938  -8.140 0.0000000000
123304  -50.673  18.286  -7.322 0.0000000000
123306  -45.859  15.261  -15.254 0.0000000000
123327  -44.549  18.230  -16.652 0.0000000000
123330  -45.938  17.414  -17.166 0.0000000000
123334  -45.447  17.982  -17.123 0.0000000000
