#!ascii label  , from subject Yale_0050567 vox2ras=TkReg
2233
53858  -12.720  -18.058  56.996 0.0000000000
53873  -13.134  -18.040  56.137 0.0000000000
54965  -12.443  -17.525  59.075 0.0000000000
54976  -12.898  -17.667  57.821 0.0000000000
54977  -13.604  -17.205  57.170 0.0000000000
54987  -13.321  -17.585  56.754 0.0000000000
54988  -13.930  -17.111  56.483 0.0000000000
54995  -13.661  -17.510  56.006 0.0000000000
54996  -14.335  -17.183  55.596 0.0000000000
56029  -12.806  -15.768  60.425 0.0000000000
56030  -13.557  -15.486  60.206 0.0000000000
56040  -12.733  -16.673  59.672 0.0000000000
56041  -13.729  -15.855  59.646 0.0000000000
56050  -13.475  -17.149  58.423 0.0000000000
56051  -14.127  -16.418  58.694 0.0000000000
56059  -13.602  -17.177  57.658 0.0000000000
56060  -14.289  -16.577  57.232 0.0000000000
56061  -14.871  -16.022  56.819 0.0000000000
56070  -14.436  -16.706  56.225 0.0000000000
56071  -14.984  -16.146  56.217 0.0000000000
56072  -15.569  -15.942  55.718 0.0000000000
56080  -14.768  -16.639  55.701 0.0000000000
56081  -15.306  -16.393  55.344 0.0000000000
56082  -15.950  -15.995  55.193 0.0000000000
57142  -12.747  -14.490  61.234 0.0000000000
57143  -13.396  -14.539  61.082 0.0000000000
57146  -12.052  -15.166  61.055 0.0000000000
57147  -13.396  -14.942  60.674 0.0000000000
57148  -14.211  -15.221  59.984 0.0000000000
57152  -14.854  -15.473  58.961 0.0000000000
57153  -15.549  -15.121  58.558 0.0000000000
57161  -14.865  -15.901  57.789 0.0000000000
57162  -15.483  -15.391  57.958 0.0000000000
57170  -14.852  -15.973  57.133 0.0000000000
57171  -15.497  -15.549  56.844 0.0000000000
57172  -16.206  -15.261  56.450 0.0000000000
57181  -15.535  -15.765  56.127 0.0000000000
57182  -16.181  -15.522  55.811 0.0000000000
57183  -16.827  -15.199  55.720 0.0000000000
57192  -16.428  -15.689  55.206 0.0000000000
57193  -17.142  -15.439  55.043 0.0000000000
57288  -31.618  -14.822  44.545 0.0000000000
57289  -31.858  -14.850  44.500 0.0000000000
57290  -32.373  -14.834  44.405 0.0000000000
57301  -31.614  -14.926  44.334 0.0000000000
57302  -31.995  -15.025  44.151 0.0000000000
57303  -32.637  -14.958  44.018 0.0000000000
58278  -13.619  -14.021  61.224 0.0000000000
58279  -14.394  -13.865  61.113 0.0000000000
58283  -13.782  -14.497  60.933 0.0000000000
58284  -14.694  -14.355  60.550 0.0000000000
58285  -16.013  -13.825  60.003 0.0000000000
58286  -16.599  -13.539  59.775 0.0000000000
58290  -14.884  -14.937  59.673 0.0000000000
58291  -15.743  -14.643  59.206 0.0000000000
58292  -16.635  -13.900  59.308 0.0000000000
58298  -16.043  -14.921  58.075 0.0000000000
58299  -16.938  -14.193  58.238 0.0000000000
58300  -17.607  -13.818  57.836 0.0000000000
58306  -15.882  -15.169  57.460 0.0000000000
58307  -16.515  -14.856  57.006 0.0000000000
58308  -17.705  -14.061  57.078 0.0000000000
58309  -18.282  -13.682  56.650 0.0000000000
58314  -16.621  -15.118  56.170 0.0000000000
58315  -17.336  -14.731  55.882 0.0000000000
58316  -18.162  -13.984  56.041 0.0000000000
58319  -17.641  -14.957  55.191 0.0000000000
58320  -18.200  -14.515  54.980 0.0000000000
58364  -30.623  -13.984  47.460 0.0000000000
58365  -31.391  -13.919  47.432 0.0000000000
58366  -31.765  -13.854  47.403 0.0000000000
58376  -29.604  -14.123  46.346 0.0000000000
58377  -30.223  -14.130  46.757 0.0000000000
58378  -31.137  -14.135  46.846 0.0000000000
58379  -31.978  -13.976  47.026 0.0000000000
58380  -32.590  -13.843  46.900 0.0000000000
58388  -29.441  -14.209  45.707 0.0000000000
58389  -30.107  -14.306  45.894 0.0000000000
58390  -30.912  -14.351  46.093 0.0000000000
58391  -31.819  -14.272  46.227 0.0000000000
58392  -32.847  -14.037  46.366 0.0000000000
58393  -33.539  -13.883  46.121 0.0000000000
58403  -29.352  -14.250  45.309 0.0000000000
58404  -29.815  -14.394  45.107 0.0000000000
58405  -30.710  -14.529  45.307 0.0000000000
58406  -31.579  -14.519  45.449 0.0000000000
58407  -32.559  -14.445  45.512 0.0000000000
58408  -33.721  -14.154  45.547 0.0000000000
58409  -34.423  -14.016  45.251 0.0000000000
58420  -29.851  -14.552  44.432 0.0000000000
58421  -30.527  -14.681  44.569 0.0000000000
58422  -31.404  -14.760  44.691 0.0000000000
58423  -32.162  -14.699  44.851 0.0000000000
58424  -33.255  -14.704  44.522 0.0000000000
58425  -34.467  -14.218  44.675 0.0000000000
58438  -30.149  -14.796  43.929 0.0000000000
58439  -31.227  -15.077  43.964 0.0000000000
58440  -32.271  -15.249  43.575 0.0000000000
58441  -33.330  -15.099  43.471 0.0000000000
58442  -34.639  -14.547  43.425 0.0000000000
58456  -30.359  -15.148  43.253 0.0000000000
58457  -31.550  -15.437  43.005 0.0000000000
58458  -32.843  -15.425  42.685 0.0000000000
58459  -34.161  -15.080  42.410 0.0000000000
58460  -35.393  -14.395  41.995 0.0000000000
58478  -35.822  -14.014  40.860 0.0000000000
59433  -14.263  -13.225  61.350 0.0000000000
59434  -15.129  -13.125  61.314 0.0000000000
59437  -14.868  -13.640  61.115 0.0000000000
59438  -15.667  -13.344  60.877 0.0000000000
59439  -16.686  -13.087  60.264 0.0000000000
59440  -17.441  -12.879  59.886 0.0000000000
59443  -17.088  -13.364  59.575 0.0000000000
59444  -17.816  -13.029  59.242 0.0000000000
59445  -18.361  -12.923  58.707 0.0000000000
59448  -17.283  -13.635  58.967 0.0000000000
59449  -17.789  -13.481  58.383 0.0000000000
59450  -18.460  -13.132  58.026 0.0000000000
59453  -18.019  -13.579  57.698 0.0000000000
59454  -18.484  -13.349  57.195 0.0000000000
59456  -18.729  -13.282  56.296 0.0000000000
59457  -19.054  -12.991  55.613 0.0000000000
59459  -18.667  -13.613  55.375 0.0000000000
59460  -19.123  -13.133  54.844 0.0000000000
59482  -29.910  -13.521  49.537 0.0000000000
59483  -30.802  -13.472  49.522 0.0000000000
59484  -31.621  -13.311  49.468 0.0000000000
59485  -32.082  -13.147  49.446 0.0000000000
59492  -28.888  -13.566  48.611 0.0000000000
59493  -29.661  -13.647  48.734 0.0000000000
59494  -30.462  -13.649  48.789 0.0000000000
59495  -31.351  -13.558  48.746 0.0000000000
59496  -32.322  -13.227  48.813 0.0000000000
59497  -33.016  -12.983  48.496 0.0000000000
59505  -28.696  -13.700  47.775 0.0000000000
59506  -29.442  -13.793  47.975 0.0000000000
59507  -30.171  -13.826  48.095 0.0000000000
59508  -30.982  -13.801  48.058 0.0000000000
59509  -32.016  -13.671  47.744 0.0000000000
59510  -32.931  -13.231  47.959 0.0000000000
59519  -28.442  -13.805  46.931 0.0000000000
59520  -29.331  -13.908  47.079 0.0000000000
59521  -29.946  -13.946  47.486 0.0000000000
59522  -32.425  -13.789  47.182 0.0000000000
59523  -33.208  -13.537  47.025 0.0000000000
59524  -34.016  -13.319  46.762 0.0000000000
59536  -28.958  -14.014  46.244 0.0000000000
59537  -33.435  -13.760  46.416 0.0000000000
59538  -34.232  -13.577  46.163 0.0000000000
59539  -35.446  -13.118  45.761 0.0000000000
59540  -36.065  -12.803  45.486 0.0000000000
59555  -29.312  -14.274  45.069 0.0000000000
59556  -34.348  -13.834  45.525 0.0000000000
59557  -35.089  -13.652  45.147 0.0000000000
59558  -35.907  -13.081  45.182 0.0000000000
59573  -35.482  -13.761  43.956 0.0000000000
59574  -36.146  -13.145  44.423 0.0000000000
59589  -35.910  -13.734  42.717 0.0000000000
59590  -36.515  -13.121  43.318 0.0000000000
59605  -36.408  -13.610  41.527 0.0000000000
59606  -36.895  -12.975  42.165 0.0000000000
59626  -36.538  -13.182  40.553 0.0000000000
59627  -37.115  -12.725  41.105 0.0000000000
60607  -14.957  -12.335  61.438 0.0000000000
60608  -15.866  -12.164  61.383 0.0000000000
60612  -15.640  -12.716  61.241 0.0000000000
60613  -16.481  -12.422  61.100 0.0000000000
60614  -17.574  -12.299  60.512 0.0000000000
60615  -18.360  -12.074  60.123 0.0000000000
60618  -17.974  -12.508  59.807 0.0000000000
60619  -18.689  -12.287  59.382 0.0000000000
60620  -19.354  -11.943  58.887 0.0000000000
60623  -18.917  -12.536  58.472 0.0000000000
60624  -19.493  -12.076  58.149 0.0000000000
60627  -19.007  -12.719  57.677 0.0000000000
60628  -19.511  -12.242  57.284 0.0000000000
60631  -19.026  -12.821  56.944 0.0000000000
60632  -19.391  -12.488  56.296 0.0000000000
60634  -19.434  -12.449  55.297 0.0000000000
60644  -29.364  -12.793  51.109 0.0000000000
60645  -29.992  -12.959  51.017 0.0000000000
60646  -30.882  -12.938  50.909 0.0000000000
60647  -31.711  -12.768  50.742 0.0000000000
60648  -32.339  -12.581  50.527 0.0000000000
60658  -28.469  -12.882  50.158 0.0000000000
60659  -29.166  -13.107  50.348 0.0000000000
60660  -30.319  -13.290  50.288 0.0000000000
60661  -31.226  -13.212  50.186 0.0000000000
60662  -32.026  -13.016  49.997 0.0000000000
60663  -32.687  -12.551  49.923 0.0000000000
60674  -27.423  -12.849  49.211 0.0000000000
60675  -28.241  -13.151  49.410 0.0000000000
60676  -29.156  -13.456  49.353 0.0000000000
60677  -32.448  -12.949  49.464 0.0000000000
60678  -33.162  -12.540  49.047 0.0000000000
60679  -34.014  -12.143  48.556 0.0000000000
60691  -27.429  -13.224  48.430 0.0000000000
60692  -28.224  -13.464  48.380 0.0000000000
60693  -33.633  -12.713  48.089 0.0000000000
60694  -34.732  -12.123  47.881 0.0000000000
60695  -35.468  -11.797  47.613 0.0000000000
60708  -27.903  -13.601  47.631 0.0000000000
60709  -33.500  -13.120  47.568 0.0000000000
60710  -34.282  -12.922  47.200 0.0000000000
60711  -35.660  -12.141  46.991 0.0000000000
60712  -36.431  -11.900  46.405 0.0000000000
60729  -34.398  -13.216  46.664 0.0000000000
60730  -35.056  -12.943  46.482 0.0000000000
60731  -36.183  -12.416  45.950 0.0000000000
60746  -36.626  -12.481  44.959 0.0000000000
60747  -37.159  -11.898  44.927 0.0000000000
60762  -36.991  -12.486  43.867 0.0000000000
60763  -37.380  -11.840  44.329 0.0000000000
60779  -37.331  -12.387  42.797 0.0000000000
60780  -37.659  -11.745  43.335 0.0000000000
60799  -37.603  -12.016  41.680 0.0000000000
60800  -37.793  -11.628  42.440 0.0000000000
60818  -36.987  -12.259  40.231 0.0000000000
60819  -37.474  -11.790  40.741 0.0000000000
60832  -37.347  -11.542  40.068 0.0000000000
61840  -15.658  -11.312  61.610 0.0000000000
61841  -16.632  -11.061  61.406 0.0000000000
61846  -16.421  -11.730  61.332 0.0000000000
61847  -17.355  -11.446  61.242 0.0000000000
61848  -18.472  -11.415  60.714 0.0000000000
61849  -19.239  -11.095  60.362 0.0000000000
61852  -18.901  -11.673  60.070 0.0000000000
61853  -19.549  -11.332  59.642 0.0000000000
61856  -19.943  -11.325  58.741 0.0000000000
61858  -20.048  -11.514  57.803 0.0000000000
61861  -19.960  -11.658  56.817 0.0000000000
61863  -19.858  -11.774  55.823 0.0000000000
61865  -19.800  -11.820  54.881 0.0000000000
61875  -28.765  -11.832  52.156 0.0000000000
61876  -29.358  -11.997  52.196 0.0000000000
61877  -30.277  -12.112  52.293 0.0000000000
61878  -31.223  -12.118  52.255 0.0000000000
61879  -32.026  -12.064  52.087 0.0000000000
61885  -27.102  -11.632  51.306 0.0000000000
61886  -27.637  -11.979  51.187 0.0000000000
61887  -28.633  -12.356  51.379 0.0000000000
61888  -29.696  -12.497  51.607 0.0000000000
61889  -30.587  -12.535  51.591 0.0000000000
61890  -31.474  -12.494  51.500 0.0000000000
61891  -32.387  -12.239  51.315 0.0000000000
61900  -26.965  -11.865  50.659 0.0000000000
61901  -27.889  -12.539  50.346 0.0000000000
61902  -28.539  -12.745  50.561 0.0000000000
61903  -32.941  -12.181  50.610 0.0000000000
61916  -26.206  -12.180  49.295 0.0000000000
61917  -27.035  -12.413  49.715 0.0000000000
61918  -27.653  -12.729  49.660 0.0000000000
61919  -33.389  -11.987  49.879 0.0000000000
61920  -33.970  -11.764  49.192 0.0000000000
61935  -26.739  -12.728  48.867 0.0000000000
61936  -34.658  -11.590  48.604 0.0000000000
61937  -35.392  -11.451  48.065 0.0000000000
61952  -36.043  -11.404  47.477 0.0000000000
61953  -36.841  -11.300  46.703 0.0000000000
61954  -37.497  -10.753  46.421 0.0000000000
61966  -36.968  -11.667  45.918 0.0000000000
61967  -37.545  -10.946  45.929 0.0000000000
61974  -36.940  -11.969  45.371 0.0000000000
61975  -37.611  -11.262  45.003 0.0000000000
61983  -37.946  -11.002  43.810 0.0000000000
61991  -38.092  -10.914  42.743 0.0000000000
62001  -37.853  -11.319  41.063 0.0000000000
62002  -37.942  -10.944  41.705 0.0000000000
62008  -37.662  -10.837  40.459 0.0000000000
62009  -37.962  -10.814  41.008 0.0000000000
62948  -16.283  -10.260  61.482 0.0000000000
62949  -17.342  -10.400  61.415 0.0000000000
62954  -18.323  -10.551  61.272 0.0000000000
62955  -19.205  -10.481  60.905 0.0000000000
62956  -19.886  -10.441  60.342 0.0000000000
62959  -20.534  -10.320  59.525 0.0000000000
62960  -21.110  -9.654  59.492 0.0000000000
62963  -20.609  -10.713  58.421 0.0000000000
62964  -21.188  -9.946  58.969 0.0000000000
62966  -20.568  -10.881  57.392 0.0000000000
62967  -21.209  -10.183  58.075 0.0000000000
62970  -20.418  -11.067  56.351 0.0000000000
62971  -21.247  -10.324  56.992 0.0000000000
62972  -21.736  -10.077  56.858 0.0000000000
62975  -20.265  -11.271  55.365 0.0000000000
62976  -20.794  -10.782  55.865 0.0000000000
62977  -21.479  -10.414  55.927 0.0000000000
62978  -21.874  -10.503  55.222 0.0000000000
62982  -20.100  -11.339  54.585 0.0000000000
62983  -20.621  -10.926  54.824 0.0000000000
62984  -21.185  -10.686  54.568 0.0000000000
62985  -21.701  -10.612  54.350 0.0000000000
62993  -21.831  -10.631  53.531 0.0000000000
63001  -26.750  -11.147  52.362 0.0000000000
63002  -27.151  -11.239  52.409 0.0000000000
63003  -28.117  -11.482  52.322 0.0000000000
63004  -28.988  -11.394  52.715 0.0000000000
63005  -29.875  -11.418  52.846 0.0000000000
63006  -30.893  -11.537  52.972 0.0000000000
63007  -32.006  -11.501  52.871 0.0000000000
63015  -24.844  -10.660  51.235 0.0000000000
63016  -25.270  -10.805  51.334 0.0000000000
63017  -26.428  -11.225  51.688 0.0000000000
63018  -27.390  -11.552  51.749 0.0000000000
63019  -27.951  -11.809  51.638 0.0000000000
63020  -32.940  -11.566  52.304 0.0000000000
63021  -33.706  -11.225  51.926 0.0000000000
63032  -25.491  -11.113  50.554 0.0000000000
63033  -26.221  -11.489  50.506 0.0000000000
63034  -33.272  -11.742  51.328 0.0000000000
63035  -33.973  -11.105  51.070 0.0000000000
63047  -25.770  -11.575  49.768 0.0000000000
63048  -26.417  -11.928  49.992 0.0000000000
63049  -33.532  -11.660  50.569 0.0000000000
63050  -34.181  -11.199  49.953 0.0000000000
63051  -34.850  -10.836  49.474 0.0000000000
63064  -34.571  -11.228  49.181 0.0000000000
63065  -35.341  -10.893  48.783 0.0000000000
63078  -36.111  -10.877  48.035 0.0000000000
63079  -36.771  -10.831  47.459 0.0000000000
63080  -37.485  -10.478  46.884 0.0000000000
63087  -37.973  -10.193  46.144 0.0000000000
63088  -38.388  -9.773  45.587 0.0000000000
63095  -38.109  -10.340  45.311 0.0000000000
63096  -38.526  -9.585  44.901 0.0000000000
63104  -38.333  -10.148  44.275 0.0000000000
63105  -38.593  -9.307  44.187 0.0000000000
63113  -38.435  -10.064  43.156 0.0000000000
63119  -38.364  -10.002  42.070 0.0000000000
63125  -37.897  -10.086  40.292 0.0000000000
63126  -38.101  -10.048  40.981 0.0000000000
64000  -17.116  -9.327  61.491 0.0000000000
64005  -18.172  -9.575  61.505 0.0000000000
64006  -19.032  -9.647  61.343 0.0000000000
64007  -19.952  -9.483  60.971 0.0000000000
64008  -20.649  -8.920  60.647 0.0000000000
64011  -20.462  -9.664  60.335 0.0000000000
64012  -21.090  -9.163  60.035 0.0000000000
64015  -21.531  -9.118  59.423 0.0000000000
64018  -21.785  -9.395  58.731 0.0000000000
64019  -22.172  -9.242  58.402 0.0000000000
64022  -21.725  -9.755  57.972 0.0000000000
64023  -22.164  -9.566  57.673 0.0000000000
64024  -22.708  -9.410  57.386 0.0000000000
64025  -23.267  -9.288  57.239 0.0000000000
64029  -22.100  -9.904  56.829 0.0000000000
64030  -22.493  -10.032  56.302 0.0000000000
64031  -23.518  -9.757  56.407 0.0000000000
64032  -24.322  -9.684  56.251 0.0000000000
64033  -25.059  -9.565  56.268 0.0000000000
64038  -22.553  -10.573  54.944 0.0000000000
64039  -23.620  -10.419  55.064 0.0000000000
64040  -24.561  -10.253  55.186 0.0000000000
64041  -25.488  -10.010  55.392 0.0000000000
64042  -26.178  -10.018  55.092 0.0000000000
64043  -26.793  -9.927  55.040 0.0000000000
64048  -22.810  -10.643  53.439 0.0000000000
64049  -23.947  -10.685  53.878 0.0000000000
64050  -24.898  -10.607  54.114 0.0000000000
64051  -25.709  -10.515  54.187 0.0000000000
64052  -26.437  -10.457  54.153 0.0000000000
64053  -27.263  -10.277  54.307 0.0000000000
64054  -28.032  -10.245  54.124 0.0000000000
64055  -28.841  -10.109  54.181 0.0000000000
64056  -29.769  -10.048  54.275 0.0000000000
64057  -30.805  -10.053  54.387 0.0000000000
64058  -31.935  -10.025  54.529 0.0000000000
64059  -32.615  -9.620  54.458 0.0000000000
64064  -23.442  -10.591  52.483 0.0000000000
64065  -24.354  -10.703  52.823 0.0000000000
64066  -25.226  -10.743  53.055 0.0000000000
64067  -25.982  -10.765  53.193 0.0000000000
64068  -26.712  -10.936  53.005 0.0000000000
64069  -27.617  -10.829  53.242 0.0000000000
64070  -28.485  -10.798  53.327 0.0000000000
64071  -29.380  -10.738  53.459 0.0000000000
64072  -30.367  -10.755  53.583 0.0000000000
64073  -31.548  -10.764  53.687 0.0000000000
64074  -33.271  -10.435  53.649 0.0000000000
64075  -34.388  -10.106  53.325 0.0000000000
64081  -23.927  -10.541  51.673 0.0000000000
64082  -24.746  -10.659  51.758 0.0000000000
64083  -25.640  -10.820  52.245 0.0000000000
64084  -26.186  -10.911  52.517 0.0000000000
64085  -33.670  -10.999  52.563 0.0000000000
64086  -34.603  -10.364  52.180 0.0000000000
64087  -35.533  -9.617  51.728 0.0000000000
64093  -24.218  -10.552  51.167 0.0000000000
64094  -34.703  -10.546  50.552 0.0000000000
64095  -35.405  -9.858  50.826 0.0000000000
64101  -34.770  -10.679  49.880 0.0000000000
64102  -35.453  -10.224  49.640 0.0000000000
64107  -36.494  -10.187  48.582 0.0000000000
64108  -37.667  -9.504  48.151 0.0000000000
64109  -38.321  -9.100  47.857 0.0000000000
64117  -36.682  -10.547  47.938 0.0000000000
64118  -37.290  -10.211  47.669 0.0000000000
64119  -38.363  -9.454  46.908 0.0000000000
64120  -38.926  -8.738  46.244 0.0000000000
64129  -38.411  -9.634  46.043 0.0000000000
64130  -38.819  -9.071  45.566 0.0000000000
64136  -38.807  -8.828  44.500 0.0000000000
64143  -38.631  -9.309  43.523 0.0000000000
64144  -38.758  -8.715  43.752 0.0000000000
64151  -38.653  -8.894  42.556 0.0000000000
64152  -38.720  -8.720  43.244 0.0000000000
64164  -38.341  -9.141  41.473 0.0000000000
64179  -38.180  -9.282  40.872 0.0000000000
65032  -16.719  -8.143  61.614 0.0000000000
65033  -18.224  -8.330  61.508 0.0000000000
65034  -19.016  -7.869  61.557 0.0000000000
65039  -18.737  -9.010  61.462 0.0000000000
65040  -19.414  -8.478  61.388 0.0000000000
65041  -20.422  -8.314  61.100 0.0000000000
65042  -21.176  -8.006  60.586 0.0000000000
65043  -21.465  -7.455  60.437 0.0000000000
65046  -21.639  -8.110  59.946 0.0000000000
65047  -21.523  -7.689  60.278 0.0000000000
65049  -22.132  -8.348  59.348 0.0000000000
65050  -22.515  -7.783  59.329 0.0000000000
65053  -22.222  -8.864  58.815 0.0000000000
65054  -22.707  -8.418  58.783 0.0000000000
65055  -23.270  -7.884  58.906 0.0000000000
65060  -22.752  -8.986  58.029 0.0000000000
65061  -23.381  -8.410  58.263 0.0000000000
65062  -24.112  -8.459  57.734 0.0000000000
65063  -24.738  -7.839  58.069 0.0000000000
65068  -24.237  -9.212  57.025 0.0000000000
65069  -24.944  -8.603  57.437 0.0000000000
65070  -25.978  -8.941  56.924 0.0000000000
65071  -27.034  -8.552  57.121 0.0000000000
65072  -27.866  -8.263  57.104 0.0000000000
65073  -28.292  -7.962  57.061 0.0000000000
65074  -29.671  -7.687  56.462 0.0000000000
65075  -30.488  -7.611  56.275 0.0000000000
65076  -31.296  -7.374  56.128 0.0000000000
65077  -32.111  -7.070  56.106 0.0000000000
65078  -32.572  -6.870  56.109 0.0000000000
65083  -26.060  -9.649  55.854 0.0000000000
65084  -26.603  -9.479  55.984 0.0000000000
65085  -27.527  -9.366  55.709 0.0000000000
65086  -28.524  -8.597  56.201 0.0000000000
65087  -29.486  -8.618  55.947 0.0000000000
65088  -30.358  -8.539  55.813 0.0000000000
65089  -31.250  -8.383  55.671 0.0000000000
65090  -32.177  -8.096  55.575 0.0000000000
65091  -33.088  -7.401  55.704 0.0000000000
65092  -33.840  -7.153  55.767 0.0000000000
65096  -27.769  -9.886  54.784 0.0000000000
65097  -28.295  -9.576  54.988 0.0000000000
65098  -29.150  -9.318  55.048 0.0000000000
65099  -30.096  -9.231  55.010 0.0000000000
65100  -31.106  -9.305  55.149 0.0000000000
65101  -32.076  -9.165  55.098 0.0000000000
65102  -33.254  -9.003  54.762 0.0000000000
65103  -34.317  -7.669  55.090 0.0000000000
65104  -35.284  -7.216  55.000 0.0000000000
65105  -35.660  -7.109  54.852 0.0000000000
65109  -33.714  -9.671  54.170 0.0000000000
65110  -34.486  -9.347  54.011 0.0000000000
65111  -35.475  -7.972  54.267 0.0000000000
65112  -35.603  -7.335  54.584 0.0000000000
65116  -34.892  -9.789  53.150 0.0000000000
65117  -35.830  -8.930  52.789 0.0000000000
65118  -36.638  -8.158  52.363 0.0000000000
65121  -36.134  -9.109  51.158 0.0000000000
65122  -36.739  -8.394  51.579 0.0000000000
65125  -36.184  -9.408  50.000 0.0000000000
65126  -37.266  -8.552  50.190 0.0000000000
65127  -38.164  -8.156  49.675 0.0000000000
65129  -36.280  -9.788  49.327 0.0000000000
65130  -37.050  -9.355  49.162 0.0000000000
65131  -38.362  -8.580  48.758 0.0000000000
65132  -39.211  -8.126  47.875 0.0000000000
65134  -38.731  -8.737  47.634 0.0000000000
65135  -39.195  -8.278  46.837 0.0000000000
65142  -39.262  -8.124  45.737 0.0000000000
65151  -39.155  -8.112  44.713 0.0000000000
65160  -38.941  -8.166  43.946 0.0000000000
65171  -38.570  -7.990  42.487 0.0000000000
65172  -38.753  -8.015  43.175 0.0000000000
65189  -38.192  -7.953  41.633 0.0000000000
66084  -17.565  -7.085  61.606 0.0000000000
66085  -18.828  -7.097  61.511 0.0000000000
66086  -19.778  -6.804  61.452 0.0000000000
66087  -20.528  -6.686  61.337 0.0000000000
66088  -21.025  -6.550  61.097 0.0000000000
66092  -19.471  -7.560  61.454 0.0000000000
66093  -20.135  -7.549  61.371 0.0000000000
66094  -20.832  -7.352  61.105 0.0000000000
66095  -21.361  -6.941  60.734 0.0000000000
66098  -21.802  -7.671  59.978 0.0000000000
66099  -21.819  -7.214  60.225 0.0000000000
66102  -21.979  -7.707  59.806 0.0000000000
66103  -22.303  -7.155  59.708 0.0000000000
66107  -22.765  -7.132  59.352 0.0000000000
66108  -23.156  -7.373  59.168 0.0000000000
66113  -23.618  -7.169  59.047 0.0000000000
66114  -24.122  -7.116  58.599 0.0000000000
66115  -24.620  -6.946  58.298 0.0000000000
66116  -28.982  -6.037  57.285 0.0000000000
66117  -29.280  -6.045  57.225 0.0000000000
66118  -29.934  -6.001  57.127 0.0000000000
66119  -30.518  -5.902  57.036 0.0000000000
66123  -25.112  -6.977  58.159 0.0000000000
66124  -25.790  -7.234  58.110 0.0000000000
66125  -26.602  -7.229  57.966 0.0000000000
66126  -27.322  -7.009  57.646 0.0000000000
66127  -28.040  -6.888  57.368 0.0000000000
66128  -28.855  -6.457  57.178 0.0000000000
66129  -29.796  -6.755  56.794 0.0000000000
66130  -30.534  -6.669  56.637 0.0000000000
66131  -31.303  -6.324  56.733 0.0000000000
66132  -32.232  -6.293  56.508 0.0000000000
66133  -32.798  -6.079  56.349 0.0000000000
66136  -28.584  -7.631  56.982 0.0000000000
66137  -29.044  -7.885  56.644 0.0000000000
66138  -32.854  -6.660  56.178 0.0000000000
66139  -33.543  -6.494  56.168 0.0000000000
66140  -34.343  -6.277  56.112 0.0000000000
66143  -34.273  -6.891  55.883 0.0000000000
66144  -34.990  -6.613  55.824 0.0000000000
66145  -35.728  -6.655  55.395 0.0000000000
66148  -35.812  -7.640  54.081 0.0000000000
66149  -36.051  -7.118  54.414 0.0000000000
66151  -35.997  -7.858  53.722 0.0000000000
66152  -36.668  -7.410  53.067 0.0000000000
66153  -37.395  -6.928  52.298 0.0000000000
66155  -37.151  -7.670  51.961 0.0000000000
66156  -37.900  -7.042  51.410 0.0000000000
66157  -38.572  -6.738  50.715 0.0000000000
66159  -37.410  -7.840  51.053 0.0000000000
66160  -38.175  -7.613  50.338 0.0000000000
66161  -39.078  -6.956  49.926 0.0000000000
66164  -38.721  -7.800  49.493 0.0000000000
66165  -39.440  -7.360  48.729 0.0000000000
66168  -39.708  -7.277  47.394 0.0000000000
66172  -39.627  -7.257  46.192 0.0000000000
66183  -39.381  -7.201  45.045 0.0000000000
66194  -38.779  -6.854  43.192 0.0000000000
66195  -39.007  -7.179  43.715 0.0000000000
66208  -38.519  -7.132  42.633 0.0000000000
66209  -38.802  -7.433  43.158 0.0000000000
66219  -38.150  -7.271  41.870 0.0000000000
66247  -45.000  -8.596  33.916 0.0000000000
66248  -45.653  -8.600  34.064 0.0000000000
66249  -46.246  -8.587  34.199 0.0000000000
66257  -44.710  -8.838  33.272 0.0000000000
66258  -45.735  -8.739  33.208 0.0000000000
66259  -46.558  -8.575  33.405 0.0000000000
66273  -46.047  -8.582  32.005 0.0000000000
66274  -46.437  -8.553  32.647 0.0000000000
67064  -18.242  -6.046  61.609 0.0000000000
67065  -19.300  -5.998  61.499 0.0000000000
67066  -20.186  -5.933  61.424 0.0000000000
67067  -20.888  -5.886  61.293 0.0000000000
67070  -21.401  -5.897  61.031 0.0000000000
67073  -21.745  -6.152  60.651 0.0000000000
67077  -22.120  -5.947  60.169 0.0000000000
67081  -22.571  -5.890  59.617 0.0000000000
67082  -23.183  -6.076  59.248 0.0000000000
67085  -23.982  -5.837  59.078 0.0000000000
67086  -24.484  -5.651  58.574 0.0000000000
67087  -25.008  -5.566  58.318 0.0000000000
67088  -28.919  -5.542  57.357 0.0000000000
67089  -29.401  -5.290  57.336 0.0000000000
67090  -30.029  -5.182  57.328 0.0000000000
67091  -30.767  -5.259  57.221 0.0000000000
67094  -25.550  -5.522  58.140 0.0000000000
67095  -26.158  -5.499  57.974 0.0000000000
67096  -26.769  -5.294  57.764 0.0000000000
67097  -27.369  -5.432  57.609 0.0000000000
67098  -27.911  -5.136  57.481 0.0000000000
67099  -28.360  -4.588  57.449 0.0000000000
67100  -31.525  -5.332  56.829 0.0000000000
67101  -32.284  -5.316  56.499 0.0000000000
67102  -33.069  -5.423  56.372 0.0000000000
67104  -26.939  -4.239  57.544 0.0000000000
67105  -27.266  -3.921  57.441 0.0000000000
67106  -27.632  -3.546  57.326 0.0000000000
67107  -27.954  -3.146  57.220 0.0000000000
67108  -33.879  -5.506  56.280 0.0000000000
67109  -34.792  -5.579  56.251 0.0000000000
67112  -35.687  -5.730  56.121 0.0000000000
67113  -36.303  -5.822  55.378 0.0000000000
67115  -36.931  -5.955  54.128 0.0000000000
67116  -37.294  -5.480  53.031 0.0000000000
67119  -37.203  -6.358  52.896 0.0000000000
67120  -37.913  -5.936  52.187 0.0000000000
67121  -38.808  -5.568  51.695 0.0000000000
67124  -38.540  -6.272  51.374 0.0000000000
67125  -39.315  -5.835  50.768 0.0000000000
67126  -39.920  -5.276  50.168 0.0000000000
67130  -39.765  -6.015  49.425 0.0000000000
67131  -40.184  -5.147  49.575 0.0000000000
67137  -40.174  -6.120  48.088 0.0000000000
67138  -40.256  -5.372  48.895 0.0000000000
67145  -40.025  -6.263  46.737 0.0000000000
67153  -39.638  -6.275  45.594 0.0000000000
67160  -38.993  -5.949  43.933 0.0000000000
67161  -39.241  -6.275  44.494 0.0000000000
67168  -38.683  -6.279  43.276 0.0000000000
67169  -39.054  -6.411  43.826 0.0000000000
67174  -38.361  -6.387  42.650 0.0000000000
67197  -49.060  -7.139  38.781 0.0000000000
67198  -49.810  -6.596  39.215 0.0000000000
67199  -50.651  -6.030  39.691 0.0000000000
67200  -51.157  -5.612  39.833 0.0000000000
67206  -46.545  -7.919  36.608 0.0000000000
67207  -47.427  -7.844  37.121 0.0000000000
67208  -48.580  -7.674  37.824 0.0000000000
67209  -49.744  -7.343  38.172 0.0000000000
67210  -50.584  -6.680  38.663 0.0000000000
67211  -51.278  -6.099  39.245 0.0000000000
67215  -44.034  -7.802  35.766 0.0000000000
67216  -45.105  -8.079  35.761 0.0000000000
67217  -46.199  -8.340  35.752 0.0000000000
67218  -47.346  -8.356  35.912 0.0000000000
67219  -48.508  -8.223  36.418 0.0000000000
67220  -49.607  -7.878  36.980 0.0000000000
67221  -50.769  -7.285  37.402 0.0000000000
67222  -51.303  -6.568  38.331 0.0000000000
67228  -43.663  -8.109  34.947 0.0000000000
67229  -44.751  -8.356  34.811 0.0000000000
67230  -45.801  -8.519  34.862 0.0000000000
67231  -47.062  -8.566  34.510 0.0000000000
67232  -48.367  -8.364  35.087 0.0000000000
67233  -49.676  -8.036  35.555 0.0000000000
67234  -50.266  -7.742  36.480 0.0000000000
67250  -44.292  -8.480  34.222 0.0000000000
67251  -47.479  -8.333  33.265 0.0000000000
67252  -48.469  -8.104  33.684 0.0000000000
67253  -49.083  -8.058  34.552 0.0000000000
67271  -46.785  -8.013  31.462 0.0000000000
67272  -47.268  -7.941  32.099 0.0000000000
67273  -47.977  -7.992  32.822 0.0000000000
67286  -46.612  -7.610  30.673 0.0000000000
67287  -46.994  -7.625  31.295 0.0000000000
67970  -18.779  -5.034  61.489 0.0000000000
67971  -19.798  -5.089  61.563 0.0000000000
67972  -20.593  -5.138  61.358 0.0000000000
67976  -21.212  -5.075  61.180 0.0000000000
67978  -21.893  -4.035  60.905 0.0000000000
67979  -21.813  -4.737  60.860 0.0000000000
67982  -22.046  -3.951  60.695 0.0000000000
67983  -22.332  -4.488  60.079 0.0000000000
67986  -22.819  -4.555  59.438 0.0000000000
67987  -23.578  -4.519  59.223 0.0000000000
67989  -24.328  -4.389  58.970 0.0000000000
67990  -24.893  -4.257  58.597 0.0000000000
67991  -25.329  -4.159  58.083 0.0000000000
67992  -28.880  -4.664  57.425 0.0000000000
67993  -29.344  -4.203  57.458 0.0000000000
67994  -30.187  -4.293  57.461 0.0000000000
67995  -30.948  -4.317  57.281 0.0000000000
67998  -25.801  -3.843  57.703 0.0000000000
67999  -26.292  -3.922  57.558 0.0000000000
68000  -26.617  -3.769  57.463 0.0000000000
68001  -28.537  -3.567  57.364 0.0000000000
68002  -28.931  -2.865  57.275 0.0000000000
68003  -31.648  -4.279  56.669 0.0000000000
68004  -32.525  -4.269  56.401 0.0000000000
68005  -33.355  -4.726  56.342 0.0000000000
68007  -26.003  -2.627  57.121 0.0000000000
68008  -26.343  -2.714  57.091 0.0000000000
68009  -26.732  -2.857  57.103 0.0000000000
68010  -27.045  -2.539  56.805 0.0000000000
68011  -27.403  -2.244  56.594 0.0000000000
68012  -28.036  -2.011  56.659 0.0000000000
68013  -28.761  -1.825  56.706 0.0000000000
68014  -33.228  -3.944  56.480 0.0000000000
68015  -34.096  -4.387  56.351 0.0000000000
68016  -35.221  -4.538  56.217 0.0000000000
68019  -25.936  -1.945  56.166 0.0000000000
68020  -26.226  -1.952  56.103 0.0000000000
68021  -26.503  -1.863  55.869 0.0000000000
68022  -26.830  -1.633  55.504 0.0000000000
68023  -27.266  -1.262  55.142 0.0000000000
68024  -27.801  -1.047  55.375 0.0000000000
68025  -36.155  -4.698  56.069 0.0000000000
68026  -36.841  -4.714  55.216 0.0000000000
68029  -25.743  -1.599  55.004 0.0000000000
68030  -26.006  -1.675  54.712 0.0000000000
68031  -26.311  -1.489  54.314 0.0000000000
68032  -26.724  -1.135  53.755 0.0000000000
68033  -27.165  -0.828  53.662 0.0000000000
68034  -37.289  -4.587  53.883 0.0000000000
68035  -37.640  -4.547  52.643 0.0000000000
68036  -38.451  -4.230  52.319 0.0000000000
68040  -25.517  -1.523  53.817 0.0000000000
68041  -25.754  -1.383  53.284 0.0000000000
68042  -26.205  -1.141  52.829 0.0000000000
68043  -26.569  -0.789  52.426 0.0000000000
68044  -38.506  -5.006  52.144 0.0000000000
68045  -39.384  -4.601  51.773 0.0000000000
68046  -40.040  -4.104  51.123 0.0000000000
68050  -39.891  -4.894  50.862 0.0000000000
68051  -40.341  -4.427  50.238 0.0000000000
68057  -40.477  -4.570  49.204 0.0000000000
68064  -40.352  -5.178  47.223 0.0000000000
68065  -40.473  -4.923  48.269 0.0000000000
68070  -39.850  -5.265  46.146 0.0000000000
68073  -38.841  -5.021  44.558 0.0000000000
68074  -39.303  -5.342  45.101 0.0000000000
68077  -38.618  -5.275  43.833 0.0000000000
68078  -39.036  -5.567  44.367 0.0000000000
68082  -38.354  -5.545  43.126 0.0000000000
68104  -48.128  -5.868  40.341 0.0000000000
68105  -49.252  -5.322  40.759 0.0000000000
68106  -50.161  -4.721  40.919 0.0000000000
68107  -50.559  -4.324  40.841 0.0000000000
68113  -45.597  -6.788  38.620 0.0000000000
68114  -46.715  -6.863  38.977 0.0000000000
68115  -47.755  -6.740  39.387 0.0000000000
68116  -48.894  -6.443  39.707 0.0000000000
68117  -49.978  -5.744  40.230 0.0000000000
68118  -50.893  -4.989  40.456 0.0000000000
68119  -51.705  -5.183  39.761 0.0000000000
68120  -52.075  -4.722  39.628 0.0000000000
68134  -42.134  -6.152  37.269 0.0000000000
68135  -43.088  -6.487  37.376 0.0000000000
68136  -44.055  -6.861  37.450 0.0000000000
68137  -45.068  -7.185  37.565 0.0000000000
68138  -46.300  -7.450  37.720 0.0000000000
68139  -47.484  -7.374  38.342 0.0000000000
68140  -48.332  -7.165  38.842 0.0000000000
68141  -51.966  -6.038  38.803 0.0000000000
68142  -52.360  -5.143  39.196 0.0000000000
68154  -42.491  -6.746  36.486 0.0000000000
68155  -43.476  -7.142  36.583 0.0000000000
68156  -44.508  -7.487  36.639 0.0000000000
68157  -45.582  -7.754  36.672 0.0000000000
68158  -51.501  -7.081  36.893 0.0000000000
68159  -51.920  -6.645  37.652 0.0000000000
68160  -52.684  -5.884  38.209 0.0000000000
68172  -43.003  -7.470  35.733 0.0000000000
68173  -50.402  -7.561  35.107 0.0000000000
68174  -50.974  -7.390  36.057 0.0000000000
68175  -52.204  -6.647  36.528 0.0000000000
68176  -52.656  -6.357  37.377 0.0000000000
68194  -49.033  -7.503  33.267 0.0000000000
68195  -49.827  -7.381  33.946 0.0000000000
68196  -51.054  -7.038  34.967 0.0000000000
68197  -51.644  -6.816  35.709 0.0000000000
68207  -47.903  -6.534  31.409 0.0000000000
68208  -48.566  -7.272  32.473 0.0000000000
68209  -49.343  -7.196  33.003 0.0000000000
68213  -46.763  -5.917  30.381 0.0000000000
68214  -47.261  -6.885  31.021 0.0000000000
68944  -19.372  -4.121  61.596 0.0000000000
68945  -20.310  -4.333  61.432 0.0000000000
68946  -20.936  -4.515  61.335 0.0000000000
68951  -19.092  -3.073  61.632 0.0000000000
68952  -20.046  -3.404  61.447 0.0000000000
68953  -20.900  -3.766  61.342 0.0000000000
68954  -21.401  -4.273  61.140 0.0000000000
68956  -19.749  -2.506  61.583 0.0000000000
68957  -20.636  -2.684  61.284 0.0000000000
68958  -21.656  -3.448  61.046 0.0000000000
68959  -21.685  -4.140  61.058 0.0000000000
68962  -22.169  -3.159  60.418 0.0000000000
68963  -22.500  -3.223  59.601 0.0000000000
68966  -23.099  -3.189  59.218 0.0000000000
68967  -23.924  -3.132  59.029 0.0000000000
68970  -24.503  -3.101  58.611 0.0000000000
68971  -24.988  -2.885  57.987 0.0000000000
68972  -25.435  -3.033  57.669 0.0000000000
68973  -29.634  -3.408  57.438 0.0000000000
68974  -30.315  -3.287  57.385 0.0000000000
68975  -31.087  -3.341  57.222 0.0000000000
68978  -25.187  -2.126  57.291 0.0000000000
68979  -25.634  -2.366  57.144 0.0000000000
68980  -29.524  -2.350  57.111 0.0000000000
68981  -30.491  -2.003  57.030 0.0000000000
68982  -31.731  -2.886  56.606 0.0000000000
68983  -32.701  -3.118  56.553 0.0000000000
68986  -25.168  -1.503  56.341 0.0000000000
68987  -25.572  -1.757  56.154 0.0000000000
68988  -28.323  -1.154  56.014 0.0000000000
68989  -29.167  -0.865  56.164 0.0000000000
68990  -30.220  -0.701  56.266 0.0000000000
68991  -33.524  -3.115  56.387 0.0000000000
68992  -34.609  -3.153  56.414 0.0000000000
68993  -35.540  -3.500  56.174 0.0000000000
68996  -24.257  -0.976  53.323 0.0000000000
68997  -24.778  -1.183  54.615 0.0000000000
68998  -25.472  -1.535  55.186 0.0000000000
68999  -27.583  -0.631  54.142 0.0000000000
69000  -28.178  -0.331  54.813 0.0000000000
69001  -28.885  0.172  54.635 0.0000000000
69002  -36.243  -3.623  55.565 0.0000000000
69003  -37.164  -3.423  54.971 0.0000000000
69008  -24.541  -1.170  52.959 0.0000000000
69009  -25.166  -1.455  53.942 0.0000000000
69010  -26.995  -0.649  52.597 0.0000000000
69011  -27.474  -0.444  52.792 0.0000000000
69012  -28.005  -0.147  53.089 0.0000000000
69013  -28.447  0.131  53.680 0.0000000000
69014  -37.450  -3.368  53.474 0.0000000000
69015  -37.850  -3.365  52.572 0.0000000000
69016  -38.941  -3.418  52.280 0.0000000000
69025  -24.999  -1.214  52.284 0.0000000000
69026  -25.669  -0.881  51.830 0.0000000000
69027  -26.260  -0.652  51.559 0.0000000000
69028  -26.823  -0.478  51.474 0.0000000000
69029  -27.390  -0.323  51.571 0.0000000000
69030  -27.872  -0.140  51.797 0.0000000000
69031  -40.002  -3.356  51.925 0.0000000000
69032  -40.601  -3.208  50.937 0.0000000000
69045  -26.622  -0.416  50.374 0.0000000000
69046  -27.291  -0.276  50.379 0.0000000000
69047  -28.027  -0.119  50.475 0.0000000000
69048  -28.506  -0.090  49.999 0.0000000000
69049  -40.754  -3.579  49.717 0.0000000000
69064  -27.887  -0.359  49.273 0.0000000000
69065  -28.630  -0.285  49.268 0.0000000000
69066  -29.084  -0.395  48.869 0.0000000000
69067  -40.637  -3.895  48.602 0.0000000000
69083  -29.024  -0.551  48.352 0.0000000000
69084  -40.004  -4.067  46.699 0.0000000000
69085  -40.459  -4.256  47.689 0.0000000000
69100  -38.771  -3.878  45.195 0.0000000000
69101  -39.318  -4.398  45.666 0.0000000000
69115  -38.594  -4.383  44.424 0.0000000000
69116  -38.903  -4.594  45.003 0.0000000000
69131  -38.364  -4.634  43.737 0.0000000000
69194  -41.884  -5.212  41.062 0.0000000000
69195  -42.942  -5.083  41.076 0.0000000000
69196  -43.952  -4.917  41.152 0.0000000000
69197  -44.959  -4.849  41.316 0.0000000000
69198  -46.004  -4.691  41.438 0.0000000000
69199  -47.085  -4.461  41.526 0.0000000000
69200  -48.030  -4.221  41.602 0.0000000000
69210  -41.843  -5.414  40.067 0.0000000000
69211  -42.849  -5.315  40.101 0.0000000000
69212  -43.828  -5.342  40.240 0.0000000000
69213  -44.863  -5.453  40.427 0.0000000000
69214  -46.012  -5.478  40.625 0.0000000000
69215  -47.279  -5.369  40.766 0.0000000000
69216  -48.555  -4.726  41.223 0.0000000000
69217  -49.611  -4.049  41.317 0.0000000000
69218  -50.313  -3.744  41.072 0.0000000000
69228  -41.863  -5.536  39.055 0.0000000000
69229  -42.817  -5.602  39.139 0.0000000000
69230  -43.795  -5.774  39.270 0.0000000000
69231  -44.925  -6.153  39.359 0.0000000000
69232  -46.230  -6.224  39.757 0.0000000000
69233  -47.181  -6.274  39.888 0.0000000000
69234  -50.834  -3.805  40.783 0.0000000000
69235  -51.451  -4.004  40.322 0.0000000000
69236  -51.881  -4.386  39.875 0.0000000000
69248  -41.946  -5.738  38.101 0.0000000000
69249  -42.874  -5.942  38.215 0.0000000000
69250  -43.828  -6.320  38.327 0.0000000000
69251  -44.645  -6.657  38.260 0.0000000000
69252  -51.661  -3.775  39.789 0.0000000000
69253  -52.259  -4.138  39.578 0.0000000000
69256  -52.982  -4.568  38.778 0.0000000000
69257  -53.607  -4.155  38.147 0.0000000000
69259  -52.784  -6.310  36.286 0.0000000000
69260  -53.408  -5.697  37.065 0.0000000000
69261  -53.998  -4.232  37.309 0.0000000000
69271  -50.223  -6.784  33.372 0.0000000000
69272  -50.961  -6.475  33.770 0.0000000000
69273  -52.452  -6.232  35.322 0.0000000000
69274  -53.724  -5.369  35.700 0.0000000000
69278  -47.851  -5.754  31.306 0.0000000000
69279  -48.346  -5.724  31.605 0.0000000000
69280  -49.751  -6.264  32.635 0.0000000000
69281  -50.900  -5.503  32.944 0.0000000000
69285  -46.664  -4.939  30.411 0.0000000000
69286  -47.402  -5.278  30.918 0.0000000000
69287  -48.038  -4.605  31.170 0.0000000000
70009  -18.820  -1.877  61.628 0.0000000000
70011  -19.984  -1.578  61.371 0.0000000000
70012  -21.206  -1.531  61.016 0.0000000000
70013  -21.895  -2.396  60.748 0.0000000000
70016  -21.525  -0.813  60.558 0.0000000000
70017  -22.213  -1.595  59.944 0.0000000000
70018  -22.737  -2.380  59.336 0.0000000000
70021  -22.578  -0.792  59.093 0.0000000000
70022  -23.413  -1.542  58.879 0.0000000000
70023  -24.100  -2.348  58.647 0.0000000000
70027  -23.675  -0.629  57.590 0.0000000000
70028  -24.345  -1.734  57.855 0.0000000000
70029  -24.831  -2.000  57.503 0.0000000000
70032  -23.469  -0.111  56.802 0.0000000000
70033  -24.013  -0.433  56.424 0.0000000000
70034  -24.791  -1.320  56.902 0.0000000000
70035  -31.238  -1.201  56.418 0.0000000000
70036  -32.338  -1.904  56.381 0.0000000000
70037  -33.005  -2.441  56.372 0.0000000000
70041  -23.228  0.126  54.112 0.0000000000
70042  -23.805  -0.291  54.972 0.0000000000
70043  -24.529  -0.845  55.653 0.0000000000
70044  -29.688  0.084  55.328 0.0000000000
70045  -30.690  -0.017  55.635 0.0000000000
70046  -32.040  -0.171  56.005 0.0000000000
70047  -33.547  -1.575  56.384 0.0000000000
70048  -35.123  -1.926  56.228 0.0000000000
70049  -35.617  -2.858  55.686 0.0000000000
70056  -23.779  -0.473  53.566 0.0000000000
70057  -24.225  -0.723  54.677 0.0000000000
70058  -29.463  0.489  54.189 0.0000000000
70059  -30.141  0.635  54.491 0.0000000000
70060  -31.033  0.729  54.773 0.0000000000
70061  -35.443  -1.491  55.562 0.0000000000
70062  -36.113  -2.199  55.329 0.0000000000
70063  -37.131  -2.148  54.427 0.0000000000
70073  -28.518  0.139  52.670 0.0000000000
70074  -29.073  0.362  53.115 0.0000000000
70075  -29.854  0.692  53.149 0.0000000000
70076  -30.502  1.052  53.482 0.0000000000
70077  -37.527  -2.236  53.131 0.0000000000
70078  -38.153  -2.336  52.491 0.0000000000
70079  -39.482  -2.356  52.327 0.0000000000
70089  -28.310  0.088  51.814 0.0000000000
70090  -28.907  0.284  51.728 0.0000000000
70091  -29.656  0.530  51.804 0.0000000000
70092  -30.507  0.986  51.921 0.0000000000
70093  -31.107  1.021  51.258 0.0000000000
70094  -40.319  -2.267  51.763 0.0000000000
70095  -40.874  -2.085  51.112 0.0000000000
70104  -28.189  -0.004  51.145 0.0000000000
70105  -28.656  0.049  50.582 0.0000000000
70106  -29.462  0.228  50.538 0.0000000000
70107  -30.301  0.389  50.560 0.0000000000
70108  -31.055  0.586  50.506 0.0000000000
70109  -40.978  -2.428  50.213 0.0000000000
70116  -28.764  -0.137  49.791 0.0000000000
70117  -29.260  -0.222  49.418 0.0000000000
70118  -30.116  -0.104  49.444 0.0000000000
70119  -30.932  0.070  49.425 0.0000000000
70120  -40.770  -2.788  49.032 0.0000000000
70125  -29.373  -0.473  48.564 0.0000000000
70126  -29.886  -0.454  48.505 0.0000000000
70127  -30.660  -0.385  48.418 0.0000000000
70128  -39.741  -2.898  46.746 0.0000000000
70129  -40.379  -3.128  47.747 0.0000000000
70137  -38.669  -3.215  45.346 0.0000000000
70138  -39.165  -3.304  45.902 0.0000000000
70146  -38.525  -3.549  44.755 0.0000000000
70157  -38.335  -4.024  43.992 0.0000000000
70194  -41.589  -4.025  43.622 0.0000000000
70195  -42.202  -4.075  43.582 0.0000000000
70196  -42.955  -4.037  43.496 0.0000000000
70215  -42.021  -4.529  42.836 0.0000000000
70216  -43.275  -4.277  42.976 0.0000000000
70217  -44.373  -3.976  42.840 0.0000000000
70218  -45.407  -3.547  42.782 0.0000000000
70219  -46.374  -3.131  42.715 0.0000000000
70220  -47.158  -2.807  42.543 0.0000000000
70236  -41.976  -4.925  42.008 0.0000000000
70237  -43.079  -4.683  41.987 0.0000000000
70238  -44.138  -4.481  42.020 0.0000000000
70239  -45.156  -4.268  42.126 0.0000000000
70240  -46.138  -3.976  42.170 0.0000000000
70241  -47.194  -3.547  42.213 0.0000000000
70242  -48.156  -3.118  42.015 0.0000000000
70255  -49.020  -3.072  41.582 0.0000000000
70256  -49.770  -2.695  40.934 0.0000000000
70257  -50.379  -3.074  40.761 0.0000000000
70262  -49.731  -2.351  39.930 0.0000000000
70263  -50.711  -2.853  40.206 0.0000000000
70264  -51.281  -3.140  39.918 0.0000000000
70269  -49.891  -1.811  39.309 0.0000000000
70270  -50.604  -2.294  39.361 0.0000000000
70271  -51.477  -2.908  39.411 0.0000000000
70272  -52.279  -3.336  39.231 0.0000000000
70275  -50.079  -1.158  39.054 0.0000000000
70276  -50.614  -1.525  39.039 0.0000000000
70277  -51.517  -2.090  39.158 0.0000000000
70278  -52.832  -2.850  39.010 0.0000000000
70279  -54.038  -2.819  38.319 0.0000000000
70280  -54.296  -2.416  37.453 0.0000000000
70283  -54.125  -4.717  36.398 0.0000000000
70284  -54.493  -3.454  36.678 0.0000000000
70285  -54.769  -2.442  36.787 0.0000000000
70295  -52.119  -5.524  33.705 0.0000000000
70296  -53.433  -5.201  34.551 0.0000000000
70297  -54.480  -4.321  35.256 0.0000000000
70298  -54.705  -3.414  35.703 0.0000000000
70301  -48.956  -4.800  31.592 0.0000000000
70302  -50.157  -4.740  32.061 0.0000000000
70303  -51.633  -4.813  32.665 0.0000000000
70304  -53.031  -4.680  33.414 0.0000000000
70305  -54.090  -4.481  34.072 0.0000000000
70308  -46.615  -4.264  30.419 0.0000000000
70309  -47.396  -3.982  30.706 0.0000000000
70310  -48.403  -4.021  31.049 0.0000000000
70311  -49.271  -4.195  31.366 0.0000000000
70315  -46.725  -3.695  30.236 0.0000000000
71015  -18.214  -0.450  61.481 0.0000000000
71016  -19.275  -0.968  61.434 0.0000000000
71018  -19.032  0.525  61.325 0.0000000000
71019  -19.921  -0.106  61.309 0.0000000000
71020  -20.994  -0.099  60.711 0.0000000000
71022  -21.409  -0.259  59.877 0.0000000000
71023  -21.985  -0.200  59.185 0.0000000000
71026  -22.614  0.016  58.307 0.0000000000
71027  -23.258  -0.461  58.042 0.0000000000
71031  -22.273  0.956  56.877 0.0000000000
71032  -23.084  0.071  57.263 0.0000000000
71036  -20.912  1.475  54.727 0.0000000000
71037  -21.902  1.026  55.286 0.0000000000
71038  -23.078  0.419  55.925 0.0000000000
71039  -23.561  0.030  55.553 0.0000000000
71046  -21.463  1.086  53.954 0.0000000000
71047  -22.506  0.614  54.312 0.0000000000
71048  -23.222  0.187  54.960 0.0000000000
71049  -32.433  0.449  55.487 0.0000000000
71050  -33.253  0.216  55.993 0.0000000000
71051  -34.160  -0.462  56.095 0.0000000000
71060  -31.871  0.873  54.883 0.0000000000
71061  -32.625  0.897  55.053 0.0000000000
71062  -34.896  -0.800  55.485 0.0000000000
71063  -35.861  -0.881  55.395 0.0000000000
71064  -36.561  -0.975  54.871 0.0000000000
71071  -31.205  1.330  53.704 0.0000000000
71072  -32.147  1.587  53.912 0.0000000000
71073  -32.540  1.964  53.468 0.0000000000
71074  -37.328  -0.892  54.043 0.0000000000
71075  -37.656  -1.173  52.829 0.0000000000
71076  -38.616  -1.263  52.555 0.0000000000
71081  -30.810  1.333  52.815 0.0000000000
71082  -31.349  1.502  52.197 0.0000000000
71083  -32.136  1.978  52.564 0.0000000000
71084  -39.481  -1.204  51.914 0.0000000000
71085  -40.369  -1.182  51.364 0.0000000000
71091  -31.601  0.950  50.679 0.0000000000
71092  -32.070  1.521  51.196 0.0000000000
71093  -40.959  -1.263  50.612 0.0000000000
71098  -31.666  0.329  49.566 0.0000000000
71099  -32.232  0.876  49.933 0.0000000000
71100  -40.969  -1.587  49.458 0.0000000000
71105  -31.523  -0.191  48.364 0.0000000000
71106  -32.190  0.331  48.723 0.0000000000
71107  -39.936  -1.900  47.292 0.0000000000
71108  -40.514  -2.036  48.316 0.0000000000
71112  -31.599  -0.220  47.211 0.0000000000
71113  -32.013  -0.010  47.919 0.0000000000
71114  -38.814  -2.753  45.653 0.0000000000
71115  -39.248  -2.290  46.238 0.0000000000
71122  -38.608  -2.809  45.189 0.0000000000
71123  -38.839  -2.390  45.641 0.0000000000
71131  -38.441  -3.802  43.891 0.0000000000
71132  -38.568  -3.291  44.415 0.0000000000
71141  -38.677  -3.290  43.970 0.0000000000
71152  -39.296  -3.015  43.820 0.0000000000
71153  -39.942  -2.909  44.171 0.0000000000
71154  -40.967  -3.000  44.585 0.0000000000
71155  -42.234  -2.902  44.865 0.0000000000
71156  -43.493  -2.525  44.879 0.0000000000
71157  -44.404  -2.180  44.655 0.0000000000
71170  -40.956  -3.805  43.728 0.0000000000
71171  -42.322  -3.553  44.229 0.0000000000
71172  -43.443  -3.300  44.169 0.0000000000
71173  -44.773  -2.404  44.092 0.0000000000
71174  -45.674  -1.962  43.703 0.0000000000
71175  -46.438  -1.568  43.408 0.0000000000
71188  -43.796  -3.493  43.650 0.0000000000
71189  -44.607  -3.258  43.499 0.0000000000
71190  -45.567  -2.797  43.297 0.0000000000
71191  -46.721  -1.964  43.071 0.0000000000
71192  -47.507  -1.593  42.616 0.0000000000
71199  -48.257  -1.468  42.044 0.0000000000
71200  -48.840  -1.783  41.565 0.0000000000
71210  -48.705  -0.536  40.839 0.0000000000
71211  -49.206  -1.252  40.580 0.0000000000
71212  -49.370  -1.702  39.854 0.0000000000
71223  -47.202  0.652  38.436 0.0000000000
71224  -48.042  0.328  39.176 0.0000000000
71225  -48.950  -0.392  39.228 0.0000000000
71226  -49.461  -1.015  39.291 0.0000000000
71235  -45.749  0.539  37.094 0.0000000000
71236  -46.572  0.599  37.645 0.0000000000
71237  -47.738  0.178  37.912 0.0000000000
71238  -48.658  -0.212  38.243 0.0000000000
71239  -49.454  -0.562  38.689 0.0000000000
71244  -46.423  0.125  36.705 0.0000000000
71245  -47.467  -0.051  36.948 0.0000000000
71246  -48.472  -0.161  37.428 0.0000000000
71247  -49.566  -0.417  38.204 0.0000000000
71248  -50.427  -0.790  38.660 0.0000000000
71249  -51.564  -1.281  38.984 0.0000000000
71250  -53.062  -1.360  39.052 0.0000000000
71251  -54.081  -1.533  38.415 0.0000000000
71252  -54.468  -1.638  37.224 0.0000000000
71259  -47.240  -0.220  36.148 0.0000000000
71260  -48.252  -0.171  36.610 0.0000000000
71261  -49.204  -0.108  37.295 0.0000000000
71262  -50.300  -0.289  38.317 0.0000000000
71263  -51.451  -0.442  38.766 0.0000000000
71264  -52.576  -0.332  39.046 0.0000000000
71265  -54.782  -2.784  36.037 0.0000000000
71266  -55.045  -1.740  36.098 0.0000000000
71267  -55.327  -1.075  35.562 0.0000000000
71280  -48.055  -0.085  35.836 0.0000000000
71281  -48.795  0.033  36.209 0.0000000000
71282  -54.760  -3.878  34.121 0.0000000000
71283  -55.092  -2.881  34.924 0.0000000000
71284  -55.342  -1.402  34.856 0.0000000000
71285  -55.401  -0.832  35.117 0.0000000000
71288  -49.991  -4.184  31.406 0.0000000000
71289  -51.135  -4.357  31.793 0.0000000000
71290  -52.658  -4.322  32.339 0.0000000000
71291  -54.243  -4.021  33.036 0.0000000000
71292  -55.215  -3.122  33.413 0.0000000000
71293  -55.459  -1.955  33.792 0.0000000000
71296  -47.218  -3.526  30.278 0.0000000000
71297  -48.045  -3.637  30.531 0.0000000000
71298  -49.256  -3.817  30.900 0.0000000000
71299  -50.688  -4.049  31.086 0.0000000000
71300  -52.246  -4.110  31.391 0.0000000000
71301  -53.851  -3.809  31.809 0.0000000000
71302  -55.130  -3.190  32.196 0.0000000000
71303  -55.706  -2.075  32.568 0.0000000000
71304  -55.852  -1.444  32.322 0.0000000000
71308  -46.672  -3.451  29.832 0.0000000000
71309  -47.725  -3.407  30.007 0.0000000000
71310  -48.914  -3.573  30.195 0.0000000000
71311  -50.319  -3.849  30.352 0.0000000000
71312  -51.926  -4.051  30.497 0.0000000000
71313  -53.561  -3.759  30.764 0.0000000000
71314  -55.037  -3.275  31.073 0.0000000000
71315  -55.883  -2.198  31.474 0.0000000000
71316  -55.947  -1.530  32.005 0.0000000000
71320  -46.421  -3.459  29.091 0.0000000000
71321  -47.477  -3.471  29.320 0.0000000000
71322  -48.722  -3.565  29.444 0.0000000000
71323  -50.125  -3.773  29.527 0.0000000000
71324  -51.709  -3.991  29.592 0.0000000000
71325  -53.329  -3.705  29.772 0.0000000000
71326  -54.827  -3.265  30.028 0.0000000000
71327  -55.899  -2.429  30.400 0.0000000000
71333  -47.363  -3.778  28.444 0.0000000000
71334  -48.639  -3.790  28.546 0.0000000000
71335  -50.060  -3.857  28.609 0.0000000000
71336  -51.594  -3.928  28.651 0.0000000000
71337  -53.180  -3.626  28.780 0.0000000000
71338  -54.636  -3.138  29.052 0.0000000000
71339  -55.781  -2.475  29.411 0.0000000000
71348  -48.608  -4.295  27.431 0.0000000000
71349  -50.075  -4.128  27.531 0.0000000000
71350  -51.573  -3.869  27.639 0.0000000000
71351  -53.025  -3.431  27.844 0.0000000000
71352  -54.577  -2.772  28.068 0.0000000000
71353  -55.595  -2.384  28.615 0.0000000000
71368  -49.966  -4.237  26.299 0.0000000000
71369  -51.571  -3.693  26.432 0.0000000000
71370  -53.013  -3.165  26.902 0.0000000000
71371  -54.038  -2.661  27.326 0.0000000000
71383  -49.988  -4.064  24.975 0.0000000000
71384  -51.042  -3.747  25.506 0.0000000000
72029  -18.467  1.123  61.334 0.0000000000
72032  -19.359  1.324  61.172 0.0000000000
72033  -20.362  1.231  60.483 0.0000000000
72034  -21.104  0.513  60.198 0.0000000000
72037  -20.476  1.830  59.378 0.0000000000
72038  -21.331  0.899  59.311 0.0000000000
72039  -21.949  0.465  58.717 0.0000000000
72042  -20.386  2.286  58.778 0.0000000000
72043  -20.890  1.912  58.134 0.0000000000
72044  -21.812  1.044  58.111 0.0000000000
72047  -19.263  2.398  55.678 0.0000000000
72048  -19.877  2.207  56.053 0.0000000000
72049  -20.620  1.988  56.712 0.0000000000
72050  -21.381  1.503  57.171 0.0000000000
72055  -19.545  2.043  55.023 0.0000000000
72056  -20.349  1.821  55.455 0.0000000000
72057  -21.244  1.495  56.021 0.0000000000
72063  -19.962  1.611  54.322 0.0000000000
72064  -33.632  0.406  55.682 0.0000000000
72065  -33.830  0.206  55.957 0.0000000000
72070  -33.301  0.836  55.213 0.0000000000
72071  -34.164  0.484  55.370 0.0000000000
72072  -35.336  0.092  55.048 0.0000000000
72073  -35.876  -0.403  54.765 0.0000000000
72077  -32.820  1.272  54.650 0.0000000000
72078  -33.290  1.679  54.308 0.0000000000
72079  -34.861  1.531  54.507 0.0000000000
72080  -36.203  0.355  54.243 0.0000000000
72081  -37.258  0.333  53.152 0.0000000000
72082  -37.856  -0.529  52.567 0.0000000000
72087  -32.815  2.364  52.997 0.0000000000
72088  -33.881  2.475  53.456 0.0000000000
72089  -37.692  0.976  52.664 0.0000000000
72090  -38.563  0.134  52.491 0.0000000000
72091  -39.619  0.056  51.807 0.0000000000
72097  -32.526  2.236  51.700 0.0000000000
72098  -33.281  2.762  52.200 0.0000000000
72099  -40.295  0.041  50.911 0.0000000000
72103  -32.657  1.634  50.490 0.0000000000
72104  -33.028  2.477  50.922 0.0000000000
72105  -41.173  -0.209  49.926 0.0000000000
72109  -32.715  1.297  49.214 0.0000000000
72110  -33.005  1.920  50.064 0.0000000000
72111  -39.994  -1.294  47.339 0.0000000000
72112  -40.561  -0.905  48.078 0.0000000000
72117  -32.314  0.656  47.438 0.0000000000
72118  -39.898  -1.388  46.877 0.0000000000
72119  -40.306  -0.771  47.394 0.0000000000
72125  -32.198  1.403  46.056 0.0000000000
72126  -38.757  -2.360  45.409 0.0000000000
72127  -39.130  -1.919  45.803 0.0000000000
72135  -32.066  1.928  45.372 0.0000000000
72136  -38.704  -2.438  45.115 0.0000000000
72137  -38.962  -1.989  45.245 0.0000000000
72145  -38.799  -2.605  44.665 0.0000000000
72146  -39.102  -2.023  44.904 0.0000000000
72147  -39.749  -1.800  45.167 0.0000000000
72148  -40.683  -1.575  45.644 0.0000000000
72149  -41.983  -1.319  46.078 0.0000000000
72150  -43.346  -0.890  46.213 0.0000000000
72151  -44.410  -0.450  45.965 0.0000000000
72159  -38.908  -2.722  44.307 0.0000000000
72160  -39.252  -2.487  44.398 0.0000000000
72161  -39.875  -2.258  44.682 0.0000000000
72162  -40.877  -2.248  45.191 0.0000000000
72163  -42.151  -2.113  45.532 0.0000000000
72164  -43.493  -1.730  45.569 0.0000000000
72165  -44.881  -0.993  45.258 0.0000000000
72166  -45.739  -0.372  44.607 0.0000000000
72174  -45.202  -1.387  44.588 0.0000000000
72175  -45.983  -0.898  44.134 0.0000000000
72176  -46.570  -0.687  43.562 0.0000000000
72184  -47.181  -0.137  42.819 0.0000000000
72185  -47.559  -0.479  42.440 0.0000000000
72191  -47.453  0.871  41.521 0.0000000000
72192  -48.017  0.084  41.575 0.0000000000
72198  -45.949  1.792  39.175 0.0000000000
72199  -46.975  1.379  39.895 0.0000000000
72200  -48.035  0.459  40.190 0.0000000000
72211  -43.631  1.657  37.694 0.0000000000
72212  -45.390  1.549  38.307 0.0000000000
72213  -46.911  0.926  38.593 0.0000000000
72214  -47.648  0.615  39.297 0.0000000000
72228  -45.464  0.753  37.265 0.0000000000
72229  -46.283  0.738  37.827 0.0000000000
72244  -53.357  -0.760  38.767 0.0000000000
72245  -53.771  -0.688  37.668 0.0000000000
72246  -54.882  -0.733  36.877 0.0000000000
72247  -55.065  -0.359  36.169 0.0000000000
72262  -49.453  0.099  37.211 0.0000000000
72263  -50.234  0.183  37.930 0.0000000000
72264  -51.354  0.441  38.652 0.0000000000
72265  -52.812  0.114  38.529 0.0000000000
72266  -53.354  0.108  37.429 0.0000000000
72267  -55.154  -0.882  36.055 0.0000000000
72268  -55.207  -0.413  35.445 0.0000000000
72286  -48.019  0.212  35.424 0.0000000000
72287  -49.167  0.313  36.261 0.0000000000
72288  -50.059  0.622  37.472 0.0000000000
72289  -50.614  0.806  38.122 0.0000000000
72290  -55.567  -1.024  33.935 0.0000000000
72291  -55.653  -0.353  34.564 0.0000000000
72302  -55.730  -1.221  33.097 0.0000000000
72303  -56.032  -0.292  33.454 0.0000000000
72306  -55.811  -1.354  32.571 0.0000000000
72307  -55.940  -0.687  32.386 0.0000000000
72309  -56.346  -1.211  30.801 0.0000000000
72310  -56.207  -1.030  31.533 0.0000000000
72312  -56.359  -1.247  29.893 0.0000000000
72315  -56.293  -1.444  28.932 0.0000000000
72318  -55.128  -2.141  27.356 0.0000000000
72319  -56.018  -1.665  27.975 0.0000000000
72330  -52.044  -3.183  25.454 0.0000000000
72331  -53.037  -2.744  25.963 0.0000000000
72332  -54.566  -2.025  26.548 0.0000000000
72333  -55.808  -1.395  27.196 0.0000000000
72342  -50.570  -3.338  24.035 0.0000000000
72343  -51.535  -3.125  24.628 0.0000000000
72344  -52.914  -2.235  25.043 0.0000000000
72345  -53.939  -1.820  25.697 0.0000000000
72350  -51.465  -2.356  23.771 0.0000000000
72351  -52.410  -2.136  24.266 0.0000000000
72967  -17.987  2.147  61.362 0.0000000000
72968  -18.775  1.875  61.162 0.0000000000
72973  -17.454  3.164  61.197 0.0000000000
72974  -19.055  2.604  60.572 0.0000000000
72975  -20.045  2.158  60.106 0.0000000000
72978  -19.299  3.147  58.961 0.0000000000
72979  -19.938  2.511  59.404 0.0000000000
72981  -18.406  3.295  56.696 0.0000000000
72982  -19.011  3.126  57.377 0.0000000000
72983  -19.930  2.528  57.960 0.0000000000
72984  -20.376  2.215  57.411 0.0000000000
72988  -18.707  2.782  55.987 0.0000000000
72989  -19.475  2.580  56.641 0.0000000000
72990  -20.067  2.346  56.928 0.0000000000
73004  -35.725  1.564  53.814 0.0000000000
73005  -36.598  1.249  53.651 0.0000000000
73006  -36.939  1.143  53.296 0.0000000000
73010  -35.082  2.480  53.459 0.0000000000
73011  -36.029  2.123  53.374 0.0000000000
73012  -37.143  1.775  53.275 0.0000000000
73013  -38.246  1.725  52.412 0.0000000000
73014  -39.151  0.919  52.291 0.0000000000
73018  -34.236  3.200  52.669 0.0000000000
73019  -38.882  2.490  52.339 0.0000000000
73020  -39.528  1.633  51.762 0.0000000000
73025  -33.652  3.324  51.369 0.0000000000
73026  -40.553  1.359  50.483 0.0000000000
73030  -32.884  1.860  48.250 0.0000000000
73031  -33.170  2.857  49.678 0.0000000000
73032  -41.389  0.975  49.390 0.0000000000
73033  -41.644  1.833  49.265 0.0000000000
73037  -32.694  2.032  47.004 0.0000000000
73038  -33.181  3.092  47.951 0.0000000000
73039  -40.223  -0.785  47.093 0.0000000000
73040  -41.099  -0.210  47.967 0.0000000000
73041  -41.860  1.297  48.863 0.0000000000
73047  -32.463  2.358  45.854 0.0000000000
73048  -32.996  3.118  46.553 0.0000000000
73049  -39.877  -1.245  46.452 0.0000000000
73050  -40.649  -0.522  47.094 0.0000000000
73051  -42.124  0.668  48.069 0.0000000000
73052  -42.894  1.402  47.997 0.0000000000
73061  -32.113  2.620  44.791 0.0000000000
73062  -32.725  3.084  45.555 0.0000000000
73063  -39.453  -1.639  45.776 0.0000000000
73064  -40.135  -1.107  46.295 0.0000000000
73065  -41.236  -0.401  46.965 0.0000000000
73066  -42.998  0.768  47.450 0.0000000000
73067  -43.857  1.273  46.877 0.0000000000
73068  -43.699  1.831  46.109 0.0000000000
73076  -39.237  -1.817  45.371 0.0000000000
73077  -39.632  -1.609  45.589 0.0000000000
73078  -40.444  -1.223  46.061 0.0000000000
73079  -41.701  -0.683  46.579 0.0000000000
73080  -43.216  -0.081  46.772 0.0000000000
73081  -44.242  0.954  46.206 0.0000000000
73089  -45.003  0.914  45.220 0.0000000000
73090  -45.571  0.823  44.501 0.0000000000
73098  -46.358  0.901  43.844 0.0000000000
73099  -46.531  -0.018  43.720 0.0000000000
73107  -45.062  3.179  41.078 0.0000000000
73108  -46.291  2.310  42.183 0.0000000000
73109  -46.830  0.717  43.032 0.0000000000
73116  -42.992  3.226  39.593 0.0000000000
73117  -43.943  3.172  39.946 0.0000000000
73118  -45.486  2.742  40.483 0.0000000000
73119  -46.828  1.717  41.488 0.0000000000
73127  -40.181  3.162  38.149 0.0000000000
73128  -40.936  3.024  38.336 0.0000000000
73129  -42.518  2.906  38.903 0.0000000000
73130  -44.223  2.596  39.201 0.0000000000
73131  -45.883  2.141  39.714 0.0000000000
73132  -46.835  1.614  40.614 0.0000000000
73147  -42.871  2.127  37.992 0.0000000000
73148  -44.564  2.020  38.603 0.0000000000
73149  -45.438  1.889  38.939 0.0000000000
73180  -54.251  -0.111  37.082 0.0000000000
73181  -54.860  0.121  36.589 0.0000000000
73182  -55.067  0.168  35.842 0.0000000000
73201  -52.036  1.058  38.677 0.0000000000
73202  -53.037  1.026  38.073 0.0000000000
73203  -54.079  0.866  36.840 0.0000000000
73204  -55.089  0.955  36.021 0.0000000000
73205  -55.621  0.628  35.146 0.0000000000
73218  -47.958  0.698  34.994 0.0000000000
73219  -49.307  0.844  36.148 0.0000000000
73220  -50.147  0.976  37.432 0.0000000000
73221  -50.949  1.057  38.459 0.0000000000
73222  -56.482  0.809  34.083 0.0000000000
73240  -56.367  1.969  32.353 0.0000000000
73241  -56.392  1.014  32.716 0.0000000000
73244  -53.668  2.624  30.255 0.0000000000
73245  -54.675  2.567  30.550 0.0000000000
73246  -55.883  1.622  31.454 0.0000000000
73247  -56.097  0.137  31.603 0.0000000000
73249  -52.492  1.988  29.977 0.0000000000
73250  -53.586  2.324  30.119 0.0000000000
73251  -55.400  2.085  30.373 0.0000000000
73252  -56.330  0.386  30.573 0.0000000000
73253  -56.329  -0.443  31.099 0.0000000000
73255  -53.090  2.217  29.861 0.0000000000
73256  -54.609  2.335  30.026 0.0000000000
73257  -55.850  1.567  29.958 0.0000000000
73258  -56.303  0.046  29.505 0.0000000000
73261  -54.041  2.326  29.780 0.0000000000
73262  -55.244  2.345  29.797 0.0000000000
73263  -56.108  1.312  29.294 0.0000000000
73264  -56.317  -0.280  28.648 0.0000000000
73271  -56.289  0.579  28.587 0.0000000000
73272  -56.576  -0.225  27.815 0.0000000000
73284  -54.932  -1.182  25.882 0.0000000000
73285  -55.980  -0.571  26.647 0.0000000000
73290  -53.200  -1.430  24.507 0.0000000000
73291  -54.234  -0.884  25.152 0.0000000000
73292  -55.567  -0.336  25.744 0.0000000000
73295  -51.338  -1.248  23.010 0.0000000000
73296  -52.734  -1.093  23.874 0.0000000000
73297  -53.764  -0.660  24.434 0.0000000000
73867  -18.564  3.531  59.602 0.0000000000
73873  -18.529  3.583  58.300 0.0000000000
73877  -18.432  3.449  57.359 0.0000000000
73899  -35.675  2.742  53.228 0.0000000000
73900  -36.326  2.977  53.265 0.0000000000
73901  -37.371  3.024  52.842 0.0000000000
73902  -38.200  2.933  52.313 0.0000000000
73905  -35.329  3.361  52.952 0.0000000000
73906  -36.208  4.128  52.472 0.0000000000
73907  -37.727  3.941  52.303 0.0000000000
73908  -38.964  3.315  52.023 0.0000000000
73909  -39.683  2.849  50.704 0.0000000000
73913  -34.703  3.918  51.968 0.0000000000
73914  -35.250  4.594  51.296 0.0000000000
73915  -40.704  2.684  49.838 0.0000000000
73916  -41.376  3.147  49.377 0.0000000000
73920  -34.128  4.104  50.598 0.0000000000
73921  -34.859  4.897  50.076 0.0000000000
73922  -41.439  2.278  49.527 0.0000000000
73923  -41.991  2.639  49.232 0.0000000000
73928  -33.948  4.193  48.969 0.0000000000
73929  -34.696  5.077  49.006 0.0000000000
73930  -42.373  2.125  48.613 0.0000000000
73931  -42.810  2.780  48.332 0.0000000000
73938  -33.736  4.122  47.304 0.0000000000
73939  -42.738  1.886  48.233 0.0000000000
73940  -43.268  2.431  47.788 0.0000000000
73941  -43.840  2.988  47.198 0.0000000000
73949  -32.730  3.452  44.947 0.0000000000
73950  -33.352  3.872  45.779 0.0000000000
73951  -43.693  1.942  47.199 0.0000000000
73952  -43.528  2.525  46.248 0.0000000000
73953  -43.805  2.554  45.814 0.0000000000
73960  -32.401  3.579  44.160 0.0000000000
73961  -33.212  4.049  44.611 0.0000000000
73962  -44.811  2.599  45.237 0.0000000000
73970  -32.994  4.183  43.619 0.0000000000
73971  -45.564  2.699  44.135 0.0000000000
73972  -46.036  1.807  43.980 0.0000000000
73981  -44.399  3.895  41.792 0.0000000000
73982  -45.256  3.540  42.558 0.0000000000
73983  -46.003  2.460  43.194 0.0000000000
73990  -41.882  4.010  40.254 0.0000000000
73991  -42.729  3.907  40.499 0.0000000000
73992  -43.689  3.848  41.024 0.0000000000
73993  -44.692  3.563  41.501 0.0000000000
73994  -45.557  3.082  42.098 0.0000000000
74002  -38.027  4.215  39.105 0.0000000000
74003  -39.016  4.102  39.124 0.0000000000
74004  -39.995  3.899  39.239 0.0000000000
74005  -41.050  3.811  39.616 0.0000000000
74006  -42.113  3.637  39.829 0.0000000000
74007  -43.133  3.534  40.116 0.0000000000
74008  -44.107  3.521  40.679 0.0000000000
74024  -39.357  3.664  38.567 0.0000000000
74025  -40.374  3.435  38.718 0.0000000000
74026  -41.554  3.338  39.127 0.0000000000
74027  -42.445  3.320  39.490 0.0000000000
74042  -39.689  3.304  38.145 0.0000000000
74063  -52.784  2.467  37.393 0.0000000000
74064  -54.000  2.879  36.899 0.0000000000
74065  -54.447  3.103  36.161 0.0000000000
74083  -50.184  1.564  37.850 0.0000000000
74084  -51.195  1.635  38.611 0.0000000000
74085  -52.340  1.849  38.312 0.0000000000
74086  -53.452  1.882  37.165 0.0000000000
74087  -55.075  2.424  35.935 0.0000000000
74088  -55.425  1.468  35.353 0.0000000000
74101  -48.525  1.327  35.512 0.0000000000
74102  -49.629  1.226  36.772 0.0000000000
74103  -50.428  1.300  37.935 0.0000000000
74104  -56.165  3.392  34.384 0.0000000000
74105  -56.233  1.934  34.496 0.0000000000
74126  -54.250  3.816  31.270 0.0000000000
74127  -55.153  3.614  31.740 0.0000000000
74128  -56.586  2.824  32.971 0.0000000000
74129  -56.735  1.690  33.629 0.0000000000
74137  -50.288  2.863  30.372 0.0000000000
74138  -51.274  2.862  30.453 0.0000000000
74139  -53.499  3.119  30.625 0.0000000000
74140  -55.419  2.718  31.458 0.0000000000
74141  -56.135  2.260  32.117 0.0000000000
74144  -50.020  2.574  30.033 0.0000000000
74145  -51.926  2.208  30.159 0.0000000000
74146  -53.066  2.446  30.239 0.0000000000
74150  -50.534  2.313  29.617 0.0000000000
74151  -51.835  1.960  29.741 0.0000000000
74155  -50.933  2.273  29.309 0.0000000000
74156  -52.594  2.227  29.516 0.0000000000
74157  -54.309  2.435  29.570 0.0000000000
74158  -55.491  2.325  29.459 0.0000000000
74170  -51.381  2.428  29.057 0.0000000000
74171  -53.073  2.505  29.298 0.0000000000
74172  -54.830  2.582  29.322 0.0000000000
74173  -56.180  1.627  28.745 0.0000000000
74174  -56.640  1.016  27.603 0.0000000000
74183  -56.456  0.792  26.400 0.0000000000
74185  -54.480  -0.211  24.635 0.0000000000
74186  -55.490  0.522  25.140 0.0000000000
74189  -52.678  0.147  23.317 0.0000000000
74190  -54.207  0.343  24.179 0.0000000000
74191  -55.248  1.068  24.613 0.0000000000
74800  -36.080  4.717  51.595 0.0000000000
74801  -36.942  4.789  51.589 0.0000000000
74802  -38.284  4.527  51.464 0.0000000000
74803  -39.222  4.057  51.067 0.0000000000
74807  -35.979  5.174  50.822 0.0000000000
74808  -37.388  5.403  50.287 0.0000000000
74809  -39.115  5.005  50.634 0.0000000000
74810  -40.078  4.167  50.252 0.0000000000
74811  -40.945  3.964  49.512 0.0000000000
74815  -35.692  5.441  49.569 0.0000000000
74816  -36.514  5.660  48.791 0.0000000000
74817  -41.959  4.008  49.272 0.0000000000
74818  -42.367  4.262  48.689 0.0000000000
74828  -34.365  4.755  48.160 0.0000000000
74829  -35.182  5.375  48.193 0.0000000000
74830  -36.059  5.637  47.528 0.0000000000
74831  -42.453  3.348  48.728 0.0000000000
74832  -43.045  3.909  48.194 0.0000000000
74833  -43.384  4.330  47.542 0.0000000000
74843  -34.458  4.875  47.381 0.0000000000
74844  -35.076  5.242  46.941 0.0000000000
74845  -35.833  5.495  46.421 0.0000000000
74846  -43.517  3.599  47.491 0.0000000000
74847  -43.694  4.026  46.853 0.0000000000
74858  -34.238  4.640  46.393 0.0000000000
74859  -34.972  5.083  45.839 0.0000000000
74860  -35.817  5.394  45.438 0.0000000000
74861  -43.551  3.907  45.554 0.0000000000
74862  -44.193  3.728  45.155 0.0000000000
74871  -34.087  4.552  45.223 0.0000000000
74872  -34.920  5.136  44.751 0.0000000000
74873  -36.014  5.468  44.447 0.0000000000
74874  -42.820  5.331  44.041 0.0000000000
74875  -43.631  4.902  44.425 0.0000000000
74876  -44.803  4.074  44.304 0.0000000000
74884  -33.918  4.722  44.092 0.0000000000
74885  -34.986  5.293  43.604 0.0000000000
74886  -36.495  5.553  43.315 0.0000000000
74887  -37.812  5.474  42.843 0.0000000000
74888  -39.177  5.470  42.708 0.0000000000
74889  -40.661  5.503  42.740 0.0000000000
74890  -42.349  5.302  43.147 0.0000000000
74891  -43.735  4.742  43.065 0.0000000000
74892  -44.823  4.113  43.018 0.0000000000
74900  -33.734  4.718  42.789 0.0000000000
74901  -35.213  5.361  42.371 0.0000000000
74902  -36.622  5.446  42.018 0.0000000000
74903  -38.016  5.277  41.785 0.0000000000
74904  -39.464  5.193  41.695 0.0000000000
74905  -40.975  5.106  41.706 0.0000000000
74906  -42.435  4.807  41.809 0.0000000000
74907  -43.699  4.316  41.813 0.0000000000
74908  -44.574  4.009  42.272 0.0000000000
74915  -34.210  4.945  41.596 0.0000000000
74916  -35.480  5.252  41.204 0.0000000000
74917  -36.850  5.125  40.895 0.0000000000
74918  -38.279  4.905  40.736 0.0000000000
74919  -39.693  4.703  40.708 0.0000000000
74920  -41.099  4.431  40.531 0.0000000000
74921  -42.497  4.291  40.947 0.0000000000
74922  -43.144  4.099  41.034 0.0000000000
74930  -35.727  4.886  40.191 0.0000000000
74931  -37.086  4.506  39.708 0.0000000000
74932  -38.643  4.486  39.821 0.0000000000
74933  -39.804  4.296  39.832 0.0000000000
74934  -40.470  4.105  39.775 0.0000000000
74957  -52.122  3.008  38.458 0.0000000000
74958  -52.759  3.219  37.175 0.0000000000
74959  -54.123  3.751  36.081 0.0000000000
74960  -54.900  3.366  35.967 0.0000000000
74971  -48.051  2.123  35.856 0.0000000000
74972  -48.902  2.089  36.989 0.0000000000
74973  -50.422  2.167  38.343 0.0000000000
74974  -51.742  2.454  38.861 0.0000000000
74975  -52.127  2.556  37.982 0.0000000000
74976  -54.584  4.385  35.373 0.0000000000
74977  -55.249  3.989  35.072 0.0000000000
74989  -48.470  1.829  35.853 0.0000000000
74990  -49.328  1.642  36.753 0.0000000000
74991  -56.330  4.900  33.843 0.0000000000
74992  -56.339  4.546  34.253 0.0000000000
75010  -53.447  4.694  31.389 0.0000000000
75011  -54.716  4.567  31.894 0.0000000000
75012  -56.067  4.556  32.964 0.0000000000
75013  -56.457  4.141  33.739 0.0000000000
75023  -49.459  3.544  30.335 0.0000000000
75024  -50.497  3.403  30.610 0.0000000000
75025  -52.115  3.807  30.864 0.0000000000
75026  -53.589  3.987  31.166 0.0000000000
75031  -49.739  3.028  30.233 0.0000000000
75059  -51.840  2.814  28.860 0.0000000000
75060  -53.744  2.946  29.131 0.0000000000
75061  -55.478  2.717  29.018 0.0000000000
75062  -56.290  2.029  28.372 0.0000000000
75069  -52.391  3.318  28.775 0.0000000000
75070  -54.350  3.258  28.986 0.0000000000
75071  -56.205  2.558  27.996 0.0000000000
75072  -56.273  3.150  27.776 0.0000000000
75075  -56.501  2.092  26.254 0.0000000000
75076  -56.545  2.913  27.280 0.0000000000
75078  -52.443  1.395  22.917 0.0000000000
75079  -53.848  1.494  23.580 0.0000000000
75080  -55.081  1.681  24.247 0.0000000000
75081  -55.934  1.828  25.005 0.0000000000
75730  -37.726  5.657  49.077 0.0000000000
75731  -38.884  5.436  49.663 0.0000000000
75732  -40.064  5.043  49.845 0.0000000000
75733  -40.534  4.599  49.603 0.0000000000
75747  -37.282  5.711  48.011 0.0000000000
75748  -38.619  5.804  48.549 0.0000000000
75749  -39.991  5.479  48.986 0.0000000000
75750  -41.285  4.905  49.223 0.0000000000
75751  -42.162  4.672  49.047 0.0000000000
75768  -36.836  5.683  46.896 0.0000000000
75769  -38.074  5.766  47.319 0.0000000000
75770  -39.541  5.938  47.849 0.0000000000
75771  -41.007  5.545  48.202 0.0000000000
75772  -42.449  4.939  48.390 0.0000000000
75773  -43.167  4.696  47.952 0.0000000000
75785  -36.526  5.576  46.026 0.0000000000
75786  -37.481  5.707  46.219 0.0000000000
75787  -38.783  5.853  46.538 0.0000000000
75788  -40.301  5.975  46.931 0.0000000000
75789  -41.784  5.559  47.179 0.0000000000
75790  -43.066  4.966  47.242 0.0000000000
75802  -36.823  5.573  45.300 0.0000000000
75803  -38.015  5.746  45.417 0.0000000000
75804  -39.384  5.927  45.641 0.0000000000
75805  -40.883  5.938  45.877 0.0000000000
75806  -42.271  5.556  45.990 0.0000000000
75807  -43.162  4.886  45.875 0.0000000000
75816  -37.251  5.578  44.434 0.0000000000
75817  -38.514  5.737  44.564 0.0000000000
75818  -39.877  5.893  44.672 0.0000000000
75819  -41.310  5.814  44.777 0.0000000000
75820  -42.654  5.394  44.745 0.0000000000
75821  -43.414  4.941  45.173 0.0000000000
75828  -37.774  5.565  43.737 0.0000000000
75829  -38.891  5.636  43.673 0.0000000000
75830  -40.265  5.721  43.692 0.0000000000
75831  -41.641  5.619  43.803 0.0000000000
75832  -42.408  5.461  43.912 0.0000000000
75869  -50.350  3.712  39.178 0.0000000000
75870  -51.243  3.769  39.096 0.0000000000
75871  -52.042  3.822  37.902 0.0000000000
75872  -53.252  4.312  36.491 0.0000000000
75873  -54.129  4.692  35.667 0.0000000000
75884  -47.821  2.486  36.643 0.0000000000
75885  -49.785  2.856  38.697 0.0000000000
75886  -51.315  2.957  39.060 0.0000000000
75887  -51.813  2.978  38.756 0.0000000000
75888  -55.233  5.215  34.804 0.0000000000
75889  -56.005  4.973  34.292 0.0000000000
75903  -55.140  6.472  33.332 0.0000000000
75904  -55.800  5.724  33.708 0.0000000000
75905  -56.270  5.085  34.045 0.0000000000
75921  -50.907  5.320  30.707 0.0000000000
75922  -52.150  5.226  31.010 0.0000000000
75923  -54.501  5.779  32.437 0.0000000000
75924  -55.548  5.293  32.707 0.0000000000
75938  -50.233  4.474  30.614 0.0000000000
75939  -51.140  4.099  30.806 0.0000000000
75994  -51.112  3.912  28.369 0.0000000000
75995  -52.934  3.805  28.770 0.0000000000
75996  -54.739  3.640  28.878 0.0000000000
75997  -55.819  3.613  28.295 0.0000000000
75998  -56.383  3.646  27.610 0.0000000000
76001  -56.461  3.092  25.645 0.0000000000
76002  -56.665  3.392  26.758 0.0000000000
76004  -52.039  2.594  22.605 0.0000000000
76005  -53.579  2.702  23.142 0.0000000000
76006  -54.946  2.695  23.801 0.0000000000
76007  -55.909  2.800  24.553 0.0000000000
76773  -47.892  3.374  38.890 0.0000000000
76774  -49.526  3.659  39.280 0.0000000000
76775  -50.956  4.510  39.212 0.0000000000
76776  -52.023  5.042  38.240 0.0000000000
76777  -53.200  5.530  36.451 0.0000000000
76778  -53.761  5.036  36.058 0.0000000000
76792  -48.390  2.960  38.310 0.0000000000
76793  -54.385  6.630  35.210 0.0000000000
76794  -54.200  5.536  35.360 0.0000000000
76807  -53.871  7.791  33.479 0.0000000000
76808  -55.011  7.226  33.909 0.0000000000
76809  -55.058  6.188  34.530 0.0000000000
76826  -49.215  6.447  30.686 0.0000000000
76827  -51.053  6.315  30.935 0.0000000000
76828  -53.365  6.910  32.424 0.0000000000
76829  -54.678  6.686  33.072 0.0000000000
76843  -49.503  5.332  30.466 0.0000000000
76844  -50.378  5.342  30.596 0.0000000000
76903  -51.687  4.596  28.534 0.0000000000
76904  -53.450  4.474  28.960 0.0000000000
76905  -55.019  4.434  29.031 0.0000000000
76906  -56.015  4.569  28.358 0.0000000000
76907  -56.676  4.515  27.467 0.0000000000
76915  -55.826  5.031  24.492 0.0000000000
76916  -56.413  4.272  24.961 0.0000000000
76917  -56.859  4.337  26.425 0.0000000000
76920  -52.879  3.906  22.942 0.0000000000
76921  -54.840  4.155  23.772 0.0000000000
76922  -55.716  3.450  24.139 0.0000000000
76957  -53.730  3.101  17.333 0.0000000000
76958  -54.569  3.383  16.687 0.0000000000
76961  -54.767  3.124  16.013 0.0000000000
76964  -54.983  2.808  15.126 0.0000000000
76965  -55.696  3.081  14.338 0.0000000000
76968  -54.947  2.417  14.107 0.0000000000
76969  -55.705  2.910  13.507 0.0000000000
76975  -54.894  2.331  13.116 0.0000000000
76976  -55.565  2.750  12.681 0.0000000000
76987  -54.792  2.589  12.108 0.0000000000
76988  -55.798  2.896  11.896 0.0000000000
77691  -46.333  4.505  39.706 0.0000000000
77692  -48.160  4.796  40.410 0.0000000000
77693  -49.989  5.237  40.644 0.0000000000
77694  -50.875  6.056  39.571 0.0000000000
77695  -51.163  6.817  37.803 0.0000000000
77696  -51.835  7.646  37.024 0.0000000000
77708  -47.185  3.901  39.409 0.0000000000
77709  -48.952  4.144  40.012 0.0000000000
77710  -50.449  4.846  39.771 0.0000000000
77711  -51.420  5.674  38.707 0.0000000000
77712  -52.390  7.008  36.434 0.0000000000
77713  -53.804  6.826  35.895 0.0000000000
77728  -53.518  8.385  34.920 0.0000000000
77729  -54.067  7.461  35.068 0.0000000000
77744  -50.133  8.489  31.582 0.0000000000
77745  -51.335  8.628  31.924 0.0000000000
77746  -52.332  8.531  32.795 0.0000000000
77747  -53.242  8.459  33.798 0.0000000000
77748  -54.243  8.072  34.296 0.0000000000
77764  -48.759  7.545  31.200 0.0000000000
77765  -50.440  7.569  31.276 0.0000000000
77766  -52.056  7.795  31.848 0.0000000000
77767  -53.075  8.005  32.814 0.0000000000
77800  -54.408  6.495  29.756 0.0000000000
77801  -55.616  6.654  29.592 0.0000000000
77802  -55.999  6.894  29.358 0.0000000000
77826  -50.670  5.668  28.470 0.0000000000
77827  -52.316  5.491  28.970 0.0000000000
77828  -53.953  5.392  29.359 0.0000000000
77829  -55.337  5.490  29.263 0.0000000000
77830  -56.161  5.977  28.439 0.0000000000
77846  -56.357  6.000  25.332 0.0000000000
77847  -56.918  5.609  26.430 0.0000000000
77848  -56.877  5.414  27.305 0.0000000000
77850  -52.049  4.664  22.897 0.0000000000
77851  -53.245  5.471  23.401 0.0000000000
77852  -55.032  5.832  24.198 0.0000000000
77856  -52.041  5.445  23.078 0.0000000000
77875  -53.460  4.192  20.314 0.0000000000
77878  -53.836  4.013  19.518 0.0000000000
77879  -54.729  4.452  18.918 0.0000000000
77881  -54.061  3.806  18.606 0.0000000000
77882  -54.908  4.321  18.217 0.0000000000
77884  -54.247  3.687  17.932 0.0000000000
77885  -55.164  4.189  17.296 0.0000000000
77886  -56.124  4.727  16.642 0.0000000000
77888  -55.409  3.908  16.369 0.0000000000
77889  -56.435  4.626  15.832 0.0000000000
77890  -57.363  4.939  15.173 0.0000000000
77892  -55.550  3.632  15.665 0.0000000000
77893  -56.278  3.880  14.924 0.0000000000
77894  -57.616  4.694  14.380 0.0000000000
77897  -56.574  3.724  13.919 0.0000000000
77898  -57.843  4.469  13.463 0.0000000000
77901  -56.658  3.400  12.854 0.0000000000
77902  -58.315  4.220  12.543 0.0000000000
77903  -59.102  4.918  11.996 0.0000000000
77909  -56.983  3.396  11.853 0.0000000000
77910  -58.218  3.964  11.647 0.0000000000
77911  -59.256  4.766  11.435 0.0000000000
78675  -48.008  6.382  41.451 0.0000000000
78676  -48.964  6.566  41.456 0.0000000000
78677  -49.932  7.101  40.541 0.0000000000
78678  -50.424  7.528  39.419 0.0000000000
78688  -47.302  5.544  40.965 0.0000000000
78689  -49.288  5.874  41.034 0.0000000000
78690  -50.402  6.489  40.226 0.0000000000
78691  -50.987  7.264  38.882 0.0000000000
78692  -51.262  8.013  37.225 0.0000000000
78693  -52.004  8.461  36.210 0.0000000000
78709  -52.725  8.865  35.312 0.0000000000
78726  -51.402  9.721  33.268 0.0000000000
78727  -52.130  9.460  33.781 0.0000000000
78728  -52.931  9.275  34.385 0.0000000000
78745  -47.717  8.928  31.590 0.0000000000
78746  -49.179  8.943  31.631 0.0000000000
78747  -50.757  9.515  32.142 0.0000000000
78748  -51.769  9.182  32.857 0.0000000000
78749  -52.402  8.907  33.588 0.0000000000
78765  -47.860  8.084  31.342 0.0000000000
78794  -52.208  7.473  29.649 0.0000000000
78795  -53.384  7.628  30.045 0.0000000000
78796  -54.803  7.672  30.135 0.0000000000
78797  -55.835  7.646  29.898 0.0000000000
78815  -49.808  6.899  28.794 0.0000000000
78816  -51.392  6.797  29.081 0.0000000000
78817  -52.961  6.481  29.549 0.0000000000
78818  -56.119  7.426  29.014 0.0000000000
78837  -56.439  7.280  25.922 0.0000000000
78838  -56.825  7.061  26.692 0.0000000000
78839  -56.806  6.882  27.772 0.0000000000
78851  -53.919  6.845  24.227 0.0000000000
78852  -55.414  7.095  24.962 0.0000000000
78855  -52.735  6.472  23.418 0.0000000000
78860  -52.383  6.397  22.979 0.0000000000
78881  -53.634  5.656  21.606 0.0000000000
78895  -53.739  4.991  21.000 0.0000000000
78896  -54.928  5.331  20.437 0.0000000000
78906  -54.270  4.675  20.207 0.0000000000
78907  -55.344  5.231  19.594 0.0000000000
78908  -56.426  5.930  18.903 0.0000000000
78917  -55.599  5.066  18.621 0.0000000000
78918  -56.531  5.827  18.118 0.0000000000
78928  -55.776  4.960  17.909 0.0000000000
78929  -56.859  5.621  17.262 0.0000000000
78930  -58.125  5.911  16.729 0.0000000000
78939  -57.015  5.372  16.429 0.0000000000
78940  -58.043  5.604  15.855 0.0000000000
78947  -59.046  5.349  15.046 0.0000000000
78948  -60.544  5.905  14.336 0.0000000000
78953  -59.388  5.190  13.929 0.0000000000
78954  -60.487  5.906  13.447 0.0000000000
78956  -59.471  4.888  13.193 0.0000000000
78957  -59.545  6.228  12.271 0.0000000000
78958  -59.953  7.687  11.709 0.0000000000
78964  -59.763  6.158  11.749 0.0000000000
78965  -60.281  7.543  11.037 0.0000000000
78977  -60.271  5.856  11.070 0.0000000000
78978  -60.918  7.089  10.360 0.0000000000
79638  -45.529  6.171  41.096 0.0000000000
79639  -47.080  6.341  41.464 0.0000000000
79640  -48.662  7.181  41.638 0.0000000000
79641  -49.357  7.885  40.502 0.0000000000
79642  -50.268  8.460  39.353 0.0000000000
79659  -45.973  5.627  40.825 0.0000000000
79660  -46.758  5.780  41.157 0.0000000000
79661  -50.575  8.610  37.650 0.0000000000
79662  -51.531  9.463  36.069 0.0000000000
79663  -52.208  9.506  35.385 0.0000000000
79682  -51.221  10.994  34.291 0.0000000000
79683  -51.755  10.502  34.766 0.0000000000
79684  -52.450  9.749  34.704 0.0000000000
79700  -46.912  10.414  32.566 0.0000000000
79701  -48.655  10.713  32.502 0.0000000000
79702  -50.715  10.695  33.223 0.0000000000
79703  -51.882  10.032  34.045 0.0000000000
79704  -52.401  9.651  34.316 0.0000000000
79717  -47.374  9.662  32.144 0.0000000000
79718  -48.933  9.885  32.047 0.0000000000
79719  -49.972  9.882  32.082 0.0000000000
79756  -46.986  9.680  31.021 0.0000000000
79757  -48.370  9.559  30.760 0.0000000000
79758  -49.958  9.371  30.485 0.0000000000
79759  -51.853  8.762  30.328 0.0000000000
79760  -53.745  8.902  30.609 0.0000000000
79761  -55.206  8.830  30.426 0.0000000000
79762  -56.039  8.695  29.897 0.0000000000
79776  -47.618  8.328  30.072 0.0000000000
79777  -49.073  8.197  29.619 0.0000000000
79778  -50.561  7.977  29.461 0.0000000000
79779  -51.463  7.752  29.489 0.0000000000
79780  -56.351  8.545  28.792 0.0000000000
79794  -55.852  7.999  25.630 0.0000000000
79795  -56.712  8.437  26.666 0.0000000000
79796  -56.771  8.431  27.671 0.0000000000
79811  -53.640  7.374  23.958 0.0000000000
79812  -55.001  7.997  24.800 0.0000000000
79813  -56.142  8.701  25.789 0.0000000000
79822  -53.155  7.267  23.537 0.0000000000
79823  -54.226  7.864  24.110 0.0000000000
79838  -53.028  7.264  23.196 0.0000000000
79839  -53.920  7.738  23.646 0.0000000000
79852  -52.842  6.803  22.702 0.0000000000
79853  -53.829  7.503  23.066 0.0000000000
79867  -52.756  6.199  22.262 0.0000000000
79868  -54.279  6.651  22.214 0.0000000000
79869  -56.524  7.181  21.870 0.0000000000
79870  -57.555  7.608  21.650 0.0000000000
79883  -54.299  5.794  21.515 0.0000000000
79884  -55.549  6.143  21.058 0.0000000000
79885  -57.322  7.108  21.105 0.0000000000
79895  -55.778  5.852  20.230 0.0000000000
79896  -57.334  6.770  19.867 0.0000000000
79897  -58.969  7.680  19.614 0.0000000000
79904  -57.698  6.445  18.534 0.0000000000
79905  -59.050  7.390  18.896 0.0000000000
79913  -57.568  6.149  17.873 0.0000000000
79914  -59.368  6.911  17.585 0.0000000000
79915  -60.347  8.165  16.972 0.0000000000
79924  -59.831  6.168  16.447 0.0000000000
79925  -60.431  7.793  16.366 0.0000000000
79937  -59.598  5.844  15.681 0.0000000000
79938  -60.499  7.107  15.155 0.0000000000
79950  -60.611  7.642  13.692 0.0000000000
79951  -60.197  8.831  12.744 0.0000000000
79963  -60.521  7.301  12.935 0.0000000000
79964  -60.067  8.832  11.892 0.0000000000
79975  -60.269  9.363  11.003 0.0000000000
79984  -60.436  9.113  10.135 0.0000000000
80687  -45.064  7.292  41.835 0.0000000000
80688  -46.665  7.705  42.339 0.0000000000
80689  -48.018  8.061  42.573 0.0000000000
80690  -48.400  8.836  41.651 0.0000000000
80713  -45.249  6.755  41.462 0.0000000000
80714  -46.765  7.055  41.903 0.0000000000
80715  -48.157  7.593  41.949 0.0000000000
80716  -49.239  8.763  41.025 0.0000000000
80717  -49.902  9.436  39.452 0.0000000000
80734  -50.297  10.029  37.365 0.0000000000
80735  -51.013  10.117  36.233 0.0000000000
80748  -47.460  11.848  33.326 0.0000000000
80749  -49.225  12.107  33.605 0.0000000000
80750  -50.794  11.444  34.876 0.0000000000
80751  -51.366  10.467  35.448 0.0000000000
80760  -48.082  11.373  32.924 0.0000000000
80761  -49.748  11.379  33.405 0.0000000000
80762  -50.555  11.320  33.804 0.0000000000
80798  -46.416  10.878  31.301 0.0000000000
80799  -47.711  10.810  31.275 0.0000000000
80800  -49.173  10.727  31.178 0.0000000000
80801  -50.876  10.526  31.112 0.0000000000
80802  -52.668  10.306  31.099 0.0000000000
80803  -54.321  10.154  30.765 0.0000000000
80804  -55.690  9.958  30.500 0.0000000000
80805  -56.289  9.860  29.767 0.0000000000
80818  -56.289  9.879  28.600 0.0000000000
80833  -56.785  9.726  26.614 0.0000000000
80834  -56.772  9.876  27.669 0.0000000000
80851  -46.701  12.247  24.994 0.0000000000
80852  -47.301  12.277  24.917 0.0000000000
80853  -55.370  8.438  24.681 0.0000000000
80854  -56.295  9.262  25.534 0.0000000000
80871  -47.451  11.820  24.030 0.0000000000
80872  -48.078  11.814  23.597 0.0000000000
80873  -55.160  8.368  24.234 0.0000000000
80874  -56.340  9.219  24.960 0.0000000000
80894  -47.906  11.463  22.954 0.0000000000
80895  -55.110  8.135  23.644 0.0000000000
80896  -56.541  9.166  24.250 0.0000000000
80910  -55.040  7.687  22.945 0.0000000000
80911  -56.799  8.677  23.437 0.0000000000
80912  -57.773  9.396  23.071 0.0000000000
80924  -55.036  7.322  22.585 0.0000000000
80925  -55.933  7.627  22.607 0.0000000000
80926  -57.856  8.621  22.341 0.0000000000
80927  -58.400  9.867  21.717 0.0000000000
80939  -58.240  7.907  21.265 0.0000000000
80940  -58.539  9.276  21.155 0.0000000000
80948  -58.095  7.464  20.666 0.0000000000
80949  -59.098  8.337  20.327 0.0000000000
80956  -59.603  8.639  19.132 0.0000000000
80963  -59.995  8.620  18.150 0.0000000000
80964  -60.078  9.125  17.147 0.0000000000
80971  -60.245  9.578  16.230 0.0000000000
80980  -60.354  9.936  15.054 0.0000000000
80988  -51.412  12.016  11.663 0.0000000000
80989  -60.354  10.000  13.876 0.0000000000
80990  -60.149  10.108  12.912 0.0000000000
80998  -51.958  12.094  11.253 0.0000000000
80999  -52.895  12.963  10.905 0.0000000000
81000  -60.039  10.541  12.040 0.0000000000
81007  -52.189  11.681  10.470 0.0000000000
81008  -53.520  13.414  10.304 0.0000000000
81009  -54.872  14.097  10.043 0.0000000000
81010  -59.570  12.941  10.398 0.0000000000
81011  -59.929  11.479  10.968 0.0000000000
81021  -52.594  11.859  9.760 0.0000000000
81022  -53.647  13.391  9.520 0.0000000000
81023  -55.342  14.074  9.539 0.0000000000
81024  -59.682  12.749  9.876 0.0000000000
81025  -60.075  11.107  10.012 0.0000000000
81037  -52.860  11.989  9.066 0.0000000000
81038  -53.921  13.481  8.856 0.0000000000
81039  -55.691  13.855  8.889 0.0000000000
81040  -59.809  12.568  9.022 0.0000000000
81041  -60.175  10.841  9.047 0.0000000000
81788  -44.843  8.191  42.843 0.0000000000
81789  -46.298  9.070  43.224 0.0000000000
81790  -47.691  9.587  43.461 0.0000000000
81791  -48.176  9.928  42.972 0.0000000000
81811  -44.913  7.736  42.289 0.0000000000
81812  -46.388  8.425  42.661 0.0000000000
81813  -47.871  8.754  43.049 0.0000000000
81814  -48.240  9.659  41.960 0.0000000000
81815  -49.174  10.026  41.060 0.0000000000
81836  -49.319  10.296  39.669 0.0000000000
81837  -50.044  10.945  38.292 0.0000000000
81849  -49.037  13.225  34.575 0.0000000000
81850  -49.832  12.770  35.627 0.0000000000
81851  -50.131  11.831  36.637 0.0000000000
81859  -48.375  12.622  33.776 0.0000000000
81860  -49.817  12.597  34.584 0.0000000000
81861  -50.291  12.283  35.394 0.0000000000
81905  -46.022  12.141  30.677 0.0000000000
81906  -47.156  11.873  31.072 0.0000000000
81907  -48.420  11.831  31.156 0.0000000000
81908  -49.968  11.805  31.233 0.0000000000
81909  -51.695  11.674  31.220 0.0000000000
81910  -53.405  11.462  31.023 0.0000000000
81911  -54.961  11.227  30.678 0.0000000000
81912  -56.027  11.039  30.111 0.0000000000
81913  -56.686  10.999  29.526 0.0000000000
81921  -45.903  13.102  29.441 0.0000000000
81922  -47.192  13.529  29.108 0.0000000000
81923  -47.837  13.656  29.042 0.0000000000
81924  -56.963  11.053  28.787 0.0000000000
81940  -45.273  13.229  27.843 0.0000000000
81941  -46.582  13.383  27.845 0.0000000000
81942  -48.005  13.606  28.028 0.0000000000
81943  -49.384  13.800  27.612 0.0000000000
81944  -50.089  14.093  27.400 0.0000000000
81945  -57.023  10.602  26.368 0.0000000000
81946  -57.109  11.292  27.649 0.0000000000
81961  -46.068  12.797  26.361 0.0000000000
81962  -47.425  12.827  25.953 0.0000000000
81963  -48.816  13.342  26.283 0.0000000000
81964  -49.886  13.766  26.572 0.0000000000
81965  -57.011  10.562  25.656 0.0000000000
81966  -57.058  12.085  26.498 0.0000000000
81973  -47.644  12.292  24.830 0.0000000000
81974  -48.403  12.430  24.530 0.0000000000
81975  -49.911  13.505  25.142 0.0000000000
81976  -50.717  14.136  24.744 0.0000000000
81977  -57.264  10.369  24.929 0.0000000000
81978  -57.205  11.887  25.320 0.0000000000
81983  -48.493  11.849  23.166 0.0000000000
81984  -49.327  12.688  23.529 0.0000000000
81985  -50.424  13.659  23.855 0.0000000000
81986  -57.542  10.228  24.275 0.0000000000
81987  -57.699  11.537  24.485 0.0000000000
81994  -48.250  11.583  22.502 0.0000000000
81995  -48.808  12.062  22.189 0.0000000000
81996  -50.039  13.175  22.593 0.0000000000
81997  -57.386  9.586  23.926 0.0000000000
81998  -57.933  10.772  23.485 0.0000000000
81999  -58.222  12.086  22.872 0.0000000000
82009  -49.745  12.901  21.370 0.0000000000
82010  -58.047  9.856  22.811 0.0000000000
82011  -58.276  10.962  22.209 0.0000000000
82024  -49.352  12.875  20.212 0.0000000000
82025  -58.453  10.968  21.056 0.0000000000
82035  -58.763  10.661  20.148 0.0000000000
82041  -59.276  10.455  19.102 0.0000000000
82047  -59.686  10.284  18.165 0.0000000000
82048  -59.905  10.508  17.331 0.0000000000
82055  -49.852  13.397  14.026 0.0000000000
82056  -59.976  11.185  16.364 0.0000000000
82062  -50.514  13.209  13.336 0.0000000000
82063  -51.542  13.477  12.895 0.0000000000
82064  -59.887  11.908  15.186 0.0000000000
82070  -50.756  12.461  12.582 0.0000000000
82071  -52.147  13.161  12.120 0.0000000000
82072  -53.980  14.128  12.116 0.0000000000
82073  -56.323  14.618  12.489 0.0000000000
82074  -59.416  13.151  13.419 0.0000000000
82075  -59.795  11.822  12.860 0.0000000000
82081  -53.002  13.331  11.474 0.0000000000
82082  -54.467  14.094  11.317 0.0000000000
82083  -57.059  14.300  11.709 0.0000000000
82084  -59.097  13.444  11.931 0.0000000000
82085  -59.905  11.981  12.054 0.0000000000
82090  -55.300  14.156  10.716 0.0000000000
82091  -56.987  14.153  10.602 0.0000000000
82092  -59.400  13.315  10.918 0.0000000000
82093  -59.951  11.907  11.534 0.0000000000
82102  -57.396  14.001  9.769 0.0000000000
82103  -59.076  13.708  9.825 0.0000000000
82115  -57.549  13.808  8.973 0.0000000000
82116  -59.138  13.681  8.971 0.0000000000
82825  -45.666  10.301  44.219 0.0000000000
82826  -47.004  10.991  44.270 0.0000000000
82837  -44.712  8.649  43.426 0.0000000000
82838  -46.268  9.608  43.967 0.0000000000
82839  -47.601  10.635  44.048 0.0000000000
82840  -48.074  10.880  43.206 0.0000000000
82841  -48.141  10.978  41.858 0.0000000000
82849  -49.007  11.028  41.084 0.0000000000
82850  -49.128  11.146  40.005 0.0000000000
82863  -49.571  11.687  38.675 0.0000000000
82864  -49.532  11.741  37.529 0.0000000000
82874  -49.360  13.525  35.771 0.0000000000
82875  -49.359  12.427  37.079 0.0000000000
82876  -49.589  12.030  37.180 0.0000000000
82923  -46.820  12.591  30.596 0.0000000000
82924  -47.730  12.636  30.634 0.0000000000
82925  -49.100  12.748  30.727 0.0000000000
82926  -50.767  12.799  30.807 0.0000000000
82927  -52.508  12.653  30.714 0.0000000000
82928  -54.099  12.310  30.347 0.0000000000
82929  -55.500  12.148  30.081 0.0000000000
82930  -56.580  11.865  29.738 0.0000000000
82931  -56.932  11.550  29.422 0.0000000000
82936  -46.402  12.783  30.220 0.0000000000
82937  -46.992  13.094  30.039 0.0000000000
82938  -48.187  13.376  29.757 0.0000000000
82939  -49.848  13.534  29.897 0.0000000000
82940  -51.650  13.658  29.913 0.0000000000
82941  -53.406  13.285  29.753 0.0000000000
82942  -54.783  13.023  29.838 0.0000000000
82943  -56.004  12.938  29.286 0.0000000000
82944  -56.831  11.999  28.980 0.0000000000
82955  -48.197  13.691  29.008 0.0000000000
82956  -49.000  13.784  28.931 0.0000000000
82957  -50.644  14.225  28.478 0.0000000000
82958  -52.817  14.187  28.582 0.0000000000
82959  -53.665  14.357  27.922 0.0000000000
82960  -55.874  13.358  28.385 0.0000000000
82961  -56.666  13.135  27.940 0.0000000000
82970  -50.678  14.342  26.970 0.0000000000
82971  -51.933  14.665  27.305 0.0000000000
82972  -53.278  14.717  27.387 0.0000000000
82973  -56.572  13.244  26.610 0.0000000000
82976  -50.403  14.094  26.099 0.0000000000
82977  -51.280  14.671  25.763 0.0000000000
82978  -52.870  15.118  26.312 0.0000000000
82979  -56.869  13.081  25.785 0.0000000000
82983  -51.402  14.702  24.338 0.0000000000
82984  -52.688  15.319  25.028 0.0000000000
82985  -57.481  13.359  24.685 0.0000000000
82986  -57.520  14.284  24.011 0.0000000000
82990  -51.197  14.306  23.041 0.0000000000
82991  -52.475  15.471  23.709 0.0000000000
82992  -57.809  12.298  23.991 0.0000000000
82993  -57.890  13.281  23.443 0.0000000000
82999  -50.901  14.038  21.776 0.0000000000
83000  -52.174  15.247  22.318 0.0000000000
83001  -58.062  13.123  22.255 0.0000000000
83010  -50.461  14.059  20.477 0.0000000000
83011  -51.877  15.173  20.986 0.0000000000
83012  -58.228  12.817  21.152 0.0000000000
83019  -49.888  13.913  18.917 0.0000000000
83020  -51.621  15.144  19.557 0.0000000000
83021  -58.305  12.653  20.083 0.0000000000
83027  -50.266  14.444  17.171 0.0000000000
83028  -51.614  15.286  18.024 0.0000000000
83029  -58.598  12.641  19.023 0.0000000000
83034  -50.131  14.331  15.703 0.0000000000
83035  -52.201  15.489  16.266 0.0000000000
83036  -53.877  15.705  16.005 0.0000000000
83037  -59.055  12.705  17.643 0.0000000000
83038  -59.609  11.475  17.460 0.0000000000
83043  -49.627  13.661  14.770 0.0000000000
83044  -51.244  14.450  14.375 0.0000000000
83045  -54.072  15.326  15.040 0.0000000000
83046  -55.655  14.928  15.082 0.0000000000
83047  -58.896  14.119  16.144 0.0000000000
83048  -59.588  12.365  16.712 0.0000000000
83052  -51.544  13.913  13.457 0.0000000000
83053  -53.019  14.454  13.374 0.0000000000
83054  -55.882  14.708  14.434 0.0000000000
83055  -58.212  14.649  14.973 0.0000000000
83056  -59.581  13.313  15.626 0.0000000000
83061  -53.470  14.231  12.579 0.0000000000
83062  -54.999  14.453  13.121 0.0000000000
83063  -57.510  14.495  13.761 0.0000000000
83064  -59.175  13.769  14.549 0.0000000000
83685  -45.379  11.814  44.222 0.0000000000
83686  -46.611  12.140  44.212 0.0000000000
83697  -47.573  12.240  44.194 0.0000000000
83698  -47.792  12.144  43.368 0.0000000000
83699  -48.050  12.177  41.935 0.0000000000
83702  -48.370  12.329  40.371 0.0000000000
83703  -48.998  11.711  40.265 0.0000000000
83711  -49.189  13.446  38.925 0.0000000000
83712  -49.248  12.229  39.474 0.0000000000
83725  -49.032  14.375  35.836 0.0000000000
83726  -49.176  13.697  37.251 0.0000000000
83727  -49.147  12.656  38.256 0.0000000000
83774  -54.159  13.318  29.484 0.0000000000
83775  -54.679  13.274  29.018 0.0000000000
83776  -55.212  13.384  28.518 0.0000000000
83785  -53.862  13.690  29.124 0.0000000000
83786  -54.283  13.921  28.343 0.0000000000
83787  -55.579  14.142  27.867 0.0000000000
83788  -56.196  13.992  27.130 0.0000000000
83801  -54.353  14.553  27.521 0.0000000000
83802  -54.986  13.961  26.530 0.0000000000
83803  -55.707  13.388  26.004 0.0000000000
83808  -54.070  14.902  26.595 0.0000000000
83809  -54.914  14.153  25.785 0.0000000000
83810  -56.087  13.890  25.394 0.0000000000
83815  -53.984  15.329  25.539 0.0000000000
83816  -55.334  15.363  24.955 0.0000000000
83817  -56.890  15.101  24.345 0.0000000000
83818  -57.444  14.764  23.515 0.0000000000
83822  -53.980  15.838  24.387 0.0000000000
83823  -55.438  15.952  23.748 0.0000000000
83824  -56.850  15.775  23.156 0.0000000000
83825  -57.584  14.725  22.594 0.0000000000
83830  -53.767  15.960  23.008 0.0000000000
83831  -55.256  16.065  22.358 0.0000000000
83832  -56.797  15.900  21.835 0.0000000000
83833  -57.836  14.733  21.402 0.0000000000
83841  -53.486  15.957  21.626 0.0000000000
83842  -55.047  16.104  20.996 0.0000000000
83843  -56.664  15.871  20.482 0.0000000000
83844  -57.585  14.439  20.158 0.0000000000
83849  -53.237  15.927  20.250 0.0000000000
83850  -54.831  16.086  19.638 0.0000000000
83851  -56.449  15.753  19.192 0.0000000000
83852  -57.669  14.480  19.078 0.0000000000
83858  -53.082  15.946  18.851 0.0000000000
83859  -54.659  15.995  18.315 0.0000000000
83860  -56.352  15.579  17.997 0.0000000000
83861  -58.031  14.715  17.884 0.0000000000
83866  -53.110  15.907  17.624 0.0000000000
83867  -54.469  15.650  16.978 0.0000000000
83868  -56.379  15.356  16.844 0.0000000000
83869  -58.018  14.993  16.611 0.0000000000
83873  -54.977  15.373  16.093 0.0000000000
83874  -56.200  15.145  15.745 0.0000000000
83875  -57.685  15.072  15.557 0.0000000000
83879  -56.559  14.948  15.161 0.0000000000
83880  -57.225  14.915  15.057 0.0000000000
84536  -46.180  13.685  44.258 0.0000000000
84537  -47.135  13.619  44.105 0.0000000000
84549  -47.412  13.487  43.385 0.0000000000
84550  -47.314  13.454  41.615 0.0000000000
84551  -48.159  13.333  40.865 0.0000000000
84558  -48.012  14.333  40.530 0.0000000000
84559  -48.287  14.048  39.595 0.0000000000
84565  -48.582  15.819  37.427 0.0000000000
84566  -49.136  15.001  38.137 0.0000000000
84580  -49.044  14.654  36.886 0.0000000000
85342  -46.084  15.151  43.919 0.0000000000
85343  -46.751  14.490  44.063 0.0000000000
85359  -46.630  14.861  42.928 0.0000000000
85360  -46.886  14.186  41.951 0.0000000000
85376  -46.178  16.468  41.072 0.0000000000
85377  -47.402  15.413  40.322 0.0000000000
85378  -48.200  14.886  39.972 0.0000000000
85391  -48.313  16.196  38.391 0.0000000000
85392  -48.425  15.229  39.289 0.0000000000
86098  -47.607  16.990  38.655 0.0000000000
