#!ascii label  , from subject Yale_0050564 vox2ras=TkReg
1311
25741  -49.860  -42.604  -23.960 0.0000000000
25755  -49.636  -42.092  -26.069 0.0000000000
25757  -50.735  -41.598  -28.267 0.0000000000
26574  -49.497  -42.870  -17.340 0.0000000000
26581  -47.999  -41.336  -20.937 0.0000000000
26582  -48.796  -42.579  -19.288 0.0000000000
26590  -48.294  -40.217  -23.071 0.0000000000
26591  -48.926  -41.537  -21.806 0.0000000000
26592  -49.802  -43.388  -20.271 0.0000000000
26603  -48.168  -39.536  -25.489 0.0000000000
26604  -48.585  -40.573  -24.700 0.0000000000
26605  -49.379  -41.999  -23.091 0.0000000000
26619  -48.395  -38.950  -26.740 0.0000000000
26620  -48.834  -39.299  -26.741 0.0000000000
26621  -49.538  -40.392  -26.622 0.0000000000
26622  -50.902  -39.088  -28.272 0.0000000000
26623  -51.857  -38.749  -27.885 0.0000000000
26636  -49.649  -41.474  -27.066 0.0000000000
26637  -50.137  -40.850  -27.907 0.0000000000
26638  -51.961  -40.087  -28.089 0.0000000000
26639  -53.680  -39.794  -28.037 0.0000000000
26651  -52.212  -40.954  -28.644 0.0000000000
27475  -48.307  -39.639  -15.142 0.0000000000
27495  -48.273  -39.807  -15.680 0.0000000000
27496  -49.016  -40.523  -15.505 0.0000000000
27507  -48.078  -39.977  -16.222 0.0000000000
27508  -48.638  -40.941  -16.361 0.0000000000
27516  -47.588  -40.518  -17.202 0.0000000000
27517  -48.579  -41.698  -17.318 0.0000000000
27524  -46.341  -40.284  -19.872 0.0000000000
27525  -47.239  -41.148  -19.232 0.0000000000
27526  -48.454  -42.293  -18.231 0.0000000000
27534  -40.259  -37.395  -19.521 0.0000000000
27535  -46.548  -39.976  -21.047 0.0000000000
27536  -47.521  -40.143  -21.913 0.0000000000
27545  -40.515  -37.311  -20.137 0.0000000000
27546  -46.982  -39.269  -23.254 0.0000000000
27547  -47.564  -39.517  -24.400 0.0000000000
27548  -51.505  -36.640  -27.441 0.0000000000
27549  -51.806  -36.829  -27.287 0.0000000000
27550  -52.162  -37.118  -26.616 0.0000000000
27561  -47.274  -38.900  -25.372 0.0000000000
27562  -48.098  -38.636  -26.516 0.0000000000
27563  -49.184  -38.061  -27.572 0.0000000000
27564  -50.513  -37.707  -27.614 0.0000000000
27565  -51.191  -38.044  -27.731 0.0000000000
27566  -52.091  -37.941  -26.843 0.0000000000
27567  -52.798  -38.087  -25.819 0.0000000000
27568  -53.558  -38.260  -25.519 0.0000000000
27569  -55.007  -38.031  -25.845 0.0000000000
27584  -52.503  -38.382  -27.548 0.0000000000
27585  -53.322  -38.568  -27.394 0.0000000000
27586  -54.460  -38.850  -26.873 0.0000000000
28416  -47.372  -38.778  -15.049 0.0000000000
28437  -46.599  -38.056  -16.003 0.0000000000
28438  -47.649  -39.203  -15.814 0.0000000000
28448  -46.245  -38.504  -17.342 0.0000000000
28449  -47.191  -39.229  -16.773 0.0000000000
28458  -45.077  -38.760  -19.758 0.0000000000
28459  -45.708  -38.942  -18.642 0.0000000000
28460  -46.609  -39.763  -17.989 0.0000000000
28466  -45.237  -38.801  -21.325 0.0000000000
28467  -45.752  -39.536  -20.265 0.0000000000
28468  -46.221  -40.062  -19.190 0.0000000000
28475  -40.157  -36.953  -19.165 0.0000000000
28476  -45.631  -38.576  -23.284 0.0000000000
28477  -46.070  -39.152  -22.319 0.0000000000
28484  -40.339  -36.893  -19.887 0.0000000000
28485  -46.013  -38.304  -24.513 0.0000000000
28486  -46.614  -38.586  -24.934 0.0000000000
28487  -51.819  -35.595  -27.053 0.0000000000
28488  -51.930  -35.979  -26.566 0.0000000000
28489  -52.091  -36.372  -25.501 0.0000000000
28490  -52.492  -37.229  -24.333 0.0000000000
28491  -53.096  -37.139  -23.375 0.0000000000
28492  -53.595  -36.983  -23.301 0.0000000000
28499  -40.881  -36.900  -20.423 0.0000000000
28501  -48.035  -37.808  -26.895 0.0000000000
28502  -49.393  -37.056  -27.648 0.0000000000
28503  -50.716  -36.422  -27.586 0.0000000000
28504  -51.377  -36.388  -27.394 0.0000000000
28505  -52.637  -37.856  -25.066 0.0000000000
28506  -52.966  -37.823  -24.461 0.0000000000
28507  -54.182  -37.210  -24.642 0.0000000000
29369  -45.125  -36.600  -16.400 0.0000000000
29370  -45.659  -37.066  -15.976 0.0000000000
29382  -44.339  -36.415  -17.538 0.0000000000
29383  -44.639  -36.621  -17.249 0.0000000000
29384  -45.588  -37.439  -17.017 0.0000000000
29393  -40.438  -36.740  -18.146 0.0000000000
29394  -40.635  -36.345  -17.699 0.0000000000
29395  -44.276  -36.784  -18.074 0.0000000000
29396  -44.896  -37.788  -18.468 0.0000000000
29397  -45.617  -38.107  -17.809 0.0000000000
29403  -40.431  -36.640  -18.689 0.0000000000
29404  -40.683  -36.219  -19.024 0.0000000000
29405  -44.086  -37.481  -19.402 0.0000000000
29406  -44.597  -38.214  -20.323 0.0000000000
29412  -40.489  -36.559  -19.503 0.0000000000
29413  -40.859  -36.169  -19.969 0.0000000000
29414  -44.238  -37.749  -21.084 0.0000000000
29415  -44.897  -38.230  -22.154 0.0000000000
29416  -51.464  -34.204  -25.336 0.0000000000
29417  -51.324  -34.531  -24.681 0.0000000000
29418  -50.747  -35.408  -23.145 0.0000000000
29419  -50.702  -35.691  -22.342 0.0000000000
29427  -40.779  -36.520  -20.219 0.0000000000
29428  -41.491  -36.295  -20.603 0.0000000000
29429  -44.665  -37.803  -22.752 0.0000000000
29430  -45.596  -37.989  -24.302 0.0000000000
29431  -46.403  -38.072  -25.509 0.0000000000
29432  -51.303  -34.532  -26.993 0.0000000000
29433  -51.612  -34.801  -26.631 0.0000000000
29434  -51.666  -35.215  -25.528 0.0000000000
29435  -51.443  -35.849  -23.959 0.0000000000
29436  -51.507  -36.122  -22.795 0.0000000000
29437  -52.423  -36.418  -22.541 0.0000000000
29438  -53.495  -36.463  -22.842 0.0000000000
29447  -41.403  -36.577  -20.691 0.0000000000
29448  -42.616  -36.380  -21.238 0.0000000000
29449  -43.324  -36.248  -22.149 0.0000000000
29450  -46.622  -37.647  -26.026 0.0000000000
29451  -47.828  -37.275  -26.986 0.0000000000
29452  -50.133  -35.781  -27.454 0.0000000000
29453  -50.570  -35.895  -27.677 0.0000000000
29454  -54.026  -36.618  -23.729 0.0000000000
30256  -41.152  -35.714  -15.020 0.0000000000
30257  -41.411  -35.470  -14.849 0.0000000000
30258  -41.823  -35.183  -14.904 0.0000000000
30274  -41.029  -35.954  -15.627 0.0000000000
30275  -41.209  -35.474  -16.021 0.0000000000
30276  -42.190  -34.951  -15.494 0.0000000000
30277  -42.815  -35.043  -15.927 0.0000000000
30278  -43.705  -35.576  -16.174 0.0000000000
30279  -44.470  -36.088  -16.424 0.0000000000
30291  -40.971  -35.845  -16.694 0.0000000000
30292  -41.189  -35.443  -17.010 0.0000000000
30293  -43.187  -35.380  -17.032 0.0000000000
30294  -44.035  -36.075  -17.364 0.0000000000
30295  -44.392  -36.203  -16.988 0.0000000000
30306  -40.974  -35.755  -17.595 0.0000000000
30307  -41.292  -35.564  -18.035 0.0000000000
30308  -41.611  -35.665  -18.819 0.0000000000
30309  -43.235  -35.932  -18.174 0.0000000000
30310  -43.668  -36.695  -18.714 0.0000000000
30319  -40.925  -35.853  -18.542 0.0000000000
30320  -41.397  -35.803  -19.197 0.0000000000
30321  -41.851  -35.773  -19.822 0.0000000000
30322  -43.190  -36.549  -19.494 0.0000000000
30323  -43.684  -37.166  -20.216 0.0000000000
30329  -41.087  -35.907  -19.642 0.0000000000
30330  -41.872  -35.931  -20.425 0.0000000000
30331  -42.115  -35.893  -20.510 0.0000000000
30332  -43.457  -36.881  -20.977 0.0000000000
30333  -44.078  -37.379  -21.948 0.0000000000
30334  -50.710  -33.390  -24.340 0.0000000000
30335  -50.849  -33.868  -24.208 0.0000000000
30336  -50.125  -34.758  -22.539 0.0000000000
30337  -50.064  -35.196  -21.709 0.0000000000
30338  -50.581  -35.331  -21.502 0.0000000000
30348  -41.601  -36.081  -20.486 0.0000000000
30349  -42.543  -36.137  -21.195 0.0000000000
30350  -43.996  -37.007  -22.561 0.0000000000
30351  -45.151  -37.347  -24.368 0.0000000000
30352  -46.120  -37.581  -25.576 0.0000000000
30353  -51.247  -33.899  -25.739 0.0000000000
30354  -51.446  -34.128  -25.571 0.0000000000
30355  -51.569  -35.381  -21.449 0.0000000000
30356  -52.916  -35.443  -22.069 0.0000000000
30364  -42.224  -36.175  -21.068 0.0000000000
30365  -43.091  -36.179  -21.945 0.0000000000
30366  -46.250  -37.169  -25.975 0.0000000000
30367  -47.621  -36.929  -26.937 0.0000000000
30368  -50.301  -35.251  -27.563 0.0000000000
30369  -51.056  -34.411  -27.043 0.0000000000
30384  -43.691  -36.068  -23.157 0.0000000000
30385  -43.956  -36.005  -23.668 0.0000000000
30386  -49.290  -36.020  -27.547 0.0000000000
30387  -49.665  -35.696  -27.478 0.0000000000
30396  -43.940  -36.007  -23.672 0.0000000000
30397  -44.397  -35.751  -24.678 0.0000000000
30398  -44.358  -35.591  -25.271 0.0000000000
30405  -44.107  -35.416  -25.989 0.0000000000
31170  -41.342  -35.372  -15.448 0.0000000000
31171  -41.551  -35.153  -15.465 0.0000000000
31172  -41.827  -34.968  -15.635 0.0000000000
31186  -41.410  -35.192  -15.897 0.0000000000
31187  -41.634  -35.006  -16.103 0.0000000000
31188  -42.108  -34.899  -16.312 0.0000000000
31189  -42.572  -35.014  -16.859 0.0000000000
31200  -41.412  -35.184  -16.516 0.0000000000
31201  -41.695  -35.007  -16.908 0.0000000000
31202  -42.136  -35.096  -17.349 0.0000000000
31203  -42.647  -35.412  -17.756 0.0000000000
31214  -41.454  -35.284  -17.259 0.0000000000
31215  -41.743  -35.417  -17.959 0.0000000000
31216  -42.225  -35.557  -18.461 0.0000000000
31217  -42.699  -36.013  -18.931 0.0000000000
31227  -42.020  -35.745  -19.234 0.0000000000
31228  -42.512  -35.964  -19.805 0.0000000000
31229  -42.994  -36.354  -20.314 0.0000000000
31235  -42.430  -36.027  -21.052 0.0000000000
31236  -42.503  -35.999  -20.756 0.0000000000
31237  -43.050  -36.298  -21.302 0.0000000000
31238  -43.373  -36.680  -21.609 0.0000000000
31239  -49.159  -32.662  -22.889 0.0000000000
31240  -49.578  -33.196  -22.764 0.0000000000
31241  -49.324  -33.942  -21.916 0.0000000000
31242  -49.400  -34.425  -21.215 0.0000000000
31243  -49.920  -34.578  -20.919 0.0000000000
31244  -50.655  -34.604  -20.818 0.0000000000
31255  -42.756  -36.086  -21.658 0.0000000000
31256  -43.074  -36.131  -21.979 0.0000000000
31257  -43.495  -36.245  -22.429 0.0000000000
31258  -43.947  -36.650  -23.030 0.0000000000
31259  -44.599  -36.878  -23.735 0.0000000000
31260  -49.911  -32.569  -24.167 0.0000000000
31261  -50.472  -33.089  -24.344 0.0000000000
31262  -51.368  -34.347  -20.868 0.0000000000
31263  -52.273  -34.319  -21.420 0.0000000000
31264  -53.579  -34.060  -22.348 0.0000000000
31269  -43.315  -36.126  -22.379 0.0000000000
31270  -43.554  -35.988  -22.990 0.0000000000
31271  -44.064  -35.868  -23.510 0.0000000000
31272  -44.520  -36.231  -24.399 0.0000000000
31273  -45.461  -36.682  -25.367 0.0000000000
31274  -46.875  -36.940  -26.639 0.0000000000
31275  -50.624  -33.283  -25.884 0.0000000000
31276  -50.798  -33.724  -25.877 0.0000000000
31289  -43.611  -36.064  -22.924 0.0000000000
31290  -44.049  -35.854  -23.935 0.0000000000
31291  -44.218  -35.623  -24.575 0.0000000000
31292  -44.799  -35.528  -25.492 0.0000000000
31293  -45.908  -35.738  -26.866 0.0000000000
31294  -48.122  -36.143  -27.554 0.0000000000
31295  -50.736  -34.446  -27.564 0.0000000000
31296  -51.401  -33.244  -28.057 0.0000000000
31307  -44.460  -35.636  -24.892 0.0000000000
31308  -44.271  -35.475  -25.698 0.0000000000
31309  -44.739  -35.193  -26.102 0.0000000000
31310  -46.346  -35.018  -28.160 0.0000000000
31311  -47.703  -35.086  -28.936 0.0000000000
31312  -49.811  -34.583  -28.672 0.0000000000
31313  -51.133  -33.521  -28.523 0.0000000000
31320  -43.697  -35.167  -27.587 0.0000000000
31321  -44.415  -35.154  -27.270 0.0000000000
31322  -48.094  -34.155  -29.899 0.0000000000
31323  -49.052  -33.819  -29.653 0.0000000000
31324  -50.513  -33.475  -29.385 0.0000000000
32221  -47.475  -31.107  -22.416 0.0000000000
32222  -48.092  -31.871  -22.334 0.0000000000
32223  -48.139  -32.440  -21.688 0.0000000000
32224  -48.351  -33.011  -21.276 0.0000000000
32225  -48.770  -33.381  -20.859 0.0000000000
32226  -49.398  -33.600  -20.640 0.0000000000
32227  -50.170  -33.716  -20.444 0.0000000000
32239  -47.677  -30.492  -23.119 0.0000000000
32240  -49.043  -31.744  -23.862 0.0000000000
32241  -50.907  -33.747  -20.603 0.0000000000
32242  -51.680  -33.358  -20.953 0.0000000000
32249  -49.220  -30.721  -24.739 0.0000000000
32250  -50.542  -32.277  -25.933 0.0000000000
32261  -44.857  -35.772  -26.625 0.0000000000
32262  -45.014  -35.807  -26.983 0.0000000000
32263  -50.377  -31.108  -26.273 0.0000000000
32264  -51.230  -32.217  -27.544 0.0000000000
32265  -51.664  -32.737  -28.375 0.0000000000
32280  -44.704  -35.708  -27.497 0.0000000000
32281  -45.299  -35.146  -28.171 0.0000000000
32282  -46.388  -34.438  -28.911 0.0000000000
32283  -51.520  -31.993  -28.532 0.0000000000
32284  -51.162  -32.427  -29.199 0.0000000000
32293  -42.999  -33.628  -29.072 0.0000000000
32294  -44.193  -34.806  -29.048 0.0000000000
32295  -45.545  -33.964  -29.744 0.0000000000
32296  -47.140  -33.736  -30.090 0.0000000000
32297  -48.620  -33.868  -31.138 0.0000000000
32298  -49.932  -32.581  -30.772 0.0000000000
32304  -43.586  -33.319  -30.266 0.0000000000
32305  -44.655  -33.387  -31.114 0.0000000000
32306  -46.147  -33.380  -31.638 0.0000000000
32307  -47.764  -33.237  -32.093 0.0000000000
32308  -49.201  -32.973  -32.449 0.0000000000
32309  -50.023  -32.255  -32.611 0.0000000000
32314  -45.718  -32.493  -32.251 0.0000000000
32315  -47.050  -32.460  -32.833 0.0000000000
32316  -48.576  -32.293  -33.232 0.0000000000
32317  -49.672  -32.163  -33.399 0.0000000000
32318  -50.133  -32.120  -33.198 0.0000000000
32323  -49.173  -31.924  -33.716 0.0000000000
32324  -49.516  -31.872  -33.810 0.0000000000
33219  -46.525  -30.430  -22.160 0.0000000000
33220  -46.679  -30.879  -21.631 0.0000000000
33221  -47.039  -31.485  -21.219 0.0000000000
33222  -47.514  -31.917  -20.900 0.0000000000
33223  -48.121  -32.251  -20.699 0.0000000000
33224  -48.859  -32.498  -20.499 0.0000000000
33225  -49.739  -32.647  -20.379 0.0000000000
33235  -46.291  -28.587  -22.975 0.0000000000
33236  -46.369  -29.459  -22.646 0.0000000000
33237  -50.808  -32.636  -20.596 0.0000000000
33248  -46.994  -28.450  -23.824 0.0000000000
33249  -47.918  -29.471  -24.157 0.0000000000
33259  -47.817  -28.554  -25.107 0.0000000000
33260  -49.381  -29.507  -26.401 0.0000000000
33261  -50.651  -30.863  -27.079 0.0000000000
33276  -42.713  -30.449  -28.246 0.0000000000
33277  -42.967  -29.783  -28.824 0.0000000000
33278  -49.637  -29.228  -28.643 0.0000000000
33279  -50.789  -30.828  -28.415 0.0000000000
33280  -51.369  -31.604  -29.112 0.0000000000
33288  -42.939  -31.941  -28.740 0.0000000000
33289  -43.406  -31.047  -29.828 0.0000000000
33290  -44.263  -29.852  -30.734 0.0000000000
33291  -49.540  -29.279  -29.692 0.0000000000
33292  -50.240  -29.972  -29.765 0.0000000000
33293  -50.912  -31.193  -30.309 0.0000000000
33299  -44.019  -32.386  -30.817 0.0000000000
33300  -45.005  -31.253  -31.360 0.0000000000
33301  -50.430  -31.644  -31.985 0.0000000000
33306  -46.507  -31.281  -32.717 0.0000000000
33307  -48.177  -31.370  -33.341 0.0000000000
33308  -48.800  -31.790  -33.691 0.0000000000
33309  -50.143  -31.979  -33.419 0.0000000000
33310  -50.268  -31.837  -33.053 0.0000000000
33315  -48.788  -30.974  -33.619 0.0000000000
33316  -49.172  -31.456  -33.751 0.0000000000
33317  -49.933  -31.748  -33.692 0.0000000000
33318  -50.216  -31.755  -33.408 0.0000000000
34083  -45.409  -28.937  -21.751 0.0000000000
34084  -45.701  -29.708  -21.689 0.0000000000
34085  -46.140  -30.449  -21.027 0.0000000000
34086  -46.724  -30.874  -20.738 0.0000000000
34087  -47.406  -31.191  -20.564 0.0000000000
34088  -48.252  -31.399  -20.464 0.0000000000
34089  -49.302  -31.475  -20.501 0.0000000000
34090  -50.191  -31.759  -20.587 0.0000000000
34097  -45.884  -27.634  -22.809 0.0000000000
34098  -45.764  -28.515  -22.459 0.0000000000
34099  -45.725  -29.332  -22.137 0.0000000000
34100  -50.079  -30.990  -20.682 0.0000000000
34113  -46.089  -27.339  -23.262 0.0000000000
34114  -46.455  -27.784  -23.558 0.0000000000
34126  -46.207  -27.041  -24.346 0.0000000000
34127  -46.916  -27.449  -25.188 0.0000000000
34128  -47.936  -28.112  -26.257 0.0000000000
34140  -42.837  -28.628  -28.232 0.0000000000
34141  -43.543  -28.102  -28.486 0.0000000000
34142  -47.019  -27.445  -26.980 0.0000000000
34143  -48.394  -28.012  -27.864 0.0000000000
34149  -43.297  -29.153  -28.999 0.0000000000
34150  -44.262  -28.477  -29.583 0.0000000000
34151  -46.310  -27.933  -29.047 0.0000000000
34152  -48.489  -28.776  -29.833 0.0000000000
34153  -49.545  -29.522  -30.609 0.0000000000
34154  -50.275  -30.177  -30.895 0.0000000000
34162  -45.343  -29.187  -30.990 0.0000000000
34163  -47.053  -29.191  -31.115 0.0000000000
34164  -48.584  -29.574  -31.502 0.0000000000
34165  -49.686  -29.954  -31.803 0.0000000000
34166  -50.307  -30.737  -31.806 0.0000000000
34172  -46.164  -30.021  -32.122 0.0000000000
34173  -47.675  -30.192  -32.603 0.0000000000
34174  -48.943  -30.182  -32.689 0.0000000000
34175  -49.780  -30.540  -32.775 0.0000000000
34176  -50.243  -31.211  -32.798 0.0000000000
34182  -48.602  -30.658  -33.256 0.0000000000
34183  -49.185  -30.709  -33.440 0.0000000000
34184  -49.810  -31.150  -33.411 0.0000000000
34185  -50.143  -31.529  -33.290 0.0000000000
34854  -45.415  -28.910  -21.380 0.0000000000
34855  -45.647  -29.469  -20.988 0.0000000000
34856  -46.088  -29.883  -20.670 0.0000000000
34857  -46.759  -30.170  -20.488 0.0000000000
34858  -47.623  -30.359  -20.500 0.0000000000
34859  -48.681  -30.412  -20.593 0.0000000000
34860  -49.535  -30.582  -20.701 0.0000000000
34865  -45.845  -27.175  -22.860 0.0000000000
34866  -45.587  -28.204  -21.915 0.0000000000
34867  -49.354  -30.007  -20.843 0.0000000000
34881  -45.610  -26.601  -24.191 0.0000000000
34895  -43.955  -26.595  -26.608 0.0000000000
34896  -45.559  -26.703  -25.905 0.0000000000
34897  -46.375  -27.053  -26.319 0.0000000000
34902  -42.676  -27.740  -27.639 0.0000000000
34903  -43.215  -27.375  -27.729 0.0000000000
34904  -44.538  -27.214  -27.919 0.0000000000
34905  -45.844  -27.221  -27.380 0.0000000000
34914  -45.084  -27.656  -28.704 0.0000000000
34915  -45.399  -27.430  -28.260 0.0000000000
35735  -45.475  -28.744  -21.015 0.0000000000
35736  -45.730  -28.955  -20.728 0.0000000000
35737  -46.287  -29.173  -20.551 0.0000000000
35738  -47.086  -29.355  -20.512 0.0000000000
35739  -48.051  -29.471  -20.717 0.0000000000
35740  -48.823  -29.667  -20.859 0.0000000000
35744  -45.649  -27.004  -22.402 0.0000000000
35745  -45.567  -27.939  -21.543 0.0000000000
35746  -48.599  -29.190  -20.990 0.0000000000
35747  -49.444  -29.450  -21.303 0.0000000000
35761  -43.247  -25.634  -24.611 0.0000000000
35762  -44.835  -25.991  -23.742 0.0000000000
35778  -43.582  -25.886  -25.611 0.0000000000
35779  -44.723  -26.140  -25.267 0.0000000000
36530  -45.631  -28.186  -20.966 0.0000000000
36531  -45.980  -28.139  -20.713 0.0000000000
36532  -46.653  -28.447  -20.639 0.0000000000
36533  -47.562  -28.527  -20.878 0.0000000000
36534  -48.178  -28.921  -20.922 0.0000000000
36538  -45.236  -26.554  -22.348 0.0000000000
36539  -45.742  -27.382  -21.493 0.0000000000
36540  -45.797  -27.753  -20.953 0.0000000000
36541  -47.815  -28.214  -21.332 0.0000000000
36542  -48.475  -28.780  -21.444 0.0000000000
36543  -49.965  -28.864  -22.053 0.0000000000
36557  -43.819  -25.672  -23.398 0.0000000000
36558  -44.643  -25.939  -22.965 0.0000000000
36559  -50.112  -28.830  -22.771 0.0000000000
37283  -46.064  -27.702  -20.789 0.0000000000
37284  -46.361  -27.765  -20.804 0.0000000000
37285  -46.933  -27.859  -20.828 0.0000000000
37288  -45.265  -26.111  -22.320 0.0000000000
37289  -45.684  -26.528  -21.936 0.0000000000
37290  -46.071  -27.266  -21.134 0.0000000000
37291  -46.737  -27.263  -21.060 0.0000000000
37292  -47.416  -27.645  -21.258 0.0000000000
37293  -48.045  -28.063  -21.919 0.0000000000
37294  -48.809  -28.582  -22.201 0.0000000000
37303  -43.177  -25.531  -22.937 0.0000000000
37304  -44.494  -25.714  -22.587 0.0000000000
37305  -48.398  -28.419  -22.909 0.0000000000
37306  -49.261  -28.748  -23.168 0.0000000000
37307  -50.311  -28.677  -23.378 0.0000000000
38101  -45.244  -25.797  -22.151 0.0000000000
38102  -45.951  -26.221  -21.797 0.0000000000
38103  -46.545  -26.565  -21.533 0.0000000000
38104  -47.151  -26.859  -21.576 0.0000000000
38105  -47.604  -27.364  -22.060 0.0000000000
38106  -47.837  -27.929  -22.973 0.0000000000
38115  -43.701  -25.239  -22.464 0.0000000000
38116  -44.553  -25.346  -22.312 0.0000000000
38117  -48.378  -28.444  -23.756 0.0000000000
38118  -49.405  -28.737  -24.386 0.0000000000
38119  -50.928  -28.350  -23.995 0.0000000000
38133  -49.584  -28.532  -25.084 0.0000000000
38134  -50.375  -28.542  -24.860 0.0000000000
38135  -51.821  -27.764  -24.323 0.0000000000
38166  -53.025  -27.901  -29.651 0.0000000000
38167  -53.501  -28.196  -29.550 0.0000000000
38168  -54.639  -28.979  -29.323 0.0000000000
38169  -55.949  -29.176  -29.277 0.0000000000
38177  -53.201  -27.904  -29.928 0.0000000000
38178  -54.045  -28.310  -30.274 0.0000000000
38179  -55.394  -28.924  -30.143 0.0000000000
38180  -56.985  -29.127  -30.126 0.0000000000
38181  -58.347  -29.006  -30.710 0.0000000000
38182  -59.012  -28.520  -31.089 0.0000000000
38189  -54.912  -28.471  -30.852 0.0000000000
38190  -56.075  -28.695  -30.967 0.0000000000
38191  -57.502  -28.758  -31.256 0.0000000000
38192  -58.696  -28.615  -31.489 0.0000000000
38193  -59.303  -28.425  -31.540 0.0000000000
39008  -44.992  -25.282  -22.129 0.0000000000
39009  -45.656  -25.486  -22.085 0.0000000000
39010  -46.374  -25.762  -21.969 0.0000000000
39011  -47.068  -26.071  -21.920 0.0000000000
39012  -47.383  -26.794  -22.517 0.0000000000
39013  -47.577  -27.418  -22.936 0.0000000000
39022  -43.231  -24.823  -22.311 0.0000000000
39023  -44.361  -24.894  -22.205 0.0000000000
39024  -45.347  -24.857  -22.122 0.0000000000
39025  -46.201  -24.998  -22.133 0.0000000000
39026  -47.024  -25.272  -22.300 0.0000000000
39027  -47.539  -25.866  -22.808 0.0000000000
39028  -48.065  -27.151  -23.730 0.0000000000
39029  -48.596  -28.152  -24.321 0.0000000000
39042  -48.326  -26.833  -24.662 0.0000000000
39043  -48.982  -27.638  -25.054 0.0000000000
39044  -49.885  -28.468  -25.539 0.0000000000
39045  -51.175  -27.998  -25.148 0.0000000000
39046  -53.007  -26.380  -24.305 0.0000000000
39055  -49.124  -27.171  -25.758 0.0000000000
39056  -49.577  -27.685  -25.821 0.0000000000
39057  -50.514  -27.995  -25.948 0.0000000000
39058  -51.955  -27.524  -25.549 0.0000000000
39063  -50.069  -27.108  -26.337 0.0000000000
39064  -50.987  -27.350  -26.517 0.0000000000
39065  -51.906  -27.975  -26.584 0.0000000000
39072  -50.238  -26.612  -27.290 0.0000000000
39073  -50.948  -26.953  -27.922 0.0000000000
39074  -52.246  -27.862  -27.790 0.0000000000
39075  -53.241  -28.445  -27.889 0.0000000000
39076  -54.514  -28.478  -27.631 0.0000000000
39084  -51.412  -27.039  -29.078 0.0000000000
39085  -52.614  -27.742  -29.501 0.0000000000
39086  -53.919  -28.673  -28.621 0.0000000000
39087  -55.562  -28.967  -28.211 0.0000000000
39088  -57.133  -29.117  -28.833 0.0000000000
39089  -58.364  -28.712  -29.072 0.0000000000
39098  -53.135  -27.693  -30.684 0.0000000000
39099  -54.170  -27.829  -31.189 0.0000000000
39100  -55.139  -27.698  -31.610 0.0000000000
39101  -58.091  -29.169  -29.769 0.0000000000
39102  -59.005  -28.531  -30.226 0.0000000000
39103  -59.365  -28.183  -31.184 0.0000000000
39109  -55.293  -28.192  -31.352 0.0000000000
39110  -56.461  -28.147  -31.775 0.0000000000
39111  -58.000  -28.209  -32.004 0.0000000000
39112  -59.061  -28.126  -31.856 0.0000000000
39113  -59.518  -28.087  -31.587 0.0000000000
39896  -42.938  -24.260  -22.495 0.0000000000
39897  -44.011  -24.253  -22.387 0.0000000000
39898  -45.066  -24.235  -22.328 0.0000000000
39899  -46.050  -24.299  -22.397 0.0000000000
39900  -46.914  -24.518  -22.588 0.0000000000
39901  -47.772  -24.807  -23.177 0.0000000000
39902  -47.992  -25.632  -23.449 0.0000000000
39913  -48.154  -24.579  -23.785 0.0000000000
39914  -48.400  -25.410  -24.344 0.0000000000
39915  -48.533  -26.592  -25.038 0.0000000000
39916  -53.333  -26.159  -24.817 0.0000000000
39917  -54.600  -24.911  -24.165 0.0000000000
39928  -48.738  -25.088  -25.147 0.0000000000
39929  -48.949  -25.985  -25.768 0.0000000000
39930  -49.485  -26.824  -26.034 0.0000000000
39931  -52.996  -27.006  -25.774 0.0000000000
39932  -54.294  -25.353  -25.080 0.0000000000
39933  -55.774  -24.258  -24.625 0.0000000000
39942  -49.166  -25.365  -26.647 0.0000000000
39943  -49.497  -25.901  -27.044 0.0000000000
39944  -52.983  -27.804  -26.679 0.0000000000
39945  -54.241  -26.852  -26.112 0.0000000000
39946  -55.659  -25.218  -25.550 0.0000000000
39953  -49.894  -25.810  -28.688 0.0000000000
39954  -50.473  -26.144  -29.659 0.0000000000
39955  -52.996  -28.143  -27.304 0.0000000000
39956  -53.950  -27.956  -27.043 0.0000000000
39957  -56.165  -27.460  -26.917 0.0000000000
39958  -58.359  -27.147  -27.025 0.0000000000
39959  -59.572  -26.029  -27.022 0.0000000000
39960  -60.223  -24.622  -26.776 0.0000000000
39961  -60.505  -23.760  -26.549 0.0000000000
39965  -51.244  -26.563  -30.298 0.0000000000
39966  -52.341  -26.930  -31.058 0.0000000000
39967  -53.163  -26.842  -31.320 0.0000000000
39968  -56.691  -28.643  -27.935 0.0000000000
39969  -57.794  -28.343  -27.948 0.0000000000
39970  -59.382  -27.421  -28.656 0.0000000000
39971  -60.370  -25.569  -28.073 0.0000000000
39972  -60.807  -24.046  -27.425 0.0000000000
39985  -53.282  -27.237  -31.235 0.0000000000
39986  -54.167  -27.041  -31.476 0.0000000000
39987  -55.961  -27.101  -31.711 0.0000000000
39988  -57.248  -26.797  -32.450 0.0000000000
39989  -59.665  -27.397  -30.648 0.0000000000
39990  -59.556  -27.897  -31.405 0.0000000000
40003  -57.281  -27.596  -32.282 0.0000000000
40004  -58.400  -27.255  -32.279 0.0000000000
40005  -59.380  -27.343  -31.607 0.0000000000
40006  -59.609  -27.878  -31.644 0.0000000000
40810  -42.828  -23.564  -22.893 0.0000000000
40811  -43.873  -23.570  -22.793 0.0000000000
40812  -44.919  -23.614  -22.787 0.0000000000
40813  -45.951  -23.684  -22.900 0.0000000000
40814  -46.894  -23.918  -23.053 0.0000000000
40815  -47.420  -24.217  -23.099 0.0000000000
40823  -42.713  -23.046  -23.484 0.0000000000
40824  -43.879  -22.999  -23.532 0.0000000000
40825  -44.923  -23.089  -23.418 0.0000000000
40826  -45.850  -23.249  -23.505 0.0000000000
40827  -46.861  -23.597  -24.091 0.0000000000
40828  -47.777  -24.151  -23.907 0.0000000000
40829  -48.174  -24.585  -24.210 0.0000000000
40830  -57.437  -24.516  -24.241 0.0000000000
40839  -43.545  -22.890  -24.158 0.0000000000
40840  -47.188  -23.713  -25.028 0.0000000000
40841  -47.659  -24.061  -25.642 0.0000000000
40842  -48.371  -24.625  -25.283 0.0000000000
40843  -48.690  -25.051  -25.651 0.0000000000
40844  -57.179  -24.549  -24.928 0.0000000000
40845  -59.064  -24.702  -24.442 0.0000000000
40853  -47.943  -24.277  -27.049 0.0000000000
40854  -48.149  -24.264  -27.404 0.0000000000
40855  -48.772  -24.848  -26.910 0.0000000000
40856  -49.031  -25.234  -27.274 0.0000000000
40857  -57.243  -25.474  -25.799 0.0000000000
40858  -58.698  -24.931  -25.297 0.0000000000
40859  -60.010  -24.258  -25.015 0.0000000000
40860  -60.950  -23.058  -24.896 0.0000000000
40861  -60.942  -22.491  -25.377 0.0000000000
40869  -48.730  -24.109  -28.272 0.0000000000
40870  -48.711  -24.139  -28.520 0.0000000000
40871  -49.229  -24.702  -28.636 0.0000000000
40872  -49.968  -25.157  -29.952 0.0000000000
40873  -50.472  -25.332  -30.512 0.0000000000
40874  -57.702  -26.531  -26.451 0.0000000000
40875  -58.680  -25.962  -26.099 0.0000000000
40876  -59.588  -24.873  -25.967 0.0000000000
40877  -60.348  -23.830  -25.870 0.0000000000
40878  -60.822  -22.930  -26.259 0.0000000000
40891  -50.523  -25.732  -30.418 0.0000000000
40892  -51.426  -25.719  -30.716 0.0000000000
40893  -53.364  -25.978  -31.127 0.0000000000
40894  -55.257  -25.193  -31.413 0.0000000000
40895  -56.554  -24.866  -32.592 0.0000000000
40896  -60.415  -26.247  -29.583 0.0000000000
40897  -60.715  -24.574  -29.044 0.0000000000
40898  -61.167  -22.818  -27.978 0.0000000000
40909  -54.983  -26.256  -31.379 0.0000000000
40910  -56.211  -25.976  -31.981 0.0000000000
40911  -57.857  -25.541  -32.415 0.0000000000
40912  -59.588  -25.332  -31.116 0.0000000000
40913  -60.548  -23.051  -29.765 0.0000000000
40914  -60.809  -21.812  -28.780 0.0000000000
40923  -59.145  -26.481  -31.978 0.0000000000
40924  -59.596  -26.458  -31.746 0.0000000000
41737  -44.397  -22.915  -24.477 0.0000000000
41738  -45.132  -22.991  -24.329 0.0000000000
41739  -45.918  -23.177  -24.242 0.0000000000
41740  -46.380  -23.340  -24.163 0.0000000000
41750  -45.419  -23.317  -25.451 0.0000000000
41751  -46.309  -23.502  -25.398 0.0000000000
41752  -46.894  -23.699  -25.185 0.0000000000
41753  -47.334  -24.016  -25.622 0.0000000000
41756  -61.404  -22.446  -24.354 0.0000000000
41764  -46.965  -24.060  -26.962 0.0000000000
41765  -47.682  -24.082  -26.856 0.0000000000
41766  -48.021  -24.005  -26.860 0.0000000000
41767  -47.991  -24.205  -27.639 0.0000000000
41768  -61.412  -21.116  -24.441 0.0000000000
41769  -61.388  -21.959  -24.866 0.0000000000
41770  -61.058  -22.145  -25.714 0.0000000000
41786  -48.688  -23.754  -28.049 0.0000000000
41787  -48.838  -23.732  -28.190 0.0000000000
41788  -49.508  -23.521  -28.375 0.0000000000
41789  -49.570  -23.483  -28.875 0.0000000000
41790  -49.927  -23.834  -29.479 0.0000000000
41791  -50.975  -24.571  -30.073 0.0000000000
41792  -61.182  -21.872  -26.606 0.0000000000
41811  -52.447  -24.824  -30.640 0.0000000000
41812  -54.376  -24.318  -30.702 0.0000000000
41813  -56.030  -23.772  -31.970 0.0000000000
41814  -57.027  -24.051  -32.691 0.0000000000
41815  -61.407  -21.201  -27.708 0.0000000000
41826  -56.748  -22.978  -32.765 0.0000000000
41827  -57.902  -23.179  -32.186 0.0000000000
41828  -59.494  -22.291  -31.140 0.0000000000
41829  -60.337  -21.296  -30.056 0.0000000000
41830  -60.766  -20.504  -28.876 0.0000000000
41839  -60.277  -20.405  -29.833 0.0000000000
41840  -60.270  -19.915  -29.455 0.0000000000
42666  -49.590  -21.699  -28.102 0.0000000000
42667  -49.622  -21.433  -27.961 0.0000000000
42668  -49.854  -21.108  -27.918 0.0000000000
42669  -50.187  -21.080  -27.112 0.0000000000
42674  -61.448  -20.783  -25.209 0.0000000000
42675  -61.304  -21.513  -25.728 0.0000000000
42687  -49.297  -22.598  -28.380 0.0000000000
42688  -49.560  -22.331  -28.409 0.0000000000
42689  -49.899  -21.833  -28.310 0.0000000000
42690  -50.199  -22.423  -28.731 0.0000000000
42691  -51.107  -22.961  -28.921 0.0000000000
42692  -59.620  -17.923  -25.863 0.0000000000
42693  -60.545  -18.565  -25.545 0.0000000000
42694  -61.269  -19.542  -25.908 0.0000000000
42695  -61.611  -20.697  -26.432 0.0000000000
42711  -53.270  -23.366  -29.166 0.0000000000
42712  -55.628  -22.465  -30.741 0.0000000000
42713  -56.277  -22.623  -32.469 0.0000000000
42714  -59.814  -17.602  -26.508 0.0000000000
42715  -60.356  -17.835  -26.458 0.0000000000
42716  -60.995  -18.451  -26.670 0.0000000000
42717  -61.306  -19.399  -27.570 0.0000000000
42735  -55.976  -21.014  -31.476 0.0000000000
42736  -56.718  -21.520  -32.464 0.0000000000
42737  -58.121  -20.510  -31.881 0.0000000000
42738  -59.664  -20.540  -31.149 0.0000000000
42739  -60.129  -20.487  -30.412 0.0000000000
42740  -60.624  -19.260  -28.964 0.0000000000
42754  -58.201  -19.364  -32.099 0.0000000000
42755  -59.066  -19.468  -31.807 0.0000000000
42756  -59.802  -19.719  -30.358 0.0000000000
42757  -60.130  -19.454  -29.573 0.0000000000
43601  -49.046  -20.369  -26.964 0.0000000000
43602  -49.468  -20.437  -26.726 0.0000000000
43603  -50.008  -20.486  -26.538 0.0000000000
43617  -50.396  -20.749  -26.675 0.0000000000
43618  -50.997  -21.180  -27.032 0.0000000000
43619  -51.446  -21.667  -27.648 0.0000000000
43627  -51.805  -21.006  -26.965 0.0000000000
43628  -52.709  -21.392  -27.771 0.0000000000
43629  -54.063  -21.741  -28.931 0.0000000000
43630  -57.587  -17.618  -26.691 0.0000000000
43631  -59.043  -17.608  -26.677 0.0000000000
43632  -59.690  -17.587  -27.152 0.0000000000
43633  -60.491  -17.905  -27.293 0.0000000000
43634  -60.917  -18.383  -27.443 0.0000000000
43646  -53.845  -20.957  -28.413 0.0000000000
43647  -54.812  -20.629  -29.677 0.0000000000
43648  -56.168  -19.821  -31.389 0.0000000000
43649  -57.119  -20.113  -32.538 0.0000000000
43650  -59.401  -17.348  -27.655 0.0000000000
43651  -59.881  -17.525  -27.825 0.0000000000
43652  -60.187  -18.207  -28.270 0.0000000000
43666  -55.835  -18.548  -31.172 0.0000000000
43667  -57.167  -18.885  -32.274 0.0000000000
43668  -57.918  -18.798  -31.820 0.0000000000
43669  -58.761  -18.615  -30.894 0.0000000000
43670  -59.837  -18.664  -29.679 0.0000000000
43683  -58.197  -17.202  -29.440 0.0000000000
44604  -48.895  -19.532  -26.033 0.0000000000
44605  -49.670  -19.650  -25.924 0.0000000000
44606  -50.299  -20.034  -26.072 0.0000000000
44620  -50.208  -19.490  -26.141 0.0000000000
44621  -51.132  -19.515  -26.853 0.0000000000
44622  -51.564  -20.458  -26.728 0.0000000000
44633  -51.647  -20.117  -26.849 0.0000000000
44634  -52.038  -20.521  -26.935 0.0000000000
44635  -52.579  -20.170  -27.489 0.0000000000
44636  -59.164  -17.541  -27.173 0.0000000000
44646  -53.508  -19.970  -28.366 0.0000000000
44647  -54.199  -18.401  -29.674 0.0000000000
44648  -59.473  -17.545  -28.371 0.0000000000
44660  -56.243  -18.213  -31.466 0.0000000000
45697  -49.097  -18.674  -25.868 0.0000000000
45698  -49.912  -18.532  -26.331 0.0000000000
45700  -54.294  -15.517  -26.541 0.0000000000
45713  -51.976  -19.947  -27.090 0.0000000000
46685  -48.838  -17.225  -26.092 0.0000000000
48694  -51.039  -14.068  -29.768 0.0000000000
49757  -48.979  -14.532  -27.743 0.0000000000
49762  -49.425  -13.577  -28.783 0.0000000000
49763  -50.242  -13.991  -29.307 0.0000000000
49764  -51.052  -13.622  -30.073 0.0000000000
49765  -51.283  -13.815  -30.680 0.0000000000
49766  -51.733  -15.118  -32.731 0.0000000000
49767  -52.813  -15.550  -33.059 0.0000000000
49768  -55.098  -15.800  -32.667 0.0000000000
50818  -48.175  -13.581  -27.777 0.0000000000
50828  -48.628  -13.052  -28.577 0.0000000000
50829  -49.908  -12.865  -29.630 0.0000000000
50830  -50.603  -13.279  -29.897 0.0000000000
50831  -50.271  -12.383  -30.418 0.0000000000
50832  -50.708  -13.227  -30.906 0.0000000000
50833  -51.212  -14.003  -31.242 0.0000000000
50834  -54.739  -13.754  -27.757 0.0000000000
50835  -50.590  -13.622  -32.192 0.0000000000
50836  -51.196  -14.471  -32.621 0.0000000000
50837  -51.939  -15.225  -33.033 0.0000000000
50838  -56.153  -12.689  -29.189 0.0000000000
50839  -51.815  -14.176  -33.791 0.0000000000
50840  -52.781  -14.704  -33.993 0.0000000000
50841  -53.799  -15.488  -33.710 0.0000000000
50842  -53.715  -15.721  -32.717 0.0000000000
50843  -56.799  -14.491  -29.839 0.0000000000
50844  -53.981  -14.080  -34.653 0.0000000000
50845  -54.499  -14.693  -34.279 0.0000000000
50846  -54.831  -15.525  -33.054 0.0000000000
50847  -55.542  -15.811  -32.024 0.0000000000
51726  -48.473  -12.073  -29.257 0.0000000000
51727  -49.165  -12.407  -29.422 0.0000000000
51728  -51.713  -10.828  -26.293 0.0000000000
51729  -52.403  -11.591  -26.529 0.0000000000
51730  -53.046  -13.691  -26.321 0.0000000000
51739  -48.307  -11.433  -30.030 0.0000000000
51740  -49.624  -11.790  -30.525 0.0000000000
51741  -50.241  -12.409  -30.871 0.0000000000
51742  -53.286  -11.122  -27.478 0.0000000000
51743  -53.957  -12.088  -27.685 0.0000000000
51744  -55.382  -12.414  -28.695 0.0000000000
51745  -49.818  -11.631  -31.585 0.0000000000
51746  -50.083  -12.743  -32.036 0.0000000000
51747  -50.582  -13.728  -32.713 0.0000000000
51748  -56.278  -11.969  -29.466 0.0000000000
51749  -57.029  -12.390  -29.866 0.0000000000
51750  -57.060  -13.289  -29.704 0.0000000000
51751  -50.477  -12.909  -33.154 0.0000000000
51752  -51.479  -13.269  -33.780 0.0000000000
51753  -52.345  -13.951  -34.264 0.0000000000
51754  -57.731  -11.970  -30.576 0.0000000000
51755  -57.523  -12.587  -30.566 0.0000000000
51756  -57.446  -13.044  -30.951 0.0000000000
51757  -52.616  -12.843  -34.905 0.0000000000
51758  -53.345  -13.443  -34.862 0.0000000000
51759  -55.022  -13.275  -34.722 0.0000000000
51760  -55.446  -14.040  -33.714 0.0000000000
51761  -55.825  -14.363  -32.517 0.0000000000
51762  -56.659  -14.407  -31.194 0.0000000000
51763  -55.770  -12.342  -34.295 0.0000000000
51764  -55.933  -12.677  -33.535 0.0000000000
51765  -56.382  -13.260  -32.792 0.0000000000
51766  -56.679  -13.695  -32.215 0.0000000000
52584  -51.289  -10.023  -26.575 0.0000000000
52585  -51.991  -10.673  -26.667 0.0000000000
52604  -48.174  -10.804  -30.709 0.0000000000
52605  -48.876  -11.200  -30.671 0.0000000000
52606  -51.938  -9.621  -27.355 0.0000000000
52607  -52.622  -10.292  -27.385 0.0000000000
52608  -54.192  -10.627  -28.443 0.0000000000
52609  -54.836  -11.506  -28.578 0.0000000000
52619  -47.843  -10.515  -31.597 0.0000000000
52620  -49.187  -11.222  -31.802 0.0000000000
52621  -49.882  -11.726  -32.030 0.0000000000
52622  -55.083  -10.208  -29.291 0.0000000000
52623  -55.834  -10.991  -29.493 0.0000000000
52624  -56.768  -11.511  -30.015 0.0000000000
52628  -49.398  -11.787  -32.762 0.0000000000
52629  -49.846  -12.379  -32.947 0.0000000000
52630  -50.958  -12.526  -33.683 0.0000000000
52631  -56.863  -10.971  -30.287 0.0000000000
52632  -57.572  -11.342  -30.654 0.0000000000
52633  -57.963  -11.859  -31.007 0.0000000000
52634  -57.981  -12.291  -31.177 0.0000000000
52635  -50.835  -12.094  -33.915 0.0000000000
52636  -52.050  -12.143  -34.798 0.0000000000
52637  -53.536  -12.392  -35.506 0.0000000000
52638  -54.624  -12.562  -35.459 0.0000000000
52639  -57.920  -11.349  -31.318 0.0000000000
52640  -57.938  -11.803  -31.667 0.0000000000
52641  -57.594  -12.644  -31.612 0.0000000000
52642  -53.457  -11.509  -35.753 0.0000000000
52643  -54.611  -11.430  -35.564 0.0000000000
52644  -55.552  -11.712  -34.779 0.0000000000
52645  -56.293  -11.653  -33.498 0.0000000000
52646  -57.239  -12.078  -32.473 0.0000000000
52647  -57.150  -13.132  -32.122 0.0000000000
53573  -50.779  -9.237  -26.887 0.0000000000
53589  -50.682  -8.723  -27.220 0.0000000000
53590  -51.460  -8.974  -27.565 0.0000000000
53591  -52.443  -9.301  -28.011 0.0000000000
53592  -53.402  -9.646  -28.407 0.0000000000
53609  -47.426  -10.598  -32.130 0.0000000000
53610  -48.252  -10.986  -32.213 0.0000000000
53611  -52.137  -8.674  -28.485 0.0000000000
53612  -53.138  -8.821  -29.099 0.0000000000
53613  -54.529  -9.458  -29.374 0.0000000000
53614  -55.658  -9.917  -29.923 0.0000000000
53621  -46.860  -11.692  -32.848 0.0000000000
53622  -47.625  -11.900  -33.007 0.0000000000
53623  -48.916  -12.051  -33.229 0.0000000000
53624  -50.117  -11.937  -33.745 0.0000000000
53625  -54.203  -8.527  -30.136 0.0000000000
53626  -55.656  -8.997  -30.793 0.0000000000
53627  -56.840  -10.220  -30.837 0.0000000000
53628  -57.627  -10.781  -31.393 0.0000000000
53633  -49.872  -11.436  -34.300 0.0000000000
53634  -51.265  -11.375  -34.693 0.0000000000
53635  -52.664  -11.172  -35.598 0.0000000000
53636  -56.706  -9.175  -31.837 0.0000000000
53637  -57.432  -9.977  -32.310 0.0000000000
53638  -57.702  -11.137  -31.921 0.0000000000
53639  -57.730  -11.570  -32.089 0.0000000000
53640  -51.120  -10.671  -35.006 0.0000000000
53641  -52.388  -10.489  -35.659 0.0000000000
53642  -54.131  -10.135  -35.927 0.0000000000
53643  -55.619  -9.782  -34.749 0.0000000000
53644  -56.599  -10.522  -33.599 0.0000000000
53645  -57.235  -11.083  -32.631 0.0000000000
53646  -57.582  -11.436  -32.274 0.0000000000
53647  -54.760  -8.973  -35.707 0.0000000000
53648  -55.046  -9.202  -35.433 0.0000000000
54609  -50.803  -8.174  -28.008 0.0000000000
54610  -51.616  -8.419  -28.361 0.0000000000
54627  -46.309  -11.960  -32.933 0.0000000000
54628  -50.165  -6.992  -28.841 0.0000000000
54629  -50.824  -7.327  -29.073 0.0000000000
54630  -52.142  -7.968  -29.504 0.0000000000
54631  -53.233  -8.306  -29.878 0.0000000000
54642  -45.557  -12.101  -33.475 0.0000000000
54643  -46.575  -12.215  -33.666 0.0000000000
54644  -47.766  -12.128  -33.987 0.0000000000
54645  -48.638  -11.920  -34.237 0.0000000000
54646  -52.721  -7.525  -30.696 0.0000000000
54647  -53.602  -7.868  -30.700 0.0000000000
54648  -54.923  -8.080  -31.153 0.0000000000
54656  -47.222  -12.250  -34.490 0.0000000000
54657  -48.077  -11.925  -34.778 0.0000000000
54658  -49.055  -11.477  -34.692 0.0000000000
54659  -53.465  -7.210  -31.428 0.0000000000
54660  -54.699  -7.340  -31.876 0.0000000000
54661  -56.052  -8.071  -32.389 0.0000000000
54662  -56.827  -8.884  -32.741 0.0000000000
54668  -48.831  -11.193  -35.074 0.0000000000
54669  -50.197  -10.487  -35.123 0.0000000000
54670  -51.906  -9.920  -35.687 0.0000000000
54671  -53.240  -9.675  -36.155 0.0000000000
54672  -56.520  -8.178  -33.757 0.0000000000
54673  -56.852  -9.320  -33.425 0.0000000000
54674  -51.353  -9.332  -35.638 0.0000000000
54675  -52.873  -8.959  -36.222 0.0000000000
54676  -54.383  -8.685  -36.205 0.0000000000
54677  -55.565  -8.083  -35.215 0.0000000000
55688  -49.565  -5.818  -29.459 0.0000000000
55689  -50.374  -6.357  -29.851 0.0000000000
55690  -51.610  -7.076  -30.277 0.0000000000
55691  -52.194  -7.414  -30.444 0.0000000000
55705  -44.908  -11.130  -34.393 0.0000000000
55706  -45.921  -11.895  -34.373 0.0000000000
55707  -46.708  -12.171  -34.469 0.0000000000
55708  -51.067  -5.961  -31.042 0.0000000000
55709  -51.983  -6.223  -31.464 0.0000000000
55710  -52.580  -6.994  -31.186 0.0000000000
55723  -43.854  -7.971  -33.945 0.0000000000
55724  -44.424  -8.528  -34.522 0.0000000000
55725  -45.124  -9.902  -35.027 0.0000000000
55726  -46.172  -10.742  -35.182 0.0000000000
55727  -47.324  -11.536  -35.051 0.0000000000
55728  -48.244  -11.378  -35.141 0.0000000000
55729  -52.955  -5.825  -32.339 0.0000000000
55730  -54.041  -6.245  -32.503 0.0000000000
55731  -55.676  -6.864  -33.022 0.0000000000
55732  -56.284  -7.383  -33.398 0.0000000000
55743  -45.177  -7.958  -35.132 0.0000000000
55744  -45.488  -8.634  -35.477 0.0000000000
55745  -46.680  -9.035  -35.996 0.0000000000
55746  -47.737  -9.943  -35.851 0.0000000000
55747  -49.135  -10.233  -35.562 0.0000000000
55748  -50.516  -9.567  -35.597 0.0000000000
55749  -54.934  -5.645  -33.284 0.0000000000
55750  -55.480  -5.950  -33.573 0.0000000000
55751  -56.126  -6.838  -34.290 0.0000000000
55757  -47.602  -8.222  -36.756 0.0000000000
55758  -48.173  -8.704  -36.653 0.0000000000
55759  -49.348  -8.900  -36.384 0.0000000000
55760  -51.497  -8.243  -36.124 0.0000000000
55761  -53.908  -7.807  -36.712 0.0000000000
55762  -55.287  -7.138  -36.209 0.0000000000
55763  -55.886  -6.847  -35.312 0.0000000000
55764  -52.533  -7.065  -36.956 0.0000000000
55765  -53.577  -7.047  -37.051 0.0000000000
55766  -54.684  -6.788  -37.000 0.0000000000
56779  -49.856  -5.584  -30.037 0.0000000000
56788  -49.853  -4.989  -30.227 0.0000000000
56789  -50.826  -5.273  -31.068 0.0000000000
56790  -51.542  -5.686  -31.481 0.0000000000
56801  -43.349  -7.266  -34.045 0.0000000000
56802  -44.142  -7.660  -34.299 0.0000000000
56803  -51.610  -4.682  -31.859 0.0000000000
56804  -52.590  -5.088  -32.376 0.0000000000
56805  -53.575  -5.501  -32.658 0.0000000000
56817  -43.948  -6.463  -34.613 0.0000000000
56818  -44.896  -6.915  -35.196 0.0000000000
56819  -45.825  -7.679  -35.858 0.0000000000
56820  -46.354  -8.188  -35.938 0.0000000000
56821  -53.730  -4.447  -33.371 0.0000000000
56822  -54.610  -5.099  -33.844 0.0000000000
56823  -55.886  -5.906  -34.709 0.0000000000
56824  -56.065  -6.402  -34.998 0.0000000000
56836  -45.841  -6.079  -36.291 0.0000000000
56837  -46.170  -6.762  -36.509 0.0000000000
56838  -47.261  -7.314  -37.002 0.0000000000
56839  -48.485  -7.717  -37.306 0.0000000000
56840  -49.557  -7.900  -37.037 0.0000000000
56841  -50.440  -7.992  -36.625 0.0000000000
56842  -55.153  -4.445  -34.974 0.0000000000
56843  -55.406  -5.512  -36.026 0.0000000000
56844  -55.882  -6.327  -35.512 0.0000000000
56847  -48.218  -6.252  -37.784 0.0000000000
56848  -48.797  -6.637  -37.779 0.0000000000
56849  -49.944  -6.772  -37.518 0.0000000000
56850  -51.430  -6.836  -36.850 0.0000000000
56851  -53.263  -6.298  -37.102 0.0000000000
56852  -54.352  -6.202  -37.164 0.0000000000
57907  -49.498  -4.121  -29.934 0.0000000000
57908  -50.324  -4.404  -30.648 0.0000000000
57921  -50.346  -3.640  -30.692 0.0000000000
57922  -51.173  -3.925  -31.531 0.0000000000
57923  -52.103  -4.190  -32.369 0.0000000000
57933  -43.176  -5.970  -34.547 0.0000000000
57934  -44.328  -5.831  -35.233 0.0000000000
57935  -51.941  -3.520  -32.692 0.0000000000
57936  -53.229  -3.706  -33.473 0.0000000000
57937  -54.080  -4.210  -33.865 0.0000000000
57950  -44.052  -4.877  -35.593 0.0000000000
57951  -45.618  -5.019  -36.823 0.0000000000
57952  -46.603  -5.712  -37.199 0.0000000000
57953  -46.966  -6.368  -37.231 0.0000000000
57954  -53.768  -3.286  -34.416 0.0000000000
57955  -54.381  -3.875  -34.623 0.0000000000
57956  -54.721  -4.297  -35.736 0.0000000000
57964  -46.630  -4.182  -38.789 0.0000000000
57965  -47.094  -4.676  -38.772 0.0000000000
57966  -47.879  -5.536  -38.250 0.0000000000
57967  -49.086  -5.604  -38.359 0.0000000000
57968  -50.093  -5.736  -38.018 0.0000000000
57969  -51.467  -5.443  -37.502 0.0000000000
57970  -52.714  -5.575  -37.175 0.0000000000
57971  -54.023  -5.113  -37.009 0.0000000000
57972  -52.099  -4.619  -37.318 0.0000000000
57973  -52.569  -4.883  -37.100 0.0000000000
57974  -53.181  -5.002  -37.002 0.0000000000
59041  -49.116  -3.315  -29.776 0.0000000000
59054  -49.080  -2.620  -30.004 0.0000000000
59055  -49.912  -2.809  -30.521 0.0000000000
59056  -50.697  -3.088  -31.233 0.0000000000
59069  -50.632  -2.381  -31.530 0.0000000000
59070  -51.384  -2.736  -32.251 0.0000000000
59071  -52.354  -2.703  -33.349 0.0000000000
59079  -43.527  -4.052  -36.006 0.0000000000
59080  -44.772  -3.780  -36.949 0.0000000000
59081  -53.193  -2.768  -34.318 0.0000000000
59082  -53.752  -3.195  -35.270 0.0000000000
59083  -54.321  -3.732  -35.463 0.0000000000
59093  -46.070  -3.571  -38.673 0.0000000000
59094  -47.545  -3.211  -40.169 0.0000000000
59095  -48.485  -3.817  -39.753 0.0000000000
59096  -49.448  -4.386  -39.199 0.0000000000
59097  -50.320  -4.643  -38.298 0.0000000000
59098  -50.922  -4.959  -37.923 0.0000000000
59099  -53.477  -3.365  -35.877 0.0000000000
59100  -53.858  -3.898  -36.157 0.0000000000
59105  -48.460  -2.174  -41.045 0.0000000000
59106  -48.993  -2.413  -40.722 0.0000000000
59107  -49.889  -2.765  -40.068 0.0000000000
59108  -50.800  -3.183  -38.683 0.0000000000
59109  -51.645  -4.008  -37.597 0.0000000000
59110  -52.551  -4.222  -36.910 0.0000000000
59111  -53.262  -4.489  -36.767 0.0000000000
60138  -48.016  -1.729  -29.623 0.0000000000
60139  -48.647  -1.863  -30.066 0.0000000000
60140  -49.336  -2.095  -30.573 0.0000000000
60154  -49.115  -1.556  -30.998 0.0000000000
60155  -49.961  -1.749  -31.524 0.0000000000
60156  -51.051  -1.755  -32.533 0.0000000000
60157  -51.845  -1.957  -33.077 0.0000000000
60165  -44.146  -3.192  -37.015 0.0000000000
60166  -51.698  -1.402  -33.353 0.0000000000
60167  -52.441  -1.769  -34.202 0.0000000000
60168  -53.152  -2.329  -35.124 0.0000000000
60177  -44.012  -2.622  -37.722 0.0000000000
60178  -45.291  -2.404  -38.590 0.0000000000
60179  -46.715  -2.534  -40.009 0.0000000000
60180  -52.586  -1.736  -35.592 0.0000000000
60181  -53.040  -2.723  -35.999 0.0000000000
60182  -53.272  -3.462  -36.221 0.0000000000
60191  -46.519  -1.614  -40.456 0.0000000000
60192  -47.829  -1.540  -40.971 0.0000000000
60193  -49.208  -1.266  -41.114 0.0000000000
60194  -50.088  -1.205  -40.500 0.0000000000
60195  -50.655  -1.352  -39.164 0.0000000000
60196  -51.917  -1.947  -37.178 0.0000000000
60197  -52.676  -3.322  -36.719 0.0000000000
60198  -53.187  -3.897  -36.517 0.0000000000
60199  -50.410  -0.375  -39.953 0.0000000000
60200  -50.697  -0.212  -39.200 0.0000000000
61059  -47.658  -1.529  -29.516 0.0000000000
61075  -47.310  -0.588  -30.596 0.0000000000
61076  -47.926  -1.029  -30.740 0.0000000000
61077  -48.657  -1.313  -30.947 0.0000000000
61092  -48.041  -0.838  -31.849 0.0000000000
61093  -48.938  -1.019  -32.209 0.0000000000
61094  -50.462  -1.207  -32.932 0.0000000000
61095  -51.243  -1.248  -33.200 0.0000000000
61108  -48.942  -0.714  -33.481 0.0000000000
61109  -49.878  -0.646  -34.112 0.0000000000
61110  -51.443  -1.034  -34.258 0.0000000000
61111  -52.283  -1.197  -34.968 0.0000000000
61118  -44.871  -1.254  -38.976 0.0000000000
61119  -45.838  -1.303  -39.990 0.0000000000
61120  -50.032  -0.286  -35.144 0.0000000000
61121  -50.859  -0.417  -35.823 0.0000000000
61122  -51.991  -0.993  -35.805 0.0000000000
61133  -45.674  -0.624  -40.040 0.0000000000
61134  -47.026  0.563  -40.290 0.0000000000
61135  -48.918  0.079  -40.702 0.0000000000
61136  -49.983  -0.273  -40.370 0.0000000000
61137  -50.419  -0.292  -40.295 0.0000000000
61138  -51.015  -0.455  -37.757 0.0000000000
61139  -51.644  -0.797  -36.745 0.0000000000
61145  -47.553  1.729  -38.248 0.0000000000
61146  -48.593  1.436  -39.497 0.0000000000
61147  -49.681  0.837  -39.791 0.0000000000
61148  -50.487  0.354  -39.688 0.0000000000
61149  -50.559  0.159  -38.716 0.0000000000
61952  -47.020  -0.317  -31.805 0.0000000000
61953  -47.682  -0.636  -31.760 0.0000000000
61966  -46.751  0.014  -33.504 0.0000000000
61967  -47.807  -0.568  -32.870 0.0000000000
61968  -48.521  -0.718  -33.237 0.0000000000
61981  -46.939  0.127  -34.291 0.0000000000
61982  -47.573  -0.111  -34.284 0.0000000000
61983  -48.778  -0.327  -34.272 0.0000000000
61984  -49.604  -0.294  -34.837 0.0000000000
61990  -47.426  0.384  -35.079 0.0000000000
61991  -48.521  0.240  -35.584 0.0000000000
61992  -49.751  0.039  -35.817 0.0000000000
61993  -50.527  -0.023  -36.749 0.0000000000
62002  -45.535  -0.396  -40.075 0.0000000000
62003  -48.837  0.618  -36.461 0.0000000000
62004  -49.373  0.520  -36.643 0.0000000000
62005  -50.177  0.361  -37.492 0.0000000000
62014  -49.053  1.371  -38.632 0.0000000000
62015  -49.879  1.031  -38.900 0.0000000000
62016  -50.188  0.562  -38.675 0.0000000000
62808  -46.373  0.206  -31.522 0.0000000000
62820  -46.198  0.507  -33.299 0.0000000000
62850  -48.267  0.767  -36.367 0.0000000000
62857  -49.133  0.831  -37.153 0.0000000000
62858  -49.639  0.676  -37.322 0.0000000000
62868  -49.185  1.185  -37.933 0.0000000000
62869  -49.741  0.810  -37.954 0.0000000000
63709  -45.928  0.735  -32.217 0.0000000000
65513  -45.678  1.818  -34.129 0.0000000000
65522  -45.821  1.250  -33.194 0.0000000000
65596  -36.899  1.011  -46.872 0.0000000000
66479  -37.006  0.115  -46.269 0.0000000000
66480  -38.718  -0.714  -44.852 0.0000000000
66481  -40.963  -0.081  -45.177 0.0000000000
66482  -41.316  0.622  -45.647 0.0000000000
66483  -41.955  0.669  -44.780 0.0000000000
66484  -42.378  0.252  -44.001 0.0000000000
66486  -37.025  0.668  -46.581 0.0000000000
66487  -37.971  0.484  -46.311 0.0000000000
66488  -39.459  0.503  -45.947 0.0000000000
66489  -40.568  0.713  -45.974 0.0000000000
66490  -37.326  0.899  -46.733 0.0000000000
67298  -43.978  0.177  -42.141 0.0000000000
67299  -46.911  1.159  -42.799 0.0000000000
67303  -41.041  1.128  -46.497 0.0000000000
67304  -41.871  1.505  -45.281 0.0000000000
67305  -43.765  1.686  -43.904 0.0000000000
67306  -46.051  1.600  -43.939 0.0000000000
67310  -37.753  0.956  -46.766 0.0000000000
67311  -38.557  1.048  -47.103 0.0000000000
67312  -40.063  0.922  -46.993 0.0000000000
67313  -37.227  1.189  -47.333 0.0000000000
68138  -48.446  1.431  -42.607 0.0000000000
68139  -47.905  1.828  -43.785 0.0000000000
68140  -47.067  1.460  -44.015 0.0000000000
68143  -41.463  1.963  -46.125 0.0000000000
68144  -42.654  2.584  -45.423 0.0000000000
68145  -45.908  2.485  -44.768 0.0000000000
68146  -46.739  1.514  -44.008 0.0000000000
68149  -39.433  1.318  -47.820 0.0000000000
68150  -40.814  2.134  -47.798 0.0000000000
68151  -43.225  3.620  -46.283 0.0000000000
68152  -44.872  4.077  -45.921 0.0000000000
68154  -38.134  1.744  -48.973 0.0000000000
68155  -39.230  2.757  -49.250 0.0000000000
68867  -44.862  4.993  -36.882 0.0000000000
68878  -44.999  4.842  -37.304 0.0000000000
68889  -46.684  3.588  -37.884 0.0000000000
68915  -48.594  2.775  -39.985 0.0000000000
68919  -48.718  2.123  -41.057 0.0000000000
68920  -49.170  2.667  -42.961 0.0000000000
68923  -48.373  3.805  -44.518 0.0000000000
68924  -49.279  4.856  -45.094 0.0000000000
68927  -42.201  3.578  -48.222 0.0000000000
68928  -43.830  4.650  -47.279 0.0000000000
68929  -46.487  4.326  -46.475 0.0000000000
68930  -48.177  5.147  -45.732 0.0000000000
68933  -40.432  3.924  -49.433 0.0000000000
68934  -42.523  4.412  -48.937 0.0000000000
69559  -44.980  5.425  -36.835 0.0000000000
69560  -45.578  5.990  -36.886 0.0000000000
69576  -44.621  5.403  -37.372 0.0000000000
69577  -45.036  5.914  -37.377 0.0000000000
69590  -45.045  5.255  -37.910 0.0000000000
69591  -44.903  5.860  -37.917 0.0000000000
69601  -45.765  4.993  -38.582 0.0000000000
69602  -45.089  5.884  -38.552 0.0000000000
69612  -47.809  3.567  -39.322 0.0000000000
69613  -46.116  5.593  -39.259 0.0000000000
69623  -48.353  3.111  -40.070 0.0000000000
69624  -48.080  4.569  -40.282 0.0000000000
69627  -49.239  4.366  -41.980 0.0000000000
69628  -49.664  4.035  -43.413 0.0000000000
69631  -49.693  5.094  -43.214 0.0000000000
69632  -49.789  5.104  -44.442 0.0000000000
69633  -49.504  5.684  -45.853 0.0000000000
69637  -43.427  5.037  -48.608 0.0000000000
69638  -45.004  5.353  -48.349 0.0000000000
69639  -47.963  5.969  -47.764 0.0000000000
69642  -42.192  5.913  -49.667 0.0000000000
69643  -45.133  6.879  -49.456 0.0000000000
69644  -47.206  7.594  -49.366 0.0000000000
70240  -45.727  6.508  -37.461 0.0000000000
70241  -46.618  7.068  -37.370 0.0000000000
70250  -45.348  6.393  -37.812 0.0000000000
70251  -46.514  7.319  -37.989 0.0000000000
70265  -45.559  6.523  -38.360 0.0000000000
70266  -46.946  7.842  -38.636 0.0000000000
70279  -45.886  6.842  -39.015 0.0000000000
70280  -46.908  8.405  -39.161 0.0000000000
70289  -46.374  7.010  -40.069 0.0000000000
70290  -46.942  8.779  -39.820 0.0000000000
70299  -47.591  6.538  -41.127 0.0000000000
70305  -48.776  6.323  -42.447 0.0000000000
70308  -49.750  6.383  -43.750 0.0000000000
70309  -50.234  6.803  -45.233 0.0000000000
70310  -49.711  6.773  -46.635 0.0000000000
70313  -50.277  7.867  -46.331 0.0000000000
70314  -49.103  8.078  -47.782 0.0000000000
70318  -47.114  9.541  -49.478 0.0000000000
70932  -47.480  9.135  -38.272 0.0000000000
70944  -47.359  9.719  -38.757 0.0000000000
70960  -47.296  10.100  -39.317 0.0000000000
70972  -46.921  8.112  -40.651 0.0000000000
70973  -47.183  9.961  -40.502 0.0000000000
70974  -47.369  10.839  -41.393 0.0000000000
70983  -47.352  8.086  -41.725 0.0000000000
70984  -47.600  9.561  -42.073 0.0000000000
70985  -47.938  10.872  -42.342 0.0000000000
70991  -48.434  7.983  -42.932 0.0000000000
70992  -48.863  9.681  -43.441 0.0000000000
70993  -48.491  10.914  -43.022 0.0000000000
70998  -49.772  7.824  -44.192 0.0000000000
70999  -50.315  8.820  -45.209 0.0000000000
71002  -50.037  9.398  -46.495 0.0000000000
71003  -48.926  10.423  -47.884 0.0000000000
71714  -46.890  11.851  -39.521 0.0000000000
71715  -47.263  11.907  -40.459 0.0000000000
71729  -47.646  12.099  -41.528 0.0000000000
71738  -48.936  11.049  -43.659 0.0000000000
71739  -48.412  12.015  -42.847 0.0000000000
71747  -49.661  10.534  -44.751 0.0000000000
71748  -49.262  12.059  -44.385 0.0000000000
71754  -50.225  10.048  -45.721 0.0000000000
71755  -49.698  11.604  -46.237 0.0000000000
72538  -46.884  12.888  -41.002 0.0000000000
72550  -47.443  13.488  -42.084 0.0000000000
72560  -48.492  13.593  -43.793 0.0000000000
72572  -49.172  13.365  -45.347 0.0000000000
106994  -56.882  -18.323  -32.070 0.0000000000
106995  -57.122  -18.159  -31.852 0.0000000000
106996  -56.429  -17.902  -31.658 0.0000000000
106997  -57.153  -17.177  -31.384 0.0000000000
106998  -55.384  -17.688  -31.014 0.0000000000
106999  -55.596  -16.885  -31.627 0.0000000000
107000  -53.427  -19.105  -28.698 0.0000000000
107001  -54.407  -17.317  -30.634 0.0000000000
107002  -54.791  -16.876  -31.366 0.0000000000
107003  -52.729  -19.041  -28.134 0.0000000000
107004  -54.220  -17.619  -30.160 0.0000000000
107005  -55.047  -16.583  -31.523 0.0000000000
107006  -59.002  -17.209  -28.191 0.0000000000
107007  -52.624  -18.369  -28.480 0.0000000000
107008  -53.919  -17.297  -30.218 0.0000000000
107009  -54.852  -16.264  -31.955 0.0000000000
107010  -55.286  -16.318  -31.852 0.0000000000
107011  -54.301  -16.049  -32.447 0.0000000000
107012  -53.487  -17.659  -29.598 0.0000000000
107013  -53.661  -17.553  -29.786 0.0000000000
107014  -53.672  -16.437  -31.468 0.0000000000
107015  -52.747  -15.628  -32.114 0.0000000000
107016  -53.323  -15.821  -32.321 0.0000000000
107017  -53.125  -15.716  -32.650 0.0000000000
107018  -55.009  -15.957  -32.477 0.0000000000
107019  -58.620  -17.174  -27.474 0.0000000000
107020  -52.976  -16.943  -29.691 0.0000000000
107021  -51.990  -15.613  -30.102 0.0000000000
107022  -52.275  -15.351  -31.875 0.0000000000
107023  -52.120  -15.407  -32.613 0.0000000000
107024  -56.525  -16.451  -27.390 0.0000000000
107025  -56.638  -17.469  -31.700 0.0000000000
107026  -52.256  -17.869  -28.533 0.0000000000
107027  -52.345  -16.316  -29.602 0.0000000000
107028  -51.338  -14.314  -30.250 0.0000000000
107029  -51.651  -14.425  -31.165 0.0000000000
107030  -51.981  -15.025  -32.085 0.0000000000
107031  -57.004  -15.720  -28.249 0.0000000000
107033  -57.781  -16.136  -28.512 0.0000000000
107034  -50.782  -16.481  -28.012 0.0000000000
107035  -55.729  -15.381  -27.725 0.0000000000
107036  -56.434  -15.334  -28.167 0.0000000000
107037  -56.945  -15.123  -28.710 0.0000000000
107038  -53.191  -17.788  -29.209 0.0000000000
107039  -51.106  -14.799  -29.525 0.0000000000
107040  -52.982  -18.257  -28.777 0.0000000000
107041  -55.963  -14.015  -28.469 0.0000000000
107042  -51.611  -16.170  -29.053 0.0000000000
107043  -51.975  -16.564  -29.164 0.0000000000
107044  -53.196  -14.703  -26.050 0.0000000000
107045  -55.345  -13.828  -28.197 0.0000000000
107046  -55.036  -14.331  -27.730 0.0000000000
107047  -51.343  -15.825  -29.073 0.0000000000
107048  -50.455  -15.026  -28.709 0.0000000000
107049  -55.235  -14.000  -28.076 0.0000000000
107052  -51.197  -15.473  -29.147 0.0000000000
107054  -51.426  -15.289  -29.588 0.0000000000
107055  -49.107  -15.995  -26.909 0.0000000000
107435  -43.464  -1.387  -39.098 0.0000000000
107436  -43.954  -0.723  -39.511 0.0000000000
107438  -44.582  -0.634  -39.537 0.0000000000
107440  -48.074  1.667  -37.907 0.0000000000
107442  -46.312  0.258  -33.696 0.0000000000
107443  -48.143  1.328  -37.152 0.0000000000
107445  -46.226  0.828  -34.276 0.0000000000
107446  -46.583  0.573  -34.307 0.0000000000
107447  -47.235  0.881  -35.674 0.0000000000
107448  -48.703  1.033  -37.207 0.0000000000
107449  -46.744  2.151  -37.615 0.0000000000
107451  -46.378  1.543  -35.428 0.0000000000
107452  -45.691  2.073  -34.677 0.0000000000
107453  -45.639  2.447  -35.090 0.0000000000
107455  -45.782  3.025  -36.109 0.0000000000
107458  -47.588  0.540  -41.885 0.0000000000
107459  -43.998  -0.472  -40.164 0.0000000000
107460  -45.042  0.113  -40.818 0.0000000000
107461  -47.743  0.425  -41.712 0.0000000000
107462  -41.258  -1.505  -42.020 0.0000000000
107463  -41.512  -0.587  -43.769 0.0000000000
107465  -48.256  1.110  -40.913 0.0000000000
107466  -48.273  2.855  -39.447 0.0000000000
107467  -48.311  2.404  -39.883 0.0000000000
107468  -48.093  0.736  -41.823 0.0000000000
107469  -48.321  0.953  -41.101 0.0000000000
107470  -45.264  4.289  -36.627 0.0000000000
107471  -47.699  0.563  -42.133 0.0000000000
107473  -47.870  2.630  -39.371 0.0000000000
107496  -37.139  1.035  -46.909 0.0000000000
