#!ascii label  , from subject Yale_0050573 vox2ras=TkReg
460
95598  -28.406  6.815  -16.201 0.0000000000
95599  -29.721  7.702  -16.887 0.0000000000
95608  -28.704  7.518  -16.603 0.0000000000
96314  -28.227  8.468  -15.562 0.0000000000
97052  -33.944  11.620  -13.498 0.0000000000
97059  -32.149  11.116  -15.396 0.0000000000
97798  -35.140  12.502  -8.869 0.0000000000
97802  -33.454  13.044  -11.148 0.0000000000
97803  -34.231  12.606  -10.717 0.0000000000
97808  -30.769  12.478  -12.544 0.0000000000
97809  -31.378  12.572  -12.473 0.0000000000
97810  -32.858  12.800  -12.032 0.0000000000
97811  -33.707  12.266  -12.595 0.0000000000
97815  -29.958  11.853  -13.429 0.0000000000
97816  -30.473  12.309  -13.234 0.0000000000
97817  -31.745  12.299  -13.656 0.0000000000
97819  -33.572  12.088  -13.362 0.0000000000
97821  -28.897  11.536  -14.517 0.0000000000
97822  -29.536  11.686  -14.216 0.0000000000
97823  -30.638  11.532  -14.683 0.0000000000
97824  -31.909  11.494  -15.152 0.0000000000
97825  -32.679  11.822  -14.767 0.0000000000
97828  -28.568  11.406  -15.418 0.0000000000
97829  -29.577  11.030  -15.880 0.0000000000
97830  -30.540  10.575  -16.133 0.0000000000
97831  -31.310  10.786  -15.760 0.0000000000
98531  -35.255  13.226  -7.930 0.0000000000
98534  -33.445  13.518  -9.765 0.0000000000
98535  -34.188  13.544  -9.547 0.0000000000
98538  -30.169  12.998  -11.091 0.0000000000
98539  -30.453  13.229  -11.128 0.0000000000
98540  -31.516  13.399  -10.968 0.0000000000
98541  -33.097  13.368  -10.593 0.0000000000
98542  -33.854  13.198  -10.251 0.0000000000
98548  -29.563  12.062  -11.858 0.0000000000
98549  -29.862  12.642  -11.680 0.0000000000
98550  -30.680  12.626  -12.093 0.0000000000
98551  -32.000  12.945  -11.545 0.0000000000
98552  -32.692  13.109  -11.394 0.0000000000
98557  -29.328  11.799  -12.496 0.0000000000
98558  -29.827  11.869  -13.008 0.0000000000
98559  -30.331  12.193  -12.723 0.0000000000
98562  -28.140  11.542  -14.518 0.0000000000
98563  -28.725  11.485  -14.043 0.0000000000
98564  -29.384  11.501  -13.692 0.0000000000
98568  -28.448  11.711  -14.962 0.0000000000
99222  -34.926  13.727  -7.035 0.0000000000
99225  -30.953  14.312  -9.127 0.0000000000
99226  -31.300  14.267  -9.086 0.0000000000
99227  -33.788  14.401  -8.937 0.0000000000
99228  -34.327  14.260  -8.608 0.0000000000
99231  -30.337  13.703  -9.804 0.0000000000
99232  -30.718  14.062  -9.535 0.0000000000
99233  -31.852  13.892  -9.372 0.0000000000
99234  -33.211  13.867  -9.341 0.0000000000
99235  -34.015  14.037  -9.252 0.0000000000
99238  -29.726  12.683  -10.809 0.0000000000
99239  -30.101  13.168  -10.557 0.0000000000
99240  -31.106  13.459  -10.190 0.0000000000
99241  -32.216  13.504  -9.995 0.0000000000
99242  -32.782  13.440  -9.889 0.0000000000
99247  -28.665  11.688  -11.968 0.0000000000
99248  -29.316  12.188  -11.587 0.0000000000
99249  -29.735  12.772  -11.303 0.0000000000
99251  -28.341  11.595  -12.623 0.0000000000
99252  -28.625  11.412  -13.050 0.0000000000
99260  -27.920  11.761  -14.194 0.0000000000
99261  -28.383  11.392  -13.711 0.0000000000
99887  -34.995  14.190  -4.960 0.0000000000
99890  -34.813  14.389  -6.469 0.0000000000
99891  -34.533  14.612  -7.600 0.0000000000
99894  -30.412  14.429  -8.663 0.0000000000
99895  -30.545  14.725  -8.743 0.0000000000
99896  -31.102  14.529  -8.716 0.0000000000
99897  -32.267  14.549  -8.710 0.0000000000
99898  -33.590  14.616  -8.564 0.0000000000
99899  -34.244  14.752  -8.200 0.0000000000
99902  -29.862  13.772  -9.480 0.0000000000
99903  -30.268  13.974  -9.461 0.0000000000
99904  -30.536  14.403  -9.163 0.0000000000
99905  -32.516  14.170  -9.102 0.0000000000
99906  -32.889  14.338  -8.956 0.0000000000
99910  -29.079  12.200  -10.463 0.0000000000
99911  -29.642  12.798  -10.366 0.0000000000
99912  -30.051  13.283  -9.865 0.0000000000
99917  -28.431  11.953  -11.823 0.0000000000
99918  -29.228  12.213  -11.094 0.0000000000
99926  -27.382  12.064  -13.467 0.0000000000
100521  -34.525  15.240  -4.256 0.0000000000
100523  -30.776  15.994  -7.352 0.0000000000
100524  -31.795  15.928  -7.073 0.0000000000
100525  -33.041  15.918  -6.851 0.0000000000
100526  -34.448  15.450  -6.434 0.0000000000
100527  -34.391  14.844  -7.056 0.0000000000
100530  -30.057  15.150  -8.031 0.0000000000
100531  -30.398  15.331  -8.122 0.0000000000
100532  -31.013  15.349  -8.061 0.0000000000
100533  -32.034  15.272  -7.901 0.0000000000
100534  -33.288  15.256  -7.773 0.0000000000
100535  -34.159  15.009  -7.674 0.0000000000
100538  -29.187  13.486  -8.318 0.0000000000
100539  -30.186  13.877  -8.395 0.0000000000
100543  -28.787  12.605  -9.540 0.0000000000
100544  -29.545  13.108  -9.454 0.0000000000
100548  -28.343  12.167  -11.066 0.0000000000
101133  -27.713  15.255  2.895 0.0000000000
101139  -28.214  14.943  2.204 0.0000000000
101140  -28.501  14.608  2.019 0.0000000000
101146  -28.623  15.204  1.884 0.0000000000
101147  -29.096  14.929  1.610 0.0000000000
101153  -30.343  15.132  0.995 0.0000000000
101176  -33.782  16.040  -4.214 0.0000000000
101178  -29.083  16.574  -6.895 0.0000000000
101179  -29.682  16.689  -6.920 0.0000000000
101180  -30.477  16.704  -6.705 0.0000000000
101181  -31.504  16.675  -6.378 0.0000000000
101182  -32.759  16.723  -5.970 0.0000000000
101183  -33.932  16.447  -5.513 0.0000000000
101185  -29.271  15.631  -6.921 0.0000000000
101186  -29.678  15.862  -7.329 0.0000000000
101187  -30.073  16.028  -7.535 0.0000000000
101190  -28.920  14.503  -7.623 0.0000000000
101191  -29.733  14.658  -7.483 0.0000000000
101195  -29.004  13.363  -8.680 0.0000000000
101199  -28.668  12.538  -9.993 0.0000000000
101800  -27.230  15.679  3.127 0.0000000000
101809  -27.125  16.002  3.052 0.0000000000
101810  -27.680  15.652  2.605 0.0000000000
101818  -28.500  15.629  2.093 0.0000000000
101819  -29.237  15.641  1.722 0.0000000000
101825  -30.250  15.747  1.386 0.0000000000
101826  -31.618  16.076  0.909 0.0000000000
101837  -32.686  16.313  0.155 0.0000000000
101838  -32.681  16.505  -1.236 0.0000000000
101846  -32.845  16.515  -2.802 0.0000000000
101847  -33.216  15.919  -3.100 0.0000000000
101853  -29.489  17.766  -5.336 0.0000000000
101854  -30.539  17.805  -5.082 0.0000000000
101855  -31.627  17.657  -4.733 0.0000000000
101856  -32.514  17.086  -4.297 0.0000000000
101857  -33.090  16.242  -3.827 0.0000000000
101860  -28.556  17.095  -6.312 0.0000000000
101861  -29.197  17.210  -6.266 0.0000000000
101862  -30.054  17.355  -6.085 0.0000000000
101863  -31.097  17.393  -5.777 0.0000000000
101864  -32.254  17.363  -5.401 0.0000000000
101865  -33.238  16.951  -4.916 0.0000000000
101868  -28.671  16.523  -6.392 0.0000000000
101869  -28.747  16.541  -6.776 0.0000000000
101872  -28.691  16.059  -6.447 0.0000000000
101873  -28.749  15.540  -6.819 0.0000000000
101877  -29.043  14.339  -7.813 0.0000000000
101881  -29.047  13.152  -8.827 0.0000000000
101890  -28.831  12.404  -10.069 0.0000000000
102450  -26.471  16.696  3.713 0.0000000000
102459  -26.887  16.512  3.225 0.0000000000
102460  -27.635  16.385  2.855 0.0000000000
102471  -28.533  16.311  2.470 0.0000000000
102472  -29.657  16.394  2.119 0.0000000000
102473  -31.055  16.971  2.002 0.0000000000
102483  -30.247  16.240  1.677 0.0000000000
102484  -31.666  16.877  1.395 0.0000000000
102494  -32.680  17.392  0.318 0.0000000000
102495  -32.327  17.461  -1.129 0.0000000000
102503  -28.764  18.423  -3.670 0.0000000000
102504  -29.450  18.403  -3.547 0.0000000000
102505  -30.687  18.259  -3.289 0.0000000000
102506  -32.080  17.771  -2.607 0.0000000000
102513  -28.024  17.933  -4.571 0.0000000000
102514  -28.688  18.135  -4.477 0.0000000000
102515  -29.946  18.137  -4.322 0.0000000000
102516  -31.066  17.813  -3.960 0.0000000000
102517  -31.969  17.327  -3.683 0.0000000000
102520  -27.706  17.507  -5.293 0.0000000000
102521  -28.072  17.541  -5.303 0.0000000000
102522  -28.744  17.539  -5.548 0.0000000000
102524  -28.108  17.216  -5.953 0.0000000000
102525  -28.312  17.044  -6.308 0.0000000000
102527  -28.454  16.465  -6.279 0.0000000000
102528  -28.491  15.881  -6.821 0.0000000000
102532  -28.569  16.263  -6.500 0.0000000000
102533  -28.659  15.489  -7.078 0.0000000000
102539  -29.312  13.997  -7.959 0.0000000000
102540  -29.585  13.867  -8.163 0.0000000000
102554  -29.013  13.013  -9.027 0.0000000000
102555  -29.221  13.001  -9.358 0.0000000000
102556  -29.257  12.293  -11.090 0.0000000000
103125  -26.732  17.089  3.568 0.0000000000
103136  -27.622  17.037  3.243 0.0000000000
103137  -28.851  17.110  3.023 0.0000000000
103138  -30.300  17.786  2.949 0.0000000000
103147  -29.655  16.991  2.594 0.0000000000
103148  -30.971  17.694  2.384 0.0000000000
103149  -31.708  17.978  1.450 0.0000000000
103158  -32.057  18.315  0.297 0.0000000000
103170  -29.160  18.891  -2.230 0.0000000000
103171  -29.914  19.011  -2.098 0.0000000000
103172  -31.707  18.713  -1.346 0.0000000000
103173  -31.922  18.104  -1.977 0.0000000000
103180  -28.116  18.518  -3.129 0.0000000000
103181  -28.774  18.595  -2.852 0.0000000000
103182  -30.280  18.618  -2.621 0.0000000000
103183  -31.521  18.366  -2.410 0.0000000000
103184  -31.887  18.112  -2.345 0.0000000000
103187  -27.483  18.132  -4.300 0.0000000000
103188  -27.862  18.313  -3.918 0.0000000000
103189  -28.447  18.388  -3.741 0.0000000000
103191  -27.516  17.840  -4.697 0.0000000000
103192  -27.776  17.882  -4.625 0.0000000000
103194  -27.475  17.577  -5.223 0.0000000000
103196  -27.874  17.250  -5.723 0.0000000000
103197  -27.984  17.041  -5.970 0.0000000000
103206  -28.440  16.791  -6.284 0.0000000000
103207  -28.452  16.398  -6.473 0.0000000000
103208  -28.750  15.887  -6.960 0.0000000000
103218  -29.086  15.387  -7.256 0.0000000000
103219  -29.525  14.866  -7.416 0.0000000000
103220  -29.747  14.587  -7.844 0.0000000000
103237  -29.723  13.844  -8.258 0.0000000000
103238  -29.504  14.078  -9.444 0.0000000000
103239  -30.413  13.424  -10.339 0.0000000000
103814  -26.587  17.675  4.095 0.0000000000
103827  -27.797  17.790  3.879 0.0000000000
103828  -28.976  18.363  3.726 0.0000000000
103836  -28.617  17.661  3.430 0.0000000000
103837  -29.993  18.398  3.371 0.0000000000
103838  -31.084  18.794  2.590 0.0000000000
103846  -31.662  19.169  1.497 0.0000000000
103847  -31.740  19.034  0.441 0.0000000000
103858  -29.772  19.565  -0.902 0.0000000000
103859  -30.773  19.664  -0.271 0.0000000000
103860  -31.587  19.202  -0.593 0.0000000000
103872  -28.200  18.941  -2.052 0.0000000000
103873  -29.068  19.208  -1.750 0.0000000000
103874  -30.803  19.250  -1.236 0.0000000000
103875  -31.402  19.113  -1.085 0.0000000000
103881  -27.978  18.683  -2.642 0.0000000000
103882  -28.509  18.795  -2.408 0.0000000000
103885  -27.264  18.189  -4.200 0.0000000000
103886  -27.246  18.434  -3.518 0.0000000000
103888  -27.156  17.919  -4.664 0.0000000000
103889  -26.981  17.937  -4.846 0.0000000000
103891  -27.326  17.713  -5.146 0.0000000000
103892  -27.135  17.774  -5.271 0.0000000000
103896  -27.737  17.511  -5.647 0.0000000000
103897  -27.906  17.334  -5.873 0.0000000000
103898  -28.219  17.072  -6.111 0.0000000000
103908  -28.343  16.612  -6.416 0.0000000000
103909  -28.599  16.199  -6.804 0.0000000000
103921  -29.431  15.605  -7.225 0.0000000000
103922  -29.843  15.203  -7.904 0.0000000000
103940  -30.207  14.990  -8.525 0.0000000000
103941  -30.473  14.458  -9.282 0.0000000000
103952  -30.820  14.005  -10.193 0.0000000000
104510  -27.302  18.452  4.264 0.0000000000
104519  -28.490  18.767  4.122 0.0000000000
104520  -29.629  19.350  3.559 0.0000000000
104527  -30.658  19.983  2.248 0.0000000000
104528  -31.210  19.499  1.830 0.0000000000
104535  -30.224  20.526  0.541 0.0000000000
104536  -31.091  20.056  0.984 0.0000000000
104549  -28.047  19.662  -0.964 0.0000000000
104550  -29.496  19.926  -0.636 0.0000000000
104551  -30.521  20.212  0.080 0.0000000000
104563  -27.863  19.116  -1.826 0.0000000000
104564  -28.521  19.416  -1.266 0.0000000000
104572  -27.081  18.809  -2.629 0.0000000000
104578  -27.015  18.251  -4.101 0.0000000000
104579  -26.789  18.553  -3.682 0.0000000000
104583  -26.926  18.187  -4.394 0.0000000000
104584  -26.797  18.259  -4.597 0.0000000000
104586  -26.986  17.953  -5.362 0.0000000000
104594  -27.283  17.605  -5.988 0.0000000000
104595  -27.709  17.326  -6.480 0.0000000000
104607  -28.299  16.820  -7.026 0.0000000000
104621  -29.259  16.335  -7.409 0.0000000000
104622  -29.540  16.134  -8.151 0.0000000000
104623  -29.569  16.528  -8.706 0.0000000000
104640  -29.966  15.659  -8.898 0.0000000000
104641  -30.255  15.785  -9.379 0.0000000000
104642  -30.621  15.980  -9.746 0.0000000000
104656  -30.858  14.991  -10.052 0.0000000000
104657  -31.437  15.188  -10.344 0.0000000000
105194  -28.027  19.947  4.547 0.0000000000
105200  -27.890  19.066  4.354 0.0000000000
105201  -28.686  19.833  4.067 0.0000000000
105208  -29.741  20.575  2.754 0.0000000000
105217  -28.220  20.792  0.335 0.0000000000
105218  -29.669  20.941  1.157 0.0000000000
105232  -27.465  20.096  -0.537 0.0000000000
105233  -28.806  20.421  -0.091 0.0000000000
105243  -26.952  19.421  -1.603 0.0000000000
105250  -26.508  19.115  -2.760 0.0000000000
105256  -26.499  18.897  -3.812 0.0000000000
105260  -26.632  18.607  -4.753 0.0000000000
105266  -26.891  18.347  -5.641 0.0000000000
105267  -26.933  18.639  -5.904 0.0000000000
105278  -27.186  17.846  -6.194 0.0000000000
105279  -27.341  18.119  -6.612 0.0000000000
105280  -27.604  18.651  -6.906 0.0000000000
105290  -28.227  17.360  -7.515 0.0000000000
105291  -27.960  18.198  -7.396 0.0000000000
105307  -28.806  16.901  -7.902 0.0000000000
105308  -28.788  17.445  -8.080 0.0000000000
105309  -29.595  17.140  -8.752 0.0000000000
105323  -30.174  16.709  -9.292 0.0000000000
105324  -30.814  16.724  -9.599 0.0000000000
105325  -31.135  17.279  -9.423 0.0000000000
105342  -31.477  16.091  -10.127 0.0000000000
105343  -31.939  16.592  -9.983 0.0000000000
105891  -28.448  20.642  4.285 0.0000000000
105900  -29.215  21.088  3.250 0.0000000000
105911  -27.827  21.100  0.444 0.0000000000
105912  -29.070  21.342  1.516 0.0000000000
105926  -27.142  20.596  -0.158 0.0000000000
105935  -26.602  20.114  -0.980 0.0000000000
105943  -26.329  19.771  -1.996 0.0000000000
105949  -26.260  19.523  -3.016 0.0000000000
105956  -26.470  19.341  -4.113 0.0000000000
105957  -26.612  19.629  -4.366 0.0000000000
105966  -26.663  18.875  -4.925 0.0000000000
105967  -26.878  19.197  -5.193 0.0000000000
105968  -27.253  19.453  -5.459 0.0000000000
105980  -27.042  18.805  -6.022 0.0000000000
105981  -27.406  19.082  -6.198 0.0000000000
105989  -28.146  18.944  -7.144 0.0000000000
105990  -28.670  19.160  -7.359 0.0000000000
106008  -28.424  18.342  -7.733 0.0000000000
106009  -29.223  18.421  -8.058 0.0000000000
106010  -30.430  18.590  -8.396 0.0000000000
106011  -31.367  18.610  -8.587 0.0000000000
106012  -31.789  18.639  -8.650 0.0000000000
106013  -32.752  18.133  -9.167 0.0000000000
106025  -29.997  17.443  -8.910 0.0000000000
106026  -30.468  17.775  -8.928 0.0000000000
106027  -31.587  17.734  -9.284 0.0000000000
106028  -32.299  18.077  -9.160 0.0000000000
106029  -33.096  17.643  -9.877 0.0000000000
106043  -32.564  16.978  -9.778 0.0000000000
106044  -32.929  17.212  -9.755 0.0000000000
106045  -33.109  17.407  -9.835 0.0000000000
106545  -28.572  21.524  3.596 0.0000000000
106556  -28.895  21.651  2.273 0.0000000000
106569  -27.577  21.203  0.439 0.0000000000
106570  -28.468  21.499  0.873 0.0000000000
106583  -27.099  21.017  0.085 0.0000000000
106591  -26.524  20.788  -0.577 0.0000000000
106592  -26.315  21.022  -1.054 0.0000000000
106599  -26.269  20.452  -1.431 0.0000000000
106600  -26.248  20.894  -1.781 0.0000000000
106610  -26.179  20.173  -2.341 0.0000000000
106611  -26.349  20.588  -2.788 0.0000000000
106612  -26.636  20.688  -3.332 0.0000000000
106622  -26.258  19.922  -3.181 0.0000000000
106623  -26.512  20.074  -3.739 0.0000000000
106624  -26.945  20.442  -3.969 0.0000000000
106625  -27.425  20.419  -4.299 0.0000000000
106626  -30.672  19.764  -3.391 0.0000000000
106627  -31.348  19.615  -2.984 0.0000000000
106635  -26.783  19.853  -4.418 0.0000000000
106636  -27.230  19.863  -4.816 0.0000000000
106637  -27.870  20.094  -4.852 0.0000000000
106638  -28.475  19.972  -5.039 0.0000000000
106639  -29.020  19.979  -5.011 0.0000000000
106640  -29.632  19.955  -4.823 0.0000000000
106641  -30.511  19.863  -4.206 0.0000000000
106642  -31.931  19.603  -4.666 0.0000000000
106652  -27.633  19.607  -5.584 0.0000000000
106653  -28.202  19.699  -5.762 0.0000000000
106654  -28.802  19.774  -5.907 0.0000000000
106655  -29.453  19.812  -5.919 0.0000000000
106656  -30.274  19.852  -5.851 0.0000000000
106657  -31.334  19.758  -5.917 0.0000000000
106658  -32.405  19.486  -6.218 0.0000000000
106668  -27.932  19.457  -6.343 0.0000000000
106669  -28.522  19.522  -6.732 0.0000000000
106670  -29.179  19.691  -6.830 0.0000000000
106671  -29.971  19.709  -6.931 0.0000000000
106672  -30.924  19.609  -7.051 0.0000000000
106673  -31.863  19.359  -7.244 0.0000000000
106674  -32.656  19.013  -7.626 0.0000000000
106692  -28.996  19.310  -7.348 0.0000000000
106693  -29.677  19.243  -7.590 0.0000000000
106694  -30.620  19.239  -7.839 0.0000000000
106695  -31.639  18.998  -8.186 0.0000000000
106696  -32.317  18.834  -8.308 0.0000000000
106697  -32.703  18.571  -8.620 0.0000000000
106706  -32.023  18.606  -8.730 0.0000000000
106707  -32.358  18.404  -8.873 0.0000000000
107181  -28.505  22.024  2.828 0.0000000000
107189  -28.780  21.861  1.673 0.0000000000
107201  -27.455  21.391  0.329 0.0000000000
107202  -28.233  21.725  0.775 0.0000000000
107211  -26.796  21.312  -0.225 0.0000000000
107212  -27.307  21.747  0.125 0.0000000000
107218  -26.464  21.223  -0.666 0.0000000000
107219  -26.762  21.700  -0.930 0.0000000000
107220  -27.219  22.174  -1.126 0.0000000000
107230  -26.619  21.299  -2.266 0.0000000000
107231  -27.374  21.983  -1.903 0.0000000000
107232  -28.279  22.244  -2.133 0.0000000000
107233  -28.789  22.232  -2.086 0.0000000000
107234  -30.657  21.112  -1.731 0.0000000000
107245  -26.614  20.975  -2.904 0.0000000000
107246  -27.106  21.171  -3.185 0.0000000000
107247  -27.990  21.719  -2.985 0.0000000000
107248  -28.958  21.972  -2.713 0.0000000000
107249  -29.792  21.590  -2.760 0.0000000000
107250  -30.319  21.080  -2.547 0.0000000000
107251  -30.953  20.669  -2.225 0.0000000000
107259  -27.301  20.769  -3.882 0.0000000000
107260  -27.873  20.857  -4.006 0.0000000000
107261  -28.656  21.242  -3.662 0.0000000000
107262  -29.367  21.170  -3.397 0.0000000000
107263  -29.936  20.879  -3.205 0.0000000000
107264  -30.413  20.087  -2.997 0.0000000000
107265  -31.065  20.148  -2.544 0.0000000000
107272  -28.218  20.366  -4.576 0.0000000000
107273  -28.582  20.525  -4.416 0.0000000000
107274  -29.141  20.533  -4.166 0.0000000000
107275  -29.612  20.234  -3.795 0.0000000000
107276  -29.951  20.099  -3.479 0.0000000000
107753  -28.055  22.459  3.237 0.0000000000
107766  -28.544  22.289  2.291 0.0000000000
107779  -28.791  22.014  1.360 0.0000000000
107780  -28.642  22.149  1.104 0.0000000000
107788  -28.125  21.972  0.592 0.0000000000
107789  -28.235  22.161  0.470 0.0000000000
107790  -28.308  22.366  0.160 0.0000000000
107791  -28.709  22.348  0.126 0.0000000000
107792  -29.243  22.261  0.239 0.0000000000
107793  -29.809  21.858  0.535 0.0000000000
107804  -27.468  22.051  -0.044 0.0000000000
107805  -27.580  22.255  -0.484 0.0000000000
107806  -28.089  22.471  -0.579 0.0000000000
107807  -28.681  22.432  -0.625 0.0000000000
107808  -29.336  22.175  -0.511 0.0000000000
107809  -29.971  21.595  -0.200 0.0000000000
107810  -30.855  21.017  0.159 0.0000000000
107821  -27.578  22.354  -1.109 0.0000000000
107822  -28.070  22.440  -1.339 0.0000000000
107823  -28.825  22.331  -1.451 0.0000000000
107824  -29.524  22.018  -1.271 0.0000000000
107825  -30.190  21.439  -1.179 0.0000000000
107826  -30.910  20.902  -0.782 0.0000000000
107832  -29.163  22.190  -1.953 0.0000000000
107833  -29.635  21.877  -2.043 0.0000000000
107834  -30.123  21.496  -2.101 0.0000000000
108319  -28.096  22.871  2.778 0.0000000000
108320  -27.883  23.450  3.202 0.0000000000
108335  -28.678  22.466  1.958 0.0000000000
108336  -28.384  23.204  2.564 0.0000000000
108345  -28.942  22.193  1.482 0.0000000000
108346  -28.887  22.406  1.598 0.0000000000
108347  -29.256  22.388  1.726 0.0000000000
108360  -28.679  22.042  0.777 0.0000000000
108361  -28.889  22.206  0.908 0.0000000000
108362  -29.256  22.093  1.033 0.0000000000
108932  -28.679  23.305  2.389 0.0000000000
108933  -29.018  23.190  2.237 0.0000000000
