#!ascii label  , from subject Yale_0050573 vox2ras=TkReg
1054
5303  -0.175  -88.744  2.977 0.0000000000
5320  0.297  -88.024  0.148 0.0000000000
5321  -0.325  -88.475  0.971 0.0000000000
5322  -2.271  -88.612  0.411 0.0000000000
5331  -0.479  -88.015  -0.914 0.0000000000
5332  -1.841  -88.388  -0.875 0.0000000000
5333  -3.489  -88.214  -1.006 0.0000000000
5334  -4.361  -87.869  -1.586 0.0000000000
5342  -0.831  -87.774  -1.989 0.0000000000
5343  -1.858  -87.965  -2.218 0.0000000000
5344  -2.958  -88.174  -1.955 0.0000000000
5345  -3.987  -87.830  -1.991 0.0000000000
5354  -2.526  -87.810  -2.861 0.0000000000
5355  -3.040  -87.800  -2.630 0.0000000000
5356  -3.598  -87.743  -2.342 0.0000000000
6030  -10.764  -86.636  8.594 0.0000000000
6053  -0.822  -85.845  6.598 0.0000000000
6057  -10.552  -85.971  7.599 0.0000000000
6067  -0.308  -86.781  5.523 0.0000000000
6071  -8.429  -85.648  7.334 0.0000000000
6072  -9.499  -85.954  7.316 0.0000000000
6073  -10.510  -86.550  7.505 0.0000000000
6081  1.015  -86.641  3.509 0.0000000000
6082  0.379  -87.493  3.998 0.0000000000
6090  1.189  -87.018  2.285 0.0000000000
6091  0.648  -87.892  2.569 0.0000000000
6094  -5.895  -87.858  1.029 0.0000000000
6095  -7.433  -87.023  0.964 0.0000000000
6096  -8.359  -86.499  1.370 0.0000000000
6097  -9.161  -85.974  1.427 0.0000000000
6098  -9.847  -85.583  1.542 0.0000000000
6099  -10.575  -85.399  1.666 0.0000000000
6100  -11.459  -85.229  1.688 0.0000000000
6101  -12.117  -85.577  1.675 0.0000000000
6107  0.813  -87.517  1.038 0.0000000000
6108  0.724  -87.959  1.646 0.0000000000
6109  -3.503  -88.325  -0.006 0.0000000000
6110  -4.404  -88.176  -0.035 0.0000000000
6111  -6.146  -87.848  -0.649 0.0000000000
6112  -7.231  -87.556  -0.215 0.0000000000
6113  -11.641  -84.746  1.579 0.0000000000
6114  -12.108  -84.904  1.569 0.0000000000
6115  -13.015  -84.887  1.365 0.0000000000
6116  -13.788  -84.874  1.079 0.0000000000
6121  0.711  -87.217  -0.141 0.0000000000
6122  -4.099  -88.180  -0.570 0.0000000000
6123  -4.852  -87.925  -1.184 0.0000000000
6124  -6.081  -87.455  -2.142 0.0000000000
6125  -14.108  -84.814  0.727 0.0000000000
6131  -0.040  -87.223  -1.611 0.0000000000
6132  -1.262  -87.293  -2.651 0.0000000000
6133  -2.318  -87.066  -3.186 0.0000000000
6134  -4.921  -87.531  -2.095 0.0000000000
6135  -5.591  -87.081  -2.815 0.0000000000
6146  -2.212  -87.522  -2.839 0.0000000000
6147  -3.087  -87.267  -3.020 0.0000000000
6148  -4.300  -87.224  -2.742 0.0000000000
6149  -5.468  -86.686  -3.170 0.0000000000
6837  -8.356  -85.616  9.428 0.0000000000
6853  -9.319  -85.751  9.007 0.0000000000
6854  -9.872  -85.128  8.572 0.0000000000
6871  -10.532  -85.427  8.198 0.0000000000
6872  -11.249  -86.594  8.135 0.0000000000
6883  -10.321  -84.834  7.954 0.0000000000
6884  -10.994  -86.145  7.975 0.0000000000
6894  -0.934  -84.641  7.088 0.0000000000
6895  -1.705  -84.450  7.977 0.0000000000
6896  -2.778  -84.250  8.427 0.0000000000
6897  -4.057  -84.268  8.581 0.0000000000
6898  -10.300  -85.194  7.745 0.0000000000
6899  -10.730  -85.732  7.845 0.0000000000
6911  -0.302  -85.313  6.157 0.0000000000
6912  -5.344  -84.327  8.404 0.0000000000
6913  -6.614  -84.355  8.022 0.0000000000
6914  -7.785  -84.412  7.495 0.0000000000
6915  -8.845  -84.528  7.299 0.0000000000
6916  -9.689  -84.939  7.392 0.0000000000
6917  -10.141  -85.367  7.524 0.0000000000
6924  1.481  -86.024  3.964 0.0000000000
6925  0.648  -85.534  4.735 0.0000000000
6933  1.820  -85.861  3.451 0.0000000000
6934  1.667  -84.628  4.205 0.0000000000
6935  -8.289  -86.727  0.224 0.0000000000
6936  -8.711  -86.329  0.417 0.0000000000
6937  -9.466  -85.317  0.750 0.0000000000
6938  -9.966  -84.891  1.210 0.0000000000
6939  -10.457  -84.594  1.371 0.0000000000
6940  -10.904  -84.639  1.547 0.0000000000
6946  1.896  -86.138  1.570 0.0000000000
6947  -7.533  -87.578  -1.086 0.0000000000
6948  -8.550  -86.924  -1.008 0.0000000000
6949  -9.732  -85.640  -0.699 0.0000000000
6950  -10.299  -84.727  -0.421 0.0000000000
6951  -10.798  -84.178  1.353 0.0000000000
6952  -11.374  -84.322  1.478 0.0000000000
6953  -12.231  -84.091  1.396 0.0000000000
6954  -13.184  -83.935  1.106 0.0000000000
6955  -13.824  -84.135  0.819 0.0000000000
6960  1.244  -85.896  -0.683 0.0000000000
6961  -7.472  -87.277  -2.042 0.0000000000
6962  -8.525  -86.282  -3.104 0.0000000000
6963  -13.612  -83.501  0.700 0.0000000000
6964  -14.061  -83.907  0.423 0.0000000000
6965  -14.186  -84.003  0.170 0.0000000000
6971  -0.193  -86.280  -2.419 0.0000000000
6972  -1.739  -86.418  -3.185 0.0000000000
6973  -3.461  -86.381  -3.372 0.0000000000
6974  -5.221  -85.940  -3.570 0.0000000000
6975  -6.750  -86.367  -3.489 0.0000000000
6976  -8.200  -85.672  -4.010 0.0000000000
6977  -14.153  -84.071  -0.131 0.0000000000
6986  -3.924  -86.856  -3.205 0.0000000000
6987  -4.714  -86.538  -3.296 0.0000000000
6988  -5.614  -86.368  -3.415 0.0000000000
7736  -7.829  -84.038  9.680 0.0000000000
7737  -8.703  -84.027  9.299 0.0000000000
7752  -9.283  -83.916  8.924 0.0000000000
7753  -9.548  -83.707  8.719 0.0000000000
7769  -9.698  -83.617  8.502 0.0000000000
7783  -9.784  -83.482  8.269 0.0000000000
7792  -0.829  -83.964  7.033 0.0000000000
7793  -1.178  -83.465  7.455 0.0000000000
7794  -2.173  -82.949  8.250 0.0000000000
7795  -3.572  -82.733  8.704 0.0000000000
7796  -4.879  -82.392  8.832 0.0000000000
7797  -9.283  -82.864  7.876 0.0000000000
7798  -9.589  -83.318  7.962 0.0000000000
7810  -0.244  -83.926  6.476 0.0000000000
7811  -0.838  -82.609  6.967 0.0000000000
7812  -4.761  -83.346  8.731 0.0000000000
7813  -5.953  -83.153  8.548 0.0000000000
7814  -7.143  -83.394  8.116 0.0000000000
7815  -8.147  -83.380  7.713 0.0000000000
7816  -9.118  -83.293  7.674 0.0000000000
7817  -9.810  -84.348  7.538 0.0000000000
7822  0.896  -83.576  5.334 0.0000000000
7823  -0.078  -82.846  6.228 0.0000000000
7830  1.571  -84.814  2.864 0.0000000000
7831  1.077  -83.665  3.831 0.0000000000
7832  -10.313  -84.341  0.462 0.0000000000
7833  -10.476  -84.149  1.057 0.0000000000
7834  -10.662  -84.057  1.176 0.0000000000
7841  2.136  -84.268  1.518 0.0000000000
7842  1.365  -83.835  2.763 0.0000000000
7843  -9.667  -85.514  -2.458 0.0000000000
7844  -10.488  -84.690  -1.765 0.0000000000
7845  -10.773  -83.910  -1.097 0.0000000000
7846  -10.781  -83.743  0.206 0.0000000000
7847  -10.740  -83.757  1.187 0.0000000000
7848  -11.366  -83.703  1.291 0.0000000000
7849  -12.259  -83.364  1.148 0.0000000000
7850  -13.102  -83.368  0.931 0.0000000000
7855  1.727  -84.413  -0.428 0.0000000000
7856  -5.496  -84.241  -3.514 0.0000000000
7857  -6.478  -84.186  -4.227 0.0000000000
7858  -9.001  -84.856  -4.120 0.0000000000
7859  -10.240  -84.445  -2.946 0.0000000000
7860  -10.619  -84.265  -2.054 0.0000000000
7861  -12.340  -83.073  0.848 0.0000000000
7862  -13.087  -83.061  0.670 0.0000000000
7863  -13.864  -83.226  0.151 0.0000000000
7864  -14.168  -83.491  0.147 0.0000000000
7870  0.976  -85.024  -2.268 0.0000000000
7871  -0.942  -85.425  -3.049 0.0000000000
7872  -2.501  -85.683  -3.289 0.0000000000
7873  -4.147  -85.156  -3.369 0.0000000000
7874  -6.287  -84.956  -4.016 0.0000000000
7875  -7.778  -84.973  -4.346 0.0000000000
7876  -14.030  -83.088  -0.042 0.0000000000
7877  -14.072  -83.353  -0.064 0.0000000000
7885  -13.903  -83.624  -0.468 0.0000000000
7900  -13.261  -83.965  -1.113 0.0000000000
8675  -7.455  -81.769  10.061 0.0000000000
8689  -7.404  -82.858  9.977 0.0000000000
8690  -8.277  -82.357  9.674 0.0000000000
8691  -8.909  -81.838  9.473 0.0000000000
8706  -8.981  -82.837  9.311 0.0000000000
8707  -9.297  -82.357  9.066 0.0000000000
8721  -9.346  -81.893  8.841 0.0000000000
8738  -9.318  -82.083  8.611 0.0000000000
8748  -1.551  -82.097  7.756 0.0000000000
8749  -2.672  -81.125  8.290 0.0000000000
8750  -4.231  -81.245  8.714 0.0000000000
8751  -5.975  -81.696  8.704 0.0000000000
8752  -7.270  -81.471  8.628 0.0000000000
8753  -8.184  -81.615  8.570 0.0000000000
8754  -8.927  -82.146  8.291 0.0000000000
8755  -9.166  -82.123  8.453 0.0000000000
8768  -1.245  -81.860  7.182 0.0000000000
8769  -1.744  -81.164  7.401 0.0000000000
8770  -6.660  -82.682  8.493 0.0000000000
8771  -7.311  -82.513  8.363 0.0000000000
8772  -8.182  -82.433  8.191 0.0000000000
8773  -8.656  -82.351  8.152 0.0000000000
8780  0.216  -82.677  5.728 0.0000000000
8781  -0.848  -81.836  6.198 0.0000000000
8782  -1.902  -80.584  6.759 0.0000000000
8788  0.488  -82.634  4.870 0.0000000000
8789  -0.601  -81.608  4.593 0.0000000000
8796  1.719  -83.339  1.750 0.0000000000
8797  1.194  -82.583  2.926 0.0000000000
8798  -0.449  -81.173  3.756 0.0000000000
8799  -10.905  -83.576  -1.407 0.0000000000
8800  -10.951  -83.552  -1.055 0.0000000000
8801  -10.635  -83.405  -0.088 0.0000000000
8802  -10.661  -83.501  1.120 0.0000000000
8803  -11.160  -83.469  1.159 0.0000000000
8810  1.993  -83.314  0.929 0.0000000000
8811  1.895  -81.934  1.414 0.0000000000
8812  -5.130  -83.591  -3.001 0.0000000000
8813  -6.307  -83.399  -3.792 0.0000000000
8814  -7.945  -83.670  -4.193 0.0000000000
8815  -9.102  -83.599  -3.479 0.0000000000
8816  -9.736  -83.963  -1.699 0.0000000000
8817  -10.070  -83.218  -1.101 0.0000000000
8818  -10.320  -82.781  -0.674 0.0000000000
8819  -10.547  -83.378  1.100 0.0000000000
8820  -11.388  -83.152  0.928 0.0000000000
8821  -12.408  -82.954  0.461 0.0000000000
8822  -13.317  -82.922  0.188 0.0000000000
8829  2.216  -83.280  -1.392 0.0000000000
8830  -0.393  -84.052  -3.004 0.0000000000
8831  -2.259  -84.836  -3.142 0.0000000000
8832  -3.482  -83.612  -2.689 0.0000000000
8833  -7.285  -84.247  -4.554 0.0000000000
8834  -8.150  -84.417  -4.797 0.0000000000
8835  -13.003  -82.832  -0.024 0.0000000000
8836  -13.662  -83.102  -0.216 0.0000000000
8837  -13.909  -83.310  -0.331 0.0000000000
8844  -8.528  -83.858  -5.306 0.0000000000
8845  -9.008  -83.458  -5.255 0.0000000000
8846  -9.239  -83.467  -5.032 0.0000000000
8847  -13.415  -83.346  -0.616 0.0000000000
8848  -13.426  -83.623  -0.801 0.0000000000
8858  -8.211  -84.148  -5.195 0.0000000000
8859  -8.450  -84.093  -5.248 0.0000000000
8860  -8.877  -83.631  -5.402 0.0000000000
8861  -12.795  -84.001  -2.003 0.0000000000
8870  -7.979  -84.002  -5.244 0.0000000000
8871  -8.214  -83.933  -5.299 0.0000000000
8872  -8.482  -83.871  -5.348 0.0000000000
8873  -12.348  -84.187  -3.534 0.0000000000
8878  -12.411  -84.485  -4.970 0.0000000000
8892  -11.543  -83.407  -6.653 0.0000000000
8893  -11.743  -83.611  -6.503 0.0000000000
8894  -12.194  -84.073  -6.073 0.0000000000
8895  -12.532  -84.219  -6.023 0.0000000000
8903  -11.552  -83.151  -6.981 0.0000000000
8904  -12.031  -83.024  -7.257 0.0000000000
8905  -12.612  -83.493  -7.121 0.0000000000
8906  -13.108  -83.612  -7.140 0.0000000000
8919  -12.711  -82.556  -7.737 0.0000000000
8920  -13.289  -82.598  -7.844 0.0000000000
9712  -6.921  -80.701  10.191 0.0000000000
9713  -7.913  -80.810  9.967 0.0000000000
9726  -8.557  -81.066  9.683 0.0000000000
9727  -8.951  -80.795  9.457 0.0000000000
9744  -9.190  -80.668  9.183 0.0000000000
9755  -9.183  -80.433  9.091 0.0000000000
9772  -9.184  -80.772  8.983 0.0000000000
9787  -2.962  -80.006  8.110 0.0000000000
9788  -3.706  -79.894  8.394 0.0000000000
9789  -4.997  -80.157  8.482 0.0000000000
9790  -6.276  -80.189  8.753 0.0000000000
9791  -7.458  -80.428  8.840 0.0000000000
9792  -8.304  -80.765  8.812 0.0000000000
9793  -8.871  -80.953  8.848 0.0000000000
9805  -2.479  -80.020  7.571 0.0000000000
9806  -3.336  -79.495  7.729 0.0000000000
9814  -1.729  -80.706  5.619 0.0000000000
9815  -2.706  -79.596  6.418 0.0000000000
9816  -3.036  -79.401  7.213 0.0000000000
9823  -1.627  -80.671  4.431 0.0000000000
9824  -2.621  -80.144  4.961 0.0000000000
9831  0.330  -81.193  2.995 0.0000000000
9832  -1.411  -80.406  3.673 0.0000000000
9833  -2.298  -80.305  4.272 0.0000000000
9834  -10.740  -83.120  0.094 0.0000000000
9835  -10.452  -83.532  0.916 0.0000000000
9842  0.872  -80.874  2.443 0.0000000000
9843  -0.264  -80.693  2.983 0.0000000000
9844  -6.939  -82.532  -3.284 0.0000000000
9845  -7.932  -82.423  -3.376 0.0000000000
9846  -8.650  -82.509  -2.588 0.0000000000
9847  -9.375  -82.557  -1.966 0.0000000000
9848  -9.551  -82.112  -1.601 0.0000000000
9849  -10.142  -82.641  -1.016 0.0000000000
9850  -10.823  -82.877  0.076 0.0000000000
9851  -10.831  -83.402  0.190 0.0000000000
9852  -12.125  -83.036  0.070 0.0000000000
9859  -9.207  -82.235  -2.083 0.0000000000
9860  -9.454  -82.764  -2.001 0.0000000000
9861  -10.019  -83.103  -1.483 0.0000000000
9862  -10.908  -83.504  -0.279 0.0000000000
9863  -12.473  -83.123  -0.281 0.0000000000
9864  -13.139  -82.947  -0.340 0.0000000000
9871  -8.448  -83.632  -5.374 0.0000000000
9872  -8.712  -83.230  -5.449 0.0000000000
9873  -9.390  -82.868  -4.371 0.0000000000
9874  -10.010  -83.269  -3.922 0.0000000000
9875  -12.811  -83.202  -0.583 0.0000000000
9876  -13.072  -83.378  -0.754 0.0000000000
9877  -13.132  -83.741  -0.972 0.0000000000
9884  -8.237  -83.751  -5.298 0.0000000000
9885  -8.105  -83.130  -5.371 0.0000000000
9886  -9.503  -83.444  -4.915 0.0000000000
9887  -10.042  -83.732  -4.535 0.0000000000
9888  -10.029  -84.474  -4.057 0.0000000000
9889  -12.797  -83.871  -1.521 0.0000000000
9890  -12.857  -83.945  -1.752 0.0000000000
9900  -7.944  -83.790  -5.296 0.0000000000
9901  -8.004  -83.441  -5.414 0.0000000000
9902  -8.765  -83.429  -5.482 0.0000000000
9903  -9.752  -83.950  -5.200 0.0000000000
9904  -10.615  -84.458  -4.354 0.0000000000
9905  -11.215  -84.516  -4.087 0.0000000000
9906  -12.366  -84.227  -2.735 0.0000000000
9907  -12.395  -83.987  -2.732 0.0000000000
9912  -9.298  -82.971  -5.736 0.0000000000
9913  -10.045  -82.711  -6.008 0.0000000000
9914  -10.642  -83.671  -5.639 0.0000000000
9915  -11.404  -84.375  -4.716 0.0000000000
9916  -12.065  -84.532  -4.146 0.0000000000
9917  -12.225  -84.363  -3.853 0.0000000000
9930  -10.408  -82.015  -6.433 0.0000000000
9931  -10.684  -82.311  -6.900 0.0000000000
9932  -11.322  -83.373  -6.360 0.0000000000
9933  -11.823  -84.259  -5.494 0.0000000000
9934  -12.206  -84.550  -4.911 0.0000000000
9944  -11.633  -82.080  -6.913 0.0000000000
9945  -11.493  -82.196  -7.543 0.0000000000
9946  -12.304  -81.785  -8.054 0.0000000000
9959  -13.208  -81.611  -8.127 0.0000000000
10778  -7.469  -79.446  10.261 0.0000000000
10785  -8.388  -79.699  9.835 0.0000000000
10786  -8.909  -79.321  9.441 0.0000000000
10803  -9.034  -79.387  9.211 0.0000000000
10820  -9.055  -79.610  9.187 0.0000000000
10835  -8.673  -79.394  8.969 0.0000000000
10836  -8.935  -79.733  9.008 0.0000000000
10855  -4.476  -79.341  8.375 0.0000000000
10856  -5.316  -78.789  8.354 0.0000000000
10857  -6.789  -79.076  8.609 0.0000000000
10858  -7.813  -79.510  8.826 0.0000000000
10859  -8.473  -79.898  8.925 0.0000000000
10860  -8.778  -79.984  8.948 0.0000000000
10873  -4.201  -79.029  7.956 0.0000000000
10874  -4.874  -78.536  7.479 0.0000000000
10882  -3.208  -79.029  6.192 0.0000000000
10883  -3.836  -78.822  6.660 0.0000000000
10884  -4.619  -78.204  6.909 0.0000000000
10890  -3.547  -79.407  5.215 0.0000000000
10891  -4.032  -78.982  5.433 0.0000000000
10897  -2.794  -79.424  3.839 0.0000000000
10898  -2.855  -79.859  4.316 0.0000000000
10904  -7.083  -81.829  -2.821 0.0000000000
10905  -6.729  -81.026  -2.085 0.0000000000
10906  -8.623  -81.267  -1.922 0.0000000000
10907  -8.459  -81.057  -2.030 0.0000000000
10913  -8.218  -81.895  -2.755 0.0000000000
10914  -8.484  -82.510  -2.901 0.0000000000
10915  -10.560  -83.340  -1.393 0.0000000000
10916  -11.491  -83.753  -0.777 0.0000000000
10917  -12.419  -83.392  -0.631 0.0000000000
10924  1.828  -80.457  -4.000 0.0000000000
10925  -8.414  -82.219  -4.710 0.0000000000
10926  -8.351  -82.618  -3.884 0.0000000000
10927  -10.051  -84.131  -2.760 0.0000000000
10928  -11.066  -83.730  -2.026 0.0000000000
10929  -12.225  -83.807  -1.188 0.0000000000
10930  -12.674  -83.864  -1.258 0.0000000000
10941  -0.211  -80.306  -5.029 0.0000000000
10942  -0.820  -80.437  -4.827 0.0000000000
10943  -8.029  -82.278  -5.116 0.0000000000
10944  -7.997  -81.613  -4.870 0.0000000000
10945  -10.084  -84.467  -3.579 0.0000000000
10946  -10.541  -84.464  -3.244 0.0000000000
10947  -11.667  -84.150  -2.387 0.0000000000
10948  -12.357  -83.942  -1.954 0.0000000000
10962  -7.992  -82.933  -5.472 0.0000000000
10963  -8.288  -82.241  -5.294 0.0000000000
10964  -11.036  -84.539  -3.774 0.0000000000
10965  -11.537  -84.459  -3.506 0.0000000000
10966  -12.048  -84.196  -2.776 0.0000000000
10970  -8.764  -82.465  -5.766 0.0000000000
10971  -9.447  -81.878  -5.944 0.0000000000
10972  -10.331  -81.113  -5.907 0.0000000000
10973  -11.797  -84.521  -3.922 0.0000000000
10974  -12.010  -84.358  -3.402 0.0000000000
10984  -10.136  -81.793  -6.240 0.0000000000
10985  -10.863  -81.324  -6.513 0.0000000000
10986  -11.521  -80.704  -6.959 0.0000000000
10987  -11.885  -80.282  -7.509 0.0000000000
10997  -11.290  -81.562  -6.817 0.0000000000
10998  -11.845  -81.294  -7.252 0.0000000000
10999  -12.293  -80.662  -7.948 0.0000000000
11000  -13.302  -80.185  -7.808 0.0000000000
11013  -12.890  -80.880  -8.198 0.0000000000
11819  -6.909  -77.987  10.769 0.0000000000
11820  -7.953  -78.248  10.305 0.0000000000
11826  -8.634  -78.362  9.903 0.0000000000
11827  -8.981  -78.174  9.598 0.0000000000
11836  -9.146  -78.289  9.285 0.0000000000
11854  -9.084  -78.611  9.157 0.0000000000
11869  -8.770  -78.587  8.887 0.0000000000
11870  -8.934  -78.873  9.117 0.0000000000
11889  -5.514  -78.037  7.758 0.0000000000
11890  -6.294  -77.568  8.068 0.0000000000
11891  -7.478  -78.198  8.500 0.0000000000
11892  -8.281  -78.841  8.814 0.0000000000
11905  -5.241  -77.971  7.081 0.0000000000
11906  -5.918  -77.676  7.325 0.0000000000
11919  -4.196  -78.534  5.801 0.0000000000
11920  -4.791  -78.079  6.073 0.0000000000
11927  -3.570  -79.484  4.354 0.0000000000
11928  -4.248  -79.030  4.645 0.0000000000
11929  -4.885  -78.273  4.334 0.0000000000
11936  -7.376  -79.100  -2.245 0.0000000000
11937  -7.583  -79.059  -2.180 0.0000000000
11943  2.159  -80.573  -2.578 0.0000000000
11944  -7.458  -79.636  -2.178 0.0000000000
11945  -8.197  -79.681  -1.849 0.0000000000
11946  -8.016  -79.794  -2.052 0.0000000000
11952  1.967  -80.236  -2.981 0.0000000000
11953  -8.026  -80.162  -2.140 0.0000000000
11954  -7.866  -78.899  -2.022 0.0000000000
11960  1.950  -79.668  -3.626 0.0000000000
11961  1.426  -79.800  -4.416 0.0000000000
11962  -1.872  -80.171  -4.362 0.0000000000
11963  -3.348  -79.429  -4.086 0.0000000000
11964  -4.359  -79.005  -3.035 0.0000000000
11965  -7.540  -81.429  -3.127 0.0000000000
11966  -8.111  -79.828  -2.777 0.0000000000
11976  0.368  -79.770  -4.915 0.0000000000
11977  -0.933  -79.771  -4.924 0.0000000000
11978  -2.009  -79.560  -4.610 0.0000000000
11979  -7.786  -81.693  -4.344 0.0000000000
11980  -8.026  -80.957  -4.030 0.0000000000
11996  -8.683  -80.725  -4.727 0.0000000000
11997  -9.532  -79.837  -4.580 0.0000000000
12010  -8.880  -81.618  -5.480 0.0000000000
12011  -9.847  -80.419  -5.237 0.0000000000
12012  -11.100  -79.838  -6.047 0.0000000000
12013  -11.755  -79.079  -6.406 0.0000000000
12020  -11.104  -80.319  -6.914 0.0000000000
12021  -11.773  -79.613  -6.910 0.0000000000
12022  -12.719  -79.476  -7.249 0.0000000000
12023  -13.507  -79.121  -7.243 0.0000000000
12033  -13.222  -79.712  -7.537 0.0000000000
12771  -6.742  -76.616  11.319 0.0000000000
12778  -7.531  -76.749  10.726 0.0000000000
12779  -8.383  -77.324  10.325 0.0000000000
12785  -8.858  -77.497  9.956 0.0000000000
12786  -9.166  -77.494  9.615 0.0000000000
12791  -9.315  -77.449  9.311 0.0000000000
12805  -9.259  -77.696  9.090 0.0000000000
12819  -8.848  -77.915  8.726 0.0000000000
12820  -9.092  -77.909  8.850 0.0000000000
12838  -6.796  -77.059  7.670 0.0000000000
12839  -7.241  -76.823  8.006 0.0000000000
12840  -8.315  -77.609  8.548 0.0000000000
12841  -8.857  -77.594  8.659 0.0000000000
12853  -5.558  -77.410  6.701 0.0000000000
12854  -6.413  -76.933  6.978 0.0000000000
12855  -6.998  -76.798  7.463 0.0000000000
12868  -5.871  -77.310  5.602 0.0000000000
12869  -6.441  -76.699  6.003 0.0000000000
12883  -7.695  -78.277  -1.922 0.0000000000
12884  -8.004  -77.782  -1.666 0.0000000000
12891  2.196  -79.886  -1.421 0.0000000000
12892  -6.741  -79.017  -2.047 0.0000000000
12893  -7.967  -78.801  -1.818 0.0000000000
12894  -8.049  -78.356  -1.718 0.0000000000
12895  -8.144  -77.624  -1.543 0.0000000000
12900  1.974  -79.430  -2.632 0.0000000000
12901  -7.879  -78.551  -1.874 0.0000000000
12902  -8.076  -77.651  -1.771 0.0000000000
12908  1.975  -78.936  -3.236 0.0000000000
12909  1.955  -78.973  -4.043 0.0000000000
12910  -3.505  -78.616  -4.420 0.0000000000
12911  -4.887  -78.172  -3.254 0.0000000000
12912  -6.006  -77.248  -3.088 0.0000000000
12913  -8.267  -78.061  -2.381 0.0000000000
12914  -8.864  -77.252  -2.490 0.0000000000
12924  1.378  -78.914  -4.796 0.0000000000
12925  0.017  -78.813  -5.189 0.0000000000
12926  -2.009  -78.650  -4.774 0.0000000000
12927  -3.549  -78.063  -4.672 0.0000000000
12928  -8.465  -79.182  -3.374 0.0000000000
12929  -8.942  -77.683  -3.090 0.0000000000
12942  -8.679  -79.930  -3.983 0.0000000000
12943  -9.450  -78.564  -4.196 0.0000000000
12944  -10.337  -77.612  -4.557 0.0000000000
12959  -9.916  -79.365  -4.686 0.0000000000
12960  -10.738  -78.493  -5.012 0.0000000000
12961  -12.094  -78.144  -5.989 0.0000000000
12962  -13.498  -77.528  -6.078 0.0000000000
12971  -12.087  -78.856  -6.466 0.0000000000
12972  -12.701  -78.624  -6.554 0.0000000000
13653  -7.674  -75.706  13.568 0.0000000000
13660  -7.179  -75.879  12.405 0.0000000000
13666  -7.517  -75.879  11.281 0.0000000000
13667  -8.018  -75.860  11.253 0.0000000000
13674  -7.685  -76.162  10.805 0.0000000000
13675  -8.112  -76.162  10.570 0.0000000000
13676  -8.703  -76.177  10.301 0.0000000000
13681  -8.633  -76.924  10.217 0.0000000000
13682  -8.904  -76.748  10.039 0.0000000000
13687  -9.281  -76.864  9.600 0.0000000000
13698  -9.378  -76.965  9.187 0.0000000000
13711  -9.271  -77.050  8.854 0.0000000000
13731  -7.585  -76.541  7.722 0.0000000000
13732  -7.969  -76.419  7.990 0.0000000000
13733  -8.804  -76.979  8.554 0.0000000000
13748  -6.783  -76.546  6.239 0.0000000000
13749  -7.370  -76.431  6.989 0.0000000000
13750  -8.021  -76.265  7.368 0.0000000000
13760  -5.550  -77.301  4.327 0.0000000000
13761  -6.724  -76.592  5.126 0.0000000000
13762  -7.366  -76.256  5.899 0.0000000000
13773  -6.137  -76.920  4.395 0.0000000000
13780  0.164  -77.974  1.556 0.0000000000
13781  -7.658  -77.194  -2.154 0.0000000000
13782  -8.142  -76.950  -1.757 0.0000000000
13783  -8.434  -76.712  -1.192 0.0000000000
13784  -8.809  -75.918  -1.354 0.0000000000
13792  1.507  -78.979  -1.594 0.0000000000
13793  -6.674  -77.227  -2.627 0.0000000000
13794  -8.279  -77.299  -1.409 0.0000000000
13795  -8.602  -76.359  -1.442 0.0000000000
13796  -9.317  -75.662  -1.468 0.0000000000
13802  1.914  -78.689  -2.573 0.0000000000
13803  1.133  -78.100  -1.321 0.0000000000
13804  -8.507  -76.786  -1.731 0.0000000000
13805  -9.234  -76.046  -1.622 0.0000000000
13810  1.977  -78.607  -3.038 0.0000000000
13811  1.804  -78.193  -3.138 0.0000000000
13812  1.148  -78.013  -3.899 0.0000000000
13813  -4.289  -77.188  -4.167 0.0000000000
13814  -5.763  -76.875  -3.515 0.0000000000
13815  -8.295  -77.287  -1.946 0.0000000000
13816  -8.955  -76.785  -2.042 0.0000000000
13827  1.748  -78.414  -4.304 0.0000000000
13828  1.338  -77.869  -4.948 0.0000000000
13829  -0.374  -77.619  -5.423 0.0000000000
13830  -2.500  -77.267  -5.108 0.0000000000
13831  -9.448  -76.545  -2.567 0.0000000000
13848  -9.739  -76.659  -3.459 0.0000000000
13849  -10.468  -76.565  -4.182 0.0000000000
13850  -11.377  -75.983  -4.600 0.0000000000
13872  -10.915  -77.013  -4.751 0.0000000000
13873  -11.986  -76.741  -5.104 0.0000000000
13874  -13.195  -76.694  -5.467 0.0000000000
14707  -7.584  -75.473  14.189 0.0000000000
14715  -7.993  -75.321  13.259 0.0000000000
14716  -8.135  -75.174  12.697 0.0000000000
14723  -7.707  -75.365  12.208 0.0000000000
14724  -7.963  -75.448  11.862 0.0000000000
14729  -8.172  -75.652  11.128 0.0000000000
14730  -8.374  -75.739  10.438 0.0000000000
14735  -8.988  -76.205  10.009 0.0000000000
14742  -9.352  -76.390  9.487 0.0000000000
14757  -9.349  -76.386  8.978 0.0000000000
14773  -9.105  -76.428  8.563 0.0000000000
14795  -8.281  -76.087  7.703 0.0000000000
14796  -8.591  -76.253  8.266 0.0000000000
14816  -7.747  -76.171  6.281 0.0000000000
14817  -7.995  -76.173  7.050 0.0000000000
14826  -6.807  -76.041  4.867 0.0000000000
14827  -7.334  -76.131  5.445 0.0000000000
14840  -2.331  -77.484  3.774 0.0000000000
14841  -3.892  -77.185  3.794 0.0000000000
14842  -5.632  -76.723  4.299 0.0000000000
14853  0.143  -77.617  1.467 0.0000000000
14854  0.285  -77.580  2.196 0.0000000000
14855  0.271  -77.727  3.068 0.0000000000
14856  -7.949  -76.201  -1.767 0.0000000000
14857  -8.231  -76.134  -1.574 0.0000000000
14858  -8.700  -75.860  -1.435 0.0000000000
14859  -9.038  -75.485  -1.307 0.0000000000
14867  0.382  -77.635  0.512 0.0000000000
14868  -7.103  -76.333  -2.435 0.0000000000
14869  -7.601  -76.106  -2.000 0.0000000000
14870  -9.251  -75.312  -1.347 0.0000000000
14871  -9.500  -75.191  -1.402 0.0000000000
14878  0.673  -77.113  -0.580 0.0000000000
14879  1.152  -76.533  -1.247 0.0000000000
14880  -5.989  -76.257  -3.453 0.0000000000
14881  -6.718  -76.194  -3.081 0.0000000000
14882  -9.780  -75.126  -1.530 0.0000000000
14886  1.686  -77.266  -1.891 0.0000000000
14887  1.537  -76.868  -3.135 0.0000000000
14888  -3.698  -76.521  -4.384 0.0000000000
14889  -5.303  -76.188  -3.870 0.0000000000
14890  -9.883  -75.531  -1.937 0.0000000000
14900  1.360  -76.569  -5.264 0.0000000000
14901  -0.680  -76.380  -5.636 0.0000000000
14902  -2.570  -76.044  -5.076 0.0000000000
14903  -10.302  -75.433  -2.661 0.0000000000
14904  -10.943  -74.854  -3.024 0.0000000000
14920  -10.450  -75.583  -3.556 0.0000000000
14921  -11.358  -74.843  -3.858 0.0000000000
14922  -12.600  -75.158  -4.559 0.0000000000
14923  -13.496  -74.685  -4.566 0.0000000000
14937  -12.939  -75.931  -5.115 0.0000000000
14938  -13.938  -75.400  -4.954 0.0000000000
15732  -7.111  -75.166  14.742 0.0000000000
15733  -7.775  -74.978  13.860 0.0000000000
15755  -8.077  -74.983  13.187 0.0000000000
15756  -8.132  -74.991  12.552 0.0000000000
15773  -8.128  -75.303  11.742 0.0000000000
15785  -8.335  -75.531  10.966 0.0000000000
15786  -8.519  -75.720  10.299 0.0000000000
15795  -9.085  -76.011  9.858 0.0000000000
15807  -9.360  -76.048  9.382 0.0000000000
15823  -9.359  -75.955  8.947 0.0000000000
15840  -9.205  -76.071  8.589 0.0000000000
15860  -8.418  -76.003  7.889 0.0000000000
15861  -8.825  -76.069  8.207 0.0000000000
15884  -7.744  -76.204  6.513 0.0000000000
15885  -8.002  -76.089  7.298 0.0000000000
15894  -6.190  -75.680  4.596 0.0000000000
15895  -6.811  -75.809  4.970 0.0000000000
15896  -7.485  -76.119  5.653 0.0000000000
15905  0.422  -77.085  3.606 0.0000000000
15906  -0.333  -77.403  4.159 0.0000000000
15907  -1.911  -77.434  4.316 0.0000000000
15908  -3.544  -76.891  4.114 0.0000000000
15909  -5.322  -76.120  4.340 0.0000000000
15910  -6.304  -75.873  4.466 0.0000000000
15922  0.198  -77.312  1.509 0.0000000000
15923  0.314  -76.860  2.491 0.0000000000
15924  0.213  -77.549  3.564 0.0000000000
15925  -0.998  -77.640  3.889 0.0000000000
15926  -2.237  -77.344  3.971 0.0000000000
15927  -8.194  -75.540  -1.531 0.0000000000
15928  -8.705  -75.182  -1.323 0.0000000000
15929  -9.194  -74.791  -1.302 0.0000000000
15930  -9.545  -74.399  -1.345 0.0000000000
15931  -9.914  -73.912  -1.427 0.0000000000
15939  0.114  -76.863  0.718 0.0000000000
15940  -0.143  -75.846  0.713 0.0000000000
15941  -7.442  -75.540  -2.258 0.0000000000
15942  -8.037  -75.040  -1.629 0.0000000000
15943  -9.692  -74.582  -1.370 0.0000000000
15944  -10.052  -74.146  -1.451 0.0000000000
15950  0.374  -76.353  -0.234 0.0000000000
15951  0.787  -75.520  -0.871 0.0000000000
15952  1.385  -74.561  -1.077 0.0000000000
15953  -6.152  -75.736  -3.510 0.0000000000
15954  -7.123  -75.091  -3.154 0.0000000000
15955  -10.398  -74.195  -1.652 0.0000000000
15956  -10.792  -73.729  -1.829 0.0000000000
15960  1.711  -75.141  -3.000 0.0000000000
15961  1.585  -74.333  -1.644 0.0000000000
15962  -4.104  -75.708  -4.374 0.0000000000
15963  -5.505  -74.985  -4.023 0.0000000000
15964  -6.913  -74.357  -3.343 0.0000000000
15965  -10.621  -74.525  -2.050 0.0000000000
15966  -11.072  -73.728  -2.173 0.0000000000
15973  1.142  -75.291  -5.645 0.0000000000
15974  -1.190  -75.260  -5.703 0.0000000000
15975  -3.390  -74.998  -4.930 0.0000000000
15976  -4.480  -74.570  -4.560 0.0000000000
15977  -10.926  -74.493  -2.485 0.0000000000
15978  -11.400  -73.888  -2.823 0.0000000000
15991  -11.899  -73.465  -3.378 0.0000000000
15992  -12.391  -73.862  -3.939 0.0000000000
15993  -13.219  -74.012  -4.283 0.0000000000
16005  -14.043  -74.200  -4.507 0.0000000000
16006  -14.919  -74.428  -4.833 0.0000000000
16847  -7.402  -74.832  14.219 0.0000000000
16873  -7.892  -74.788  13.313 0.0000000000
16874  -8.061  -74.975  12.322 0.0000000000
16900  -8.160  -75.332  11.514 0.0000000000
16921  -8.276  -75.630  10.770 0.0000000000
16922  -8.705  -75.621  10.130 0.0000000000
16933  -9.058  -75.914  9.816 0.0000000000
16948  -9.226  -75.855  9.290 0.0000000000
16963  -9.244  -75.758  8.956 0.0000000000
16979  -9.248  -75.888  8.688 0.0000000000
16997  -6.364  -77.409  9.382 0.0000000000
16998  -7.147  -76.949  10.464 0.0000000000
16999  -8.339  -75.908  7.714 0.0000000000
17000  -8.573  -75.899  8.041 0.0000000000
17001  -8.936  -75.976  8.304 0.0000000000
17025  -3.909  -78.726  7.339 0.0000000000
17026  -5.979  -77.424  7.369 0.0000000000
17027  -7.053  -76.395  6.797 0.0000000000
17028  -7.885  -76.043  7.123 0.0000000000
17029  -8.245  -75.878  7.505 0.0000000000
17044  -2.530  -78.074  5.817 0.0000000000
17045  -4.539  -76.993  5.650 0.0000000000
17046  -6.146  -75.875  5.415 0.0000000000
17047  -7.270  -76.148  5.980 0.0000000000
17048  -7.640  -76.202  6.267 0.0000000000
17058  -1.180  -77.428  4.814 0.0000000000
17059  -3.135  -76.882  4.727 0.0000000000
17060  -4.874  -76.156  4.587 0.0000000000
17061  -5.765  -75.696  4.551 0.0000000000
17072  0.366  -74.858  2.109 0.0000000000
17074  -8.576  -74.743  -1.360 0.0000000000
17075  -9.216  -74.105  -1.315 0.0000000000
17076  -9.764  -73.813  -1.383 0.0000000000
17077  -10.075  -73.436  -1.402 0.0000000000
17078  -10.257  -73.183  -1.417 0.0000000000
17089  -0.411  -74.395  0.329 0.0000000000
17091  -7.899  -74.547  -2.017 0.0000000000
17092  -8.688  -73.950  -1.423 0.0000000000
17093  -9.178  -73.778  -1.307 0.0000000000
17094  -10.575  -72.897  -1.549 0.0000000000
17095  -10.876  -72.340  -1.676 0.0000000000
17102  0.127  -74.496  -0.382 0.0000000000
17103  -0.026  -73.786  -0.640 0.0000000000
17104  -7.682  -73.894  -2.451 0.0000000000
17105  -8.171  -73.878  -1.775 0.0000000000
17106  -10.683  -73.385  -1.696 0.0000000000
17107  -11.001  -72.840  -1.862 0.0000000000
17112  1.777  -73.932  -3.805 0.0000000000
17113  1.606  -74.007  -2.136 0.0000000000
17114  -6.384  -73.907  -3.684 0.0000000000
17115  -7.239  -73.878  -3.232 0.0000000000
17116  -11.365  -72.883  -2.387 0.0000000000
17121  0.343  -74.178  -5.940 0.0000000000
17122  -1.965  -74.352  -5.569 0.0000000000
17123  -3.829  -74.102  -4.987 0.0000000000
17124  -5.132  -74.207  -4.314 0.0000000000
17125  -11.706  -72.838  -2.879 0.0000000000
17134  -0.172  -73.645  -6.133 0.0000000000
17135  -1.190  -73.760  -5.974 0.0000000000
17136  -2.572  -73.759  -5.549 0.0000000000
17137  -12.029  -72.672  -3.204 0.0000000000
17138  -12.346  -72.847  -3.608 0.0000000000
17139  -12.942  -73.014  -4.004 0.0000000000
17151  -13.716  -73.181  -4.341 0.0000000000
17152  -14.581  -73.371  -4.614 0.0000000000
18071  -6.548  -74.807  13.892 0.0000000000
18072  -7.273  -74.725  13.886 0.0000000000
18095  -6.752  -75.882  12.473 0.0000000000
18096  -7.600  -74.873  12.620 0.0000000000
18097  -8.015  -75.204  12.020 0.0000000000
18121  -7.046  -76.337  11.284 0.0000000000
18122  -7.429  -75.943  11.286 0.0000000000
18123  -7.927  -75.383  11.411 0.0000000000
18151  -7.616  -75.876  11.132 0.0000000000
18152  -8.044  -75.857  10.718 0.0000000000
18153  -8.587  -75.857  10.123 0.0000000000
18172  -7.772  -75.931  10.886 0.0000000000
18173  -8.300  -75.887  10.359 0.0000000000
18174  -8.798  -75.890  9.983 0.0000000000
18188  -7.955  -75.966  10.739 0.0000000000
18189  -8.591  -75.942  10.181 0.0000000000
18190  -8.954  -75.787  9.635 0.0000000000
18204  -7.374  -76.063  11.076 0.0000000000
18205  -8.232  -76.046  10.390 0.0000000000
18206  -8.694  -75.809  9.608 0.0000000000
18207  -9.054  -75.722  9.168 0.0000000000
18221  -7.760  -76.410  10.533 0.0000000000
18222  -8.251  -75.906  9.426 0.0000000000
18223  -8.771  -75.732  8.924 0.0000000000
18224  -9.097  -75.708  8.762 0.0000000000
18239  -7.003  -76.986  8.098 0.0000000000
18240  -7.574  -76.383  8.948 0.0000000000
18241  -8.312  -75.890  8.289 0.0000000000
18242  -8.850  -75.799  8.459 0.0000000000
18243  -9.081  -75.811  8.542 0.0000000000
18259  -6.958  -76.805  7.473 0.0000000000
18260  -7.682  -76.436  7.559 0.0000000000
18261  -7.911  -76.048  7.937 0.0000000000
18297  -9.871  -73.381  -1.312 0.0000000000
18298  -10.431  -72.864  -1.343 0.0000000000
18299  -10.536  -72.636  -1.337 0.0000000000
18300  -10.629  -72.337  -1.340 0.0000000000
18311  -9.210  -73.144  -1.449 0.0000000000
18312  -9.550  -73.314  -1.337 0.0000000000
18313  -10.167  -72.832  -1.304 0.0000000000
18314  -10.736  -72.113  -1.420 0.0000000000
18315  -10.907  -71.899  -1.565 0.0000000000
18325  -8.260  -73.096  -2.425 0.0000000000
18326  -8.593  -73.261  -1.764 0.0000000000
18327  -11.093  -71.839  -1.835 0.0000000000
18335  -6.693  -73.135  -3.619 0.0000000000
18336  -7.532  -73.288  -3.150 0.0000000000
18337  -11.349  -72.032  -2.165 0.0000000000
18342  -3.644  -73.303  -5.113 0.0000000000
18343  -5.297  -73.383  -4.259 0.0000000000
18344  -11.688  -72.154  -2.541 0.0000000000
18351  -0.685  -73.225  -6.149 0.0000000000
18352  -2.170  -73.261  -5.833 0.0000000000
18353  -11.975  -72.200  -2.901 0.0000000000
18354  -12.266  -72.170  -3.224 0.0000000000
18355  -12.679  -72.151  -3.658 0.0000000000
18366  -13.321  -72.233  -4.127 0.0000000000
18367  -14.126  -72.388  -4.482 0.0000000000
18368  -14.988  -72.548  -4.802 0.0000000000
19222  -7.254  -76.588  10.889 0.0000000000
19223  -7.386  -76.465  10.878 0.0000000000
19250  -7.319  -76.282  11.015 0.0000000000
19251  -7.454  -76.126  11.059 0.0000000000
19390  -10.678  -72.397  -1.250 0.0000000000
19391  -10.843  -72.209  -1.167 0.0000000000
19392  -10.810  -71.898  -1.247 0.0000000000
19401  -9.620  -72.838  -1.414 0.0000000000
19402  -10.051  -72.480  -1.369 0.0000000000
19403  -10.671  -72.107  -1.311 0.0000000000
19404  -10.823  -71.749  -1.215 0.0000000000
19405  -11.034  -71.482  -1.380 0.0000000000
19406  -11.257  -70.906  -1.779 0.0000000000
19407  -11.448  -70.243  -1.979 0.0000000000
19418  -8.786  -72.630  -2.040 0.0000000000
19419  -9.498  -72.406  -1.610 0.0000000000
19420  -10.092  -72.055  -1.454 0.0000000000
19421  -11.378  -71.197  -2.099 0.0000000000
19422  -11.453  -70.437  -2.136 0.0000000000
19433  -7.467  -72.664  -3.395 0.0000000000
19434  -8.422  -72.389  -2.837 0.0000000000
19435  -9.100  -72.075  -2.043 0.0000000000
19436  -11.617  -71.433  -2.442 0.0000000000
19437  -11.588  -70.707  -2.450 0.0000000000
19443  -4.812  -72.533  -4.649 0.0000000000
19444  -6.519  -72.378  -3.772 0.0000000000
19445  -7.738  -72.084  -3.295 0.0000000000
19446  -11.937  -71.659  -2.775 0.0000000000
19447  -11.834  -71.014  -2.802 0.0000000000
19457  -1.595  -72.685  -6.078 0.0000000000
19458  -3.157  -72.615  -5.329 0.0000000000
19459  -12.125  -71.842  -2.996 0.0000000000
19460  -12.257  -71.416  -3.225 0.0000000000
19461  -12.868  -71.377  -3.817 0.0000000000
19470  -13.574  -71.450  -4.358 0.0000000000
19471  -14.422  -71.630  -4.761 0.0000000000
20442  -10.907  -71.519  -1.204 0.0000000000
20443  -11.016  -71.309  -1.186 0.0000000000
20452  -10.504  -71.822  -1.462 0.0000000000
20453  -10.920  -71.287  -1.484 0.0000000000
20454  -11.131  -71.238  -1.363 0.0000000000
20455  -11.272  -70.925  -1.368 0.0000000000
20456  -11.405  -70.454  -1.645 0.0000000000
20457  -11.570  -69.977  -1.935 0.0000000000
20466  -9.577  -71.693  -1.823 0.0000000000
20467  -10.197  -71.529  -1.617 0.0000000000
20468  -10.673  -71.369  -1.562 0.0000000000
20469  -11.600  -69.790  -2.203 0.0000000000
20479  -8.473  -71.720  -3.156 0.0000000000
20480  -9.166  -71.365  -2.334 0.0000000000
20481  -9.870  -71.166  -1.870 0.0000000000
20482  -11.643  -70.003  -2.503 0.0000000000
20490  -4.244  -71.984  -5.027 0.0000000000
20491  -5.869  -71.580  -4.361 0.0000000000
20492  -7.643  -71.430  -3.597 0.0000000000
20493  -8.674  -71.101  -2.978 0.0000000000
20494  -11.808  -70.344  -2.819 0.0000000000
20506  -2.786  -71.997  -5.797 0.0000000000
20507  -4.624  -71.356  -5.192 0.0000000000
20508  -12.055  -70.681  -3.090 0.0000000000
20509  -12.434  -70.610  -3.476 0.0000000000
20519  -12.986  -70.541  -4.082 0.0000000000
20520  -13.849  -70.620  -4.696 0.0000000000
20521  -14.669  -71.053  -5.081 0.0000000000
21420  -11.064  -70.948  -1.590 0.0000000000
21421  -11.251  -70.719  -1.607 0.0000000000
21422  -11.467  -70.382  -1.526 0.0000000000
21423  -11.720  -70.036  -1.664 0.0000000000
21424  -11.827  -69.572  -1.883 0.0000000000
21436  -10.278  -70.959  -1.800 0.0000000000
21437  -10.843  -70.772  -1.729 0.0000000000
21438  -11.387  -70.253  -1.839 0.0000000000
21439  -12.028  -69.075  -2.266 0.0000000000
21440  -12.448  -68.352  -2.555 0.0000000000
21450  -9.235  -70.691  -2.678 0.0000000000
21451  -10.100  -70.394  -2.202 0.0000000000
21452  -10.831  -70.173  -1.996 0.0000000000
21453  -11.857  -69.310  -2.577 0.0000000000
21454  -12.238  -68.670  -2.719 0.0000000000
21463  -5.942  -70.798  -4.522 0.0000000000
21464  -7.147  -70.759  -4.002 0.0000000000
21465  -8.645  -70.417  -3.441 0.0000000000
21466  -9.482  -70.250  -2.762 0.0000000000
21467  -11.927  -69.690  -2.918 0.0000000000
21468  -12.087  -68.977  -3.025 0.0000000000
21480  -3.300  -71.260  -5.930 0.0000000000
21481  -5.099  -70.318  -4.736 0.0000000000
21482  -6.618  -70.078  -4.046 0.0000000000
21483  -7.715  -70.241  -3.870 0.0000000000
21484  -12.098  -70.160  -3.153 0.0000000000
21485  -12.483  -69.633  -3.486 0.0000000000
21502  -13.140  -69.661  -4.267 0.0000000000
21503  -13.848  -69.684  -4.904 0.0000000000
22358  -11.606  -70.007  -1.791 0.0000000000
22359  -11.949  -69.481  -1.739 0.0000000000
22360  -12.095  -69.243  -1.840 0.0000000000
22361  -12.263  -68.821  -2.076 0.0000000000
22374  -11.282  -70.025  -2.016 0.0000000000
22375  -11.711  -69.612  -2.104 0.0000000000
22376  -11.836  -69.499  -1.932 0.0000000000
22377  -12.549  -68.300  -2.346 0.0000000000
22378  -12.877  -67.771  -2.686 0.0000000000
22379  -13.076  -67.346  -2.826 0.0000000000
22390  -10.431  -69.764  -2.501 0.0000000000
22391  -11.009  -69.596  -2.341 0.0000000000
22392  -11.528  -69.625  -2.265 0.0000000000
22393  -12.681  -68.101  -2.887 0.0000000000
22394  -12.972  -67.491  -2.994 0.0000000000
22402  -9.013  -69.780  -3.423 0.0000000000
22403  -9.838  -69.592  -2.953 0.0000000000
22404  -10.612  -69.487  -2.668 0.0000000000
22405  -12.392  -68.348  -3.132 0.0000000000
22406  -12.866  -67.806  -3.318 0.0000000000
22416  -3.420  -70.774  -6.035 0.0000000000
22417  -4.341  -70.092  -5.230 0.0000000000
22418  -6.246  -69.582  -4.577 0.0000000000
22419  -8.170  -69.736  -3.901 0.0000000000
22420  -9.226  -69.499  -3.496 0.0000000000
22421  -12.439  -68.753  -3.351 0.0000000000
22422  -12.585  -68.212  -3.657 0.0000000000
22437  -3.671  -70.279  -6.055 0.0000000000
22438  -4.918  -69.546  -5.316 0.0000000000
22439  -12.813  -68.955  -3.778 0.0000000000
22440  -13.191  -68.670  -4.419 0.0000000000
23326  -12.171  -68.956  -2.059 0.0000000000
23327  -12.249  -68.864  -1.945 0.0000000000
23328  -12.374  -68.654  -1.924 0.0000000000
23339  -11.848  -69.262  -2.345 0.0000000000
23340  -12.054  -69.001  -2.282 0.0000000000
23341  -12.437  -68.458  -2.319 0.0000000000
23342  -12.652  -68.092  -2.295 0.0000000000
23343  -13.025  -67.641  -2.530 0.0000000000
23344  -13.280  -67.249  -2.759 0.0000000000
23356  -11.357  -69.243  -2.609 0.0000000000
23357  -11.817  -69.137  -2.632 0.0000000000
23358  -12.332  -68.498  -2.797 0.0000000000
23359  -13.354  -67.118  -3.092 0.0000000000
23366  -10.190  -69.118  -3.181 0.0000000000
23367  -10.976  -68.967  -2.987 0.0000000000
23368  -12.036  -68.579  -3.212 0.0000000000
23369  -13.220  -67.110  -3.475 0.0000000000
23378  -6.866  -69.179  -4.709 0.0000000000
23379  -7.834  -69.308  -4.584 0.0000000000
23380  -9.733  -68.973  -3.823 0.0000000000
23381  -11.045  -68.294  -3.680 0.0000000000
23382  -12.980  -67.472  -4.020 0.0000000000
23393  -4.238  -69.571  -6.317 0.0000000000
23394  -6.770  -69.062  -5.660 0.0000000000
23395  -8.859  -68.878  -5.024 0.0000000000
23396  -9.999  -68.329  -4.639 0.0000000000
23412  -5.287  -69.328  -7.172 0.0000000000
23413  -6.297  -68.645  -6.717 0.0000000000
24351  -12.536  -68.177  -2.695 0.0000000000
24352  -12.905  -67.670  -2.664 0.0000000000
24353  -13.195  -67.425  -2.570 0.0000000000
24354  -13.457  -67.086  -2.687 0.0000000000
24355  -13.688  -66.835  -3.014 0.0000000000
24367  -12.388  -68.329  -3.180 0.0000000000
24368  -12.799  -67.865  -3.193 0.0000000000
24369  -12.828  -67.718  -2.941 0.0000000000
24383  -11.941  -68.245  -3.607 0.0000000000
24384  -12.594  -68.050  -3.701 0.0000000000
24385  -12.754  -67.949  -3.491 0.0000000000
24401  -10.795  -68.024  -4.255 0.0000000000
24402  -11.890  -67.805  -4.232 0.0000000000
24403  -12.557  -67.859  -4.085 0.0000000000
24417  -8.491  -68.327  -5.710 0.0000000000
24418  -9.704  -68.246  -5.489 0.0000000000
24419  -10.715  -67.685  -5.036 0.0000000000
24420  -11.453  -67.525  -4.652 0.0000000000
24435  -5.824  -68.506  -7.791 0.0000000000
24436  -7.520  -68.164  -6.874 0.0000000000
24437  -9.310  -67.680  -6.375 0.0000000000
24438  -10.358  -67.791  -5.910 0.0000000000
24450  -6.989  -67.956  -8.645 0.0000000000
24451  -8.488  -67.233  -7.627 0.0000000000
25463  -13.079  -67.295  -2.850 0.0000000000
25464  -13.293  -67.164  -2.820 0.0000000000
25465  -13.504  -66.883  -2.818 0.0000000000
25466  -13.745  -66.629  -2.853 0.0000000000
25477  -12.968  -67.457  -3.383 0.0000000000
25478  -13.126  -67.183  -3.175 0.0000000000
25479  -13.635  -66.843  -3.048 0.0000000000
25480  -13.858  -66.466  -3.066 0.0000000000
25494  -12.897  -67.662  -4.190 0.0000000000
25495  -12.872  -67.269  -3.765 0.0000000000
25496  -13.141  -66.984  -3.555 0.0000000000
25509  -12.080  -67.366  -4.737 0.0000000000
25510  -12.715  -67.297  -4.552 0.0000000000
25511  -13.042  -67.343  -4.349 0.0000000000
25526  -10.882  -67.128  -5.590 0.0000000000
25527  -11.640  -67.059  -5.192 0.0000000000
25528  -12.284  -67.094  -4.942 0.0000000000
25540  -9.655  -67.105  -7.289 0.0000000000
25541  -10.554  -66.907  -6.482 0.0000000000
25542  -11.219  -66.651  -5.696 0.0000000000
25550  -8.246  -67.061  -8.961 0.0000000000
25551  -9.527  -66.831  -8.403 0.0000000000
25552  -10.201  -66.680  -7.567 0.0000000000
26614  -13.545  -66.712  -3.234 0.0000000000
26615  -13.789  -66.342  -3.273 0.0000000000
26630  -12.934  -66.661  -3.997 0.0000000000
26631  -13.283  -66.391  -3.681 0.0000000000
26649  -12.859  -66.861  -4.676 0.0000000000
26650  -13.185  -66.678  -4.512 0.0000000000
26651  -13.648  -65.996  -4.291 0.0000000000
26665  -11.663  -66.507  -5.482 0.0000000000
26666  -12.311  -66.419  -5.132 0.0000000000
26667  -12.844  -65.818  -4.918 0.0000000000
26676  -10.821  -66.169  -7.462 0.0000000000
26677  -11.469  -66.156  -6.064 0.0000000000
26678  -11.913  -65.972  -5.640 0.0000000000
121613  2.148  -81.811  -0.053 0.0000000000
121614  0.962  -82.808  -3.106 0.0000000000
121615  1.909  -80.656  1.365 0.0000000000
121616  1.980  -81.441  -1.498 0.0000000000
121617  -1.702  -82.757  -3.147 0.0000000000
121618  1.647  -82.109  -3.326 0.0000000000
121619  -0.024  -81.863  -3.717 0.0000000000
121620  -0.431  -80.100  2.919 0.0000000000
121621  2.051  -79.848  0.547 0.0000000000
121622  0.075  -79.385  2.328 0.0000000000
121623  2.107  -80.811  -2.268 0.0000000000
121624  1.823  -81.178  -3.335 0.0000000000
121625  -3.230  -82.698  -2.404 0.0000000000
121626  -1.039  -81.271  -4.077 0.0000000000
121627  -3.355  -82.234  -2.298 0.0000000000
121628  -1.340  -80.852  -4.357 0.0000000000
121629  0.289  -80.823  -4.551 0.0000000000
121630  -1.553  -79.275  3.202 0.0000000000
121631  1.898  -79.262  0.268 0.0000000000
121632  0.756  -79.025  1.449 0.0000000000
121633  -0.583  -78.730  2.733 0.0000000000
121634  -4.080  -82.528  -2.093 0.0000000000
121635  -4.260  -82.077  -1.990 0.0000000000
121636  -3.221  -81.060  -2.823 0.0000000000
121637  1.029  -78.537  0.229 0.0000000000
121638  -0.016  -78.404  2.266 0.0000000000
121639  -1.284  -78.339  3.270 0.0000000000
121640  -4.943  -82.879  -2.255 0.0000000000
121641  -4.892  -82.326  -1.796 0.0000000000
121642  -4.357  -79.565  -2.899 0.0000000000
121643  0.066  -77.919  2.568 0.0000000000
121644  -3.951  -78.779  4.017 0.0000000000
121645  -0.758  -77.964  3.356 0.0000000000
121646  -5.539  -82.420  -2.380 0.0000000000
121647  -5.086  -82.444  -2.009 0.0000000000
121648  -5.568  -79.285  -2.401 0.0000000000
121649  -4.755  -78.950  -2.681 0.0000000000
121650  -6.664  -78.201  -2.191 0.0000000000
121651  -2.371  -77.870  3.437 0.0000000000
121652  -5.921  -78.170  -2.387 0.0000000000
121653  -0.193  -77.727  3.531 0.0000000000
121654  -5.539  -81.917  -1.925 0.0000000000
121655  -3.121  -78.341  3.573 0.0000000000
121656  -7.362  -78.607  -2.236 0.0000000000
121657  -6.575  -79.681  -1.883 0.0000000000
121658  -6.501  -76.861  -3.057 0.0000000000
121659  -6.829  -76.659  -2.751 0.0000000000
