#!ascii label  , from subject Yale_0050568 vox2ras=TkReg
1611
316  -3.271  -104.219  10.581 0.0000000000
317  -3.682  -104.389  10.741 0.0000000000
327  -2.050  -102.881  10.149 0.0000000000
328  -2.304  -103.373  10.112 0.0000000000
329  -2.966  -103.935  10.061 0.0000000000
330  -4.069  -104.345  10.110 0.0000000000
337  -1.953  -102.859  9.810 0.0000000000
338  -2.354  -103.355  9.455 0.0000000000
339  -3.344  -103.911  9.327 0.0000000000
340  -4.425  -104.229  9.028 0.0000000000
341  -5.107  -104.234  8.842 0.0000000000
348  -2.236  -103.197  9.084 0.0000000000
349  -2.596  -103.404  8.860 0.0000000000
350  -3.633  -103.766  8.335 0.0000000000
351  -4.943  -104.096  8.013 0.0000000000
356  -4.177  -103.759  7.567 0.0000000000
357  -4.658  -103.817  7.259 0.0000000000
470  -1.380  -102.374  10.693 0.0000000000
471  -2.161  -102.977  11.033 0.0000000000
472  -3.102  -104.160  11.083 0.0000000000
473  -4.263  -104.489  10.919 0.0000000000
481  -1.516  -102.565  10.160 0.0000000000
482  -2.100  -102.932  10.470 0.0000000000
483  -2.609  -103.778  10.600 0.0000000000
496  -1.286  -102.334  9.533 0.0000000000
497  -1.870  -102.821  9.425 0.0000000000
498  -5.176  -104.242  9.508 0.0000000000
499  -5.729  -103.983  8.805 0.0000000000
506  -1.292  -102.288  9.129 0.0000000000
507  -1.762  -102.783  8.915 0.0000000000
508  -2.391  -103.141  8.043 0.0000000000
509  -3.302  -103.450  7.497 0.0000000000
510  -5.981  -103.780  7.922 0.0000000000
513  -3.942  -103.400  6.861 0.0000000000
514  -5.225  -103.533  6.724 0.0000000000
522  -4.217  -103.200  6.272 0.0000000000
523  -4.588  -103.124  6.012 0.0000000000
609  -0.294  -100.377  16.559 0.0000000000
642  -0.422  -100.705  12.506 0.0000000000
643  -1.432  -101.868  12.748 0.0000000000
654  -0.109  -100.596  10.809 0.0000000000
655  -0.807  -101.502  11.506 0.0000000000
656  -2.301  -103.381  11.723 0.0000000000
671  -0.208  -100.670  10.356 0.0000000000
672  -0.741  -101.545  10.306 0.0000000000
683  -0.317  -100.750  10.038 0.0000000000
684  -0.773  -101.299  9.474 0.0000000000
685  -1.175  -100.849  8.827 0.0000000000
686  -1.335  -100.753  8.403 0.0000000000
689  -1.122  -101.980  9.248 0.0000000000
690  -1.199  -101.888  8.915 0.0000000000
691  -1.426  -101.809  8.067 0.0000000000
692  -2.279  -102.838  6.837 0.0000000000
693  -6.618  -103.112  7.419 0.0000000000
701  -3.341  -102.857  6.291 0.0000000000
702  -6.283  -102.652  6.292 0.0000000000
715  -3.805  -102.768  5.750 0.0000000000
716  -4.915  -102.765  5.529 0.0000000000
830  1.333  -98.775  17.960 0.0000000000
831  0.779  -99.072  18.214 0.0000000000
845  1.070  -98.751  17.267 0.0000000000
846  0.270  -99.664  17.261 0.0000000000
853  0.948  -98.783  16.300 0.0000000000
854  -0.120  -99.418  15.713 0.0000000000
855  -0.901  -100.167  15.062 0.0000000000
864  1.003  -99.175  13.743 0.0000000000
865  0.318  -99.433  14.250 0.0000000000
866  -0.905  -100.632  14.285 0.0000000000
873  1.182  -98.998  13.172 0.0000000000
874  0.523  -99.799  12.958 0.0000000000
875  -0.607  -100.296  13.345 0.0000000000
890  0.820  -99.516  11.652 0.0000000000
891  0.123  -100.338  12.125 0.0000000000
903  0.290  -99.851  10.252 0.0000000000
904  -0.204  -99.530  9.626 0.0000000000
905  -0.939  -99.364  9.277 0.0000000000
906  -1.365  -99.408  9.053 0.0000000000
912  -0.313  -100.354  9.783 0.0000000000
913  -0.721  -100.250  9.329 0.0000000000
914  -1.160  -99.931  9.020 0.0000000000
915  -1.504  -99.809  8.685 0.0000000000
916  -1.725  -99.656  8.251 0.0000000000
924  -1.437  -100.545  8.133 0.0000000000
925  -1.504  -100.736  7.366 0.0000000000
936  -2.507  -101.879  6.064 0.0000000000
937  -5.909  -102.105  5.454 0.0000000000
952  -3.526  -101.993  5.124 0.0000000000
953  -4.802  -101.761  4.739 0.0000000000
954  -5.933  -101.253  5.199 0.0000000000
963  -3.559  -101.274  4.455 0.0000000000
964  -4.281  -100.929  4.340 0.0000000000
1173  1.240  -98.497  18.011 0.0000000000
1194  1.107  -97.923  17.227 0.0000000000
1206  1.190  -98.306  16.278 0.0000000000
1207  0.944  -98.744  15.667 0.0000000000
1216  1.183  -98.444  14.658 0.0000000000
1217  0.722  -98.968  15.115 0.0000000000
1226  1.546  -97.883  12.847 0.0000000000
1240  1.569  -97.934  11.288 0.0000000000
1253  1.163  -98.461  10.326 0.0000000000
1254  0.498  -98.770  9.716 0.0000000000
1255  -0.474  -98.481  9.412 0.0000000000
1256  -1.590  -98.529  9.077 0.0000000000
1257  -2.246  -97.991  8.841 0.0000000000
1266  -1.913  -98.865  8.681 0.0000000000
1267  -2.059  -98.475  8.367 0.0000000000
1268  -2.385  -97.947  8.589 0.0000000000
1279  -1.816  -98.981  7.848 0.0000000000
1280  -2.282  -97.786  8.462 0.0000000000
1295  -1.245  -100.599  6.462 0.0000000000
1314  -1.249  -99.817  4.102 0.0000000000
1315  -1.986  -100.291  5.025 0.0000000000
1316  -5.283  -100.589  4.592 0.0000000000
1327  -1.935  -99.554  3.572 0.0000000000
1328  -3.596  -100.102  3.810 0.0000000000
1522  1.350  -97.564  16.036 0.0000000000
1540  1.325  -96.928  14.595 0.0000000000
1550  1.170  -96.311  13.066 0.0000000000
1559  1.616  -96.648  11.690 0.0000000000
1572  1.360  -96.986  10.478 0.0000000000
1573  0.465  -97.380  9.603 0.0000000000
1574  -1.019  -97.179  9.124 0.0000000000
1575  -2.006  -96.980  8.706 0.0000000000
1576  -2.543  -96.964  8.869 0.0000000000
1577  -2.930  -96.751  8.928 0.0000000000
1586  -2.640  -97.434  8.795 0.0000000000
1587  -2.737  -96.951  8.872 0.0000000000
1599  -1.998  -98.162  8.010 0.0000000000
1600  -2.314  -97.174  8.772 0.0000000000
1619  -0.981  -99.023  7.182 0.0000000000
1620  -1.968  -97.907  7.974 0.0000000000
1636  -0.392  -98.788  4.160 0.0000000000
1637  -0.519  -98.956  5.787 0.0000000000
1928  1.165  -95.509  10.926 0.0000000000
1929  0.627  -95.808  9.886 0.0000000000
1930  -0.504  -95.859  9.226 0.0000000000
1931  -1.754  -95.782  8.824 0.0000000000
1932  -2.640  -95.732  8.809 0.0000000000
1933  -3.277  -95.703  9.049 0.0000000000
1934  -3.961  -95.090  9.141 0.0000000000
1947  -3.273  -96.018  8.982 0.0000000000
1948  -3.722  -95.390  9.109 0.0000000000
1969  -2.770  -96.091  8.837 0.0000000000
1988  -0.896  -97.324  7.693 0.0000000000
1989  -1.821  -97.253  8.321 0.0000000000
2004  1.155  -97.144  5.095 0.0000000000
2005  0.510  -98.077  6.036 0.0000000000
2006  -0.046  -98.441  6.858 0.0000000000
2290  -2.074  -93.664  9.251 0.0000000000
2291  -2.631  -93.723  9.117 0.0000000000
2292  -3.446  -93.779  9.316 0.0000000000
2293  -4.076  -93.843  9.601 0.0000000000
2307  0.812  -94.087  11.284 0.0000000000
2308  0.435  -94.478  10.456 0.0000000000
2309  -0.385  -94.570  9.619 0.0000000000
2310  -1.648  -94.508  9.175 0.0000000000
2311  -2.642  -94.653  8.978 0.0000000000
2312  -3.410  -94.628  9.120 0.0000000000
2313  -4.157  -94.359  9.435 0.0000000000
2332  -3.405  -95.457  9.028 0.0000000000
2333  -4.072  -94.861  9.154 0.0000000000
2353  -3.500  -94.819  9.072 0.0000000000
2354  -4.192  -94.277  9.373 0.0000000000
2366  -0.181  -94.735  7.755 0.0000000000
2367  -0.904  -95.557  7.822 0.0000000000
2368  -2.217  -95.629  8.681 0.0000000000
2383  1.803  -95.404  5.583 0.0000000000
2384  0.886  -96.043  6.897 0.0000000000
2385  0.070  -97.294  7.051 0.0000000000
2664  -2.409  -93.166  9.412 0.0000000000
2665  -3.259  -93.006  9.653 0.0000000000
2666  -4.380  -93.032  10.201 0.0000000000
2667  -4.771  -93.295  10.170 0.0000000000
2678  1.135  -93.032  10.948 0.0000000000
2679  0.677  -93.434  10.682 0.0000000000
2680  -0.270  -93.549  10.168 0.0000000000
2681  -1.428  -93.405  9.510 0.0000000000
2682  -4.754  -93.506  10.075 0.0000000000
2697  -4.523  -93.987  9.804 0.0000000000
2714  -3.440  -93.826  9.284 0.0000000000
2715  -4.350  -93.717  9.668 0.0000000000
2729  0.832  -92.804  8.152 0.0000000000
2730  -0.027  -93.475  8.151 0.0000000000
2731  -1.256  -93.845  8.397 0.0000000000
2732  -2.264  -94.047  8.775 0.0000000000
2747  1.889  -93.820  5.796 0.0000000000
2748  1.312  -93.971  7.167 0.0000000000
2749  0.606  -94.598  7.455 0.0000000000
3061  -3.781  -91.594  10.666 0.0000000000
3062  -4.836  -91.611  10.976 0.0000000000
3063  -5.782  -91.633  11.433 0.0000000000
3064  -6.479  -91.356  11.781 0.0000000000
3065  -6.981  -91.226  11.908 0.0000000000
3068  0.573  -92.362  11.126 0.0000000000
3069  0.533  -91.942  10.763 0.0000000000
3070  -0.830  -91.956  10.468 0.0000000000
3071  -2.434  -92.206  10.083 0.0000000000
3072  -4.036  -92.196  10.238 0.0000000000
3073  -5.048  -92.108  10.645 0.0000000000
3074  -5.588  -92.216  10.934 0.0000000000
3075  -6.396  -91.207  11.541 0.0000000000
3078  1.356  -92.763  10.871 0.0000000000
3079  1.068  -92.700  10.787 0.0000000000
3080  0.087  -92.709  10.497 0.0000000000
3081  -0.953  -92.709  10.057 0.0000000000
3082  -5.289  -92.622  10.366 0.0000000000
3083  -6.030  -91.908  10.878 0.0000000000
3091  -5.160  -92.878  10.217 0.0000000000
3092  -5.839  -91.983  10.752 0.0000000000
3109  -2.320  -91.554  10.306 0.0000000000
3110  -3.052  -92.399  9.876 0.0000000000
3111  -4.815  -92.501  10.123 0.0000000000
3112  -5.528  -91.910  10.693 0.0000000000
3122  1.138  -91.655  7.223 0.0000000000
3123  1.205  -91.702  7.918 0.0000000000
3124  0.702  -91.823  8.465 0.0000000000
3125  -0.194  -92.126  8.852 0.0000000000
3126  -1.455  -92.273  9.478 0.0000000000
3127  -2.135  -93.097  8.991 0.0000000000
3137  1.395  -92.742  7.069 0.0000000000
3138  1.292  -92.592  7.802 0.0000000000
3471  0.647  -90.652  11.455 0.0000000000
3472  -1.793  -90.697  11.025 0.0000000000
3473  -3.001  -90.942  10.753 0.0000000000
3474  -4.429  -90.907  11.217 0.0000000000
3475  -5.546  -91.153  11.932 0.0000000000
3476  -6.571  -91.114  12.241 0.0000000000
3477  -7.454  -90.873  12.227 0.0000000000
3478  -8.054  -90.473  12.357 0.0000000000
3494  0.285  -91.858  11.567 0.0000000000
3495  0.721  -91.222  11.165 0.0000000000
3496  -0.436  -91.047  11.062 0.0000000000
3497  -1.724  -91.244  10.462 0.0000000000
3498  -7.180  -91.017  11.876 0.0000000000
3499  -7.746  -90.685  12.014 0.0000000000
3502  -6.961  -91.036  11.614 0.0000000000
3503  -7.894  -90.485  12.004 0.0000000000
3506  -3.899  -89.975  11.467 0.0000000000
3507  -4.621  -90.532  11.447 0.0000000000
3508  -5.705  -91.248  11.328 0.0000000000
3526  0.443  -90.160  9.565 0.0000000000
3527  0.179  -90.278  9.763 0.0000000000
3528  -0.561  -90.519  10.187 0.0000000000
3529  -1.624  -90.927  10.461 0.0000000000
3530  -3.120  -90.527  10.987 0.0000000000
3531  -4.476  -91.541  10.841 0.0000000000
3532  -5.213  -91.852  10.807 0.0000000000
3549  1.153  -90.832  7.928 0.0000000000
3550  0.542  -90.752  8.864 0.0000000000
3551  0.017  -91.127  9.375 0.0000000000
3552  -0.881  -91.401  9.750 0.0000000000
3553  -1.408  -91.478  9.845 0.0000000000
3894  -2.172  -89.539  11.545 0.0000000000
3895  -3.147  -89.666  11.833 0.0000000000
3896  -4.331  -89.741  12.638 0.0000000000
3897  -5.609  -89.883  13.241 0.0000000000
3898  -6.977  -89.863  13.421 0.0000000000
3899  -8.150  -89.728  13.369 0.0000000000
3900  -8.771  -89.609  13.314 0.0000000000
3909  0.477  -89.842  11.669 0.0000000000
3910  -1.001  -90.042  11.414 0.0000000000
3911  -2.590  -90.155  11.148 0.0000000000
3912  -3.841  -90.216  11.566 0.0000000000
3913  -5.034  -90.483  12.356 0.0000000000
3914  -6.243  -90.640  12.824 0.0000000000
3915  -7.415  -90.513  12.881 0.0000000000
3916  -8.416  -90.108  12.818 0.0000000000
3917  -8.989  -89.609  12.801 0.0000000000
3934  0.288  -90.515  11.305 0.0000000000
3935  -0.329  -90.534  11.289 0.0000000000
3936  -8.337  -90.109  12.390 0.0000000000
3937  -8.985  -89.377  12.560 0.0000000000
3947  -6.811  -90.464  11.703 0.0000000000
3948  -7.978  -89.896  12.037 0.0000000000
3949  -8.843  -89.005  12.372 0.0000000000
3952  -1.756  -89.013  11.349 0.0000000000
3953  -2.318  -89.001  11.698 0.0000000000
3954  -3.123  -89.325  11.911 0.0000000000
3955  -4.480  -89.510  11.722 0.0000000000
3956  -5.835  -89.959  11.683 0.0000000000
3957  -7.027  -89.788  11.824 0.0000000000
3963  0.441  -89.718  9.337 0.0000000000
3964  0.356  -89.688  9.824 0.0000000000
3965  -0.258  -89.639  10.269 0.0000000000
3966  -1.259  -89.645  10.748 0.0000000000
3967  -2.089  -89.765  11.309 0.0000000000
3968  -2.617  -89.620  11.639 0.0000000000
3985  0.616  -90.162  8.705 0.0000000000
3986  0.530  -90.078  9.361 0.0000000000
4007  0.800  -90.135  7.924 0.0000000000
4370  -7.937  -88.287  14.126 0.0000000000
4371  -8.306  -88.300  14.110 0.0000000000
4375  -1.544  -88.742  11.319 0.0000000000
4376  -2.485  -88.759  11.837 0.0000000000
4377  -3.602  -88.851  12.459 0.0000000000
4378  -4.794  -88.931  13.371 0.0000000000
4379  -6.281  -88.921  13.716 0.0000000000
4380  -7.713  -88.812  13.846 0.0000000000
4381  -8.828  -88.810  13.767 0.0000000000
4382  -9.488  -88.416  13.594 0.0000000000
4383  -9.836  -88.025  13.512 0.0000000000
4387  0.405  -88.654  12.188 0.0000000000
4388  -0.525  -88.857  11.668 0.0000000000
4389  -9.130  -89.330  13.220 0.0000000000
4390  -9.500  -88.800  13.081 0.0000000000
4391  -9.873  -87.959  13.212 0.0000000000
4401  -9.480  -88.369  12.803 0.0000000000
4402  -9.901  -87.713  13.037 0.0000000000
4416  -4.733  -87.904  11.923 0.0000000000
4417  -5.726  -88.088  12.105 0.0000000000
4418  -6.908  -88.339  12.211 0.0000000000
4419  -8.084  -88.625  12.270 0.0000000000
4420  -8.925  -88.326  12.498 0.0000000000
4431  -0.650  -88.432  10.337 0.0000000000
4432  -1.171  -88.348  10.770 0.0000000000
4433  -1.690  -88.280  11.488 0.0000000000
4434  -2.456  -88.150  11.856 0.0000000000
4435  -3.863  -88.281  11.907 0.0000000000
4436  -5.229  -88.825  11.887 0.0000000000
4437  -6.433  -89.079  11.965 0.0000000000
4438  -7.415  -89.229  12.043 0.0000000000
4444  0.215  -89.206  9.556 0.0000000000
4445  -0.106  -88.936  10.083 0.0000000000
4446  -0.724  -88.949  10.673 0.0000000000
4447  -1.314  -88.831  11.171 0.0000000000
4453  0.344  -89.488  8.780 0.0000000000
4454  -0.210  -89.000  8.423 0.0000000000
4470  0.303  -89.609  8.024 0.0000000000
4885  -7.171  -87.286  14.199 0.0000000000
4886  -7.869  -87.673  14.272 0.0000000000
4887  -8.843  -87.694  14.310 0.0000000000
4888  -9.460  -87.293  14.263 0.0000000000
4892  -1.933  -87.849  11.743 0.0000000000
4893  -2.941  -87.847  12.038 0.0000000000
4894  -3.916  -87.905  13.033 0.0000000000
4895  -5.372  -87.728  13.702 0.0000000000
4896  -6.950  -87.951  14.046 0.0000000000
4897  -7.666  -88.213  14.112 0.0000000000
4898  -9.397  -87.975  14.054 0.0000000000
4899  -9.852  -87.395  14.004 0.0000000000
4900  -10.016  -87.314  13.646 0.0000000000
4903  0.675  -87.510  12.504 0.0000000000
4904  -0.310  -87.798  11.870 0.0000000000
4905  -1.199  -88.046  11.399 0.0000000000
4906  -10.035  -87.241  13.295 0.0000000000
4911  -9.747  -87.550  12.873 0.0000000000
4912  -9.945  -87.203  13.055 0.0000000000
4918  -3.598  -86.458  11.802 0.0000000000
4919  -4.768  -86.974  11.834 0.0000000000
4920  -6.106  -87.244  12.051 0.0000000000
4921  -7.355  -87.497  12.264 0.0000000000
4922  -8.461  -87.631  12.473 0.0000000000
4923  -9.272  -87.695  12.680 0.0000000000
4934  -0.918  -87.917  10.239 0.0000000000
4935  -1.342  -87.577  10.635 0.0000000000
4936  -1.802  -87.140  11.396 0.0000000000
4937  -2.815  -86.902  11.838 0.0000000000
4938  -3.940  -87.280  11.894 0.0000000000
4951  -0.091  -88.774  9.662 0.0000000000
4952  -0.586  -88.199  9.607 0.0000000000
4962  -0.115  -88.773  9.179 0.0000000000
4963  -0.761  -88.194  8.719 0.0000000000
5402  -7.374  -86.621  14.245 0.0000000000
5403  -8.299  -86.676  14.395 0.0000000000
5404  -9.095  -86.611  14.399 0.0000000000
5405  -9.702  -86.496  14.255 0.0000000000
5406  -9.966  -86.150  14.146 0.0000000000
5409  0.914  -86.275  13.323 0.0000000000
5410  -2.373  -86.971  11.725 0.0000000000
5411  -3.331  -86.953  12.044 0.0000000000
5412  -4.152  -86.831  13.209 0.0000000000
5413  -5.148  -86.554  13.587 0.0000000000
5414  -6.320  -86.779  14.012 0.0000000000
5415  -9.989  -86.677  14.151 0.0000000000
5416  -10.066  -86.468  14.016 0.0000000000
5418  0.949  -86.501  12.754 0.0000000000
5419  -0.012  -86.750  12.084 0.0000000000
5420  -1.304  -87.078  11.338 0.0000000000
5421  -10.076  -86.480  13.662 0.0000000000
5426  -9.467  -86.198  12.766 0.0000000000
5427  -9.735  -86.787  12.890 0.0000000000
5428  -9.989  -86.479  13.254 0.0000000000
5433  -3.953  -85.765  11.539 0.0000000000
5434  -5.159  -86.090  11.752 0.0000000000
5435  -6.485  -86.340  12.033 0.0000000000
5436  -7.811  -86.616  12.337 0.0000000000
5437  -9.010  -86.766  12.595 0.0000000000
5438  -9.497  -87.233  12.775 0.0000000000
5442  -1.151  -87.353  9.640 0.0000000000
5443  -1.677  -86.679  9.952 0.0000000000
5444  -2.378  -86.046  10.389 0.0000000000
5445  -3.064  -85.748  11.078 0.0000000000
5457  -1.075  -87.455  8.867 0.0000000000
5977  0.944  -85.934  13.509 0.0000000000
5981  -7.706  -85.587  14.248 0.0000000000
5982  -8.594  -85.632  14.395 0.0000000000
5983  -9.284  -85.584  14.390 0.0000000000
5984  -9.765  -85.454  14.296 0.0000000000
5985  -10.045  -85.439  14.155 0.0000000000
5993  0.971  -85.675  13.040 0.0000000000
5994  0.646  -85.273  13.251 0.0000000000
5995  -2.815  -86.158  11.677 0.0000000000
5996  -3.486  -86.064  12.395 0.0000000000
5997  -4.366  -85.809  13.095 0.0000000000
5998  -5.526  -85.632  13.493 0.0000000000
5999  -6.664  -85.579  13.919 0.0000000000
6000  -10.176  -85.447  13.948 0.0000000000
6002  0.344  -85.778  12.499 0.0000000000
6003  -0.853  -85.981  11.897 0.0000000000
6004  -2.001  -86.282  11.446 0.0000000000
6005  -10.091  -85.707  13.608 0.0000000000
6010  -9.351  -85.514  12.777 0.0000000000
6011  -9.815  -85.867  13.034 0.0000000000
6012  -10.002  -85.822  13.315 0.0000000000
6015  -4.277  -85.190  11.525 0.0000000000
6016  -5.226  -85.021  11.842 0.0000000000
6017  -7.004  -85.500  12.231 0.0000000000
6018  -8.289  -85.812  12.429 0.0000000000
6019  -9.032  -85.941  12.594 0.0000000000
6021  -2.774  -85.154  9.965 0.0000000000
6022  -3.526  -84.655  10.556 0.0000000000
6023  -4.122  -84.658  11.354 0.0000000000
6537  -9.813  -84.027  14.931 0.0000000000
6538  -10.033  -83.981  15.003 0.0000000000
6546  0.226  -84.727  13.457 0.0000000000
6549  -8.040  -84.602  14.400 0.0000000000
6550  -8.834  -84.683  14.552 0.0000000000
6551  -9.455  -84.510  14.615 0.0000000000
6552  -9.947  -84.465  14.520 0.0000000000
6553  -10.214  -84.545  14.234 0.0000000000
6554  -10.375  -84.255  14.144 0.0000000000
6562  0.560  -85.403  12.741 0.0000000000
6563  0.414  -85.021  12.795 0.0000000000
6564  -3.009  -85.578  12.018 0.0000000000
6565  -3.457  -85.031  12.306 0.0000000000
6566  -4.620  -84.713  12.918 0.0000000000
6567  -5.802  -84.565  13.498 0.0000000000
6568  -6.978  -84.418  14.007 0.0000000000
6569  -10.346  -84.615  14.022 0.0000000000
6570  -10.549  -84.172  14.034 0.0000000000
6577  0.305  -85.270  12.556 0.0000000000
6578  -0.364  -85.047  12.324 0.0000000000
6579  -2.028  -85.148  11.966 0.0000000000
6580  -2.681  -84.390  12.384 0.0000000000
6581  -10.273  -84.734  13.874 0.0000000000
6582  -10.505  -84.407  13.973 0.0000000000
6587  -8.496  -84.180  12.693 0.0000000000
6588  -9.008  -84.657  12.729 0.0000000000
6589  -9.679  -84.972  13.001 0.0000000000
6590  -9.997  -85.128  13.430 0.0000000000
6594  -4.926  -83.984  11.785 0.0000000000
6595  -6.167  -84.394  12.336 0.0000000000
6596  -7.851  -84.658  12.541 0.0000000000
6597  -8.746  -85.329  12.591 0.0000000000
6600  -3.696  -83.641  10.148 0.0000000000
6601  -4.100  -84.007  11.020 0.0000000000
6608  -4.047  -83.817  9.878 0.0000000000
7115  0.736  -83.158  18.530 0.0000000000
7116  0.345  -83.694  18.903 0.0000000000
7119  0.414  -83.062  17.842 0.0000000000
7120  0.100  -84.010  17.717 0.0000000000
7122  -8.376  -82.947  16.590 0.0000000000
7123  -8.598  -83.032  16.655 0.0000000000
7128  0.212  -82.835  16.904 0.0000000000
7129  -0.339  -83.237  16.213 0.0000000000
7131  -8.525  -83.028  16.262 0.0000000000
7132  -8.959  -83.183  16.180 0.0000000000
7133  -9.554  -83.253  15.842 0.0000000000
7143  -0.600  -83.133  14.954 0.0000000000
7145  -7.977  -83.370  15.160 0.0000000000
7146  -8.518  -83.327  15.558 0.0000000000
7147  -9.363  -83.668  15.320 0.0000000000
7148  -10.025  -83.626  15.290 0.0000000000
7149  -10.395  -83.430  15.106 0.0000000000
7150  -10.637  -83.199  15.024 0.0000000000
7160  -0.290  -83.910  13.276 0.0000000000
7161  -0.542  -83.648  14.197 0.0000000000
7163  -6.504  -83.275  14.448 0.0000000000
7164  -7.410  -83.539  14.645 0.0000000000
7165  -8.358  -83.871  14.809 0.0000000000
7166  -8.950  -84.004  14.967 0.0000000000
7167  -10.064  -84.060  14.806 0.0000000000
7168  -10.232  -83.939  14.715 0.0000000000
7169  -10.432  -83.739  14.440 0.0000000000
7180  -0.256  -84.258  12.744 0.0000000000
7181  -2.304  -83.562  12.635 0.0000000000
7182  -3.370  -83.807  12.632 0.0000000000
7183  -4.781  -83.704  13.194 0.0000000000
7184  -5.959  -83.597  13.843 0.0000000000
7185  -6.754  -83.689  14.214 0.0000000000
7186  -10.538  -83.956  14.080 0.0000000000
7198  -1.074  -84.340  12.456 0.0000000000
7199  -1.879  -84.075  12.503 0.0000000000
7200  -2.577  -83.940  12.510 0.0000000000
7201  -10.233  -84.197  13.662 0.0000000000
7202  -10.459  -84.182  13.912 0.0000000000
7205  -8.001  -83.634  12.702 0.0000000000
7206  -8.918  -83.773  12.810 0.0000000000
7207  -9.578  -84.134  12.980 0.0000000000
7208  -9.918  -84.468  13.291 0.0000000000
7211  -3.926  -82.585  10.156 0.0000000000
7212  -4.252  -83.079  10.889 0.0000000000
7213  -5.477  -83.424  12.182 0.0000000000
7214  -6.773  -83.651  12.593 0.0000000000
7218  -3.898  -82.958  9.896 0.0000000000
7219  -3.690  -83.356  10.325 0.0000000000
7228  -4.355  -83.042  9.549 0.0000000000
7594  0.855  -82.941  39.299 0.0000000000
7618  -0.084  -83.210  35.966 0.0000000000
7619  -0.279  -82.864  35.827 0.0000000000
7627  -0.276  -83.016  35.651 0.0000000000
7790  0.182  -83.226  19.886 0.0000000000
7795  0.777  -81.903  18.002 0.0000000000
7796  0.590  -82.421  18.135 0.0000000000
7797  0.677  -83.000  18.989 0.0000000000
7798  -6.214  -81.415  17.505 0.0000000000
7799  -6.707  -81.893  17.680 0.0000000000
7800  -7.445  -82.308  17.830 0.0000000000
7801  -8.064  -82.560  17.841 0.0000000000
7802  -8.492  -82.588  17.559 0.0000000000
7806  0.921  -81.954  17.354 0.0000000000
7807  0.882  -82.310  16.976 0.0000000000
7808  -5.298  -81.298  16.378 0.0000000000
7809  -6.056  -81.656  16.872 0.0000000000
7810  -7.211  -82.150  16.845 0.0000000000
7811  -8.126  -82.504  16.907 0.0000000000
7812  -8.718  -83.000  17.049 0.0000000000
7813  -9.215  -82.873  16.976 0.0000000000
7814  -9.339  -82.881  16.743 0.0000000000
7819  0.756  -81.853  16.600 0.0000000000
7820  0.428  -82.025  15.699 0.0000000000
7821  -0.097  -82.536  15.282 0.0000000000
7822  -5.657  -81.725  15.825 0.0000000000
7823  -6.836  -82.048  16.035 0.0000000000
7824  -7.731  -82.561  16.247 0.0000000000
7825  -8.196  -82.670  16.323 0.0000000000
7826  -9.325  -83.162  16.432 0.0000000000
7827  -9.900  -83.107  16.029 0.0000000000
7828  -9.761  -82.990  16.222 0.0000000000
7838  0.186  -81.808  14.918 0.0000000000
7839  -0.228  -82.157  14.686 0.0000000000
7840  -3.502  -81.522  14.331 0.0000000000
7841  -4.765  -81.719  14.875 0.0000000000
7842  -6.246  -82.168  15.290 0.0000000000
7843  -7.580  -82.583  15.464 0.0000000000
7844  -8.230  -82.646  15.936 0.0000000000
7845  -10.255  -83.268  15.529 0.0000000000
7846  -10.343  -83.024  15.477 0.0000000000
7847  -10.683  -82.987  15.125 0.0000000000
7860  -0.773  -83.406  13.275 0.0000000000
7861  -1.038  -82.491  13.632 0.0000000000
7862  -2.673  -81.916  13.662 0.0000000000
7863  -4.192  -82.239  14.042 0.0000000000
7864  -5.592  -82.721  14.516 0.0000000000
7865  -6.692  -82.833  14.929 0.0000000000
7866  -10.656  -83.125  14.771 0.0000000000
7875  -0.619  -83.692  12.879 0.0000000000
7876  -1.308  -83.373  12.808 0.0000000000
7877  -2.381  -82.832  12.907 0.0000000000
7878  -3.750  -82.799  13.205 0.0000000000
7879  -4.852  -83.026  13.766 0.0000000000
7880  -10.483  -82.999  14.193 0.0000000000
7881  -10.565  -83.368  14.207 0.0000000000
7896  -0.844  -83.843  12.677 0.0000000000
7897  -1.259  -83.881  12.608 0.0000000000
7898  -9.828  -82.900  13.625 0.0000000000
7899  -10.233  -83.241  13.774 0.0000000000
7900  -10.488  -83.781  13.910 0.0000000000
7911  -6.225  -82.129  12.346 0.0000000000
7912  -7.021  -82.682  12.679 0.0000000000
7913  -8.486  -82.990  12.935 0.0000000000
7914  -9.482  -83.212  13.237 0.0000000000
7915  -9.961  -83.844  13.356 0.0000000000
7918  -3.972  -82.269  9.830 0.0000000000
7919  -4.359  -82.246  10.570 0.0000000000
7920  -5.333  -82.448  11.898 0.0000000000
7921  -6.143  -83.027  12.431 0.0000000000
7928  -4.214  -82.417  9.705 0.0000000000
7940  -4.666  -82.465  9.435 0.0000000000
8301  0.933  -81.949  40.337 0.0000000000
8302  0.923  -81.639  41.594 0.0000000000
8303  0.140  -80.931  42.830 0.0000000000
8304  -1.364  -80.589  42.907 0.0000000000
8305  -2.726  -80.641  42.293 0.0000000000
8312  0.922  -81.913  39.256 0.0000000000
8322  0.607  -82.600  37.814 0.0000000000
8323  0.740  -82.626  36.663 0.0000000000
8324  -0.025  -82.449  36.396 0.0000000000
8335  0.361  -83.396  37.192 0.0000000000
8336  0.451  -83.157  36.700 0.0000000000
8337  -0.114  -82.733  36.154 0.0000000000
8349  -0.335  -82.449  35.437 0.0000000000
8481  -2.648  -81.680  22.999 0.0000000000
8500  -2.691  -82.011  22.488 0.0000000000
8501  -2.821  -81.629  22.824 0.0000000000
8508  -1.569  -82.265  21.283 0.0000000000
8509  -2.319  -82.099  21.933 0.0000000000
8512  0.474  -81.398  19.482 0.0000000000
8513  -0.008  -82.107  19.510 0.0000000000
8514  -0.693  -82.347  20.479 0.0000000000
8515  -6.312  -80.733  18.146 0.0000000000
8516  -6.856  -81.275  18.429 0.0000000000
8517  -7.541  -81.464  18.798 0.0000000000
8518  -7.885  -81.479  19.046 0.0000000000
8521  0.308  -81.562  17.880 0.0000000000
8522  0.767  -81.600  18.768 0.0000000000
8523  0.453  -82.295  18.816 0.0000000000
8524  -5.386  -80.662  17.702 0.0000000000
8525  -6.248  -81.276  17.991 0.0000000000
8526  -6.955  -81.932  18.201 0.0000000000
8527  -7.479  -82.133  18.427 0.0000000000
8528  -8.030  -82.083  18.449 0.0000000000
8529  -8.438  -82.456  17.767 0.0000000000
8533  0.730  -81.434  16.963 0.0000000000
8534  -3.587  -80.477  16.565 0.0000000000
8535  -4.796  -80.837  17.093 0.0000000000
8536  -5.797  -81.139  17.476 0.0000000000
8537  -9.011  -82.756  17.188 0.0000000000
8538  -9.111  -82.997  16.827 0.0000000000
8543  0.445  -81.374  16.194 0.0000000000
8544  0.159  -81.178  15.465 0.0000000000
8545  -1.246  -80.708  15.225 0.0000000000
8546  -2.703  -80.787  15.710 0.0000000000
8547  -4.244  -81.417  15.971 0.0000000000
8548  -9.377  -83.024  16.440 0.0000000000
8561  0.290  -81.626  15.054 0.0000000000
8562  -0.648  -81.553  14.753 0.0000000000
8563  -2.307  -81.153  14.509 0.0000000000
8564  -3.477  -81.376  14.949 0.0000000000
8565  -10.069  -82.779  15.599 0.0000000000
8566  -10.521  -82.898  15.292 0.0000000000
8585  -0.838  -81.947  14.236 0.0000000000
8586  -1.494  -81.650  14.017 0.0000000000
8587  -10.221  -82.617  15.018 0.0000000000
8588  -10.556  -82.804  14.991 0.0000000000
8599  -9.567  -82.454  14.208 0.0000000000
8600  -10.115  -82.697  14.364 0.0000000000
8601  -10.582  -82.948  14.502 0.0000000000
8616  -8.396  -82.099  13.520 0.0000000000
8617  -9.258  -82.521  13.696 0.0000000000
8618  -9.959  -82.786  13.821 0.0000000000
8634  -5.556  -81.753  12.095 0.0000000000
8635  -6.786  -81.900  12.663 0.0000000000
8636  -8.019  -82.242  13.136 0.0000000000
8637  -8.897  -82.696  13.196 0.0000000000
8649  -4.229  -81.982  9.661 0.0000000000
8650  -4.259  -81.677  9.879 0.0000000000
8651  -4.701  -81.707  11.050 0.0000000000
8661  -4.505  -82.024  9.592 0.0000000000
8662  -4.514  -81.670  9.443 0.0000000000
8673  -4.688  -82.165  9.471 0.0000000000
8674  -4.909  -81.721  9.488 0.0000000000
9018  1.125  -80.955  41.208 0.0000000000
9019  0.341  -80.379  42.080 0.0000000000
9020  -1.096  -79.846  42.604 0.0000000000
9021  -2.678  -79.990  41.994 0.0000000000
9022  -3.902  -80.458  41.107 0.0000000000
9034  0.984  -80.775  40.145 0.0000000000
9035  0.995  -79.906  41.435 0.0000000000
9036  -0.485  -79.215  42.056 0.0000000000
9037  -2.564  -78.956  41.722 0.0000000000
9038  -4.094  -79.618  40.508 0.0000000000
9053  0.852  -81.274  38.569 0.0000000000
9054  1.023  -81.850  36.980 0.0000000000
9055  0.407  -82.305  36.509 0.0000000000
9056  -3.445  -78.446  40.884 0.0000000000
9057  -3.715  -78.998  40.623 0.0000000000
9071  0.969  -81.716  36.434 0.0000000000
9072  -0.028  -82.021  36.023 0.0000000000
9085  -1.316  -81.463  34.925 0.0000000000
9086  -2.211  -80.887  34.291 0.0000000000
9100  -1.829  -81.305  34.240 0.0000000000
9101  -2.598  -80.778  33.764 0.0000000000
9113  -2.716  -80.524  32.980 0.0000000000
9124  -2.781  -80.324  32.348 0.0000000000
9159  -1.038  -80.728  27.168 0.0000000000
9173  -1.420  -80.404  25.954 0.0000000000
9185  -1.176  -80.596  25.294 0.0000000000
9186  -1.526  -80.427  24.723 0.0000000000
9196  -1.915  -80.810  24.316 0.0000000000
9210  -1.993  -81.063  23.451 0.0000000000
9211  -2.617  -81.236  23.400 0.0000000000
9231  -2.644  -81.709  22.307 0.0000000000
9232  -2.752  -81.395  22.871 0.0000000000
9238  -0.278  -81.075  20.914 0.0000000000
9239  -0.968  -81.495  20.970 0.0000000000
9240  -2.162  -81.613  21.840 0.0000000000
9246  0.344  -80.553  19.480 0.0000000000
9247  0.680  -80.886  19.580 0.0000000000
9248  0.137  -81.110  20.354 0.0000000000
9249  -0.466  -81.829  20.318 0.0000000000
9250  -5.056  -79.362  18.168 0.0000000000
9251  -6.100  -79.978  18.434 0.0000000000
9252  -7.042  -80.304  18.705 0.0000000000
9253  -7.560  -80.616  18.925 0.0000000000
9254  -7.841  -81.097  19.113 0.0000000000
9255  -8.046  -81.182  18.995 0.0000000000
9264  0.552  -80.815  18.718 0.0000000000
9265  0.359  -81.237  19.139 0.0000000000
9266  -1.876  -79.421  17.272 0.0000000000
9267  -3.178  -79.212  17.170 0.0000000000
9268  -4.400  -79.699  17.626 0.0000000000
9269  -5.596  -80.337  18.049 0.0000000000
9270  -7.945  -81.685  18.930 0.0000000000
9271  -8.004  -81.720  18.568 0.0000000000
9281  0.251  -80.719  17.355 0.0000000000
9282  0.022  -80.222  16.835 0.0000000000
9283  -1.255  -80.009  16.656 0.0000000000
9284  -2.681  -79.851  16.492 0.0000000000
9285  -3.780  -79.866  16.950 0.0000000000
9286  -8.450  -82.490  17.516 0.0000000000
9287  -8.835  -82.843  17.044 0.0000000000
9296  0.392  -81.069  16.637 0.0000000000
9297  0.457  -80.767  16.298 0.0000000000
9298  -0.452  -80.521  16.009 0.0000000000
9299  -1.710  -80.251  15.921 0.0000000000
9300  -8.427  -82.653  16.845 0.0000000000
9301  -8.873  -82.985  16.845 0.0000000000
9312  -7.666  -82.468  16.303 0.0000000000
9313  -8.138  -82.624  16.287 0.0000000000
9314  -9.095  -82.666  16.132 0.0000000000
9329  -7.591  -82.391  15.899 0.0000000000
9330  -8.554  -82.460  15.449 0.0000000000
9331  -9.625  -82.532  15.052 0.0000000000
9339  -7.681  -82.031  14.835 0.0000000000
9340  -8.883  -82.249  14.336 0.0000000000
9341  -9.623  -82.466  14.484 0.0000000000
9349  -6.611  -81.322  13.118 0.0000000000
9350  -7.429  -81.656  13.518 0.0000000000
9351  -8.577  -82.075  13.743 0.0000000000
9366  -5.199  -81.411  12.008 0.0000000000
9367  -6.211  -81.433  12.685 0.0000000000
9368  -7.202  -81.746  12.949 0.0000000000
9386  -4.461  -81.097  10.331 0.0000000000
9387  -4.771  -81.287  11.316 0.0000000000
9405  -4.906  -81.208  9.488 0.0000000000
9417  -4.809  -81.519  9.306 0.0000000000
9418  -5.215  -81.503  9.164 0.0000000000
9839  1.195  -79.584  40.525 0.0000000000
9840  0.545  -78.779  41.276 0.0000000000
9841  -1.366  -78.107  41.617 0.0000000000
9842  -2.729  -78.080  41.405 0.0000000000
9843  -4.627  -79.412  39.692 0.0000000000
9861  1.139  -79.949  39.289 0.0000000000
9862  1.291  -80.574  37.775 0.0000000000
9863  -2.447  -77.521  41.238 0.0000000000
9864  -3.318  -77.754  40.616 0.0000000000
9865  -4.552  -78.647  39.488 0.0000000000
9885  0.997  -81.023  36.366 0.0000000000
9886  -0.687  -81.051  35.323 0.0000000000
9887  -5.115  -78.159  38.523 0.0000000000
9903  -1.947  -80.696  34.635 0.0000000000
9904  -2.805  -80.396  34.009 0.0000000000
9917  -3.416  -80.153  33.227 0.0000000000
9918  -3.812  -79.820  32.831 0.0000000000
9936  -3.338  -80.239  32.611 0.0000000000
9937  -3.708  -79.898  32.460 0.0000000000
9956  -2.407  -80.213  31.920 0.0000000000
9957  -3.073  -79.975  31.854 0.0000000000
9958  -3.632  -79.466  31.568 0.0000000000
9980  -1.738  -80.073  31.163 0.0000000000
9981  -2.842  -79.408  30.658 0.0000000000
9982  -3.630  -79.152  30.749 0.0000000000
9993  -1.787  -79.672  29.883 0.0000000000
9994  -2.701  -79.231  29.478 0.0000000000
10003  -0.984  -80.415  29.035 0.0000000000
10004  -2.074  -79.613  28.712 0.0000000000
10005  -2.806  -79.137  28.640 0.0000000000
10014  -1.398  -80.335  27.725 0.0000000000
10015  -2.480  -79.385  27.659 0.0000000000
10016  -2.882  -79.406  27.242 0.0000000000
10027  -1.346  -80.546  26.970 0.0000000000
10028  -1.788  -80.192  26.564 0.0000000000
10029  -2.554  -79.603  26.688 0.0000000000
10040  -1.593  -80.190  25.724 0.0000000000
10041  -2.025  -80.173  25.435 0.0000000000
10048  -2.575  -80.808  24.392 0.0000000000
10062  -2.527  -81.017  23.331 0.0000000000
10063  -2.548  -81.120  23.575 0.0000000000
10081  -0.775  -80.243  22.229 0.0000000000
10082  -1.484  -80.624  22.224 0.0000000000
10083  -2.391  -81.133  22.525 0.0000000000
10084  -2.728  -81.132  23.014 0.0000000000
10088  0.894  -80.145  21.455 0.0000000000
10089  -0.138  -80.454  21.339 0.0000000000
10090  -1.726  -81.135  21.819 0.0000000000
10091  -2.270  -81.276  22.012 0.0000000000
10092  -5.301  -78.023  19.140 0.0000000000
10093  -5.828  -78.269  19.194 0.0000000000
10094  -6.469  -78.755  19.394 0.0000000000
10095  -6.853  -79.173  19.432 0.0000000000
10102  0.216  -80.287  20.042 0.0000000000
10103  0.784  -80.217  20.777 0.0000000000
10104  0.555  -80.604  20.794 0.0000000000
10105  -2.888  -78.152  18.141 0.0000000000
10106  -3.710  -78.536  18.206 0.0000000000
10107  -5.168  -78.540  18.723 0.0000000000
10108  -6.374  -79.187  18.855 0.0000000000
10109  -7.039  -79.635  19.024 0.0000000000
10110  -7.195  -80.090  19.291 0.0000000000
10111  -7.547  -80.780  19.294 0.0000000000
10118  0.479  -79.801  19.255 0.0000000000
10119  0.219  -79.199  18.491 0.0000000000
10120  -0.842  -79.030  17.989 0.0000000000
10121  -2.357  -78.402  17.829 0.0000000000
10122  -3.448  -78.917  17.661 0.0000000000
10123  -7.928  -81.023  18.948 0.0000000000
10129  0.008  -80.099  18.314 0.0000000000
10130  0.213  -79.730  17.633 0.0000000000
10131  -0.645  -79.748  17.327 0.0000000000
10132  -7.495  -81.564  17.812 0.0000000000
10133  -7.841  -81.392  18.320 0.0000000000
10136  -4.886  -81.174  15.849 0.0000000000
10137  -5.911  -81.560  16.582 0.0000000000
10138  -6.981  -82.034  17.205 0.0000000000
10139  -7.974  -82.023  17.402 0.0000000000
10142  -3.027  -81.341  14.435 0.0000000000
10143  -4.067  -81.485  15.219 0.0000000000
10144  -5.627  -81.649  15.698 0.0000000000
10145  -6.945  -82.009  16.283 0.0000000000
10146  -7.731  -82.341  16.679 0.0000000000
10153  -2.962  -81.503  13.540 0.0000000000
10154  -3.976  -81.599  14.243 0.0000000000
10155  -5.313  -81.782  14.926 0.0000000000
10156  -6.572  -82.119  15.481 0.0000000000
10160  -3.260  -81.022  12.915 0.0000000000
10161  -4.182  -81.280  13.026 0.0000000000
10162  -5.538  -81.345  13.824 0.0000000000
10163  -6.615  -81.533  14.329 0.0000000000
10167  -4.877  -81.084  12.378 0.0000000000
10168  -5.981  -81.162  13.075 0.0000000000
10169  -6.499  -81.298  13.640 0.0000000000
10184  -4.488  -80.820  11.319 0.0000000000
10185  -5.043  -81.184  12.055 0.0000000000
10186  -5.519  -81.291  12.602 0.0000000000
10200  -4.406  -80.686  10.652 0.0000000000
10201  -4.747  -81.087  11.481 0.0000000000
10217  -4.709  -80.424  9.831 0.0000000000
10693  1.189  -78.471  40.025 0.0000000000
10694  -0.223  -77.657  40.926 0.0000000000
10695  -1.553  -77.290  40.890 0.0000000000
10710  1.335  -79.096  38.319 0.0000000000
10711  1.279  -79.908  37.196 0.0000000000
10712  -2.781  -76.846  40.665 0.0000000000
10713  -4.015  -77.123  39.654 0.0000000000
10714  -4.798  -77.811  38.732 0.0000000000
10729  1.618  -79.069  37.186 0.0000000000
10730  0.880  -79.724  36.302 0.0000000000
10731  0.090  -80.414  35.590 0.0000000000
10732  -4.713  -77.092  38.489 0.0000000000
10745  0.290  -79.765  35.420 0.0000000000
10746  -0.997  -80.162  34.837 0.0000000000
10747  -2.519  -80.089  34.284 0.0000000000
10758  -3.244  -79.899  33.735 0.0000000000
10759  -3.716  -79.670  33.121 0.0000000000
10769  -3.760  -79.404  32.353 0.0000000000
10784  -3.806  -79.014  31.285 0.0000000000
10802  -3.385  -79.050  29.971 0.0000000000
10803  -3.811  -78.952  30.352 0.0000000000
10819  -3.299  -79.059  29.140 0.0000000000
10820  -3.767  -79.107  29.508 0.0000000000
10830  -3.230  -79.074  28.695 0.0000000000
10831  -3.682  -79.121  28.680 0.0000000000
10832  -3.841  -79.219  28.096 0.0000000000
10842  -3.083  -79.116  28.296 0.0000000000
10843  -3.319  -79.185  27.761 0.0000000000
10844  -3.705  -79.260  27.677 0.0000000000
10856  -3.178  -79.472  27.090 0.0000000000
10857  -3.441  -79.386  27.084 0.0000000000
10868  -2.777  -79.694  26.366 0.0000000000
10869  -3.242  -79.671  26.623 0.0000000000
10876  -0.738  -80.008  24.657 0.0000000000
10877  -1.151  -80.400  24.809 0.0000000000
10878  -2.220  -80.124  25.148 0.0000000000
10893  0.341  -78.698  22.867 0.0000000000
10894  0.436  -79.270  23.250 0.0000000000
10895  -0.249  -80.096  24.059 0.0000000000
10896  -1.641  -80.926  23.812 0.0000000000
10897  -2.310  -80.903  24.077 0.0000000000
10920  0.589  -78.970  21.775 0.0000000000
10921  0.126  -79.143  22.278 0.0000000000
10922  0.126  -79.935  22.589 0.0000000000
10923  -1.039  -80.455  22.892 0.0000000000
10924  -1.788  -80.748  22.788 0.0000000000
10932  0.473  -79.110  21.305 0.0000000000
10933  0.465  -79.612  21.530 0.0000000000
10934  0.697  -79.970  21.883 0.0000000000
10935  -4.074  -77.323  19.573 0.0000000000
10936  -5.125  -77.703  19.765 0.0000000000
10937  -6.088  -77.790  19.676 0.0000000000
10938  -6.629  -78.271  19.659 0.0000000000
10939  -6.947  -78.950  19.546 0.0000000000
10945  0.131  -79.384  20.465 0.0000000000
10946  0.694  -79.617  21.089 0.0000000000
10947  -1.020  -77.425  18.837 0.0000000000
10948  -2.436  -77.757  18.638 0.0000000000
10949  -3.681  -77.626  18.947 0.0000000000
10950  -4.697  -77.953  19.327 0.0000000000
10951  -7.203  -79.838  19.332 0.0000000000
10952  -7.563  -80.556  19.179 0.0000000000
10956  0.043  -78.742  19.438 0.0000000000
10957  0.086  -78.239  18.703 0.0000000000
10958  -0.916  -78.074  18.458 0.0000000000
10959  -1.658  -77.885  18.414 0.0000000000
10960  -7.260  -80.081  18.630 0.0000000000
10961  -7.639  -80.611  18.923 0.0000000000
10965  -5.007  -79.939  17.617 0.0000000000
10966  -5.751  -80.520  17.928 0.0000000000
10967  -7.028  -80.895  18.181 0.0000000000
10968  -7.448  -80.796  18.667 0.0000000000
10971  -3.277  -80.370  16.439 0.0000000000
10972  -4.532  -80.735  16.770 0.0000000000
10973  -6.233  -81.414  17.479 0.0000000000
10974  -6.987  -81.547  17.704 0.0000000000
10981  -0.368  -78.985  15.315 0.0000000000
10982  -0.934  -79.543  15.242 0.0000000000
10983  -2.547  -80.686  15.471 0.0000000000
10984  -3.991  -81.014  15.756 0.0000000000
10990  -0.397  -78.353  14.848 0.0000000000
10991  -1.203  -79.903  14.298 0.0000000000
10992  -2.125  -80.947  13.907 0.0000000000
10996  -1.066  -76.790  13.720 0.0000000000
10997  -1.519  -78.502  13.745 0.0000000000
10998  -1.998  -79.784  13.245 0.0000000000
10999  -2.719  -80.470  12.770 0.0000000000
11000  -3.477  -80.618  12.405 0.0000000000
11004  -2.336  -78.876  12.926 0.0000000000
11005  -2.786  -79.208  11.799 0.0000000000
11006  -3.186  -79.995  11.594 0.0000000000
11007  -4.019  -80.594  11.979 0.0000000000
11021  -3.423  -79.316  10.550 0.0000000000
11022  -3.730  -80.315  10.865 0.0000000000
11023  -4.439  -80.790  11.706 0.0000000000
11042  -3.807  -79.105  9.966 0.0000000000
11043  -4.164  -79.689  9.919 0.0000000000
11059  -5.164  -79.674  9.695 0.0000000000
11533  1.485  -76.996  38.165 0.0000000000
11534  1.230  -77.572  38.702 0.0000000000
11535  0.110  -77.003  40.022 0.0000000000
11536  -0.801  -77.115  40.515 0.0000000000
11546  1.654  -77.311  37.601 0.0000000000
11547  1.787  -78.266  37.668 0.0000000000
11548  -0.438  -76.450  39.804 0.0000000000
11549  -1.434  -76.404  40.130 0.0000000000
11550  -3.074  -76.166  39.671 0.0000000000
11563  1.017  -77.215  36.769 0.0000000000
11564  1.151  -78.434  36.503 0.0000000000
11565  1.035  -79.325  35.599 0.0000000000
11566  -4.092  -76.258  38.797 0.0000000000
11580  0.854  -77.013  36.288 0.0000000000
11581  0.903  -77.633  35.900 0.0000000000
11582  0.498  -78.940  34.735 0.0000000000
11583  -1.884  -79.639  34.102 0.0000000000
11584  -2.893  -79.729  33.981 0.0000000000
11599  -0.345  -78.512  34.056 0.0000000000
11600  -1.405  -78.993  33.764 0.0000000000
11601  -3.051  -79.316  33.394 0.0000000000
11602  -3.742  -79.297  32.921 0.0000000000
11614  -3.069  -78.917  32.886 0.0000000000
11615  -3.575  -78.973  32.558 0.0000000000
11634  -3.785  -78.985  31.723 0.0000000000
11649  -3.823  -78.950  30.867 0.0000000000
11664  -3.691  -78.958  29.872 0.0000000000
11665  -3.586  -78.971  29.257 0.0000000000
11678  -3.708  -79.100  29.088 0.0000000000
11679  -3.688  -79.081  28.447 0.0000000000
11689  -3.500  -79.188  27.660 0.0000000000
11701  -2.809  -79.535  26.860 0.0000000000
11702  -3.226  -79.207  27.092 0.0000000000
11714  0.740  -78.518  25.525 0.0000000000
11715  -0.357  -79.125  25.778 0.0000000000
11716  -1.419  -79.710  26.033 0.0000000000
11717  -2.082  -79.985  26.262 0.0000000000
11718  -2.560  -79.671  26.261 0.0000000000
11719  -3.047  -79.551  26.670 0.0000000000
11729  0.129  -78.223  24.398 0.0000000000
11730  0.608  -79.246  25.011 0.0000000000
11731  -0.676  -79.720  25.066 0.0000000000
11732  -1.635  -80.192  25.602 0.0000000000
11733  -2.082  -79.983  25.836 0.0000000000
11744  0.332  -78.366  23.398 0.0000000000
11745  0.048  -79.074  24.149 0.0000000000
11746  0.220  -79.603  24.653 0.0000000000
11759  0.288  -78.664  22.019 0.0000000000
11760  0.516  -78.020  22.250 0.0000000000
11761  -5.671  -76.415  20.643 0.0000000000
11762  -6.005  -76.660  20.547 0.0000000000
11767  0.127  -78.571  21.615 0.0000000000
11768  -0.120  -77.678  21.226 0.0000000000
11769  -1.676  -76.293  19.724 0.0000000000
11770  -2.853  -76.499  19.491 0.0000000000
11771  -4.261  -76.638  20.053 0.0000000000
11772  -5.524  -76.787  20.284 0.0000000000
11773  -6.334  -77.363  20.234 0.0000000000
11774  -6.813  -77.766  19.883 0.0000000000
11782  0.027  -78.329  20.907 0.0000000000
11783  -0.130  -77.360  20.274 0.0000000000
11784  -0.273  -76.938  19.413 0.0000000000
11785  -1.425  -76.755  19.329 0.0000000000
11786  -2.626  -77.105  19.055 0.0000000000
11787  -7.387  -78.226  19.890 0.0000000000
11792  -0.029  -78.248  20.120 0.0000000000
11793  0.234  -77.682  19.388 0.0000000000
11794  -0.211  -77.619  18.985 0.0000000000
11795  -5.890  -78.614  18.931 0.0000000000
11796  -6.543  -78.713  18.911 0.0000000000
11799  -3.190  -79.042  17.334 0.0000000000
11800  -3.988  -79.368  17.482 0.0000000000
11801  -5.422  -79.103  18.451 0.0000000000
11802  -6.374  -79.967  18.537 0.0000000000
11804  -0.542  -78.583  15.979 0.0000000000
11805  -1.181  -78.889  16.346 0.0000000000
11806  -2.580  -79.329  16.713 0.0000000000
11807  -3.658  -79.944  16.799 0.0000000000
11816  -0.352  -77.538  15.224 0.0000000000
11817  -0.270  -77.985  15.554 0.0000000000
11818  -0.162  -78.513  15.536 0.0000000000
11819  -0.645  -79.133  15.713 0.0000000000
11820  -1.434  -79.660  15.896 0.0000000000
11828  -0.122  -78.353  15.261 0.0000000000
11836  -1.960  -75.799  13.301 0.0000000000
11837  -2.432  -76.819  13.606 0.0000000000
11838  -2.828  -77.646  13.345 0.0000000000
11845  -3.123  -78.178  12.560 0.0000000000
11846  -2.953  -78.239  11.299 0.0000000000
11854  -3.498  -78.546  10.717 0.0000000000
11855  -3.926  -78.438  10.107 0.0000000000
11866  -3.684  -78.812  10.074 0.0000000000
11867  -4.356  -78.692  9.709 0.0000000000
11877  -4.949  -79.125  9.621 0.0000000000
12348  1.231  -76.783  38.525 0.0000000000
12349  0.590  -76.621  39.216 0.0000000000
12350  -0.029  -76.489  39.619 0.0000000000
12360  1.495  -76.519  37.996 0.0000000000
12361  0.793  -76.278  38.562 0.0000000000
12362  -0.373  -75.980  39.168 0.0000000000
12363  -2.218  -75.471  38.773 0.0000000000
12364  -3.379  -75.738  38.912 0.0000000000
12375  1.430  -76.542  37.225 0.0000000000
12376  -2.799  -74.629  37.851 0.0000000000
12377  -4.065  -75.081  38.164 0.0000000000
12393  1.045  -76.547  36.536 0.0000000000
12394  0.771  -76.873  35.905 0.0000000000
12395  0.753  -77.567  35.231 0.0000000000
12414  0.953  -76.243  36.055 0.0000000000
12415  0.828  -76.579  35.204 0.0000000000
12416  0.706  -77.884  34.187 0.0000000000
12417  -0.745  -78.555  33.482 0.0000000000
12418  -2.221  -78.823  33.120 0.0000000000
12438  0.643  -76.626  34.085 0.0000000000
12439  0.393  -77.744  33.092 0.0000000000
12440  -1.258  -78.531  32.647 0.0000000000
12441  -2.753  -78.734  32.334 0.0000000000
12442  -3.500  -78.776  31.900 0.0000000000
12465  0.003  -78.041  32.135 0.0000000000
12466  -1.564  -78.415  31.564 0.0000000000
12467  -2.966  -78.693  31.403 0.0000000000
12468  -3.625  -78.831  31.321 0.0000000000
12488  -1.652  -78.431  30.904 0.0000000000
12489  -2.344  -78.608  30.529 0.0000000000
12490  -3.351  -78.868  30.595 0.0000000000
12503  -2.223  -78.663  29.464 0.0000000000
12504  -3.193  -79.013  29.529 0.0000000000
12505  -3.605  -78.970  28.973 0.0000000000
12519  -1.888  -78.807  28.653 0.0000000000
12520  -2.782  -79.070  28.753 0.0000000000
12521  -3.421  -79.035  28.738 0.0000000000
12537  0.281  -77.452  28.003 0.0000000000
12538  0.415  -78.112  28.063 0.0000000000
12539  -0.340  -78.620  28.007 0.0000000000
12540  -1.416  -79.014  28.000 0.0000000000
12541  -2.368  -79.239  28.052 0.0000000000
12542  -3.173  -79.114  28.061 0.0000000000
12557  0.726  -77.509  27.502 0.0000000000
12558  0.182  -78.264  27.285 0.0000000000
12559  -0.857  -78.899  27.297 0.0000000000
12560  -1.820  -79.443  27.412 0.0000000000
12561  -2.712  -79.332  27.327 0.0000000000
12562  -3.227  -79.186  27.555 0.0000000000
12571  0.831  -77.684  26.383 0.0000000000
12572  -0.095  -78.697  26.520 0.0000000000
12573  -1.185  -79.279  26.647 0.0000000000
12574  -2.022  -79.718  26.794 0.0000000000
12575  -2.457  -79.584  26.697 0.0000000000
12588  0.069  -77.452  24.954 0.0000000000
12607  0.529  -77.060  23.200 0.0000000000
12608  -0.264  -76.492  22.785 0.0000000000
12619  0.251  -76.820  21.587 0.0000000000
12620  -0.409  -76.087  21.771 0.0000000000
12621  -2.010  -75.376  21.266 0.0000000000
12622  -3.614  -75.505  21.164 0.0000000000
12623  -4.810  -75.895  21.138 0.0000000000
12624  -5.767  -76.173  20.834 0.0000000000
12625  -6.395  -76.687  20.696 0.0000000000
12626  -6.613  -76.786  20.775 0.0000000000
12630  -0.256  -76.788  20.588 0.0000000000
12631  -0.383  -76.274  20.623 0.0000000000
12632  -1.549  -75.918  20.354 0.0000000000
12633  -3.198  -75.818  20.321 0.0000000000
12634  -4.622  -75.997  20.408 0.0000000000
12635  -5.544  -76.148  20.606 0.0000000000
12636  -6.665  -77.339  20.348 0.0000000000
12637  -6.671  -77.152  20.501 0.0000000000
12645  -0.593  -76.812  20.115 0.0000000000
12646  -0.500  -76.470  19.907 0.0000000000
12647  -0.929  -76.269  19.925 0.0000000000
12648  -5.894  -77.482  19.856 0.0000000000
12649  -6.480  -77.453  19.822 0.0000000000
12653  -4.793  -77.726  19.191 0.0000000000
12654  -5.539  -77.941  19.283 0.0000000000
12655  -6.129  -77.925  19.560 0.0000000000
12658  -1.908  -78.102  17.550 0.0000000000
12659  -2.811  -78.385  17.814 0.0000000000
12660  -4.343  -78.190  18.647 0.0000000000
12661  -5.118  -78.171  18.846 0.0000000000
12666  -0.027  -76.568  15.926 0.0000000000
12667  -0.000  -76.982  16.064 0.0000000000
12668  -0.615  -77.881  16.390 0.0000000000
12669  -1.507  -78.227  17.069 0.0000000000
12670  -2.176  -78.588  17.378 0.0000000000
12681  -0.008  -76.919  15.431 0.0000000000
12682  -0.166  -77.768  15.834 0.0000000000
12683  -0.340  -78.212  15.906 0.0000000000
12692  -0.416  -76.388  14.315 0.0000000000
12701  -1.254  -74.633  12.544 0.0000000000
12702  -3.315  -75.031  12.643 0.0000000000
12703  -3.828  -76.555  13.517 0.0000000000
12704  -5.019  -76.319  13.185 0.0000000000
12705  -6.228  -76.210  12.315 0.0000000000
12713  -3.822  -77.183  13.137 0.0000000000
12714  -4.140  -77.483  11.409 0.0000000000
12715  -5.718  -76.944  10.896 0.0000000000
12724  -3.920  -78.097  10.409 0.0000000000
12725  -4.847  -77.864  10.123 0.0000000000
12735  -5.192  -78.303  9.682 0.0000000000
13220  1.065  -76.144  38.064 0.0000000000
13221  0.409  -75.751  38.126 0.0000000000
13222  -0.759  -75.151  38.112 0.0000000000
13223  -1.799  -74.675  37.845 0.0000000000
13232  1.115  -76.036  37.508 0.0000000000
13233  0.244  -75.238  37.035 0.0000000000
13234  -1.088  -74.432  37.187 0.0000000000
13235  -2.312  -73.946  37.226 0.0000000000
13236  -3.605  -73.863  37.366 0.0000000000
13252  1.290  -75.885  36.586 0.0000000000
13253  0.790  -75.355  36.019 0.0000000000
13267  1.007  -75.826  35.765 0.0000000000
13268  0.907  -75.452  34.782 0.0000000000
13282  0.317  -75.448  31.905 0.0000000000
13283  0.390  -76.099  32.879 0.0000000000
13284  0.343  -77.326  32.449 0.0000000000
13295  0.577  -75.419  31.130 0.0000000000
13296  0.683  -76.313  31.504 0.0000000000
13297  0.516  -77.450  31.702 0.0000000000
13298  -0.379  -78.066  31.560 0.0000000000
13316  0.818  -75.484  30.347 0.0000000000
13317  0.781  -76.337  30.589 0.0000000000
13318  0.213  -77.290  30.736 0.0000000000
13319  -0.799  -78.177  30.888 0.0000000000
13320  -1.639  -78.418  30.612 0.0000000000
13338  0.834  -75.605  29.726 0.0000000000
13339  0.713  -76.266  29.819 0.0000000000
13340  0.176  -77.091  29.962 0.0000000000
13341  -0.520  -77.907  30.075 0.0000000000
13342  -1.499  -78.375  30.137 0.0000000000
13352  0.837  -75.360  29.455 0.0000000000
13353  0.728  -75.965  29.139 0.0000000000
13354  0.282  -76.909  29.146 0.0000000000
13355  0.007  -77.855  29.335 0.0000000000
13356  -1.074  -78.391  29.263 0.0000000000
13368  0.642  -76.662  28.230 0.0000000000
13369  0.048  -77.534  28.522 0.0000000000
13370  -0.134  -78.325  28.655 0.0000000000
13371  -0.933  -78.669  28.511 0.0000000000
13388  0.847  -76.592  27.081 0.0000000000
13401  0.677  -76.487  25.723 0.0000000000
13402  -0.049  -75.820  24.919 0.0000000000
13403  -1.405  -75.420  24.568 0.0000000000
13404  -2.327  -75.167  24.237 0.0000000000
13419  0.359  -76.523  24.263 0.0000000000
13420  -1.099  -75.897  24.099 0.0000000000
13421  -2.379  -75.433  23.866 0.0000000000
13422  -3.338  -75.169  23.519 0.0000000000
13423  -4.022  -75.296  23.008 0.0000000000
13442  0.364  -76.812  23.699 0.0000000000
13443  -0.582  -76.387  23.344 0.0000000000
13444  -1.942  -75.522  23.139 0.0000000000
13445  -3.183  -75.197  22.813 0.0000000000
13446  -4.352  -75.314  22.443 0.0000000000
13447  -5.472  -75.719  21.851 0.0000000000
13448  -5.967  -75.960  21.737 0.0000000000
13459  -0.691  -76.185  22.643 0.0000000000
13460  -1.354  -75.669  22.378 0.0000000000
13461  -2.695  -75.160  22.094 0.0000000000
13462  -4.026  -75.254  21.868 0.0000000000
13463  -5.139  -75.787  21.607 0.0000000000
13464  -6.137  -75.971  21.245 0.0000000000
13465  -6.522  -76.376  21.021 0.0000000000
13472  -6.654  -76.556  20.892 0.0000000000
13479  -5.140  -76.667  20.145 0.0000000000
13480  -5.921  -76.807  20.265 0.0000000000
13481  -6.479  -76.779  20.664 0.0000000000
13485  -3.537  -76.836  19.606 0.0000000000
13486  -4.365  -77.038  19.696 0.0000000000
13487  -5.381  -77.240  19.994 0.0000000000
13491  -0.178  -75.608  16.645 0.0000000000
13492  0.079  -75.846  16.828 0.0000000000
13493  -1.236  -76.925  17.542 0.0000000000
13494  -3.031  -77.022  19.045 0.0000000000
13495  -4.222  -77.525  19.413 0.0000000000
13503  -0.147  -76.051  15.632 0.0000000000
13504  -0.009  -75.886  16.260 0.0000000000
13505  -0.351  -76.794  16.655 0.0000000000
13506  -0.958  -77.460  16.963 0.0000000000
13516  -0.364  -75.658  14.917 0.0000000000
13522  -5.489  -75.217  13.084 0.0000000000
13523  -6.392  -74.401  12.590 0.0000000000
13532  -6.100  -75.486  12.890 0.0000000000
14058  0.311  -74.920  36.285 0.0000000000
14059  -0.401  -74.453  36.372 0.0000000000
14060  -1.783  -73.666  36.308 0.0000000000
14061  -3.142  -73.162  36.505 0.0000000000
14074  0.323  -74.756  35.660 0.0000000000
14075  -0.737  -74.111  35.544 0.0000000000
14076  -2.034  -73.385  35.365 0.0000000000
14088  0.205  -74.542  34.833 0.0000000000
14089  -1.021  -73.964  34.526 0.0000000000
14090  -2.540  -73.365  34.568 0.0000000000
14091  -3.392  -73.225  34.278 0.0000000000
14100  0.046  -74.858  32.474 0.0000000000
14101  0.598  -74.328  33.637 0.0000000000
14102  -0.899  -73.903  33.703 0.0000000000
14103  -1.970  -73.725  33.882 0.0000000000
14104  -2.979  -73.602  33.790 0.0000000000
14112  0.364  -74.604  31.727 0.0000000000
14113  0.458  -73.851  32.264 0.0000000000
14114  -0.262  -73.739  33.005 0.0000000000
14115  -1.736  -73.734  33.309 0.0000000000
14116  -2.501  -73.711  33.474 0.0000000000
14120  0.588  -74.351  30.883 0.0000000000
14121  0.174  -73.942  31.515 0.0000000000
14136  0.864  -74.791  29.935 0.0000000000
14147  0.796  -74.974  29.022 0.0000000000
14148  0.756  -75.739  28.563 0.0000000000
14157  0.765  -74.599  28.551 0.0000000000
14158  0.779  -75.295  27.930 0.0000000000
14177  0.617  -75.560  26.640 0.0000000000
14178  0.009  -74.989  26.042 0.0000000000
14179  -0.511  -74.890  25.375 0.0000000000
14191  0.476  -75.569  25.671 0.0000000000
14192  -0.470  -75.247  25.248 0.0000000000
14193  -1.407  -75.042  24.747 0.0000000000
14194  -2.459  -74.938  24.153 0.0000000000
14201  -2.982  -75.261  23.581 0.0000000000
14202  -3.549  -75.059  23.072 0.0000000000
14206  -4.238  -75.286  22.690 0.0000000000
14207  -5.015  -75.638  22.165 0.0000000000
14208  -5.718  -75.852  21.818 0.0000000000
14217  -5.626  -75.640  21.815 0.0000000000
14218  -6.255  -75.912  21.671 0.0000000000
14219  -6.501  -76.107  21.342 0.0000000000
14228  -6.361  -75.935  21.464 0.0000000000
14229  -6.728  -76.279  21.324 0.0000000000
14235  -5.532  -76.254  20.544 0.0000000000
14236  -6.176  -76.038  20.984 0.0000000000
14237  -6.662  -76.360  21.014 0.0000000000
14242  -3.335  -76.188  19.486 0.0000000000
14243  -4.355  -76.097  20.282 0.0000000000
14249  -0.064  -75.149  16.545 0.0000000000
14250  -0.024  -74.761  16.721 0.0000000000
14251  -1.485  -75.427  17.952 0.0000000000
14252  -2.568  -75.893  18.798 0.0000000000
14261  -0.191  -75.200  15.436 0.0000000000
14262  -0.080  -74.714  15.830 0.0000000000
14263  -0.216  -74.473  16.225 0.0000000000
14276  -6.525  -73.361  12.476 0.0000000000
14801  -3.037  -72.822  35.725 0.0000000000
14808  -3.139  -72.693  35.062 0.0000000000
14818  -3.286  -72.869  34.720 0.0000000000
14819  -3.943  -72.314  34.497 0.0000000000
14830  -4.011  -73.388  33.662 0.0000000000
14840  0.469  -73.309  31.868 0.0000000000
14841  -0.090  -73.293  32.249 0.0000000000
14842  -1.513  -73.507  32.646 0.0000000000
14843  -3.200  -73.649  32.980 0.0000000000
14844  -4.933  -73.391  32.749 0.0000000000
14851  0.796  -73.624  30.815 0.0000000000
14852  0.694  -73.338  31.384 0.0000000000
14853  0.191  -72.855  31.665 0.0000000000
14854  -1.043  -72.871  31.933 0.0000000000
14855  -2.812  -73.353  32.075 0.0000000000
14856  -4.556  -73.419  31.994 0.0000000000
14871  0.861  -73.909  30.390 0.0000000000
14872  0.760  -73.173  30.489 0.0000000000
14873  0.546  -72.588  31.004 0.0000000000
14874  -0.566  -72.308  31.261 0.0000000000
14875  -2.071  -72.464  31.342 0.0000000000
14876  -4.013  -72.946  31.152 0.0000000000
14893  0.842  -73.807  29.716 0.0000000000
14894  0.846  -73.162  30.008 0.0000000000
14905  0.602  -74.063  28.955 0.0000000000
14906  0.731  -74.017  28.297 0.0000000000
14923  0.706  -74.130  27.010 0.0000000000
14924  0.012  -74.577  25.876 0.0000000000
14925  -0.690  -74.822  25.196 0.0000000000
14936  0.332  -73.734  26.156 0.0000000000
14937  0.240  -74.397  25.205 0.0000000000
14938  -1.388  -74.749  24.484 0.0000000000
14939  -2.603  -74.803  24.005 0.0000000000
14947  -2.223  -74.673  23.963 0.0000000000
14948  -2.974  -75.131  23.286 0.0000000000
14949  -3.681  -75.235  22.788 0.0000000000
14952  -3.371  -75.182  22.787 0.0000000000
14953  -4.288  -75.184  22.404 0.0000000000
14954  -5.131  -75.382  21.936 0.0000000000
14957  -4.500  -75.360  21.565 0.0000000000
14958  -5.661  -75.492  21.645 0.0000000000
14959  -6.127  -75.765  21.646 0.0000000000
14964  -4.305  -74.999  20.635 0.0000000000
14965  -5.349  -75.294  21.212 0.0000000000
14966  -5.886  -75.796  21.528 0.0000000000
14971  -3.812  -74.891  19.780 0.0000000000
14972  -5.063  -75.395  20.688 0.0000000000
14973  -5.759  -75.469  21.091 0.0000000000
14982  -3.199  -74.814  19.296 0.0000000000
14983  -4.351  -75.052  19.962 0.0000000000
14993  0.562  -73.700  16.041 0.0000000000
14994  0.056  -73.522  16.411 0.0000000000
14995  -2.130  -74.742  18.331 0.0000000000
15004  -0.475  -74.915  14.790 0.0000000000
15005  -0.048  -74.377  14.684 0.0000000000
15006  0.005  -73.734  15.281 0.0000000000
15007  0.477  -73.196  15.381 0.0000000000
15013  -0.291  -74.553  13.840 0.0000000000
15014  -6.608  -72.053  12.773 0.0000000000
15021  -5.348  -73.120  12.452 0.0000000000
15022  -6.407  -72.677  12.511 0.0000000000
15588  0.725  -72.877  30.117 0.0000000000
15589  0.763  -72.540  30.272 0.0000000000
15590  -0.231  -72.074  30.449 0.0000000000
15591  -1.418  -71.755  30.680 0.0000000000
15592  -2.790  -72.066  30.617 0.0000000000
15608  0.754  -73.541  29.281 0.0000000000
15609  0.794  -72.915  29.585 0.0000000000
15610  0.444  -71.915  29.681 0.0000000000
15611  -0.725  -71.294  29.880 0.0000000000
15612  -2.233  -71.339  29.919 0.0000000000
15613  -4.341  -71.811  30.067 0.0000000000
15620  0.761  -73.415  28.907 0.0000000000
15621  0.733  -72.577  28.423 0.0000000000
15622  0.004  -71.055  28.988 0.0000000000
15623  -1.308  -70.757  29.014 0.0000000000
15624  -3.015  -70.972  28.955 0.0000000000
15625  -4.971  -71.131  28.828 0.0000000000
15638  0.733  -72.087  26.515 0.0000000000
15639  0.698  -72.402  26.815 0.0000000000
15651  0.724  -72.227  26.205 0.0000000000
15652  0.520  -73.187  25.562 0.0000000000
15653  -0.001  -74.065  24.499 0.0000000000
15654  -1.287  -74.454  24.006 0.0000000000
15664  0.508  -72.389  25.614 0.0000000000
15665  0.110  -72.860  24.486 0.0000000000
15666  -0.139  -74.191  23.290 0.0000000000
15667  -2.063  -74.712  23.295 0.0000000000
15668  -2.875  -75.216  22.946 0.0000000000
15676  0.174  -72.982  22.347 0.0000000000
15677  0.016  -74.122  22.078 0.0000000000
15678  -1.286  -74.616  22.340 0.0000000000
15679  -2.939  -75.140  22.370 0.0000000000
15680  -3.828  -75.186  21.981 0.0000000000
15683  0.648  -72.335  20.765 0.0000000000
15684  0.254  -73.478  21.141 0.0000000000
15685  -0.713  -74.316  21.299 0.0000000000
15686  -2.226  -74.825  21.521 0.0000000000
15687  -3.387  -75.236  21.697 0.0000000000
15690  0.981  -71.806  19.451 0.0000000000
15691  0.290  -72.590  19.989 0.0000000000
15692  -0.528  -73.465  20.198 0.0000000000
15693  -1.731  -74.334  20.424 0.0000000000
15694  -3.283  -74.816  20.923 0.0000000000
15702  1.209  -71.501  18.687 0.0000000000
15703  0.589  -71.904  18.869 0.0000000000
15704  -0.329  -72.585  18.967 0.0000000000
15705  -1.469  -73.048  18.743 0.0000000000
15706  -2.847  -74.487  19.802 0.0000000000
15716  -0.601  -72.492  16.942 0.0000000000
15717  -2.293  -73.916  18.659 0.0000000000
15726  0.168  -71.742  15.045 0.0000000000
15727  -1.295  -73.334  17.700 0.0000000000
15739  -0.102  -74.016  13.944 0.0000000000
15740  0.249  -73.570  13.530 0.0000000000
15741  0.054  -72.097  13.458 0.0000000000
15742  -1.865  -70.634  11.984 0.0000000000
15748  -0.806  -72.589  12.065 0.0000000000
15749  -2.196  -71.502  11.470 0.0000000000
15750  -2.770  -70.423  11.742 0.0000000000
15751  -5.176  -71.404  12.741 0.0000000000
15757  -3.724  -72.822  11.940 0.0000000000
16320  0.215  -71.385  27.888 0.0000000000
16321  -0.451  -70.277  28.139 0.0000000000
16322  -1.867  -70.222  28.073 0.0000000000
16323  -3.499  -70.327  28.139 0.0000000000
16324  -4.955  -70.741  28.041 0.0000000000
16333  0.712  -71.795  26.544 0.0000000000
16334  0.189  -70.963  26.959 0.0000000000
16335  -0.922  -69.673  27.043 0.0000000000
16336  -2.462  -69.795  27.341 0.0000000000
16337  -4.015  -70.340  27.197 0.0000000000
16347  0.477  -71.626  26.139 0.0000000000
16348  -0.277  -70.724  26.004 0.0000000000
16349  -0.872  -69.737  26.301 0.0000000000
16350  -5.134  -70.430  26.697 0.0000000000
16359  0.361  -71.877  25.458 0.0000000000
16360  -0.067  -71.637  24.939 0.0000000000
16370  0.165  -71.997  23.502 0.0000000000
16377  0.330  -71.086  21.009 0.0000000000
16378  0.626  -71.594  21.535 0.0000000000
16381  0.616  -70.755  20.499 0.0000000000
16382  0.848  -71.232  19.903 0.0000000000
16391  1.135  -69.792  19.062 0.0000000000
16392  1.058  -70.757  18.379 0.0000000000
16393  1.060  -71.142  17.844 0.0000000000
16394  -0.134  -71.657  17.910 0.0000000000
16395  -0.786  -72.219  18.180 0.0000000000
16406  1.425  -69.059  18.100 0.0000000000
16407  1.317  -69.546  17.630 0.0000000000
16408  1.554  -69.903  16.525 0.0000000000
16409  0.382  -70.753  16.377 0.0000000000
16410  -0.277  -71.874  17.106 0.0000000000
16420  1.258  -69.196  15.258 0.0000000000
16421  0.839  -69.604  14.847 0.0000000000
16422  0.273  -70.535  14.295 0.0000000000
16431  -1.225  -70.041  12.364 0.0000000000
16432  -3.702  -69.909  12.243 0.0000000000
16437  -5.016  -70.557  12.967 0.0000000000
17030  -1.202  -69.512  26.262 0.0000000000
17031  -2.013  -69.636  26.472 0.0000000000
17032  -2.926  -69.665  26.787 0.0000000000
17040  -0.586  -70.856  25.311 0.0000000000
17041  -0.954  -69.792  25.602 0.0000000000
17042  -1.837  -69.338  25.584 0.0000000000
17043  -3.433  -69.463  25.980 0.0000000000
17053  -0.761  -71.018  24.541 0.0000000000
17054  -1.477  -69.823  24.520 0.0000000000
17055  -2.582  -69.063  24.534 0.0000000000
17056  -4.512  -69.632  24.689 0.0000000000
17065  -0.649  -71.058  23.085 0.0000000000
17066  -1.812  -70.063  23.004 0.0000000000
17067  -3.465  -69.354  23.158 0.0000000000
17068  -5.334  -69.434  23.897 0.0000000000
17077  0.464  -70.902  21.006 0.0000000000
17078  -0.501  -70.741  21.498 0.0000000000
17079  -1.991  -69.705  21.798 0.0000000000
17080  -3.053  -69.355  22.287 0.0000000000
17086  0.906  -70.110  20.490 0.0000000000
17087  -0.245  -69.435  20.597 0.0000000000
17088  -1.430  -69.403  21.064 0.0000000000
17097  1.228  -68.648  19.606 0.0000000000
17098  0.779  -68.493  20.073 0.0000000000
17109  2.032  -68.320  18.467 0.0000000000
17110  1.572  -68.758  17.433 0.0000000000
17111  1.965  -69.076  16.616 0.0000000000
17121  1.528  -68.071  17.398 0.0000000000
17122  1.563  -68.265  16.552 0.0000000000
17123  1.443  -68.580  15.663 0.0000000000
17124  0.509  -68.487  14.495 0.0000000000
17125  -0.425  -68.339  13.314 0.0000000000
17132  -1.773  -68.576  12.457 0.0000000000
17133  -3.714  -68.654  12.581 0.0000000000
17134  -5.113  -69.175  13.128 0.0000000000
17753  -3.704  -69.179  22.431 0.0000000000
17754  -4.718  -69.118  22.903 0.0000000000
17755  -6.119  -69.028  23.417 0.0000000000
17763  -2.039  -69.209  21.285 0.0000000000
17764  -2.988  -69.116  21.813 0.0000000000
17765  -4.169  -68.891  22.091 0.0000000000
17766  -5.461  -68.580  22.405 0.0000000000
17774  -0.128  -68.507  20.130 0.0000000000
17775  -1.226  -68.742  20.699 0.0000000000
17776  -2.230  -68.269  21.281 0.0000000000
17777  -3.401  -68.423  21.549 0.0000000000
17778  -4.497  -68.379  21.625 0.0000000000
17786  1.452  -67.215  18.742 0.0000000000
17787  0.872  -67.587  19.728 0.0000000000
17788  -0.697  -67.818  20.211 0.0000000000
17789  -1.522  -67.933  20.783 0.0000000000
17801  1.356  -67.503  17.812 0.0000000000
17810  1.311  -67.323  16.791 0.0000000000
17811  1.282  -67.578  15.862 0.0000000000
17812  -0.018  -67.361  14.757 0.0000000000
17813  -0.594  -67.602  13.745 0.0000000000
17814  -1.310  -67.395  13.242 0.0000000000
17815  -4.734  -67.839  13.232 0.0000000000
17826  0.386  -66.552  15.868 0.0000000000
17827  -2.519  -66.891  12.615 0.0000000000
17828  -3.558  -67.555  12.448 0.0000000000
18492  -6.248  -68.241  22.298 0.0000000000
18502  -2.777  -67.917  21.160 0.0000000000
18503  -3.700  -67.830  21.016 0.0000000000
18504  -5.506  -67.635  21.483 0.0000000000
18514  1.444  -66.313  18.520 0.0000000000
18515  1.088  -66.538  18.989 0.0000000000
18516  -0.273  -66.731  19.561 0.0000000000
18517  -1.990  -67.221  20.531 0.0000000000
18518  -3.757  -66.837  20.407 0.0000000000
18519  -4.996  -66.453  20.647 0.0000000000
18532  0.965  -66.248  17.568 0.0000000000
18533  0.953  -66.074  18.436 0.0000000000
18534  0.373  -66.101  18.917 0.0000000000
18554  -4.192  -66.797  13.391 0.0000000000
19248  -6.244  -66.631  21.217 0.0000000000
19262  -1.284  -66.346  19.797 0.0000000000
19263  -2.307  -66.105  19.684 0.0000000000
19264  -3.935  -65.374  19.763 0.0000000000
19265  -5.561  -65.643  20.609 0.0000000000
19266  -6.558  -65.764  21.382 0.0000000000
19285  0.455  -65.913  17.942 0.0000000000
19286  -0.114  -65.875  18.285 0.0000000000
19287  -1.011  -65.841  18.964 0.0000000000
19288  -2.365  -65.261  18.832 0.0000000000
19289  -3.158  -64.998  18.642 0.0000000000
20112  -4.783  -64.274  18.665 0.0000000000
20113  -5.534  -64.780  19.971 0.0000000000
20114  -6.190  -65.011  20.733 0.0000000000
20115  -7.221  -65.107  20.961 0.0000000000
20116  -7.867  -64.831  21.807 0.0000000000
20132  -1.648  -65.238  18.437 0.0000000000
21012  -6.708  -64.516  20.415 0.0000000000
21013  -7.141  -63.475  20.739 0.0000000000
21014  -8.200  -63.268  21.752 0.0000000000
21015  -8.126  -62.752  22.268 0.0000000000
21989  -8.071  -61.632  21.454 0.0000000000
22085  -5.843  -64.115  16.308 0.0000000000
23127  -9.091  -61.173  22.388 0.0000000000
23201  -7.337  -63.289  15.267 0.0000000000
23218  -7.931  -62.042  14.826 0.0000000000
24233  -8.148  -61.282  15.083 0.0000000000
25047  -8.278  -59.971  15.848 0.0000000000
25048  -9.098  -59.856  16.900 0.0000000000
25057  -8.981  -60.050  16.078 0.0000000000
25836  -9.418  -59.517  20.137 0.0000000000
25849  -9.640  -59.488  18.488 0.0000000000
109705  -0.453  -78.078  15.404 0.0000000000
109706  -1.038  -73.238  12.038 0.0000000000
109707  -0.830  -72.904  11.885 0.0000000000
109708  -1.079  -72.640  11.678 0.0000000000
109709  -3.988  -73.512  12.147 0.0000000000
109710  -0.480  -73.518  12.552 0.0000000000
109711  -1.261  -72.539  11.548 0.0000000000
109712  -3.943  -73.114  11.923 0.0000000000
109713  -1.462  -72.634  11.390 0.0000000000
109714  -4.650  -75.579  13.122 0.0000000000
109715  -2.013  -72.642  11.553 0.0000000000
109716  -4.147  -73.214  12.134 0.0000000000
109717  -1.676  -73.045  11.571 0.0000000000
109718  -4.812  -73.882  12.520 0.0000000000
109719  -4.361  -73.151  12.204 0.0000000000
109720  -1.141  -72.832  11.540 0.0000000000
109721  -1.840  -72.487  11.607 0.0000000000
109722  -3.646  -70.804  12.033 0.0000000000
109723  -3.571  -71.578  11.962 0.0000000000
109762  -1.470  -66.000  14.544 0.0000000000
109763  -2.376  -66.068  13.516 0.0000000000
109764  -2.428  -65.306  16.631 0.0000000000
109765  -6.007  -61.593  18.823 0.0000000000
109766  -1.681  -66.654  13.460 0.0000000000
109767  -6.433  -62.615  18.494 0.0000000000
109768  -0.819  -65.682  16.166 0.0000000000
109769  -6.306  -64.011  19.685 0.0000000000
109770  -6.119  -61.863  19.050 0.0000000000
109771  -6.071  -61.346  18.814 0.0000000000
109772  -6.354  -61.303  19.108 0.0000000000
109773  -6.961  -61.189  20.548 0.0000000000
109774  -2.809  -66.341  12.921 0.0000000000
109775  -6.208  -61.098  18.680 0.0000000000
109776  -6.064  -60.860  18.737 0.0000000000
109777  -0.627  -65.483  17.467 0.0000000000
109778  -2.628  -65.060  17.933 0.0000000000
109779  -7.071  -60.736  20.231 0.0000000000
109780  -2.882  -66.311  12.504 0.0000000000
109781  -3.700  -65.998  14.138 0.0000000000
109782  -7.077  -59.866  19.691 0.0000000000
109783  -1.105  -65.409  18.176 0.0000000000
109784  -7.485  -60.576  20.802 0.0000000000
109785  -3.226  -66.366  13.037 0.0000000000
109786  -7.690  -59.791  19.382 0.0000000000
109787  -2.782  -65.590  15.477 0.0000000000
109788  -7.833  -59.959  20.563 0.0000000000
109789  -4.146  -66.133  13.354 0.0000000000
109790  -7.629  -59.819  16.705 0.0000000000
109791  -7.248  -61.008  16.518 0.0000000000
109792  -2.583  -64.926  18.473 0.0000000000
109793  -5.220  -66.005  14.154 0.0000000000
109794  -7.736  -60.123  16.011 0.0000000000
109795  -7.788  -60.613  15.644 0.0000000000
109796  -5.673  -65.108  14.567 0.0000000000
109797  -7.417  -61.731  15.598 0.0000000000
109798  -6.091  -64.547  19.927 0.0000000000
109799  -6.151  -64.599  20.227 0.0000000000
109800  -6.638  -62.599  19.692 0.0000000000
109801  -7.600  -62.394  15.181 0.0000000000
109802  -7.088  -62.683  20.248 0.0000000000
109803  -7.518  -62.502  21.140 0.0000000000
109804  -6.959  -61.814  20.530 0.0000000000
109806  -7.168  -61.281  20.662 0.0000000000
109807  -6.598  -61.649  17.641 0.0000000000
109808  -6.704  -60.267  18.404 0.0000000000
109809  -8.828  -60.038  21.516 0.0000000000
109810  -8.250  -59.651  17.993 0.0000000000
109811  -8.215  -59.679  16.663 0.0000000000
109812  -8.602  -59.770  20.749 0.0000000000
