#!ascii label  , from subject Yale_0050557 vox2ras=TkReg
1568
13546  -7.947  -45.958  73.937 0.1000000015
13545  -9.591  -48.266  70.904 0.1000000015
13548  -9.415  -46.044  73.317 0.1000000015
13547  -10.256  -47.664  71.636 0.1000000015
13929  -11.178  -46.113  72.545 0.1000000015
13553  -11.901  -47.928  70.382 0.1000000015
13554  -13.398  -47.291  70.726 0.1000000015
13555  -13.367  -47.950  69.421 0.1000000015
13934  -14.569  -47.723  69.961 0.1000000015
13575  -14.990  -47.879  68.296 0.1000000015
11881  -21.884  -52.464  64.940 0.2000000030
12246  -21.511  -51.360  64.769 0.2000000030
12257  -21.719  -49.780  64.161 0.2000000030
15467  -13.152  -38.989  72.451 0.2000000030
15177  -11.963  -40.205  74.199 0.1000000015
15466  -12.208  -38.890  73.794 0.1000000015
15468  -14.068  -39.638  71.469 0.3000000119
14574  -13.688  -42.242  72.592 0.1000000015
14882  -12.263  -41.958  73.634 0.1000000015
15179  -13.957  -40.251  72.222 0.2000000030
14270  -11.107  -43.657  73.653 0.1000000015
14269  -12.538  -44.273  72.836 0.2000000030
13932  -14.806  -45.779  71.415 0.3000000119
13933  -15.485  -46.995  70.775 0.1000000015
13565  -15.755  -47.992  69.421 0.1000000015
13564  -17.745  -48.144  68.413 0.1000000015
11882  -23.408  -53.295  64.788 0.2000000030
12247  -23.887  -51.873  65.204 0.2000000030
12564  -24.084  -50.422  65.225 0.1000000015
15184  -14.073  -39.414  67.604 0.3000000119
14883  -14.695  -41.620  71.526 0.3000000119
15180  -14.801  -40.455  70.588 0.3000000119
15182  -15.530  -41.019  67.283 0.3000000119
14885  -15.566  -41.746  70.248 0.3000000119
14274  -14.175  -44.440  71.978 0.2000000030
14575  -15.265  -42.930  71.249 0.2000000030
14577  -16.130  -42.622  70.062 0.3000000119
14277  -16.907  -43.982  70.608 0.3000000119
13930  -12.969  -46.026  71.861 0.2000000030
14275  -15.862  -44.270  71.232 0.3000000119
13935  -16.717  -45.663  71.099 0.3000000119
13566  -16.913  -47.809  69.773 0.2000000030
13568  -19.438  -48.144  68.201 0.3000000119
13572  -21.438  -47.831  68.150 0.2000000030
13577  -21.880  -48.222  66.983 0.1000000015
13597  -23.277  -48.433  65.999 0.1000000015
15187  -14.034  -38.723  63.143 0.3000000119
17618  -25.247  -33.861  69.536 0.6000000238
17912  -25.548  -31.819  70.241 0.4000000060
17625  -26.623  -33.133  68.739 0.4000000060
17624  -26.187  -34.793  67.196 0.8000000119
17345  -24.508  -35.499  66.766 0.8999999762
17623  -24.768  -35.262  67.943 0.8000000119
13569  -16.893  -47.018  70.530 0.3000000119
13939  -17.988  -45.045  70.573 0.4000000060
17344  -23.862  -35.525  65.328 0.8999999762
17626  -25.836  -35.317  65.519 0.8999999762
17627  -27.191  -34.838  65.588 0.8999999762
13570  -18.006  -46.613  70.365 0.3000000119
13567  -19.570  -47.699  68.929 0.3000000119
13571  -20.173  -46.922  69.358 0.3000000119
17069  -24.055  -35.626  63.953 0.8999999762
17354  -25.342  -35.671  63.009 0.8999999762
16767  -23.558  -36.169  62.761 0.8999999762
17362  -26.272  -35.312  61.400 1.0000000000
17070  -24.394  -36.195  61.684 1.0000000000
13579  -23.514  -47.875  67.347 0.2000000030
17076  -25.612  -35.589  59.310 1.0000000000
13242  -22.681  -48.632  65.055 0.1000000015
12888  -24.800  -49.154  65.769 0.1000000015
11524  -25.344  -54.512  63.515 0.2000000030
17374  -26.498  -34.710  58.092 1.0000000000
16783  -25.331  -36.062  57.597 1.0000000000
15186  -15.536  -39.987  63.541 0.4000000060
17329  -22.413  -34.413  71.682 0.4000000060
14887  -16.687  -41.314  65.452 0.5000000000
17920  -26.604  -31.057  69.668 0.3000000119
18577  -28.929  -29.440  69.330 0.4000000060
17929  -29.735  -30.529  68.294 0.5000000000
14578  -16.744  -42.544  69.052 0.3000000119
16760  -23.541  -35.986  67.071 0.8000000119
17628  -27.567  -34.043  66.945 0.8000000119
17928  -28.385  -32.745  67.704 0.5000000000
14280  -17.821  -43.515  69.820 0.4000000060
13946  -19.839  -45.510  69.928 0.4000000060
16435  -23.326  -36.114  64.396 0.8999999762
17634  -27.122  -35.109  63.716 1.0000000000
16437  -23.844  -36.775  61.349 0.8999999762
17368  -27.161  -34.078  59.446 1.0000000000
13593  -24.745  -48.185  66.567 0.2000000030
17073  -24.547  -36.485  59.306 1.0000000000
12565  -25.901  -49.913  65.594 0.1000000015
16098  -24.326  -37.803  56.643 1.0000000000
16779  -24.114  -37.200  57.489 1.0000000000
12248  -26.846  -51.044  64.903 0.2000000030
11883  -25.304  -52.772  64.573 0.2000000030
16448  -25.476  -36.708  57.257 1.0000000000
14908  -25.719  -40.694  56.910 1.0000000000
15495  -25.590  -38.080  57.313 1.0000000000
16449  -26.432  -35.690  57.851 1.0000000000
11884  -29.913  -51.948  62.817 0.2000000030
15205  -26.986  -39.681  58.635 1.0000000000
14906  -28.430  -41.175  59.702 0.8999999762
15492  -28.233  -38.849  60.399 1.0000000000
14600  -30.256  -42.210  60.900 0.8999999762
14596  -31.464  -41.796  61.922 0.8999999762
15201  -29.755  -40.404  61.350 0.8999999762
13279  -37.617  -47.080  58.028 0.3000000119
14904  -32.410  -41.001  62.275 0.8000000119
16748  -21.723  -36.073  70.976 0.5000000000
16753  -23.443  -35.845  69.020 0.6000000238
17615  -24.083  -33.207  71.094 0.3000000119
14580  -17.471  -42.358  67.884 0.6999999881
18251  -25.691  -29.248  70.555 0.3000000119
17927  -28.076  -31.018  68.952 0.2000000030
18245  -24.598  -29.517  70.977 0.3000000119
18252  -26.765  -28.916  70.308 0.2000000030
14579  -18.868  -42.876  68.375 0.5000000000
18879  -26.258  -27.852  70.447 0.2000000030
17934  -29.332  -33.160  66.438 0.8000000119
17935  -30.398  -31.445  67.174 0.8000000119
14281  -19.389  -44.258  69.855 0.4000000060
16070  -24.324  -36.978  63.820 0.8000000119
17632  -29.409  -33.634  65.191 0.8999999762
18261  -31.082  -31.746  66.120 0.8000000119
16076  -23.762  -36.969  62.565 0.8999999762
13947  -22.568  -45.933  69.252 0.4000000060
17641  -28.876  -33.937  63.055 1.0000000000
16440  -24.088  -37.246  58.983 0.8999999762
15797  -23.827  -38.289  57.301 0.8999999762
12884  -27.527  -48.952  65.626 0.1000000015
11126  -27.458  -55.095  62.255 0.2000000030
15207  -24.759  -39.078  56.762 1.0000000000
17083  -27.909  -33.995  58.039 1.0000000000
11127  -29.365  -54.413  61.854 0.2000000030
12250  -30.012  -50.724  63.667 0.2000000030
16093  -27.336  -36.897  59.456 1.0000000000
14603  -27.034  -41.881  57.886 0.8999999762
14308  -29.195  -43.398  59.274 0.8999999762
13976  -30.438  -44.737  59.201 0.8000000119
13975  -31.587  -43.930  60.613 0.8000000119
12601  -35.168  -48.940  58.653 0.3000000119
13622  -33.755  -45.724  60.061 0.6000000238
12919  -36.936  -48.604  58.212 0.3000000119
13617  -35.423  -45.606  60.203 0.5000000000
13972  -34.130  -44.677  60.878 0.6999999881
14595  -32.850  -42.880  61.790 0.8000000119
13278  -36.380  -46.792  59.163 0.3000000119
14302  -35.281  -43.682  61.116 0.6000000238
14597  -33.642  -41.642  62.029 0.8000000119
13623  -36.960  -45.252  59.320 0.4000000060
14303  -36.521  -43.147  60.349 0.5000000000
14598  -34.963  -41.244  61.180 0.6000000238
14304  -37.347  -43.591  58.771 0.4000000060
14599  -36.450  -42.083  59.731 0.4000000060
14601  -36.745  -42.227  58.165 0.4000000060
14605  -36.022  -41.509  58.265 0.5000000000
16746  -20.689  -35.270  72.160 0.3000000119
17328  -22.180  -33.013  72.314 0.3000000119
15189  -16.091  -39.878  62.883 0.6000000238
15190  -17.062  -40.418  63.568 0.6999999881
16411  -22.061  -37.318  70.086 0.6000000238
16418  -23.465  -36.645  68.672 0.5000000000
14888  -18.402  -41.320  64.512 0.6000000238
18883  -30.053  -27.718  69.267 0.4000000060
16061  -24.596  -37.275  68.236 0.8000000119
16422  -23.822  -36.448  67.001 0.8000000119
18576  -27.940  -28.996  69.812 0.2000000030
18579  -31.714  -29.881  67.100 0.6000000238
16421  -24.584  -36.855  66.893 0.8000000119
14581  -21.155  -43.289  68.702 0.5000000000
16069  -24.828  -36.845  65.464 0.8000000119
16066  -26.582  -37.383  64.179 0.8999999762
14282  -21.670  -44.537  69.546 0.4000000060
17943  -30.752  -32.708  63.893 0.8999999762
16077  -24.388  -37.321  60.990 0.8999999762
13578  -24.001  -46.964  68.209 0.4000000060
13239  -25.953  -47.520  66.857 0.4000000060
15795  -24.316  -37.974  59.133 0.8999999762
17667  -28.076  -33.177  58.308 1.0000000000
14903  -24.495  -39.250  57.943 0.8999999762
14902  -24.466  -39.742  57.079 0.8999999762
13978  -25.190  -41.599  56.672 0.8999999762
12249  -28.837  -50.632  64.224 0.2000000030
16776  -28.074  -35.547  59.610 1.0000000000
14310  -26.138  -42.572  56.916 0.8999999762
16086  -28.647  -36.816  60.910 1.0000000000
13980  -28.934  -44.165  58.443 0.8999999762
11917  -33.226  -51.790  57.783 0.3000000119
13621  -31.230  -45.685  58.853 0.8000000119
15200  -30.757  -39.624  62.102 0.8999999762
15798  -30.137  -38.382  62.149 1.0000000000
13276  -33.501  -47.041  59.047 0.6000000238
13275  -34.851  -47.137  59.335 0.3000000119
15198  -32.833  -39.587  61.977 0.8999999762
14901  -34.039  -39.582  61.033 0.8999999762
14905  -35.230  -40.562  59.387 0.5000000000
16429  -17.504  -38.176  64.772 0.6000000238
16410  -20.589  -37.768  70.782 0.4000000060
16745  -19.670  -36.400  71.959 0.2000000030
15490  -17.593  -39.090  64.041 0.6999999881
14895  -19.520  -40.924  64.783 0.6999999881
15195  -18.692  -40.728  63.962 0.6999999881
15764  -24.764  -38.132  68.802 0.6999999881
16056  -23.430  -37.928  69.416 0.6000000238
17616  -23.861  -31.286  71.507 0.2000000030
19206  -31.026  -27.476  68.547 0.5000000000
14583  -20.401  -42.682  67.861 0.6000000238
14889  -19.880  -41.841  65.862 0.6000000238
18876  -23.220  -28.352  70.484 0.2000000030
18244  -23.766  -29.134  71.153 0.2000000030
18882  -28.610  -27.843  69.840 0.4000000060
15765  -26.309  -38.048  67.982 0.8000000119
16062  -26.342  -37.327  66.782 0.8000000119
18573  -24.692  -28.272  70.579 0.2000000030
18880  -26.719  -27.092  69.928 0.2000000030
19198  -25.312  -27.116  69.730 0.2000000030
15772  -28.061  -37.807  65.308 0.8000000119
18263  -31.854  -31.819  65.087 0.8999999762
18582  -33.497  -30.816  65.010 0.8999999762
13948  -23.745  -44.705  69.333 0.5000000000
18267  -32.213  -31.878  63.955 0.8999999762
15780  -26.460  -38.033  62.137 0.8999999762
18272  -30.426  -32.481  62.501 1.0000000000
17653  -28.572  -33.155  60.500 1.0000000000
15491  -25.319  -38.428  60.004 0.8999999762
14898  -25.542  -39.711  59.368 0.8999999762
14301  -24.949  -41.687  57.545 0.8999999762
17081  -29.233  -33.331  58.264 1.0000000000
17674  -29.352  -32.350  57.898 1.0000000000
12252  -31.521  -49.850  62.479 0.2000000030
17077  -29.626  -34.392  60.141 1.0000000000
11891  -31.514  -51.580  61.122 0.2000000030
16772  -29.996  -35.197  61.283 1.0000000000
12922  -29.239  -47.696  57.187 0.8000000119
13979  -27.625  -44.067  57.451 0.8999999762
11550  -30.709  -51.210  57.078 0.3000000119
13283  -29.698  -46.509  57.611 0.8999999762
16087  -29.856  -37.302  62.015 1.0000000000
13277  -32.418  -47.306  58.349 0.6999999881
15799  -31.942  -38.609  62.287 0.8999999762
12600  -33.315  -48.679  58.274 0.3000000119
16409  -19.184  -37.565  71.287 0.4000000060
16065  -18.338  -39.100  65.004 0.6999999881
16055  -22.049  -38.596  69.917 0.5000000000
15196  -18.456  -39.976  64.470 0.6999999881
15768  -19.408  -40.068  66.122 0.6000000238
17327  -20.748  -32.666  72.573 0.2000000030
14894  -20.052  -40.994  65.847 0.6999999881
17910  -21.849  -30.752  72.203 0.2000000030
19503  -30.501  -26.290  68.951 0.3000000119
14586  -21.715  -42.028  66.930 0.6999999881
15185  -26.253  -39.445  68.319 0.8000000119
18240  -22.697  -29.615  71.480 0.2000000030
15482  -28.326  -38.964  67.293 0.8000000119
18887  -32.151  -28.497  67.387 0.6999999881
19201  -26.097  -26.113  68.746 0.1000000015
14582  -22.710  -43.271  68.774 0.5000000000
15483  -28.764  -38.448  65.920 0.8000000119
15769  -27.529  -37.858  66.883 0.8000000119
18878  -23.825  -27.587  69.389 0.2000000030
14584  -24.099  -43.213  68.667 0.5000000000
18881  -25.242  -26.589  68.193 0.1000000015
15487  -28.007  -38.105  64.178 0.8000000119
13949  -24.703  -45.672  68.665 0.6000000238
13950  -25.449  -44.488  68.580 0.6000000238
14893  -29.665  -40.179  65.132 0.6999999881
14896  -27.981  -39.312  63.115 0.8999999762
18588  -32.266  -31.477  62.677 1.0000000000
13587  -27.326  -45.541  67.053 0.5000000000
18279  -30.965  -31.170  60.763 1.0000000000
18896  -34.068  -31.162  62.744 1.0000000000
14897  -26.662  -39.440  61.252 0.8999999762
17954  -29.479  -31.853  58.521 1.0000000000
18901  -32.369  -30.390  60.645 1.0000000000
13240  -28.506  -46.678  66.070 0.3000000119
18298  -31.206  -30.543  58.009 1.0000000000
18600  -31.908  -29.897  58.543 1.0000000000
14299  -25.778  -41.883  59.096 0.8999999762
12885  -29.913  -47.765  65.150 0.1000000015
13270  -27.062  -45.395  58.790 0.8000000119
13616  -26.082  -44.380  58.103 0.8999999762
17672  -31.696  -31.342  58.355 1.0000000000
12251  -30.660  -49.521  63.833 0.1000000015
12909  -27.710  -47.337  58.152 0.6999999881
13974  -25.094  -42.450  56.990 0.8999999762
13620  -26.036  -44.313  56.974 0.8999999762
12268  -31.719  -50.002  61.150 0.3000000119
11904  -31.327  -50.884  59.799 0.2000000030
12918  -26.757  -45.805  57.518 0.8000000119
13274  -27.468  -45.455  57.069 1.0000000000
12597  -28.875  -48.658  57.331 0.6999999881
16442  -30.661  -36.158  62.105 1.0000000000
11536  -30.742  -51.616  58.252 0.3000000119
11907  -29.858  -50.573  57.369 0.3000000119
16088  -31.457  -37.516  62.368 0.8999999762
12282  -30.818  -50.015  57.062 0.4000000060
16420  -16.794  -37.224  67.551 0.6000000238
16060  -18.602  -38.961  66.827 0.6000000238
16417  -17.986  -38.095  69.187 0.6000000238
16053  -20.111  -39.075  69.702 0.5000000000
16054  -19.663  -39.640  68.130 0.6000000238
15192  -20.911  -41.006  66.880 0.6999999881
15763  -21.299  -40.339  68.467 0.6999999881
15761  -21.891  -39.625  69.261 0.5000000000
15762  -23.798  -39.475  69.021 0.8000000119
19202  -29.132  -26.377  69.537 0.3000000119
14587  -23.520  -42.237  67.639 0.8000000119
19200  -27.666  -26.261  69.491 0.2000000030
14588  -25.045  -42.263  68.149 0.8000000119
18572  -21.974  -28.497  69.177 0.2000000030
14283  -25.602  -43.260  68.472 0.8000000119
13960  -26.966  -43.556  68.009 0.6000000238
14891  -29.653  -40.348  66.396 0.6999999881
14590  -28.529  -41.648  67.691 0.6999999881
18575  -23.745  -27.711  67.690 0.1000000015
18891  -33.827  -31.346  63.895 0.8999999762
14287  -29.244  -42.645  67.038 0.6999999881
18892  -34.933  -30.900  63.950 0.8999999762
13588  -29.601  -45.067  65.966 0.5000000000
14294  -29.631  -41.750  63.740 0.6999999881
18897  -35.200  -30.991  63.011 0.8999999762
18902  -34.106  -30.964  61.571 1.0000000000
13967  -27.399  -42.743  60.798 0.8000000119
18916  -32.919  -29.650  59.146 1.0000000000
18903  -33.413  -30.191  60.339 1.0000000000
18920  -35.156  -31.158  61.718 1.0000000000
13599  -29.443  -44.348  61.865 0.6999999881
18606  -32.938  -29.973  58.298 1.0000000000
19235  -33.605  -29.932  59.571 1.0000000000
18602  -34.078  -30.893  60.603 1.0000000000
12886  -30.941  -47.472  64.340 0.3000000119
17382  -30.876  -32.832  59.259 1.0000000000
17960  -33.730  -31.940  60.689 1.0000000000
18295  -33.434  -30.992  59.351 1.0000000000
18296  -35.077  -31.656  61.266 1.0000000000
12887  -31.485  -47.975  63.196 0.1000000015
13249  -28.730  -46.278  59.885 0.6000000238
17075  -31.260  -33.687  60.887 1.0000000000
17375  -32.804  -32.836  60.950 1.0000000000
12575  -31.862  -48.894  62.099 0.2000000030
12576  -31.487  -47.783  61.748 0.3000000119
12269  -30.970  -49.388  60.070 0.3000000119
12590  -29.080  -48.085  59.199 0.5000000000
16771  -31.856  -34.379  61.849 1.0000000000
12275  -29.306  -49.478  58.242 0.3000000119
16443  -32.526  -36.579  62.141 0.8999999762
15800  -33.276  -38.653  61.019 0.8000000119
16747  -16.643  -36.470  69.586 0.4000000060
16408  -18.385  -37.545  70.881 0.4000000060
16743  -18.958  -35.463  72.060 0.3000000119
15191  -22.632  -41.214  67.614 0.8000000119
15486  -23.327  -40.679  68.268 0.8000000119
17326  -19.581  -31.958  72.373 0.2000000030
14892  -24.576  -41.462  67.885 0.8000000119
15188  -24.843  -40.506  68.245 0.8000000119
19506  -31.293  -25.782  68.270 0.3000000119
18239  -21.250  -29.736  71.583 0.2000000030
19208  -32.642  -26.594  67.325 0.5000000000
14589  -26.969  -41.214  68.169 0.8000000119
14890  -28.622  -40.328  67.555 0.8000000119
18569  -21.772  -28.962  70.550 0.2000000030
19199  -26.902  -25.766  68.808 0.1000000015
19205  -26.046  -25.703  67.681 0.1000000015
18886  -33.545  -28.889  66.144 0.6999999881
18890  -35.634  -29.877  64.421 0.8000000119
14290  -30.510  -42.955  65.472 0.6000000238
14293  -30.597  -42.679  64.641 0.6999999881
18260  -21.897  -28.817  67.583 0.1000000015
13964  -30.983  -44.232  64.459 0.5000000000
19220  -36.469  -30.532  63.218 1.0000000000
13589  -30.710  -45.576  64.900 0.4000000060
13598  -30.707  -44.662  63.139 0.6000000238
13594  -31.201  -45.718  63.820 0.4000000060
19229  -36.593  -30.899  62.401 1.0000000000
13243  -31.408  -46.641  62.855 0.3000000119
13245  -30.685  -46.304  61.650 0.5000000000
18917  -36.703  -31.315  61.652 1.0000000000
17955  -34.951  -32.521  61.280 1.0000000000
18289  -38.643  -31.844  61.033 1.0000000000
12896  -30.622  -47.526  60.760 0.3000000119
17074  -33.472  -33.745  61.865 1.0000000000
17961  -37.233  -32.711  60.985 1.0000000000
16770  -32.854  -35.316  62.144 1.0000000000
17376  -35.471  -33.830  61.453 1.0000000000
16089  -32.955  -37.851  61.759 0.8999999762
19821  -28.158  -24.824  68.243 0.1000000015
19822  -30.046  -24.432  68.201 0.3000000119
19825  -31.664  -24.719  67.874 0.3000000119
19505  -26.849  -24.778  67.179 0.1000000015
19210  -34.502  -27.941  65.796 0.6999999881
19230  -38.472  -30.900  61.860 1.0000000000
17377  -36.401  -34.439  61.011 1.0000000000
17659  -38.574  -33.663  60.186 1.0000000000
16444  -33.503  -37.166  61.202 1.0000000000
16777  -34.130  -35.775  61.516 1.0000000000
17658  -37.575  -34.762  60.097 0.8999999762
17079  -35.861  -35.475  60.511 0.8999999762
20125  -30.321  -22.809  66.957 0.1000000015
19831  -32.846  -25.004  67.536 0.3000000119
19514  -33.851  -25.751  66.665 0.5000000000
19221  -37.326  -29.611  63.749 1.0000000000
19212  -37.069  -28.702  64.112 0.8999999762
19222  -38.644  -29.767  62.849 1.0000000000
19223  -38.281  -28.367  63.502 0.8999999762
18290  -40.810  -31.635  60.136 1.0000000000
17962  -40.501  -32.953  59.196 0.8999999762
17663  -38.268  -34.592  59.129 0.8999999762
17078  -34.699  -36.404  60.012 0.8000000119
17380  -36.330  -35.551  58.984 0.8999999762
20127  -33.151  -23.882  67.472 0.3000000119
20128  -34.224  -23.828  66.934 0.3000000119
19836  -35.351  -25.230  65.773 0.4000000060
19211  -35.816  -27.945  64.886 0.8000000119
19519  -37.336  -27.233  63.872 0.6000000238
18591  -40.237  -30.675  61.160 1.0000000000
17963  -40.747  -32.923  58.222 0.8999999762
17084  -34.823  -36.037  57.588 0.6999999881
17668  -37.553  -34.544  57.674 0.8999999762
17387  -35.883  -34.878  57.148 0.8999999762
20391  -34.889  -22.933  66.744 0.2000000030
19837  -37.310  -25.407  64.048 0.5000000000
20396  -36.261  -23.483  65.691 0.5000000000
19840  -38.683  -25.968  63.088 0.8000000119
19224  -39.443  -28.128  62.662 0.8999999762
18904  -40.986  -28.953  61.370 1.0000000000
18592  -41.572  -30.277  60.210 0.8999999762
18291  -41.942  -31.182  58.827 0.8999999762
17966  -39.290  -33.766  57.337 0.8999999762
17673  -35.633  -33.581  55.315 0.8000000119
20400  -37.687  -23.292  64.564 0.5000000000
18913  -42.547  -29.468  58.240 0.8999999762
18594  -42.261  -30.909  57.865 0.8999999762
18607  -41.860  -30.744  56.688 0.8999999762
17967  -41.218  -31.982  56.860 0.8999999762
17973  -37.482  -33.398  55.301 0.8999999762
17675  -34.168  -33.343  53.899 0.6999999881
19522  -40.927  -26.780  61.465 0.8999999762
18299  -40.537  -31.453  55.491 0.8999999762
17974  -38.986  -32.854  55.419 0.8999999762
17979  -35.560  -32.834  53.436 0.8000000119
20134  -39.828  -24.197  62.701 0.8000000119
18905  -42.224  -28.488  59.863 0.8999999762
18608  -41.378  -29.919  55.930 0.8999999762
18609  -40.179  -30.653  54.756 0.8999999762
18303  -39.190  -31.526  54.209 0.8999999762
18304  -38.036  -32.089  53.730 0.8999999762
18310  -36.996  -31.952  52.747 0.6999999881
18313  -35.916  -31.924  51.858 0.6999999881
17986  -34.199  -32.850  51.626 0.4000000060
18312  -35.042  -32.297  51.259 0.6999999881
18624  -34.196  -32.256  50.322 0.5000000000
19526  -42.369  -26.902  59.592 0.8999999762
19236  -42.592  -28.041  58.392 0.8999999762
19238  -41.992  -28.570  56.972 0.8999999762
20150  -41.259  -24.884  58.233 0.8999999762
20414  -39.769  -23.144  57.221 0.8999999762
19855  -40.253  -25.146  57.393 0.8000000119
19854  -38.742  -25.766  56.205 0.8000000119
18615  -39.305  -30.198  53.928 0.8000000119
20155  -37.979  -24.668  55.282 0.8000000119
20655  -38.945  -22.767  56.003 0.6999999881
18622  -36.343  -30.691  51.052 0.6999999881
18616  -37.996  -30.852  52.779 0.8000000119
19858  -37.200  -26.418  54.419 0.8000000119
19860  -36.692  -26.297  53.396 0.6999999881
20656  -38.768  -23.109  54.781 0.6999999881
18628  -33.853  -31.579  48.731 0.4000000060
17703  -32.777  -31.810  48.524 0.3000000119
17698  -34.399  -32.007  49.210 0.3000000119
17404  -36.331  -32.559  49.624 0.3000000119
17096  -37.541  -33.382  51.544 0.3000000119
20917  -41.329  -19.518  60.555 0.3000000119
20147  -41.554  -23.102  59.069 0.6999999881
20919  -41.460  -20.697  59.426 0.6999999881
19534  -42.313  -26.168  58.822 0.8999999762
21617  -41.431  -19.339  59.437 0.5000000000
20920  -40.846  -20.814  58.291 0.8999999762
18924  -40.324  -29.003  55.233 0.8999999762
19535  -41.376  -27.055  57.313 0.8999999762
19537  -38.199  -27.338  54.894 0.8000000119
18928  -38.202  -29.077  53.374 0.8000000119
18932  -37.450  -29.503  52.262 0.8000000119
18939  -36.742  -29.577  51.331 0.6999999881
18625  -35.112  -31.057  49.698 0.5000000000
20160  -37.101  -25.254  53.323 0.6999999881
17697  -33.109  -32.283  49.806 0.3000000119
17710  -34.033  -31.249  47.865 0.3000000119
18012  -40.748  -32.131  46.466 0.3000000119
17099  -38.602  -33.185  49.650 0.3000000119
17101  -38.397  -32.646  46.812 0.3000000119
21956  -41.432  -17.489  60.118 0.3000000119
20922  -39.743  -21.102  56.775 0.8000000119
19245  -36.804  -27.937  52.220 0.6999999881
20936  -39.597  -20.969  55.522 0.6999999881
19252  -36.003  -28.935  50.205 0.6000000238
19552  -36.255  -26.767  51.735 0.6999999881
18945  -35.092  -29.302  48.380 0.6999999881
20658  -38.374  -24.121  54.094 0.6999999881
20952  -39.415  -22.881  54.627 0.6999999881
18944  -34.259  -30.536  48.006 0.4000000060
19561  -35.938  -27.405  49.885 0.6999999881
20167  -36.147  -27.370  49.332 0.6999999881
20162  -36.683  -25.974  51.373 0.6999999881
20421  -37.290  -25.371  52.576 0.6999999881
20425  -36.956  -26.280  50.975 0.6999999881
18011  -34.059  -30.585  47.103 0.4000000060
19581  -36.268  -28.074  47.871 0.6000000238
19580  -37.038  -28.085  49.466 0.6999999881
18010  -34.837  -30.700  46.266 0.4000000060
18346  -34.331  -29.973  45.376 0.4000000060
17716  -36.257  -30.955  44.999 0.3000000119
18024  -36.793  -30.384  44.790 0.3000000119
17717  -41.875  -32.377  47.405 0.3000000119
18336  -42.006  -32.055  48.196 0.3000000119
17705  -35.524  -31.576  47.399 0.3000000119
18023  -38.037  -31.095  44.676 0.3000000119
18655  -37.941  -30.637  45.291 0.3000000119
18337  -40.569  -31.691  47.148 0.3000000119
18639  -41.379  -32.234  49.392 0.3000000119
18327  -42.483  -32.518  49.474 0.3000000119
18326  -43.659  -32.881  51.300 0.3000000119
21960  -41.712  -18.496  59.065 0.6999999881
21619  -41.520  -19.256  58.480 0.6999999881
22315  -42.515  -17.404  58.770 0.5000000000
21970  -42.121  -19.177  58.445 0.4000000060
21264  -40.373  -20.006  56.499 0.6999999881
21627  -41.291  -19.906  57.243 0.6999999881
21265  -40.301  -20.036  55.655 0.6999999881
21270  -40.182  -20.723  55.147 0.6999999881
20670  -39.118  -25.015  54.119 0.6999999881
19579  -35.147  -28.348  47.444 0.6999999881
20430  -37.837  -26.062  52.457 0.6999999881
19899  -35.596  -28.197  46.986 0.5000000000
20168  -37.750  -27.262  51.245 0.6999999881
18650  -34.179  -29.215  46.029 0.4000000060
18654  -34.455  -29.122  45.013 0.4000000060
19590  -35.070  -28.393  45.662 0.4000000060
18352  -35.607  -29.787  44.659 0.4000000060
18980  -35.983  -28.796  45.858 0.4000000060
18969  -37.072  -30.097  45.978 0.4000000060
19265  -37.577  -29.957  48.191 0.5000000000
18962  -37.797  -30.457  47.322 0.3000000119
19264  -38.005  -29.538  49.716 0.5000000000
18961  -38.652  -30.974  46.704 0.3000000119
18958  -39.355  -31.498  48.465 0.3000000119
18953  -40.782  -31.887  50.482 0.3000000119
18636  -42.325  -32.237  51.583 0.3000000119
18635  -43.070  -31.179  53.564 0.3000000119
18321  -44.151  -32.520  53.082 0.3000000119
18629  -44.869  -30.342  55.037 0.3000000119
21971  -42.987  -19.141  58.628 0.6999999881
21965  -43.733  -17.965  58.591 0.6000000238
21275  -41.010  -20.744  55.728 0.6000000238
21636  -42.062  -20.366  57.700 0.6999999881
20960  -40.347  -21.770  54.888 0.6999999881
20959  -40.135  -24.374  54.890 0.6999999881
20169  -38.807  -27.602  52.296 0.6999999881
19572  -37.947  -28.549  50.484 0.6999999881
18954  -39.048  -31.179  49.529 0.3000000119
18952  -41.224  -31.212  51.782 0.3000000119
18947  -43.372  -29.831  54.106 0.3000000119
21622  -44.052  -20.144  58.552 0.6999999881
21272  -43.028  -21.229  58.120 0.8000000119
20961  -41.530  -22.552  56.164 0.6000000238
20953  -42.501  -23.245  56.809 0.8999999762
21271  -44.342  -22.066  58.189 0.8999999762
20942  -45.100  -21.994  57.897 0.8000000119
21623  -45.303  -19.002  57.789 0.6000000238
20954  -43.974  -23.133  57.546 0.8999999762
20665  -41.669  -24.919  55.701 0.6999999881
20662  -43.235  -24.361  56.500 0.8999999762
20429  -39.878  -26.577  53.953 0.6999999881
20659  -42.839  -25.113  55.874 0.8999999762
19266  -38.998  -29.395  50.964 0.5000000000
19573  -39.267  -28.437  51.578 0.6999999881
18951  -39.722  -30.730  50.818 0.5000000000
18956  -41.869  -29.843  52.779 0.3000000119
18946  -43.655  -28.816  53.907 0.4000000060
20943  -46.309  -21.513  57.059 0.6999999881
20663  -44.961  -23.781  56.883 1.0000000000
20940  -46.477  -22.873  56.307 1.0000000000
20661  -42.097  -25.812  54.980 0.6999999881
20660  -43.938  -24.753  55.697 0.8999999762
20426  -40.760  -26.986  53.902 0.6999999881
20170  -40.331  -27.441  52.646 0.6999999881
19267  -40.185  -29.071  51.533 0.6000000238
18955  -40.740  -30.118  51.832 0.4000000060
19268  -41.172  -28.495  51.797 0.4000000060
19269  -42.511  -28.141  52.435 0.4000000060
19261  -44.243  -27.427  53.150 0.4000000060
21273  -47.324  -20.131  55.995 0.8000000119
20664  -45.602  -24.009  55.581 1.0000000000
20955  -48.558  -21.605  54.599 0.6999999881
20941  -48.318  -22.669  53.858 0.8999999762
20427  -42.096  -26.294  53.472 0.8999999762
20666  -44.399  -24.915  53.860 0.8999999762
20667  -46.976  -23.484  54.032 1.0000000000
20668  -46.364  -23.583  52.834 1.0000000000
20962  -48.411  -22.739  52.533 0.8999999762
20671  -43.358  -25.590  52.336 0.8999999762
20672  -44.348  -24.469  51.718 1.0000000000
20968  -45.585  -23.478  51.755 0.8000000119
19574  -41.047  -27.627  51.629 0.6000000238
20431  -42.270  -26.447  51.572 0.8000000119
20433  -43.231  -25.482  50.956 0.8000000119
20675  -43.656  -24.461  49.745 1.0000000000
19895  -42.459  -26.504  50.431 0.8000000119
19575  -42.196  -27.314  51.384 0.5000000000
20176  -43.031  -25.369  49.780 0.8000000119
19576  -43.271  -27.143  51.875 0.6000000238
19565  -44.571  -26.463  51.758 0.6000000238
19896  -44.319  -25.637  49.683 0.6000000238
19566  -46.008  -25.277  50.877 0.6000000238
20973  -45.002  -23.275  49.849 0.8999999762
20969  -46.958  -22.616  51.053 0.8000000119
20177  -44.705  -24.529  48.862 0.8000000119
20679  -45.407  -23.154  48.858 0.8999999762
19562  -46.595  -26.276  53.488 0.5000000000
19891  -46.569  -24.420  49.399 0.5000000000
21276  -50.504  -22.026  52.251 0.6000000238
21277  -49.974  -20.666  53.704 0.6000000238
20974  -46.098  -22.546  49.636 0.8999999762
19892  -48.991  -23.959  49.658 0.6000000238
19879  -48.400  -25.201  52.526 0.5000000000
19882  -50.643  -24.620  51.349 0.5000000000
20174  -51.161  -24.084  50.243 0.5000000000
20171  -52.587  -24.435  50.562 0.4000000060
21278  -51.633  -20.768  52.220 0.6000000238
21282  -51.336  -21.783  51.585 0.6000000238
21288  -49.793  -21.953  50.744 0.6999999881
21292  -47.325  -22.046  49.233 0.6999999881
21294  -49.487  -21.218  49.505 0.6999999881
20981  -48.344  -21.184  48.773 0.8000000119
20680  -48.105  -22.359  48.381 0.8999999762
20438  -48.673  -23.004  48.592 0.8000000119
20681  -49.705  -21.921  48.677 0.6000000238
20439  -50.715  -22.682  49.077 0.6000000238
20435  -51.845  -23.564  49.731 0.6000000238
20685  -53.882  -24.041  49.606 0.4000000060
21643  -52.587  -20.191  51.041 0.6000000238
21295  -51.391  -21.315  50.746 0.6999999881
21293  -50.559  -21.460  50.110 0.6999999881
20982  -49.039  -20.930  48.668 0.6999999881
20983  -49.839  -20.131  49.695 0.6000000238
20682  -50.980  -21.515  49.878 0.6000000238
20984  -51.552  -20.142  50.234 0.6000000238
20683  -52.371  -21.371  50.459 0.6999999881
20440  -52.459  -22.664  49.830 0.6000000238
20985  -52.957  -19.800  50.499 0.6000000238
21689  -53.884  -17.908  48.665 0.6000000238
20988  -53.424  -22.114  49.958 0.6000000238
20986  -53.323  -20.812  50.378 0.6000000238
20686  -55.010  -22.813  48.384 0.4000000060
21647  -52.045  -20.334  50.648 0.6999999881
21296  -50.316  -20.142  50.348 0.6000000238
21305  -48.809  -19.792  48.785 0.6000000238
21315  -48.962  -19.986  48.395 0.6999999881
21679  -49.002  -18.674  48.414 0.6999999881
21686  -49.973  -18.017  49.093 0.6999999881
21318  -50.701  -19.047  50.080 0.6999999881
21687  -51.383  -17.776  49.781 0.6000000238
21316  -50.388  -19.806  50.246 0.6999999881
21317  -52.453  -19.479  50.095 0.6000000238
21319  -52.269  -18.842  50.350 0.6000000238
21669  -49.079  -18.797  49.020 0.4000000060
22013  -50.771  -16.968  48.442 0.6000000238
21688  -52.778  -17.620  49.641 0.6000000238
20987  -54.360  -21.154  48.982 0.5000000000
21322  -54.277  -20.029  48.918 0.6000000238
22014  -52.048  -16.689  49.111 0.6000000238
13543  -7.274  -47.695  72.621 0.1000000015
15469  -13.281  -38.643  70.695 0.3000000119
11879  -21.661  -53.291  64.499 0.2000000030
13584  -20.102  -47.887  66.094 0.1000000015
11523  -22.970  -54.483  63.932 0.2000000030
18256  -27.004  -30.285  69.703 0.2000000030
13624  -37.894  -45.515  57.833 0.3000000119
14900  -34.793  -40.084  60.403 0.5000000000
14604  -36.083  -41.808  56.564 0.4000000060
15194  -16.005  -39.081  62.594 0.6999999881
12923  -31.067  -48.588  57.386 0.6999999881
18286  -30.562  -30.938  59.039 1.0000000000
11531  -31.456  -52.992  60.423 0.2000000030
11144  -31.601  -52.468  59.471 0.2000000030
18238  -20.256  -30.126  71.778 0.2000000030
18578  -23.089  -28.716  65.874 0.1000000015
17425  -38.117  -31.978  45.171 0.3000000119
18017  -39.456  -31.546  45.619 0.3000000119
22020  -52.833  -16.018  48.205 0.6000000238
12289  -15.850  -50.692  58.040 0.1000000015
12280  -14.976  -50.613  58.397 0.1000000015
10382  -15.845  -54.417  62.114 0.1000000015
11141  -13.639  -52.353  58.438 0.1000000015
10381  -17.082  -55.341  63.954 0.1000000015
11544  -15.430  -51.370  57.947 0.1000000015
11146  -14.350  -52.001  57.971 0.1000000015
10079  -16.702  -55.478  65.294 0.1000000015
12916  -16.543  -50.278  57.230 0.1000000015
10388  -15.314  -54.227  60.079 0.1000000015
10384  -17.286  -55.395  62.387 0.1000000015
10754  -14.278  -53.272  58.801 0.1000000015
11130  -13.244  -52.550  59.258 0.1000000015
10380  -16.023  -54.009  64.810 0.1000000015
12907  -16.221  -50.302  58.685 0.1000000015
12912  -16.730  -49.997  57.525 0.1000000015
10751  -13.945  -53.208  60.647 0.1000000015
11533  -13.074  -51.222  58.525 0.1000000015
12588  -16.408  -50.654  60.302 0.1000000015
12265  -17.638  -51.588  61.758 0.1000000015
10746  -15.111  -53.411  62.770 0.1000000015
10741  -14.374  -51.783  65.394 0.1000000015
10747  -15.295  -52.898  63.892 0.1000000015
10742  -14.872  -52.162  64.382 0.1000000015
10740  -13.740  -52.012  66.635 0.1000000015
12267  -18.860  -52.016  60.788 0.1000000015
11117  -14.198  -50.538  63.243 0.1000000015
10748  -14.493  -52.241  62.811 0.1000000015
11125  -13.408  -52.280  60.654 0.1000000015
11131  -13.056  -51.663  59.515 0.1000000015
11113  -13.037  -50.642  65.711 0.1000000015
12900  -15.593  -49.459  60.909 0.1000000015
11890  -19.564  -52.732  62.570 0.1000000015
11880  -19.620  -52.441  63.790 0.1000000015
11522  -21.633  -54.109  63.216 0.1000000015
11121  -24.179  -55.675  62.455 0.1000000015
11122  -26.039  -56.078  61.990 0.1000000015
10391  -27.845  -56.999  60.554 0.1000000015
11128  -30.754  -54.028  60.972 0.1000000015
11119  -13.715  -51.159  61.548 0.1000000015
11905  -13.784  -50.130  58.711 0.1000000015
12906  -15.379  -50.099  58.973 0.1000000015
12579  -16.572  -50.593  61.540 0.1000000015
11511  -11.730  -50.221  65.974 0.1000000015
11889  -18.163  -51.581  63.135 0.1000000015
10396  -29.899  -56.327  60.192 0.1000000015
10395  -29.342  -57.631  58.986 0.1000000015
10765  -31.281  -55.633  59.757 0.1000000015
11516  -13.158  -48.917  63.707 0.1000000015
11872  -12.144  -49.104  64.638 0.1000000015
11900  -13.158  -50.031  59.271 0.1000000015
11528  -13.330  -50.371  60.133 0.1000000015
11529  -12.887  -50.508  58.876 0.1000000015
12596  -14.630  -50.048  58.736 0.1000000015
10408  -31.066  -57.533  57.750 0.1000000015
10409  -31.572  -56.649  58.663 0.1000000015
11134  -31.742  -54.190  59.631 0.1000000015
10774  -32.120  -55.733  58.820 0.1000000015
11143  -32.194  -54.141  58.488 0.1000000015
12253  -12.177  -47.767  62.968 0.1000000015
12571  -11.306  -47.008  61.778 0.1000000015
12254  -13.518  -48.284  62.727 0.1000000015
12245  -11.043  -48.041  63.148 0.1000000015
11888  -13.947  -49.661  61.552 0.1000000015
12901  -15.269  -49.743  59.919 0.1000000015
12578  -16.105  -49.767  61.403 0.1000000015
11878  -19.456  -51.550  64.203 0.1000000015
10421  -31.007  -57.997  55.897 0.1000000015
10434  -32.218  -57.477  54.467 0.1000000015
10429  -32.817  -56.971  56.532 0.1000000015
10782  -34.040  -56.258  55.301 0.1000000015
10775  -33.003  -55.362  57.849 0.1000000015
10783  -34.360  -55.168  56.913 0.1000000015
11147  -32.693  -53.297  57.781 0.1000000015
11156  -34.019  -53.742  57.746 0.1000000015
13957  -10.181  -46.387  64.172 0.1000000015
13611  -10.397  -46.105  60.586 0.1000000015
13603  -9.390  -46.333  61.213 0.1000000015
12898  -9.958  -47.178  60.424 0.1000000015
12263  -10.293  -47.564  61.600 0.1000000015
11515  -10.634  -49.209  64.511 0.1000000015
12904  -14.596  -49.463  60.014 0.1000000015
12266  -17.218  -50.490  62.600 0.1000000015
10788  -33.543  -56.333  53.366 0.1000000015
11157  -35.565  -54.199  56.236 0.1000000015
11148  -31.171  -52.446  57.610 0.1000000015
13966  -10.553  -45.765  61.910 0.1000000015
12274  -8.821  -48.155  60.066 0.1000000015
13260  -9.071  -46.995  60.058 0.1000000015
12572  -13.459  -47.322  62.325 0.1000000015
13261  -12.258  -46.449  62.100 0.1000000015
11877  -9.531  -48.602  62.322 0.1000000015
12264  -9.345  -48.223  60.618 0.1000000015
12573  -14.001  -47.941  62.209 0.1000000015
12255  -14.232  -48.736  61.869 0.1000000015
12902  -15.384  -48.491  60.349 0.1000000015
10789  -35.104  -55.055  54.539 0.1000000015
11918  -35.931  -51.096  57.932 0.2000000030
11158  -36.416  -53.038  55.543 0.2000000030
12283  -34.953  -51.042  58.256 0.1000000015
11919  -36.923  -51.403  56.630 0.2000000030
13223  -5.054  -49.322  66.263 0.1000000015
13225  -6.627  -48.806  66.162 0.1000000015
13235  -7.145  -48.746  64.662 0.1000000015
13563  -8.478  -47.823  66.300 0.1000000015
13582  -8.352  -47.732  63.379 0.1000000015
13574  -9.371  -47.267  65.331 0.1000000015
13256  -8.130  -47.672  60.951 0.1000000015
14288  -11.330  -45.554  62.998 0.1000000015
14296  -11.792  -45.834  62.241 0.1000000015
12899  -14.557  -48.399  61.009 0.1000000015
12905  -14.840  -48.843  60.028 0.1000000015
12580  -16.785  -49.075  62.079 0.1000000015
12256  -18.529  -50.043  63.526 0.1000000015
10793  -34.110  -55.089  52.215 0.2000000030
11162  -35.162  -54.045  52.434 0.2000000030
11166  -34.209  -53.585  51.047 0.2000000030
11160  -36.058  -53.252  53.683 0.2000000030
11558  -35.646  -52.496  52.318 0.2000000030
12278  -36.949  -49.957  57.742 0.2000000030
11920  -37.434  -50.362  55.473 0.2000000030
13224  -5.428  -49.261  68.405 0.1000000015
13943  -10.353  -46.588  66.075 0.1000000015
14592  -12.706  -45.361  62.555 0.1000000015
13612  -13.211  -46.412  62.458 0.1000000015
13613  -14.055  -46.818  61.928 0.1000000015
13267  -14.587  -47.439  60.599 0.1000000015
13257  -16.216  -46.355  59.586 0.1000000015
12895  -17.533  -47.538  61.400 0.1000000015
12581  -17.662  -49.306  62.680 0.1000000015
11931  -36.876  -50.831  53.846 0.2000000030
12598  -37.723  -48.880  56.952 0.2000000030
13562  -6.874  -48.320  67.554 0.1000000015
13558  -6.401  -48.805  69.398 0.1000000015
13559  -7.700  -48.132  68.438 0.1000000015
13560  -9.331  -47.614  67.407 0.1000000015
13953  -11.076  -46.011  65.668 0.1000000015
13938  -11.349  -47.199  67.560 0.1000000015
13945  -12.102  -45.955  66.104 0.1000000015
14286  -12.313  -44.981  63.728 0.1000000015
14305  -13.836  -45.909  62.120 0.1000000015
14591  -13.968  -44.969  62.224 0.1000000015
14593  -14.552  -45.026  61.004 0.1000000015
14289  -14.563  -45.142  62.881 0.1000000015
13971  -14.708  -45.621  59.156 0.1000000015
13614  -15.347  -45.292  58.458 0.1000000015
14306  -15.529  -44.718  59.018 0.1000000015
13969  -16.110  -45.169  58.860 0.1000000015
13609  -17.196  -45.759  60.372 0.1000000015
13247  -17.906  -46.680  61.002 0.1000000015
13246  -18.612  -47.112  61.818 0.1000000015
12582  -19.327  -48.428  62.683 0.1000000015
12574  -20.604  -49.159  63.365 0.1000000015
11932  -36.290  -50.510  52.894 0.2000000030
11933  -34.898  -50.551  51.571 0.2000000030
11562  -33.908  -51.027  50.198 0.2000000030
12297  -34.273  -49.916  51.215 0.2000000030
12927  -37.697  -47.902  54.983 0.2000000030
12604  -36.999  -48.592  53.788 0.2000000030
13287  -36.749  -46.566  53.322 0.2000000030
13637  -33.041  -46.201  51.610 0.2000000030
13632  -37.415  -45.267  54.128 0.2000000030
14313  -34.953  -44.223  51.119 0.2000000030
14617  -33.790  -43.953  50.219 0.2000000030
14916  -35.782  -39.526  50.773 0.2000000030
16110  -31.137  -36.974  52.718 0.2000000030
16784  -30.838  -36.033  52.415 0.3000000119
16791  -30.853  -35.119  51.874 0.3000000119
12617  -34.136  -48.855  51.956 0.2000000030
12605  -35.812  -48.719  52.740 0.2000000030
12924  -38.098  -46.977  56.374 0.2000000030
13288  -35.337  -46.572  52.322 0.2000000030
13998  -33.118  -44.993  50.950 0.2000000030
13991  -34.412  -45.357  51.520 0.2000000030
14312  -36.517  -43.474  52.393 0.2000000030
14611  -35.508  -43.124  50.732 0.2000000030
14612  -36.011  -41.796  50.926 0.2000000030
17394  -32.271  -34.409  53.097 0.4000000060
14915  -36.200  -40.062  52.016 0.2000000030
17088  -31.397  -34.364  52.060 0.4000000060
15215  -35.486  -39.018  52.236 0.2000000030
15218  -34.125  -38.530  52.460 0.2000000030
15499  -32.186  -38.137  52.675 0.2000000030
15212  -34.330  -38.941  53.231 0.2000000030
15498  -33.060  -38.047  52.878 0.2000000030
13982  -37.681  -43.439  55.076 0.2000000030
17390  -33.518  -33.967  54.179 0.4000000060
14610  -36.749  -41.669  53.019 0.2000000030
15496  -31.331  -38.737  52.862 0.2000000030
15806  -30.551  -37.094  52.808 0.2000000030
20642  -35.799  -21.623  66.071 0.2000000030
13981  -38.007  -44.561  56.998 0.2000000030
17087  -31.703  -35.672  52.802 0.5000000000
15497  -32.753  -38.820  52.963 0.2000000030
20645  -38.918  -21.536  63.866 0.1000000015
20135  -41.233  -24.365  61.244 0.4000000060
20647  -40.926  -20.706  61.617 0.3000000119
20405  -41.554  -22.506  60.875 0.3000000119
19844  -42.063  -25.039  60.077 0.5000000000
20406  -41.751  -22.512  59.956 0.6000000238
15202  -33.729  -39.226  59.968 0.6000000238
16094  -33.612  -37.819  59.886 0.6999999881
14309  -37.659  -43.421  56.816 0.3000000119
17386  -34.596  -35.051  56.122 0.5000000000
17391  -34.724  -33.930  55.403 0.6000000238
14608  -36.589  -41.476  53.959 0.2000000030
17085  -33.202  -35.463  54.605 0.5000000000
16780  -32.602  -35.925  54.200 0.4000000060
14912  -35.557  -39.940  53.290 0.2000000030
20912  -37.960  -18.642  64.356 0.2000000030
17082  -34.467  -36.746  58.811 0.6000000238
15802  -33.137  -38.732  57.996 0.5000000000
15203  -33.874  -40.043  57.998 0.4000000060
16096  -33.544  -37.717  57.835 0.5000000000
14907  -34.533  -41.023  56.721 0.4000000060
15206  -32.671  -40.108  55.768 0.4000000060
16452  -33.391  -37.125  56.464 0.5000000000
14909  -35.114  -41.289  55.492 0.3000000119
14910  -33.769  -40.742  55.050 0.3000000119
15804  -31.702  -38.597  55.153 0.5000000000
16097  -32.410  -37.796  55.704 0.4000000060
14606  -37.074  -42.561  56.502 0.3000000119
14607  -36.492  -41.925  55.152 0.3000000119
14911  -35.098  -40.914  54.383 0.3000000119
15209  -33.722  -40.043  53.869 0.2000000030
15494  -31.202  -38.860  54.078 0.2000000030
16099  -31.059  -37.115  53.528 0.3000000119
16781  -32.137  -36.622  54.179 0.4000000060
15211  -32.805  -39.603  53.384 0.2000000030
20913  -39.362  -18.483  63.208 0.1000000015
21610  -40.379  -18.100  62.200 0.3000000119
22310  -41.851  -16.665  59.270 0.4000000060
15493  -33.018  -39.277  57.548 0.4000000060
15208  -32.459  -40.131  54.250 0.2000000030
21946  -40.881  -16.922  61.523 0.2000000030
21599  -35.704  -18.289  64.803 0.1000000015
21604  -36.950  -18.007  64.621 0.1000000015
21942  -39.752  -16.545  62.563 0.1000000015
22567  -41.305  -14.952  60.608 0.2000000030
21939  -37.998  -17.015  63.631 0.1000000015
22566  -40.412  -14.641  61.282 0.1000000015
22834  -41.725  -14.291  59.735 0.2000000030
22582  -42.352  -15.398  58.972 0.4000000060
22012  -49.553  -17.993  47.363 0.5000000000
21673  -48.254  -18.969  47.896 0.5000000000
21648  -51.983  -19.416  50.512 0.6000000238
21667  -50.245  -18.558  50.244 0.4000000060
21685  -48.060  -18.810  46.727 0.5000000000
21666  -47.629  -18.649  48.155 0.3000000119
21672  -46.336  -18.990  47.096 0.3000000119
22016  -48.836  -18.004  46.025 0.5000000000
12894  -16.143  -48.379  61.020 0.1000000015
13262  -15.110  -47.417  59.719 0.1000000015
11167  -32.892  -54.057  50.273 0.2000000030
13970  -14.326  -46.037  61.221 0.1000000015
13954  -13.338  -45.344  64.602 0.1000000015
14291  -15.293  -44.976  61.968 0.1000000015
14297  -16.811  -45.210  61.491 0.1000000015
13248  -19.820  -47.736  62.922 0.1000000015
13638  -31.896  -45.494  50.932 0.2000000030
12933  -34.677  -47.525  52.237 0.2000000030
13984  -35.896  -44.958  52.130 0.2000000030
15219  -35.244  -38.674  51.309 0.2000000030
22292  -36.305  -16.755  63.741 0.1000000015
16430  -16.370  -37.284  64.326 0.4000000060
15794  -16.244  -38.086  62.766 0.4000000060
17689  -48.029  -34.520  53.782 0.2000000030
17690  -46.451  -33.832  53.269 0.2000000030
17990  -47.520  -33.004  53.999 0.2000000030
17993  -48.719  -31.857  53.373 0.2000000030
18319  -45.766  -32.297  54.180 0.3000000119
18630  -45.993  -30.791  55.262 0.2000000030
18320  -47.496  -31.446  54.460 0.2000000030
18948  -48.704  -29.936  54.111 0.2000000030
18632  -46.510  -28.902  55.519 0.2000000030
18633  -47.907  -29.576  55.139 0.2000000030
19257  -49.348  -28.473  54.283 0.2000000030
21966  -46.161  -17.536  56.783 0.4000000060
19256  -46.888  -27.596  55.089 0.3000000119
19255  -47.865  -27.955  55.260 0.3000000119
19262  -48.763  -29.418  49.975 0.2000000030
18942  -45.734  -28.162  54.942 0.3000000119
22316  -47.261  -16.770  55.333 0.3000000119
21972  -48.325  -18.256  54.823 0.4000000060
21637  -51.352  -19.714  52.625 0.4000000060
21274  -49.111  -19.812  54.325 0.5000000000
19555  -47.832  -26.727  54.582 0.3000000119
19567  -50.351  -28.898  50.784 0.2000000030
19556  -48.975  -26.822  54.248 0.2000000030
19558  -50.592  -28.040  52.486 0.2000000030
19557  -50.117  -27.386  53.501 0.2000000030
19880  -50.266  -25.944  52.618 0.2000000030
22586  -46.013  -15.293  55.926 0.4000000060
22588  -47.347  -15.446  53.833 0.2000000030
22319  -49.044  -16.924  53.313 0.2000000030
21976  -50.615  -18.263  52.697 0.4000000060
21644  -52.419  -19.235  51.432 0.4000000060
19883  -51.562  -25.294  51.475 0.2000000030
19569  -51.856  -26.857  51.064 0.2000000030
22595  -47.190  -14.812  51.559 0.2000000030
22321  -49.205  -16.270  51.985 0.2000000030
21994  -51.340  -17.576  51.204 0.4000000060
19884  -53.744  -26.320  49.239 0.2000000030
19885  -53.366  -27.160  48.225 0.2000000030
19886  -53.059  -25.224  50.300 0.2000000030
41696  -54.654  -26.700  48.104 0.2000000030
20445  -55.997  -24.569  47.171 0.2000000030
21013  -56.428  -24.031  45.879 0.2000000030
20443  -54.888  -25.620  48.697 0.2000000030
20447  -55.860  -25.869  46.677 0.2000000030
20444  -55.103  -24.208  48.570 0.3000000119
22867  -50.670  -13.684  46.468 0.4000000060
22614  -52.417  -14.069  45.913 0.4000000060
22336  -54.015  -16.014  46.800 0.4000000060
22337  -52.143  -14.873  47.214 0.4000000060
22015  -55.635  -18.985  46.030 0.6000000238
21323  -55.971  -21.559  46.573 0.4000000060
21327  -56.813  -21.984  44.853 0.3000000119
22019  -51.770  -15.969  48.270 0.5000000000
22609  -53.438  -14.806  45.850 0.4000000060
22017  -50.063  -17.205  46.867 0.4000000060
22018  -50.893  -16.003  47.363 0.4000000060
22021  -51.835  -15.323  47.774 0.4000000060
22613  -51.406  -14.330  46.757 0.4000000060
22338  -55.474  -17.522  45.097 0.5000000000
22023  -49.255  -17.013  46.038 0.4000000060
22615  -53.256  -14.343  44.577 0.4000000060
22868  -51.782  -13.562  44.331 0.4000000060
23115  -50.747  -12.799  45.905 0.4000000060
17998  -48.666  -30.963  51.525 0.2000000030
18322  -48.248  -30.806  52.736 0.2000000030
18957  -48.816  -29.826  52.457 0.2000000030
18640  -48.066  -29.873  49.941 0.2000000030
18631  -44.654  -31.463  54.508 0.3000000119
19259  -49.689  -29.192  52.578 0.2000000030
19568  -51.584  -28.178  49.836 0.2000000030
21657  -52.155  -18.362  51.002 0.4000000060
22610  -54.550  -15.469  43.953 0.5000000000
22339  -50.627  -15.430  47.048 0.4000000060
18328  -47.975  -30.305  49.732 0.2000000030
17043  -16.404  -33.613  71.022 0.2000000030
17911  -17.860  -30.537  70.669 0.1000000015
15489  -14.749  -38.676  62.272 0.4000000060
16744  -17.142  -35.768  70.937 0.2000000030
17046  -15.407  -34.200  69.617 0.1000000015
16761  -14.727  -35.688  63.529 0.1000000015
17058  -14.115  -34.605  65.822 0.1000000015
17049  -14.182  -34.115  67.305 0.1000000015
17044  -17.574  -33.401  71.793 0.2000000030
17065  -13.519  -33.551  65.177 0.1000000015
17332  -14.161  -32.689  68.724 0.1000000015
17071  -13.498  -33.977  62.920 0.1000000015
17337  -13.177  -32.408  66.978 0.1000000015
17325  -15.144  -32.258  70.035 0.1000000015
17353  -12.406  -31.551  65.189 0.1000000015
17617  -14.065  -31.456  68.754 0.1000000015
17909  -18.661  -30.882  71.732 0.1000000015
17631  -12.434  -31.010  66.093 0.1000000015
17619  -13.313  -31.502  67.743 0.1000000015
17913  -15.847  -30.609  69.349 0.1000000015
17919  -17.494  -30.204  68.829 0.1000000015
18250  -19.949  -29.541  69.725 0.1000000015
17931  -13.503  -29.503  66.111 0.1000000015
18254  -14.712  -30.045  67.388 0.1000000015
17917  -15.969  -30.153  67.397 0.1000000015
18255  -20.668  -29.440  67.799 0.1000000015
15788  -15.294  -37.286  62.201 0.1000000015
16438  -13.902  -35.551  62.012 0.1000000015
16752  -15.281  -35.779  67.029 0.1000000015
16436  -12.627  -35.449  62.643 0.1000000015
16768  -12.864  -33.890  62.619 0.1000000015
17612  -16.394  -31.676  70.946 0.1000000015
17613  -17.820  -31.614  71.698 0.1000000015
17348  -11.522  -31.447  64.795 0.1000000015
17358  -12.298  -32.036  64.066 0.1000000015
17614  -15.276  -31.343  69.923 0.1000000015
17916  -13.884  -30.555  67.825 0.1000000015
17637  -11.410  -30.557  64.920 0.1000000015
17941  -11.626  -30.060  65.006 0.1000000015
17930  -12.659  -29.968  66.202 0.1000000015
18265  -12.117  -28.742  63.819 0.1000000015
15785  -13.859  -37.404  61.886 0.1000000015
16074  -12.844  -37.063  62.857 0.1000000015
16419  -11.509  -35.584  65.150 0.1000000015
16059  -11.984  -36.590  64.763 0.1000000015
16763  -11.846  -33.873  63.882 0.1000000015
16759  -11.163  -32.663  65.766 0.1000000015
17343  -10.583  -30.934  65.627 0.1000000015
17636  -10.630  -30.123  64.737 0.1000000015
17945  -10.786  -29.496  64.203 0.1000000015
15767  -12.884  -37.913  64.713 0.1000000015
16416  -11.020  -35.575  66.832 0.1000000015
20126  -31.965  -22.846  67.358 0.1000000015
15758  -11.779  -37.076  68.144 0.1000000015
17680  -32.501  -33.140  52.213 0.3000000119
17395  -31.419  -33.589  51.405 0.2000000030
17988  -32.104  -32.741  50.665 0.2000000030
17396  -31.086  -33.089  50.657 0.2000000030
17989  -33.310  -32.458  50.471 0.3000000119
18315  -32.266  -32.093  49.649 0.2000000030
16476  -41.464  -35.114  48.344 0.2000000030
16484  -41.315  -34.613  47.325 0.2000000030
17704  -31.721  -32.221  49.271 0.2000000030
17106  -40.065  -33.258  45.975 0.2000000030
17100  -30.760  -33.843  51.005 0.2000000030
17417  -31.338  -33.102  50.046 0.2000000030
16808  -39.872  -33.792  49.254 0.2000000030
17403  -34.401  -32.795  50.878 0.2000000030
17095  -35.978  -34.189  52.937 0.2000000030
17419  -45.982  -34.478  50.548 0.2000000030
17421  -44.787  -34.158  49.512 0.2000000030
17426  -43.419  -33.515  48.623 0.2000000030
17111  -41.743  -34.023  47.098 0.2000000030
17432  -40.826  -32.967  46.280 0.2000000030
17431  -39.061  -31.996  45.178 0.2000000030
17406  -47.277  -34.721  51.671 0.2000000030
18002  -43.739  -33.123  49.755 0.2000000030
17691  -45.534  -33.823  51.966 0.2000000030
18003  -42.545  -32.433  48.352 0.2000000030
23974  -54.185  -11.567  39.396 0.1000000015
23408  -50.498  -11.702  46.955 0.3000000119
24228  -55.185  -10.169  39.426 0.1000000015
23433  -53.491  -13.586  38.469 0.1000000015
23979  -55.344  -10.287  38.498 0.1000000015
23709  -54.151  -12.368  38.302 0.1000000015
22583  -43.160  -15.296  58.392 0.1000000015
22343  -48.691  -15.684  46.603 0.3000000119
22612  -50.095  -14.630  47.007 0.3000000119
23112  -49.591  -12.823  47.444 0.3000000119
23125  -51.774  -13.008  43.905 0.1000000015
23421  -53.030  -11.986  42.903 0.2000000030
23696  -53.067  -10.474  44.217 0.1000000015
23967  -54.761  -9.600  42.356 0.1000000015
23970  -54.128  -11.149  41.930 0.3000000119
23971  -55.185  -9.950  41.029 0.2000000030
24229  -55.875  -8.651  40.014 0.2000000030
23712  -55.391  -11.727  37.965 0.1000000015
22585  -44.340  -15.239  57.505 0.2000000030
22866  -49.068  -14.057  47.415 0.3000000119
23399  -49.725  -11.694  47.763 0.2000000030
23958  -49.450  -9.828  46.899 0.1000000015
23692  -51.088  -10.455  46.421 0.1000000015
23962  -51.024  -9.318  45.829 0.1000000015
23409  -51.573  -11.887  45.186 0.1000000015
23693  -52.114  -10.881  45.328 0.1000000015
23963  -52.178  -9.683  45.429 0.1000000015
24478  -55.357  -8.216  41.383 0.1000000015
22865  -47.380  -14.146  47.702 0.2000000030
23109  -45.027  -13.154  47.177 0.2000000030
23383  -45.509  -12.065  46.905 0.2000000030
23685  -46.749  -10.979  47.045 0.1000000015
23395  -48.756  -11.998  48.188 0.2000000030
23407  -45.372  -11.560  45.648 0.1000000015
23382  -47.744  -11.325  47.889 0.1000000015
23689  -46.385  -10.781  45.911 0.1000000015
23957  -47.996  -10.008  46.773 0.1000000015
23686  -49.457  -10.897  47.761 0.1000000015
23690  -47.204  -10.379  45.031 0.1000000015
23961  -49.700  -9.192  45.106 0.1000000015
23964  -53.000  -9.218  44.696 0.1000000015
24223  -51.589  -8.811  45.336 0.1000000015
24484  -56.238  -7.389  39.285 0.1000000015
24233  -56.266  -8.326  38.500 0.1000000015
23438  -56.305  -13.659  37.294 0.1000000015
23984  -56.401  -10.261  37.782 0.1000000015
22839  -42.862  -13.314  57.497 0.2000000030
21692  -47.298  -18.641  45.740 0.3000000119
22022  -47.674  -17.818  45.309 0.3000000119
22031  -47.853  -16.907  45.428 0.3000000119
22864  -45.234  -14.147  47.231 0.2000000030
23111  -47.877  -12.978  48.145 0.2000000030
24224  -52.537  -8.310  44.164 0.1000000015
23966  -54.299  -8.774  43.061 0.1000000015
22842  -44.430  -13.714  56.139 0.1000000015
21668  -51.597  -18.526  50.805 0.2000000030
21684  -45.126  -18.835  45.539 0.2000000030
22029  -43.925  -17.585  45.522 0.2000000030
22030  -46.545  -17.231  45.238 0.2000000030
22611  -45.497  -15.607  46.436 0.2000000030
23695  -49.274  -9.587  43.017 0.1000000015
24226  -51.310  -8.413  43.452 0.1000000015
24482  -55.835  -6.624  40.046 0.2000000030
21993  -50.836  -17.331  50.540 0.2000000030
21991  -48.961  -17.899  49.156 0.2000000030
23405  -45.380  -11.579  44.293 0.1000000015
23691  -47.818  -10.491  43.559 0.1000000015
24785  -52.874  -7.415  42.309 0.1000000015
24476  -53.721  -7.594  42.653 0.1000000015
24788  -54.869  -6.423  41.237 0.1000000015
23985  -56.904  -8.263  37.611 0.1000000015
23713  -57.862  -11.362  36.667 0.1000000015
23986  -58.337  -11.685  36.070 0.1000000015
23714  -58.121  -13.072  35.247 0.1000000015
23406  -46.018  -11.923  42.688 0.1000000015
24239  -58.463  -8.864  36.040 0.1000000015
23987  -58.772  -10.708  35.358 0.1000000015
23992  -58.868  -11.406  34.100 0.1000000015
24477  -52.203  -7.632  41.370 0.1000000015
24789  -53.757  -6.090  40.879 0.1000000015
24793  -54.839  -5.421  40.181 0.1000000015
24485  -56.120  -6.212  38.844 0.1000000015
24491  -56.708  -5.986  37.455 0.1000000015
25135  -53.977  -5.362  39.870 0.1000000015
24492  -58.422  -6.054  34.976 0.1000000015
24797  -55.962  -5.183  38.349 0.1000000015
24795  -54.807  -5.069  38.991 0.1000000015
24804  -56.461  -4.497  36.616 0.1000000015
24798  -55.064  -4.034  37.477 0.1000000015
25141  -55.168  -3.439  36.444 0.1000000015
23701  -53.642  -12.400  40.836 0.2000000030
22863  -43.444  -14.439  46.217 0.2000000030
22024  -56.632  -19.641  43.880 0.4000000060
17926  -19.044  -30.200  67.686 0.1000000015
18269  -10.717  -28.948  63.432 0.1000000015
17402  -32.817  -33.486  51.580 0.2000000030
22619  -53.441  -14.902  42.352 0.3000000119
24225  -53.389  -8.403  43.890 0.1000000015
21992  -49.867  -17.291  49.846 0.1000000015
24246  -59.128  -9.769  33.919 0.1000000015
21336  -57.026  -22.426  42.966 0.2000000030
22340  -56.046  -17.634  42.627 0.4000000060
22874  -53.091  -14.768  41.283 0.3000000119
21310  -44.802  -19.204  47.563 0.1000000015
21694  -43.533  -18.771  45.284 0.1000000015
21331  -43.305  -19.428  45.478 0.1000000015
22342  -43.026  -16.217  45.944 0.1000000015
23124  -52.499  -13.810  41.847 0.2000000030
22618  -54.868  -15.917  41.866 0.4000000060
14571  -10.463  -41.366  74.771 0.1000000015
14268  -9.004  -43.415  74.713 0.1000000015
16041  -11.554  -37.387  72.969 0.1000000015
16395  -9.875  -36.046  72.891 0.1000000015
16047  -11.474  -36.957  71.202 0.1000000015
16401  -10.422  -35.982  69.000 0.1000000015
16402  -8.677  -34.977  71.478 0.1000000015
20640  -33.979  -21.374  66.769 0.1000000015
22348  -55.517  -17.140  40.957 0.2000000030
22327  -48.678  -16.046  50.876 0.1000000015
22628  -53.971  -15.970  40.153 0.2000000030
22853  -45.788  -13.949  54.333 0.1000000015
22326  -47.162  -15.534  50.549 0.1000000015
22879  -53.425  -15.086  40.014 0.2000000030
23422  -53.206  -13.767  40.516 0.2000000030
23432  -53.398  -13.180  39.599 0.2000000030
11168  -28.642  -55.475  48.944 0.1000000015
11572  -27.716  -54.181  47.309 0.1000000015
11169  -29.917  -54.725  48.711 0.1000000015
11946  -28.879  -52.567  46.145 0.1000000015
11573  -29.375  -53.497  47.344 0.1000000015
10797  -30.037  -55.998  50.141 0.1000000015
10798  -31.448  -55.070  50.172 0.1000000015
11942  -30.343  -51.843  46.950 0.1000000015
11569  -31.915  -52.515  48.556 0.1000000015
12305  -31.854  -50.373  47.569 0.1000000015
12304  -32.623  -49.990  48.410 0.1000000015
17108  -51.845  -34.985  48.123 0.1000000015
11568  -33.244  -51.795  49.387 0.1000000015
12307  -30.564  -49.958  46.324 0.1000000015
12632  -31.861  -48.368  47.382 0.1000000015
16821  -51.712  -36.260  47.109 0.1000000015
13311  -29.955  -46.435  45.475 0.1000000015
16489  -49.644  -36.754  46.934 0.1000000015
16142  -52.300  -38.009  47.041 0.1000000015
16822  -52.985  -36.067  46.806 0.1000000015
17409  -50.162  -34.999  49.166 0.1000000015
17107  -50.300  -35.808  47.791 0.1000000015
17411  -51.423  -33.880  49.741 0.1000000015
17427  -52.751  -33.104  47.968 0.1000000015
16138  -49.713  -37.569  47.352 0.1000000015
17109  -53.515  -34.678  46.692 0.1000000015
12948  -31.566  -46.390  47.514 0.1000000015
13670  -30.104  -45.122  45.704 0.1000000015
13669  -30.131  -44.165  46.553 0.1000000015
15237  -39.664  -41.188  50.935 0.1000000015
15518  -39.852  -39.989  51.282 0.1000000015
14939  -38.499  -42.021  50.227 0.1000000015
16820  -48.305  -36.208  47.606 0.1000000015
12299  -32.956  -48.805  49.015 0.1000000015
17412  -50.646  -33.153  52.118 0.1000000015
17413  -51.839  -32.677  49.819 0.1000000015
15841  -48.657  -38.164  49.099 0.1000000015
17991  -48.882  -33.427  53.929 0.1000000015
12298  -33.486  -49.086  50.560 0.1000000015
15821  -46.917  -38.602  51.727 0.1000000015
13308  -30.711  -44.653  47.939 0.1000000015
14025  -28.635  -42.443  47.082 0.1000000015
15504  -43.932  -39.823  56.318 0.1000000015
15815  -45.717  -39.119  54.823 0.1000000015
15505  -40.902  -41.074  55.020 0.1000000015
15220  -41.945  -41.725  55.849 0.1000000015
15809  -40.561  -40.485  54.633 0.1000000015
15840  -38.235  -39.255  47.927 0.1000000015
15242  -38.899  -40.091  49.052 0.1000000015
15526  -36.579  -39.225  46.104 0.1000000015
15249  -37.806  -40.170  47.933 0.1000000015
15256  -35.935  -41.162  47.924 0.1000000015
15536  -35.253  -39.535  45.733 0.1000000015
17408  -49.950  -34.468  51.105 0.1000000015
16137  -46.836  -36.996  47.740 0.1000000015
17410  -49.169  -34.201  53.302 0.1000000015
12624  -33.018  -48.165  49.966 0.1000000015
15842  -46.552  -38.152  50.000 0.1000000015
17706  -50.582  -31.942  52.122 0.1000000015
16492  -53.860  -36.555  46.011 0.1000000015
12618  -32.353  -47.413  50.687 0.1000000015
14011  -29.092  -43.079  48.528 0.1000000015
12932  -32.876  -47.417  51.734 0.1000000015
14323  -28.230  -42.268  48.167 0.1000000015
14936  -28.317  -41.141  47.490 0.1000000015
15823  -44.804  -37.992  53.798 0.1000000015
15813  -43.230  -39.199  56.742 0.1000000015
15814  -44.239  -38.619  55.870 0.1000000015
15516  -28.239  -39.835  46.879 0.1000000015
15503  -41.815  -40.123  56.294 0.1000000015
16136  -37.442  -38.627  46.976 0.1000000015
15839  -38.639  -39.252  49.171 0.1000000015
16112  -39.109  -39.311  51.535 0.1000000015
17405  -48.212  -35.189  49.598 0.1000000015
16819  -46.336  -35.912  48.412 0.1000000015
17699  -51.305  -31.981  51.258 0.1000000015
41695  -52.256  -32.170  48.868 0.1000000015
12939  -32.315  -47.036  49.237 0.1000000015
15517  -30.012  -40.041  47.164 0.1000000015
15811  -42.432  -38.531  56.825 0.1000000015
15832  -30.043  -38.999  46.073 0.1000000015
16106  -39.512  -39.608  54.338 0.1000000015
15812  -40.234  -39.940  55.084 0.1000000015
16120  -37.732  -38.715  49.655 0.1000000015
15856  -33.901  -39.055  45.068 0.1000000015
17407  -48.461  -34.760  52.214 0.1000000015
16824  -43.845  -34.999  48.381 0.1000000015
17418  -46.279  -35.046  49.547 0.1000000015
16488  -45.028  -36.083  48.305 0.1000000015
16485  -43.649  -35.963  48.162 0.1000000015
16131  -44.989  -37.141  48.402 0.1000000015
16141  -44.850  -36.623  48.121 0.1000000015
17428  -53.824  -33.087  46.240 0.1000000015
12940  -31.191  -45.738  50.000 0.1000000015
13298  -30.930  -45.269  48.992 0.1000000015
15828  -45.119  -37.823  50.436 0.1000000015
17997  -49.772  -31.473  52.257 0.1000000015
17707  -50.826  -31.324  50.645 0.1000000015
13295  -31.587  -45.804  50.532 0.1000000015
13649  -29.835  -44.109  48.943 0.1000000015
13642  -30.746  -45.336  50.199 0.1000000015
13646  -29.383  -45.036  50.232 0.1000000015
14005  -28.732  -43.609  49.355 0.1000000015
16121  -43.473  -36.892  51.810 0.1000000015
13997  -30.550  -44.893  50.441 0.1000000015
14317  -29.110  -44.001  50.025 0.1000000015
14920  -29.698  -43.074  48.915 0.1000000015
16114  -43.066  -36.694  53.300 0.1000000015
14314  -31.390  -44.407  50.262 0.1000000015
14623  -32.628  -43.622  49.485 0.1000000015
14921  -31.282  -42.702  48.763 0.1000000015
16107  -42.945  -37.216  55.444 0.1000000015
16459  -41.578  -36.189  55.823 0.1000000015
16483  -31.124  -38.699  45.989 0.1000000015
15810  -40.791  -39.219  56.770 0.1000000015
16458  -40.922  -36.671  56.536 0.1000000015
16818  -33.349  -38.579  46.025 0.1000000015
16817  -35.640  -37.364  45.660 0.1000000015
16825  -32.135  -38.498  45.447 0.1000000015
16495  -34.812  -37.381  44.732 0.1000000015
16478  -36.849  -37.921  46.161 0.1000000015
16101  -39.378  -39.365  55.626 0.1000000015
16152  -32.912  -38.407  44.941 0.1000000015
15857  -35.026  -38.189  44.649 0.1000000015
17722  -53.534  -32.131  46.261 0.1000000015
16130  -42.802  -36.151  48.177 0.1000000015
16129  -43.806  -37.100  48.767 0.1000000015
17713  -51.493  -31.328  48.556 0.1000000015
17728  -52.509  -31.753  47.291 0.1000000015
16125  -43.248  -36.831  49.559 0.1000000015
17711  -50.020  -31.031  50.513 0.1000000015
16464  -41.953  -35.876  54.217 0.1000000015
15223  -29.545  -41.400  47.936 0.1000000015
14624  -34.454  -43.128  49.495 0.1000000015
14922  -33.254  -42.983  48.611 0.1000000015
15519  -32.734  -39.977  46.849 0.1000000015
14923  -34.449  -41.936  48.680 0.1000000015
14928  -32.994  -42.231  47.995 0.1000000015
16815  -35.048  -37.868  46.848 0.1000000015
16103  -40.900  -37.991  57.055 0.1000000015
14924  -35.261  -40.378  49.237 0.1000000015
17102  -34.140  -37.507  45.290 0.1000000015
16473  -36.573  -38.290  49.343 0.1000000015
16102  -38.919  -38.829  56.148 0.1000000015
16463  -38.015  -39.472  54.446 0.1000000015
17714  -48.347  -30.492  48.659 0.1000000015
16469  -41.349  -35.085  51.086 0.1000000015
15224  -30.980  -41.333  47.765 0.1000000015
15225  -32.691  -41.610  47.469 0.1000000015
15235  -32.233  -40.998  47.167 0.1000000015
16128  -32.542  -39.616  46.992 0.1000000015
16788  -39.826  -35.615  55.489 0.1000000015
15226  -33.468  -41.332  47.873 0.1000000015
16809  -34.382  -39.134  47.884 0.1000000015
16806  -35.352  -38.613  49.740 0.1000000015
14929  -34.546  -40.844  48.124 0.1000000015
16807  -35.807  -38.228  49.211 0.1000000015
16467  -36.217  -38.913  50.567 0.1000000015
16461  -36.553  -39.147  52.859 0.1000000015
16454  -37.123  -39.185  54.745 0.1000000015
16466  -37.067  -38.853  51.031 0.1000000015
17729  -51.759  -31.198  46.149 0.1000000015
17727  -53.128  -31.574  45.587 0.1000000015
17730  -54.429  -32.287  44.435 0.1000000015
17712  -49.575  -30.785  48.252 0.1000000015
16795  -39.695  -34.368  53.096 0.1000000015
17089  -38.014  -34.436  53.752 0.1000000015
15236  -33.578  -40.352  47.375 0.1000000015
15833  -33.391  -40.034  47.452 0.1000000015
16787  -36.473  -35.714  54.778 0.1000000015
16457  -38.627  -36.369  56.104 0.1000000015
15228  -34.776  -39.449  48.414 0.1000000015
16814  -33.575  -39.407  46.866 0.1000000015
16810  -35.038  -38.833  48.478 0.1000000015
16792  -35.027  -38.390  54.129 0.1000000015
16453  -36.165  -38.237  55.019 0.1000000015
16456  -37.606  -37.399  56.039 0.1000000015
15227  -35.016  -38.803  50.045 0.1000000015
15827  -34.000  -39.095  48.840 0.1000000015
16805  -34.632  -38.614  49.473 0.1000000015
16462  -35.461  -38.843  53.357 0.1000000015
16455  -36.187  -39.199  54.058 0.1000000015
17732  -50.712  -31.661  43.957 0.1000000015
17733  -52.479  -31.456  44.004 0.1000000015
17721  -50.724  -31.062  46.235 0.1000000015
17718  -49.706  -30.967  46.619 0.1000000015
15502  -33.557  -38.208  52.091 0.1000000015
15820  -33.048  -37.950  51.805 0.1000000015
16118  -33.154  -37.723  51.875 0.1000000015
16799  -33.374  -37.811  52.958 0.1000000015
16793  -34.373  -38.163  53.392 0.1000000015
16786  -34.988  -36.789  54.609 0.1000000015
16119  -33.827  -38.516  49.971 0.1000000015
16468  -35.598  -38.671  51.279 0.1000000015
17725  -48.593  -31.746  44.363 0.1000000015
17719  -48.377  -31.098  45.937 0.1000000015
17739  -53.885  -31.588  43.986 0.1000000015
18338  -47.792  -29.941  46.345 0.1000000015
17734  -55.611  -31.616  42.095 0.1000000015
16111  -31.744  -36.926  52.854 0.1000000015
17093  -33.524  -35.729  54.115 0.1000000015
17094  -34.447  -34.882  53.697 0.1000000015
17737  -49.953  -31.656  43.150 0.1000000015
17726  -47.437  -31.405  43.922 0.1000000015
17738  -51.706  -31.407  43.132 0.1000000015
17720  -47.657  -30.650  45.452 0.1000000015
18029  -53.582  -30.993  43.033 0.1000000015
18030  -54.948  -31.142  42.856 0.1000000015
19271  -48.719  -29.231  46.894 0.1000000015
19578  -51.942  -27.997  47.490 0.1000000015
19577  -50.362  -28.624  48.467 0.1000000015
16117  -31.877  -36.591  52.697 0.1000000015
17401  -31.689  -33.978  51.727 0.1000000015
16804  -31.638  -35.052  52.282 0.1000000015
17092  -32.489  -35.833  53.549 0.1000000015
17098  -32.875  -34.929  53.338 0.1000000015
16798  -32.665  -37.340  53.171 0.1000000015
18033  -50.175  -30.363  41.827 0.1000000015
17736  -48.078  -31.480  43.179 0.1000000015
18018  -46.911  -30.439  43.477 0.1000000015
18341  -47.377  -29.459  44.243 0.1000000015
19588  -49.180  -28.308  45.247 0.1000000015
18970  -47.999  -29.202  44.941 0.1000000015
19582  -50.341  -28.169  46.437 0.1000000015
18019  -46.779  -29.235  43.113 0.1000000015
19274  -47.673  -28.297  43.861 0.1000000015
20689  -54.601  -26.609  46.228 0.1000000015
19893  -52.692  -27.194  45.952 0.1000000015
19897  -51.437  -27.551  46.063 0.1000000015
19900  -50.574  -27.212  45.194 0.1000000015
18355  -55.119  -29.552  41.349 0.1000000015
17740  -56.123  -32.613  40.894 0.1000000015
17113  -55.561  -34.264  41.947 0.1000000015
18032  -47.541  -29.626  41.620 0.1000000015
18028  -46.633  -29.080  42.030 0.1000000015
18027  -47.174  -30.609  42.787 0.1000000015
20692  -49.353  -24.232  43.011 0.1000000015
18347  -46.676  -28.579  43.232 0.1000000015
18034  -52.917  -29.853  41.486 0.1000000015
21004  -52.661  -24.421  44.297 0.1000000015
20446  -50.758  -24.298  44.061 0.1000000015
21006  -54.595  -25.688  44.912 0.1000000015
21005  -53.093  -25.934  44.935 0.1000000015
20179  -51.106  -25.955  44.733 0.1000000015
19902  -49.197  -26.839  44.179 0.1000000015
21003  -51.278  -23.519  43.614 0.1000000015
18974  -45.893  -27.038  42.721 0.1000000015
21326  -54.138  -24.461  44.040 0.1000000015
21339  -49.105  -23.777  42.307 0.1000000015
18354  -45.919  -27.919  42.251 0.1000000015
20688  -55.567  -26.101  45.667 0.1000000015
20691  -46.090  -24.318  41.835 0.1000000015
18360  -48.522  -28.178  40.013 0.1000000015
21348  -46.390  -23.470  40.903 0.1000000015
19907  -44.829  -25.271  42.003 0.1000000015
18036  -56.542  -30.814  39.517 0.1000000015
21332  -53.261  -23.754  43.100 0.1000000015
21333  -51.192  -23.310  42.964 0.1000000015
21334  -55.601  -24.041  43.301 0.1000000015
21340  -52.154  -23.556  42.264 0.1000000015
21012  -55.716  -25.054  45.035 0.1000000015
21349  -50.386  -23.495  41.942 0.1000000015
21357  -49.441  -23.619  40.998 0.1000000015
18664  -55.028  -28.054  39.506 0.1000000015
18358  -55.957  -28.881  39.873 0.1000000015
21350  -55.693  -23.181  41.339 0.1000000015
21343  -56.765  -22.266  41.730 0.1000000015
21342  -56.156  -23.399  42.209 0.1000000015
21341  -54.392  -23.804  41.957 0.1000000015
21027  -52.260  -24.182  41.167 0.1000000015
21335  -56.509  -23.602  44.331 0.1000000015
18361  -51.240  -28.477  40.018 0.1000000015
18362  -53.795  -28.398  39.797 0.1000000015
18668  -55.082  -27.402  38.388 0.1000000015
21708  -56.828  -20.059  42.505 0.1000000015
21351  -55.663  -22.145  40.491 0.1000000015
21030  -54.199  -23.510  39.765 0.1000000015
21028  -54.179  -23.906  40.603 0.1000000015
22039  -55.350  -18.747  40.299 0.1000000015
22042  -54.318  -17.439  39.644 0.1000000015
21359  -54.257  -22.032  39.500 0.1000000015
21029  -53.438  -24.276  39.606 0.1000000015
22364  -53.715  -16.833  39.089 0.1000000015
21715  -53.930  -20.088  39.223 0.1000000015
21035  -53.661  -23.671  38.624 0.1000000015
21373  -53.854  -23.213  36.858 0.1000000015
21722  -52.852  -22.975  35.752 0.1000000015
21724  -50.936  -23.421  35.522 0.1000000015
22884  -53.584  -15.116  39.004 0.1000000015
21369  -53.896  -22.020  38.608 0.1000000015
22043  -53.574  -18.376  39.012 0.1000000015
22046  -53.698  -18.531  38.419 0.1000000015
21719  -53.870  -20.689  38.235 0.1000000015
21374  -54.347  -22.635  37.469 0.1000000015
22049  -54.762  -20.810  36.693 0.1000000015
21723  -54.834  -22.452  36.515 0.1000000015
21725  -54.594  -22.244  35.833 0.1000000015
22369  -55.125  -20.139  35.643 0.1000000015
22053  -53.982  -21.455  34.981 0.1000000015
22641  -54.105  -19.716  34.594 0.1000000015
21390  -51.046  -23.355  34.785 0.1000000015
21727  -52.186  -22.163  35.092 0.1000000015
22637  -54.427  -17.197  38.110 0.1000000015
22642  -55.532  -19.201  34.974 0.1000000015
16490  -52.802  -37.207  46.742 0.1000000015
15846  -51.741  -38.723  48.052 0.1000000015
12616  -33.329  -48.609  51.547 0.1000000015
15822  -48.008  -39.451  52.441 0.1000000015
15500  -45.523  -40.358  55.683 0.1000000015
14943  -36.897  -42.483  49.542 0.1000000015
15834  -50.080  -38.909  49.900 0.1000000015
16140  -36.554  -38.080  45.502 0.1000000015
16496  -34.584  -37.683  44.497 0.1000000015
13647  -29.373  -45.016  49.772 0.1000000015
14622  -30.857  -43.747  49.676 0.1000000015
16104  -42.040  -37.398  56.788 0.1000000015
16113  -38.528  -39.377  53.165 0.1000000015
16475  -36.276  -37.708  47.357 0.1000000015
16794  -39.058  -34.975  54.620 0.1000000015
16800  -34.146  -38.193  51.583 0.1000000015
16801  -33.340  -36.859  53.878 0.1000000015
16797  -32.226  -36.442  53.038 0.1000000015
41697  -53.709  -26.800  45.598 0.1000000015
20181  -48.257  -25.297  43.217 0.1000000015
18357  -45.836  -28.095  40.814 0.1000000015
20697  -44.042  -23.964  41.193 0.1000000015
21709  -56.480  -20.530  41.113 0.1000000015
22347  -56.261  -18.392  41.479 0.1000000015
21372  -51.925  -23.942  37.123 0.1000000015
21720  -54.627  -21.695  37.181 0.1000000015
22368  -54.589  -19.011  37.161 0.1000000015
21728  -52.000  -21.814  34.708 0.1000000015
22370  -52.735  -20.425  34.726 0.1000000015
18601  -33.670  -30.407  59.211 1.0000000000
