#!ascii label  , from subject Yale_0050567 vox2ras=TkReg
1113
2005  21.170  -74.049  5.372 0.0000000000
2006  20.889  -74.343  5.106 0.0000000000
2007  20.428  -74.844  4.785 0.0000000000
2021  20.523  -74.350  4.483 0.0000000000
2022  20.044  -74.974  4.306 0.0000000000
2023  19.473  -75.285  4.114 0.0000000000
2040  20.380  -74.238  3.993 0.0000000000
2041  19.828  -74.718  3.894 0.0000000000
2042  19.114  -75.208  3.963 0.0000000000
2438  22.267  -73.120  5.628 0.0000000000
2439  21.463  -73.574  5.153 0.0000000000
2440  20.949  -73.933  4.609 0.0000000000
2453  21.152  -73.410  4.339 0.0000000000
2454  20.781  -73.885  4.177 0.0000000000
2473  21.354  -73.043  4.010 0.0000000000
2474  20.919  -73.327  3.812 0.0000000000
2475  20.256  -73.934  3.740 0.0000000000
2476  19.708  -74.342  3.719 0.0000000000
2477  19.260  -74.464  3.813 0.0000000000
2478  18.627  -74.862  4.127 0.0000000000
2488  20.987  -72.819  3.494 0.0000000000
2489  20.624  -73.123  3.696 0.0000000000
2490  20.141  -73.622  3.645 0.0000000000
2491  19.747  -73.970  3.635 0.0000000000
2913  21.971  -74.565  7.060 0.0000000000
2914  20.886  -74.842  6.358 0.0000000000
2925  20.360  -74.254  5.333 0.0000000000
2943  20.087  -73.889  4.896 0.0000000000
2944  19.456  -74.364  5.056 0.0000000000
2958  23.867  -71.742  5.975 0.0000000000
2959  23.042  -72.321  5.467 0.0000000000
2960  22.239  -72.868  5.018 0.0000000000
2961  19.536  -73.962  4.490 0.0000000000
2962  18.729  -74.706  4.749 0.0000000000
2978  22.566  -72.324  4.615 0.0000000000
2979  21.808  -72.847  4.374 0.0000000000
2980  19.419  -73.832  4.122 0.0000000000
2981  18.668  -74.598  4.365 0.0000000000
2997  21.596  -72.547  3.719 0.0000000000
2998  21.205  -72.747  3.576 0.0000000000
2999  19.486  -73.859  3.839 0.0000000000
3000  18.784  -74.489  4.171 0.0000000000
3010  21.748  -72.046  3.411 0.0000000000
3011  21.392  -72.272  3.372 0.0000000000
3012  20.977  -72.476  3.341 0.0000000000
3013  20.573  -72.768  3.538 0.0000000000
3014  20.028  -73.395  3.662 0.0000000000
3437  22.750  -74.179  8.841 0.0000000000
3445  22.890  -74.023  8.164 0.0000000000
3446  22.652  -74.240  7.485 0.0000000000
3463  22.956  -73.582  7.386 0.0000000000
3464  22.528  -73.701  6.812 0.0000000000
3465  21.877  -74.112  6.337 0.0000000000
3483  22.100  -73.412  6.139 0.0000000000
3484  21.445  -73.728  5.556 0.0000000000
3496  25.906  -70.869  6.849 0.0000000000
3497  25.162  -71.077  6.635 0.0000000000
3498  24.306  -71.320  6.341 0.0000000000
3499  20.645  -73.272  4.733 0.0000000000
3500  19.953  -73.707  4.644 0.0000000000
3518  25.026  -70.543  6.019 0.0000000000
3519  24.394  -70.856  5.760 0.0000000000
3520  23.727  -71.443  5.286 0.0000000000
3521  20.487  -72.780  4.414 0.0000000000
3522  20.149  -73.112  4.251 0.0000000000
3538  24.006  -70.853  4.940 0.0000000000
3539  23.265  -71.303  4.461 0.0000000000
3540  22.332  -72.061  4.009 0.0000000000
3541  20.076  -72.917  3.940 0.0000000000
3550  22.605  -71.236  3.676 0.0000000000
3551  22.044  -71.880  3.555 0.0000000000
3552  20.588  -72.164  3.505 0.0000000000
3553  20.137  -72.865  3.793 0.0000000000
3563  22.447  -70.924  3.372 0.0000000000
3564  21.944  -71.381  3.203 0.0000000000
3565  21.345  -71.776  3.139 0.0000000000
3566  20.975  -71.988  3.181 0.0000000000
3567  20.761  -72.117  3.360 0.0000000000
3568  20.305  -72.920  3.617 0.0000000000
3578  21.830  -71.087  2.995 0.0000000000
3579  21.595  -71.165  2.994 0.0000000000
3580  21.274  -71.293  3.014 0.0000000000
3581  21.035  -71.419  3.076 0.0000000000
3988  22.619  -72.382  11.106 0.0000000000
3997  22.525  -72.160  10.372 0.0000000000
4006  23.020  -73.037  9.158 0.0000000000
4016  23.694  -72.262  7.125 0.0000000000
4017  23.365  -73.043  7.703 0.0000000000
4028  23.582  -72.119  6.685 0.0000000000
4029  23.101  -72.691  6.670 0.0000000000
4030  22.668  -73.224  6.355 0.0000000000
4048  22.723  -72.338  6.038 0.0000000000
4049  22.320  -72.693  5.926 0.0000000000
4050  21.866  -73.077  5.692 0.0000000000
4067  27.323  -70.292  6.980 0.0000000000
4068  26.397  -70.308  6.638 0.0000000000
4069  25.495  -70.253  6.175 0.0000000000
4070  21.953  -72.146  5.630 0.0000000000
4071  21.487  -72.428  5.254 0.0000000000
4082  25.949  -69.491  5.944 0.0000000000
4083  25.121  -70.009  5.559 0.0000000000
4084  24.497  -70.322  5.055 0.0000000000
4085  20.666  -71.925  4.362 0.0000000000
4086  20.346  -72.367  4.009 0.0000000000
4094  25.531  -68.916  5.347 0.0000000000
4095  24.755  -69.493  4.939 0.0000000000
4096  24.019  -70.153  4.393 0.0000000000
4097  23.543  -70.629  4.236 0.0000000000
4098  20.540  -71.543  3.783 0.0000000000
4099  20.361  -72.363  3.770 0.0000000000
4112  23.822  -69.839  3.984 0.0000000000
4113  23.392  -70.403  3.891 0.0000000000
4114  20.675  -71.357  3.467 0.0000000000
4115  20.478  -72.056  3.689 0.0000000000
4130  22.805  -70.528  3.524 0.0000000000
4131  22.450  -70.473  3.256 0.0000000000
4132  20.826  -71.441  3.291 0.0000000000
4147  32.061  -69.982  0.739 0.0000000000
4148  21.953  -70.644  2.998 0.0000000000
4149  21.561  -70.629  2.902 0.0000000000
4150  21.242  -70.740  2.941 0.0000000000
4151  20.997  -70.913  3.078 0.0000000000
4165  32.476  -70.028  0.302 0.0000000000
4166  31.725  -69.905  0.299 0.0000000000
4570  23.606  -71.384  10.664 0.0000000000
4571  23.277  -71.159  10.204 0.0000000000
4582  23.122  -71.347  9.601 0.0000000000
4588  23.811  -71.094  8.167 0.0000000000
4589  23.393  -71.540  8.856 0.0000000000
4596  23.943  -71.505  7.269 0.0000000000
4597  23.720  -72.175  8.010 0.0000000000
4606  23.825  -71.693  6.650 0.0000000000
4607  23.550  -71.829  6.298 0.0000000000
4617  22.918  -71.843  6.042 0.0000000000
4618  22.363  -71.996  5.769 0.0000000000
4633  30.126  -68.796  6.432 0.0000000000
4634  28.998  -69.100  6.409 0.0000000000
4635  27.798  -69.621  6.558 0.0000000000
4636  26.829  -69.292  6.122 0.0000000000
4637  21.870  -71.589  5.402 0.0000000000
4638  21.278  -71.167  4.854 0.0000000000
4653  30.619  -68.395  5.577 0.0000000000
4654  29.944  -68.395  5.750 0.0000000000
4655  28.374  -68.869  6.036 0.0000000000
4656  27.620  -68.752  5.816 0.0000000000
4657  26.538  -68.525  5.572 0.0000000000
4658  20.897  -70.453  4.263 0.0000000000
4672  31.082  -68.205  4.540 0.0000000000
4673  25.952  -68.133  5.071 0.0000000000
4674  25.207  -68.560  4.490 0.0000000000
4675  24.491  -69.240  4.488 0.0000000000
4676  20.675  -70.441  3.807 0.0000000000
4689  31.244  -68.205  3.010 0.0000000000
4690  30.452  -67.954  2.431 0.0000000000
4691  24.904  -68.195  3.984 0.0000000000
4692  24.223  -69.007  3.910 0.0000000000
4693  23.658  -69.710  3.809 0.0000000000
4694  20.725  -70.397  3.401 0.0000000000
4706  31.939  -69.461  1.578 0.0000000000
4707  30.833  -68.731  1.640 0.0000000000
4708  23.796  -68.677  3.544 0.0000000000
4709  23.237  -69.551  3.466 0.0000000000
4710  22.479  -69.758  3.061 0.0000000000
4711  20.859  -70.576  3.159 0.0000000000
4723  31.251  -69.605  0.786 0.0000000000
4724  30.440  -68.912  0.679 0.0000000000
4725  21.953  -69.857  2.899 0.0000000000
4726  21.512  -69.964  2.831 0.0000000000
4727  21.194  -70.168  2.855 0.0000000000
4728  21.008  -69.918  2.869 0.0000000000
4742  33.078  -69.822  0.016 0.0000000000
4743  32.003  -69.826  -0.067 0.0000000000
4744  30.995  -69.588  0.076 0.0000000000
4745  30.108  -68.995  -0.029 0.0000000000
4754  33.873  -69.187  -0.108 0.0000000000
4755  32.613  -69.357  -0.312 0.0000000000
4756  31.457  -69.333  -0.383 0.0000000000
4757  30.621  -69.105  -0.311 0.0000000000
5132  24.245  -70.523  10.349 0.0000000000
5133  23.809  -70.421  10.057 0.0000000000
5134  23.614  -70.459  9.919 0.0000000000
5150  23.822  -70.156  9.751 0.0000000000
5151  23.574  -70.409  9.649 0.0000000000
5165  23.929  -70.297  8.341 0.0000000000
5166  23.559  -70.468  9.050 0.0000000000
5173  24.169  -70.632  7.478 0.0000000000
5181  24.176  -70.927  6.434 0.0000000000
5182  23.796  -71.374  6.251 0.0000000000
5191  24.036  -70.537  5.861 0.0000000000
5192  23.344  -70.873  5.729 0.0000000000
5193  22.527  -71.403  5.548 0.0000000000
5200  29.361  -68.576  5.870 0.0000000000
5201  28.841  -68.693  5.935 0.0000000000
5202  22.722  -70.176  5.115 0.0000000000
5203  22.016  -70.562  5.065 0.0000000000
5204  21.275  -70.287  4.565 0.0000000000
5211  30.079  -68.241  5.426 0.0000000000
5212  29.623  -68.225  5.350 0.0000000000
5213  28.678  -68.282  5.433 0.0000000000
5214  27.554  -68.001  5.158 0.0000000000
5215  26.693  -67.927  4.925 0.0000000000
5216  21.024  -69.711  4.209 0.0000000000
5225  30.205  -68.123  4.955 0.0000000000
5226  29.558  -67.896  4.622 0.0000000000
5227  28.598  -67.740  4.362 0.0000000000
5228  27.448  -67.661  4.209 0.0000000000
5229  26.219  -67.724  4.286 0.0000000000
5230  25.416  -67.805  4.052 0.0000000000
5231  20.808  -69.394  3.759 0.0000000000
5232  20.708  -68.770  3.373 0.0000000000
5240  30.400  -67.942  4.106 0.0000000000
5241  29.876  -67.568  3.342 0.0000000000
5242  28.536  -67.341  3.206 0.0000000000
5243  27.231  -67.431  3.114 0.0000000000
5244  26.078  -67.674  3.283 0.0000000000
5245  25.115  -67.784  3.588 0.0000000000
5246  24.630  -68.164  3.750 0.0000000000
5247  20.715  -69.099  3.269 0.0000000000
5248  20.630  -68.633  3.203 0.0000000000
5258  29.808  -67.654  1.783 0.0000000000
5259  28.279  -67.152  2.120 0.0000000000
5260  27.488  -67.261  2.515 0.0000000000
5261  25.653  -67.723  3.019 0.0000000000
5262  25.270  -67.724  2.953 0.0000000000
5263  24.359  -67.931  3.413 0.0000000000
5264  23.548  -68.423  3.240 0.0000000000
5265  22.959  -68.914  3.036 0.0000000000
5266  20.849  -69.443  2.977 0.0000000000
5273  29.674  -68.332  0.466 0.0000000000
5274  29.114  -67.422  0.977 0.0000000000
5275  22.454  -69.015  2.900 0.0000000000
5276  21.962  -69.046  2.778 0.0000000000
5277  21.398  -69.252  2.753 0.0000000000
5278  21.071  -69.118  2.779 0.0000000000
5285  29.591  -68.463  -0.165 0.0000000000
5286  29.181  -67.931  0.011 0.0000000000
5294  34.896  -68.334  -0.210 0.0000000000
5295  33.526  -68.496  -0.303 0.0000000000
5296  32.025  -68.564  -0.562 0.0000000000
5297  30.841  -68.697  -0.734 0.0000000000
5298  29.936  -68.497  -0.622 0.0000000000
5299  29.345  -68.155  -0.510 0.0000000000
5310  31.090  -68.060  -0.928 0.0000000000
5311  30.153  -68.114  -1.054 0.0000000000
5312  29.660  -68.097  -1.016 0.0000000000
5672  24.816  -69.915  10.132 0.0000000000
5673  24.285  -69.890  9.911 0.0000000000
5674  24.050  -69.927  9.715 0.0000000000
5689  25.420  -69.421  9.822 0.0000000000
5690  24.777  -69.410  9.628 0.0000000000
5691  24.375  -69.551  9.489 0.0000000000
5692  24.033  -69.779  9.400 0.0000000000
5693  23.721  -70.026  9.362 0.0000000000
5710  23.909  -69.814  8.900 0.0000000000
5711  23.677  -70.022  9.138 0.0000000000
5724  24.833  -69.515  7.190 0.0000000000
5725  24.325  -69.773  7.926 0.0000000000
5732  24.937  -69.550  6.333 0.0000000000
5733  24.541  -70.096  6.851 0.0000000000
5741  24.871  -69.503  5.750 0.0000000000
5742  24.459  -70.015  5.882 0.0000000000
5743  23.911  -70.191  5.537 0.0000000000
5752  24.157  -69.713  5.231 0.0000000000
5753  23.368  -69.753  5.025 0.0000000000
5754  22.345  -69.534  4.533 0.0000000000
5755  21.519  -69.668  4.386 0.0000000000
5762  21.674  -69.001  4.138 0.0000000000
5763  21.144  -68.934  3.917 0.0000000000
5769  20.830  -68.522  3.512 0.0000000000
5770  20.663  -68.316  3.286 0.0000000000
5778  27.193  -67.341  2.621 0.0000000000
5779  26.777  -67.425  2.720 0.0000000000
5780  20.649  -68.242  3.022 0.0000000000
5781  20.602  -68.414  3.118 0.0000000000
5790  27.939  -67.028  1.765 0.0000000000
5791  27.298  -67.117  2.184 0.0000000000
5792  26.094  -67.369  2.503 0.0000000000
5793  25.056  -67.453  2.563 0.0000000000
5794  24.109  -67.705  2.724 0.0000000000
5795  23.295  -68.109  2.878 0.0000000000
5796  22.842  -68.506  2.878 0.0000000000
5797  21.080  -68.076  2.703 0.0000000000
5798  20.811  -68.375  2.872 0.0000000000
5802  28.399  -67.012  1.269 0.0000000000
5803  27.784  -66.797  1.498 0.0000000000
5804  26.877  -66.754  1.606 0.0000000000
5805  25.755  -66.929  1.876 0.0000000000
5806  24.754  -67.106  2.043 0.0000000000
5807  23.787  -67.359  2.351 0.0000000000
5808  22.763  -67.972  2.673 0.0000000000
5809  21.981  -68.168  2.611 0.0000000000
5810  21.382  -68.305  2.659 0.0000000000
5811  20.976  -68.663  2.760 0.0000000000
5813  28.709  -67.262  0.358 0.0000000000
5814  28.322  -66.550  0.825 0.0000000000
5815  27.716  -66.421  1.127 0.0000000000
5825  34.784  -67.476  -0.279 0.0000000000
5826  33.123  -67.301  -0.084 0.0000000000
5827  31.879  -67.881  -0.595 0.0000000000
5828  29.387  -68.032  -0.872 0.0000000000
5829  28.904  -67.589  -0.614 0.0000000000
5830  28.512  -66.965  -0.114 0.0000000000
5843  32.706  -66.372  -0.157 0.0000000000
5844  31.612  -67.169  -0.699 0.0000000000
5845  30.365  -67.432  -1.248 0.0000000000
5846  29.371  -67.542  -1.148 0.0000000000
5847  28.778  -67.269  -1.031 0.0000000000
6271  26.018  -68.898  9.472 0.0000000000
6272  25.288  -68.950  9.326 0.0000000000
6273  24.863  -68.990  9.086 0.0000000000
6274  24.393  -69.378  9.184 0.0000000000
6275  24.213  -69.542  9.245 0.0000000000
6289  25.016  -68.799  8.693 0.0000000000
6290  24.726  -69.041  8.631 0.0000000000
6291  24.214  -69.434  9.019 0.0000000000
6306  24.754  -69.133  7.889 0.0000000000
6307  24.353  -69.386  8.540 0.0000000000
6319  25.604  -68.593  6.771 0.0000000000
6320  25.278  -68.954  6.892 0.0000000000
6327  25.692  -68.669  6.308 0.0000000000
6328  25.337  -69.060  5.640 0.0000000000
6329  24.734  -69.446  5.251 0.0000000000
6335  24.955  -68.934  4.799 0.0000000000
6336  24.125  -69.057  4.605 0.0000000000
6337  23.032  -68.880  4.230 0.0000000000
6338  22.119  -68.597  4.053 0.0000000000
6345  21.538  -68.325  3.830 0.0000000000
6346  21.108  -68.073  3.563 0.0000000000
6354  20.806  -67.783  3.261 0.0000000000
6355  20.613  -68.023  3.140 0.0000000000
6362  20.697  -67.709  3.021 0.0000000000
6363  20.569  -68.085  3.062 0.0000000000
6368  21.052  -67.560  2.699 0.0000000000
6369  20.799  -67.627  2.847 0.0000000000
6373  26.314  -66.446  1.324 0.0000000000
6374  25.473  -66.450  1.352 0.0000000000
6375  24.413  -66.696  1.661 0.0000000000
6376  23.521  -66.884  1.994 0.0000000000
6377  22.682  -67.139  2.229 0.0000000000
6378  21.975  -67.362  2.398 0.0000000000
6379  21.449  -67.487  2.585 0.0000000000
6384  28.031  -66.039  0.884 0.0000000000
6385  27.176  -66.100  0.888 0.0000000000
6386  26.335  -66.085  1.009 0.0000000000
6395  36.099  -66.513  -0.389 0.0000000000
6396  34.829  -66.369  -0.162 0.0000000000
6397  33.791  -66.098  -0.316 0.0000000000
6398  28.604  -66.992  -0.691 0.0000000000
6399  28.223  -66.169  0.074 0.0000000000
6400  27.873  -65.803  0.677 0.0000000000
6414  33.112  -65.673  -0.536 0.0000000000
6415  31.960  -65.969  -0.370 0.0000000000
6416  30.721  -66.479  -1.137 0.0000000000
6417  29.616  -66.681  -1.523 0.0000000000
6418  28.641  -66.584  -1.133 0.0000000000
6419  28.109  -66.109  -0.832 0.0000000000
6883  26.581  -68.319  8.995 0.0000000000
6884  25.780  -68.533  8.950 0.0000000000
6885  25.292  -68.689  8.986 0.0000000000
6902  27.141  -67.670  8.397 0.0000000000
6903  26.380  -67.993  8.401 0.0000000000
6904  25.525  -68.467  8.461 0.0000000000
6905  25.100  -68.712  8.457 0.0000000000
6919  25.901  -68.075  7.612 0.0000000000
6920  25.291  -68.592  7.787 0.0000000000
6935  25.906  -68.268  6.776 0.0000000000
6936  25.533  -68.584  7.081 0.0000000000
6947  25.937  -68.266  5.527 0.0000000000
6948  25.426  -68.533  4.803 0.0000000000
6957  25.542  -67.714  4.505 0.0000000000
6958  24.646  -68.157  4.215 0.0000000000
6959  23.576  -68.198  3.945 0.0000000000
6960  22.505  -67.851  3.754 0.0000000000
6961  21.889  -68.026  3.818 0.0000000000
6968  22.160  -67.161  3.618 0.0000000000
6969  21.567  -67.411  3.551 0.0000000000
6970  21.081  -67.583  3.415 0.0000000000
6978  21.274  -66.960  3.350 0.0000000000
6979  21.041  -67.151  3.290 0.0000000000
6983  21.015  -66.737  2.948 0.0000000000
6984  20.891  -67.054  3.066 0.0000000000
6988  21.593  -66.508  2.556 0.0000000000
6989  21.122  -66.856  2.754 0.0000000000
6990  20.830  -67.216  2.896 0.0000000000
6992  24.907  -66.155  1.153 0.0000000000
6993  24.156  -66.255  1.369 0.0000000000
6994  23.464  -66.235  1.587 0.0000000000
6995  22.603  -66.466  2.001 0.0000000000
6996  21.902  -66.649  2.335 0.0000000000
6997  21.391  -66.998  2.583 0.0000000000
7005  26.798  -65.749  0.909 0.0000000000
7006  25.995  -65.560  0.997 0.0000000000
7007  24.707  -65.737  0.988 0.0000000000
7008  24.082  -65.915  1.179 0.0000000000
7020  35.989  -65.772  -0.671 0.0000000000
7021  35.006  -65.464  -0.553 0.0000000000
7022  34.040  -65.397  -0.642 0.0000000000
7023  28.129  -65.787  -0.484 0.0000000000
7024  27.574  -65.270  0.427 0.0000000000
7025  26.763  -64.912  0.817 0.0000000000
7036  36.453  -65.005  -1.726 0.0000000000
7037  34.837  -64.732  -0.776 0.0000000000
7038  33.625  -64.941  -0.784 0.0000000000
7039  32.538  -65.165  -0.728 0.0000000000
7040  31.269  -65.343  -0.769 0.0000000000
7041  30.050  -65.806  -1.508 0.0000000000
7042  29.038  -65.690  -1.707 0.0000000000
7043  28.203  -65.507  -0.968 0.0000000000
7044  27.735  -64.983  -0.580 0.0000000000
7051  37.042  -65.199  -3.755 0.0000000000
7053  30.483  -65.126  -1.412 0.0000000000
7054  29.689  -65.206  -1.744 0.0000000000
7055  29.188  -65.208  -1.882 0.0000000000
7558  27.720  -66.938  7.711 0.0000000000
7559  27.000  -67.237  7.818 0.0000000000
7560  26.405  -67.697  7.757 0.0000000000
7571  27.494  -66.659  7.270 0.0000000000
7572  27.037  -66.856  7.022 0.0000000000
7573  26.455  -67.549  6.924 0.0000000000
7585  26.796  -66.802  5.978 0.0000000000
7586  26.337  -67.663  6.058 0.0000000000
7594  26.286  -66.545  4.941 0.0000000000
7595  26.188  -67.315  5.173 0.0000000000
7606  25.853  -66.294  4.470 0.0000000000
7607  25.579  -66.689  4.381 0.0000000000
7608  24.593  -66.849  3.845 0.0000000000
7609  23.743  -67.378  3.700 0.0000000000
7610  23.145  -67.589  3.686 0.0000000000
7615  23.962  -66.184  3.667 0.0000000000
7616  23.516  -66.438  3.618 0.0000000000
7617  22.726  -66.859  3.604 0.0000000000
7618  21.992  -66.645  3.528 0.0000000000
7620  21.444  -66.533  3.294 0.0000000000
7621  21.164  -66.805  3.231 0.0000000000
7624  37.497  -67.465  1.924 0.0000000000
7625  36.172  -67.638  2.220 0.0000000000
7626  34.835  -67.709  2.366 0.0000000000
7627  33.615  -67.837  2.425 0.0000000000
7628  32.690  -67.965  2.494 0.0000000000
7629  32.166  -67.981  2.508 0.0000000000
7630  21.242  -66.394  3.040 0.0000000000
7631  21.006  -66.685  3.088 0.0000000000
7633  38.612  -67.074  0.837 0.0000000000
7634  37.791  -67.011  0.988 0.0000000000
7635  36.588  -67.189  1.203 0.0000000000
7636  35.289  -67.391  1.407 0.0000000000
7637  34.026  -67.593  1.522 0.0000000000
7638  32.896  -67.868  1.680 0.0000000000
7639  32.198  -67.995  2.041 0.0000000000
7640  21.608  -66.132  2.667 0.0000000000
7641  21.302  -66.328  2.833 0.0000000000
7643  23.237  -65.676  1.591 0.0000000000
7644  22.515  -65.861  1.999 0.0000000000
7645  22.001  -65.977  2.354 0.0000000000
7654  26.348  -64.621  0.872 0.0000000000
7655  25.241  -65.043  0.758 0.0000000000
7656  24.127  -65.451  1.041 0.0000000000
7666  27.529  -64.447  -0.125 0.0000000000
7667  26.928  -64.609  0.381 0.0000000000
7674  36.317  -64.200  -2.778 0.0000000000
7675  35.446  -64.021  -1.455 0.0000000000
7676  34.174  -64.158  -0.949 0.0000000000
7677  33.076  -64.406  -0.824 0.0000000000
7678  32.138  -64.534  -0.877 0.0000000000
7679  28.957  -65.164  -1.920 0.0000000000
7680  28.551  -64.913  -1.780 0.0000000000
7681  27.833  -64.586  -1.143 0.0000000000
7688  36.640  -64.336  -4.213 0.0000000000
7690  31.247  -64.627  -1.101 0.0000000000
7691  30.442  -64.512  -1.475 0.0000000000
7692  29.362  -64.649  -1.905 0.0000000000
7693  28.816  -64.313  -2.072 0.0000000000
7703  36.315  -64.239  -4.797 0.0000000000
8239  28.299  -66.321  7.260 0.0000000000
8240  27.909  -66.306  7.140 0.0000000000
8251  28.328  -65.703  6.795 0.0000000000
8252  27.722  -65.978  6.593 0.0000000000
8253  27.243  -66.369  6.433 0.0000000000
8261  27.634  -65.608  6.176 0.0000000000
8262  27.320  -65.971  6.015 0.0000000000
8265  26.774  -66.104  5.272 0.0000000000
8271  26.147  -66.090  4.540 0.0000000000
8272  25.324  -65.979  4.072 0.0000000000
8273  24.960  -66.301  3.974 0.0000000000
8281  24.736  -65.649  3.651 0.0000000000
8282  24.318  -65.857  3.715 0.0000000000
8283  23.473  -65.769  3.551 0.0000000000
8284  22.722  -65.836  3.474 0.0000000000
8285  22.318  -66.262  3.532 0.0000000000
8293  22.362  -65.508  3.342 0.0000000000
8294  22.039  -65.934  3.380 0.0000000000
8303  37.194  -67.661  2.856 0.0000000000
8304  35.806  -67.572  3.236 0.0000000000
8305  34.350  -67.544  3.170 0.0000000000
8306  33.216  -67.663  3.215 0.0000000000
8307  32.304  -67.805  3.068 0.0000000000
8308  31.580  -67.942  2.440 0.0000000000
8309  30.630  -67.603  1.777 0.0000000000
8310  29.879  -67.275  1.223 0.0000000000
8311  21.731  -65.810  3.120 0.0000000000
8320  38.461  -66.754  0.303 0.0000000000
8321  37.092  -66.508  0.116 0.0000000000
8322  35.787  -66.856  0.440 0.0000000000
8323  34.551  -67.038  0.555 0.0000000000
8324  33.239  -67.271  0.662 0.0000000000
8325  31.813  -67.523  1.098 0.0000000000
8326  30.556  -67.147  0.847 0.0000000000
8327  29.885  -66.916  0.756 0.0000000000
8328  22.128  -65.562  2.545 0.0000000000
8329  21.718  -65.772  2.858 0.0000000000
8336  39.259  -66.861  -0.538 0.0000000000
8337  38.181  -66.242  -0.519 0.0000000000
8338  37.368  -66.052  -0.651 0.0000000000
8339  23.787  -64.967  1.229 0.0000000000
8340  23.060  -65.229  1.757 0.0000000000
8341  22.554  -65.395  2.172 0.0000000000
8352  26.529  -64.216  0.472 0.0000000000
8353  25.925  -64.101  0.752 0.0000000000
8354  24.735  -64.619  0.831 0.0000000000
8365  27.322  -64.046  -0.751 0.0000000000
8366  26.999  -63.990  0.034 0.0000000000
8367  26.436  -63.933  0.182 0.0000000000
8374  36.160  -63.745  -3.310 0.0000000000
8375  35.685  -63.354  -2.268 0.0000000000
8376  34.627  -63.306  -1.335 0.0000000000
8377  33.363  -63.762  -1.040 0.0000000000
8378  32.646  -64.076  -0.929 0.0000000000
8379  28.222  -64.127  -1.834 0.0000000000
8380  27.658  -63.979  -1.340 0.0000000000
8388  36.455  -63.544  -3.957 0.0000000000
8389  36.001  -63.272  -3.222 0.0000000000
8390  34.410  -62.901  -1.436 0.0000000000
8391  33.638  -63.087  -1.314 0.0000000000
8392  31.987  -63.682  -1.116 0.0000000000
8393  30.361  -63.755  -1.745 0.0000000000
8394  29.392  -63.854  -2.102 0.0000000000
8395  28.787  -63.852  -2.123 0.0000000000
8403  36.485  -63.683  -4.456 0.0000000000
8404  36.146  -63.837  -4.938 0.0000000000
8934  28.786  -64.698  6.592 0.0000000000
8935  28.207  -65.160  6.480 0.0000000000
8948  28.326  -64.576  6.375 0.0000000000
8949  27.807  -65.118  6.093 0.0000000000
8950  27.522  -65.518  5.972 0.0000000000
8953  27.484  -65.329  5.315 0.0000000000
8954  27.299  -65.618  5.560 0.0000000000
8957  27.022  -65.526  4.563 0.0000000000
8958  26.558  -65.782  4.534 0.0000000000
8959  25.830  -65.843  4.160 0.0000000000
8965  27.119  -65.546  3.758 0.0000000000
8966  26.775  -65.521  3.896 0.0000000000
8967  26.028  -65.523  3.701 0.0000000000
8968  25.218  -65.532  3.625 0.0000000000
8969  24.187  -65.297  3.397 0.0000000000
8970  23.482  -65.299  3.407 0.0000000000
8971  23.045  -65.408  3.438 0.0000000000
8982  36.459  -66.852  4.756 0.0000000000
8983  31.934  -66.704  4.055 0.0000000000
8984  31.264  -66.558  3.893 0.0000000000
8985  30.200  -66.538  3.649 0.0000000000
8986  29.016  -66.498  3.374 0.0000000000
8987  27.950  -66.130  3.152 0.0000000000
8988  27.191  -65.660  3.058 0.0000000000
8989  26.448  -65.366  2.919 0.0000000000
8990  25.649  -65.123  2.853 0.0000000000
8991  24.962  -65.007  3.038 0.0000000000
8992  24.215  -64.889  3.119 0.0000000000
8993  23.478  -64.876  3.170 0.0000000000
8994  22.735  -65.107  3.251 0.0000000000
8995  22.164  -65.451  3.196 0.0000000000
9004  37.087  -67.490  3.742 0.0000000000
9005  36.128  -67.185  4.241 0.0000000000
9006  35.018  -67.196  3.920 0.0000000000
9007  33.894  -67.097  3.921 0.0000000000
9008  32.698  -66.945  4.061 0.0000000000
9009  31.709  -67.373  3.446 0.0000000000
9010  30.744  -67.441  2.940 0.0000000000
9011  29.564  -67.255  2.172 0.0000000000
9012  28.210  -66.810  1.833 0.0000000000
9013  27.335  -65.801  1.668 0.0000000000
9014  26.537  -65.253  1.885 0.0000000000
9015  25.824  -64.889  2.042 0.0000000000
9016  22.785  -64.838  2.868 0.0000000000
9017  22.234  -65.245  2.936 0.0000000000
9023  36.125  -66.453  -0.213 0.0000000000
9024  35.289  -66.350  -0.175 0.0000000000
9025  33.912  -66.310  -0.174 0.0000000000
9026  32.423  -66.599  -0.112 0.0000000000
9027  31.244  -66.466  0.037 0.0000000000
9028  30.165  -66.429  0.243 0.0000000000
9029  29.072  -66.779  0.603 0.0000000000
9030  28.055  -65.918  0.722 0.0000000000
9031  27.379  -65.367  0.688 0.0000000000
9032  23.356  -64.590  2.001 0.0000000000
9033  22.791  -64.923  2.379 0.0000000000
9034  22.183  -65.333  2.709 0.0000000000
9038  39.934  -66.491  -1.115 0.0000000000
9039  38.943  -65.964  -1.085 0.0000000000
9040  37.823  -65.543  -1.045 0.0000000000
9041  36.458  -65.722  -0.758 0.0000000000
9042  35.027  -65.431  -0.551 0.0000000000
9043  34.009  -65.341  -0.646 0.0000000000
9044  31.848  -65.960  -0.378 0.0000000000
9045  31.369  -65.677  -0.613 0.0000000000
9046  24.419  -64.350  1.079 0.0000000000
9047  23.554  -64.714  1.688 0.0000000000
9048  22.929  -65.000  1.965 0.0000000000
9055  25.818  -63.696  0.392 0.0000000000
9056  25.299  -63.914  0.901 0.0000000000
9066  27.111  -63.645  -0.409 0.0000000000
9067  26.834  -63.483  -0.127 0.0000000000
9068  26.288  -63.670  0.308 0.0000000000
9076  35.130  -62.818  -1.758 0.0000000000
9077  34.701  -62.843  -1.512 0.0000000000
9078  27.935  -63.484  -1.649 0.0000000000
9079  27.269  -63.582  -1.029 0.0000000000
9080  27.105  -63.431  -0.518 0.0000000000
9089  36.213  -63.126  -3.752 0.0000000000
9090  35.702  -62.558  -2.770 0.0000000000
9091  34.475  -62.452  -1.686 0.0000000000
9092  32.939  -62.496  -1.400 0.0000000000
9093  31.337  -62.803  -1.671 0.0000000000
9094  30.065  -63.122  -2.056 0.0000000000
9095  29.159  -63.361  -2.158 0.0000000000
9096  28.521  -63.570  -2.052 0.0000000000
9103  36.451  -63.315  -4.184 0.0000000000
9104  36.318  -62.995  -4.241 0.0000000000
9105  36.006  -63.244  -4.941 0.0000000000
9113  35.598  -63.503  -5.206 0.0000000000
9616  29.106  -64.061  6.458 0.0000000000
9630  28.812  -63.966  6.287 0.0000000000
9631  28.244  -64.380  6.153 0.0000000000
9637  28.458  -64.020  6.008 0.0000000000
9638  28.003  -64.656  5.800 0.0000000000
9641  28.270  -64.426  5.603 0.0000000000
9642  27.707  -65.096  5.193 0.0000000000
9648  29.363  -64.369  4.911 0.0000000000
9649  28.676  -64.793  4.832 0.0000000000
9650  27.896  -65.134  4.758 0.0000000000
9651  27.368  -65.380  4.637 0.0000000000
9660  36.048  -66.278  4.748 0.0000000000
9661  33.334  -65.102  4.537 0.0000000000
9662  32.274  -65.528  4.441 0.0000000000
9663  31.101  -65.194  4.440 0.0000000000
9664  29.996  -65.302  4.376 0.0000000000
9665  28.949  -65.383  4.345 0.0000000000
9666  27.994  -65.528  4.090 0.0000000000
9667  27.513  -65.535  3.960 0.0000000000
9668  25.268  -64.589  2.141 0.0000000000
9669  24.844  -64.592  2.425 0.0000000000
9670  24.259  -64.545  2.633 0.0000000000
9671  23.614  -64.564  2.823 0.0000000000
9672  23.077  -64.648  2.996 0.0000000000
9678  35.422  -66.575  4.463 0.0000000000
9679  34.628  -66.347  4.402 0.0000000000
9680  33.672  -66.039  4.509 0.0000000000
9681  32.957  -65.954  4.513 0.0000000000
9682  26.791  -65.081  0.954 0.0000000000
9683  26.132  -64.630  1.116 0.0000000000
9684  25.439  -64.389  1.506 0.0000000000
9685  24.901  -64.283  1.851 0.0000000000
9686  24.405  -64.274  2.129 0.0000000000
9687  23.869  -64.365  2.230 0.0000000000
9688  23.208  -64.586  2.616 0.0000000000
9692  40.288  -65.078  -1.439 0.0000000000
9693  39.517  -64.029  -1.622 0.0000000000
9694  33.026  -65.618  -0.295 0.0000000000
9695  32.274  -65.863  -0.315 0.0000000000
9696  30.650  -65.717  -0.510 0.0000000000
9697  29.668  -65.589  -0.433 0.0000000000
9698  28.454  -65.670  -0.291 0.0000000000
9699  27.849  -65.143  0.134 0.0000000000
9700  27.184  -64.804  0.409 0.0000000000
9701  26.631  -64.612  0.639 0.0000000000
9702  23.890  -64.445  1.771 0.0000000000
9703  23.401  -64.544  2.238 0.0000000000
9705  39.517  -65.609  -1.307 0.0000000000
9706  38.781  -64.629  -1.460 0.0000000000
9707  37.229  -64.443  -1.408 0.0000000000
9708  35.876  -64.363  -1.175 0.0000000000
9709  34.681  -64.323  -0.845 0.0000000000
9710  33.485  -64.574  -0.817 0.0000000000
9711  32.155  -65.046  -0.686 0.0000000000
9712  31.134  -64.943  -0.905 0.0000000000
9713  30.385  -64.964  -0.720 0.0000000000
9714  24.998  -63.775  0.948 0.0000000000
9715  24.296  -64.309  1.283 0.0000000000
9718  25.864  -63.428  0.285 0.0000000000
9719  25.541  -63.551  0.578 0.0000000000
9729  27.156  -63.025  -0.933 0.0000000000
9730  26.956  -63.099  -0.602 0.0000000000
9731  26.327  -63.308  0.016 0.0000000000
9740  28.092  -63.022  -1.649 0.0000000000
9741  27.435  -63.135  -1.141 0.0000000000
9742  27.068  -63.317  -0.741 0.0000000000
9754  35.400  -61.909  -2.943 0.0000000000
9755  34.965  -61.689  -2.170 0.0000000000
9756  33.816  -61.615  -1.793 0.0000000000
9757  32.270  -61.794  -1.684 0.0000000000
9758  30.786  -62.284  -1.998 0.0000000000
9759  29.666  -62.723  -2.130 0.0000000000
9760  28.729  -63.046  -2.010 0.0000000000
9768  35.841  -62.164  -3.643 0.0000000000
9769  36.181  -62.509  -4.464 0.0000000000
9775  35.919  -62.051  -4.164 0.0000000000
9776  35.950  -62.444  -4.779 0.0000000000
9777  35.646  -62.861  -5.119 0.0000000000
9787  35.527  -63.187  -5.213 0.0000000000
9801  35.697  -63.291  -5.154 0.0000000000
9802  35.646  -62.968  -5.190 0.0000000000
10348  28.960  -63.581  6.050 0.0000000000
10357  28.795  -63.710  5.837 0.0000000000
10367  28.687  -64.147  5.469 0.0000000000
10379  28.629  -64.464  5.159 0.0000000000
10389  35.369  -64.399  4.599 0.0000000000
10390  34.233  -64.135  4.412 0.0000000000
10391  33.172  -63.760  4.360 0.0000000000
10392  32.125  -63.612  4.477 0.0000000000
10394  29.867  -64.394  4.777 0.0000000000
10402  42.579  -63.555  -1.292 0.0000000000
10403  41.412  -62.386  -1.021 0.0000000000
10404  35.380  -65.631  4.646 0.0000000000
10405  34.501  -65.269  4.626 0.0000000000
10406  33.904  -65.134  4.591 0.0000000000
10407  26.328  -64.264  0.684 0.0000000000
10408  25.740  -64.152  0.861 0.0000000000
10409  25.101  -64.151  1.169 0.0000000000
10410  24.582  -64.232  1.616 0.0000000000
10411  24.250  -64.227  1.928 0.0000000000
10415  42.196  -64.450  -1.537 0.0000000000
10416  41.285  -63.564  -1.635 0.0000000000
10417  39.953  -63.296  -1.683 0.0000000000
10418  29.944  -64.596  -0.730 0.0000000000
10419  29.252  -64.551  -0.688 0.0000000000
10420  28.303  -64.626  -0.529 0.0000000000
10421  27.607  -64.414  -0.211 0.0000000000
10422  26.932  -64.166  0.202 0.0000000000
10423  26.304  -63.799  0.464 0.0000000000
10424  25.648  -63.643  0.702 0.0000000000
10425  24.804  -64.045  1.106 0.0000000000
10426  24.300  -64.302  1.628 0.0000000000
10430  38.980  -63.168  -1.836 0.0000000000
10431  37.872  -63.198  -1.878 0.0000000000
10432  36.581  -63.187  -1.913 0.0000000000
10433  35.353  -63.172  -1.653 0.0000000000
10434  34.186  -63.203  -1.094 0.0000000000
10435  32.938  -63.455  -0.875 0.0000000000
10436  31.740  -63.774  -0.963 0.0000000000
10437  30.648  -64.029  -1.002 0.0000000000
10438  29.899  -63.997  -0.867 0.0000000000
10439  25.681  -63.215  0.418 0.0000000000
10440  25.138  -63.605  0.880 0.0000000000
10441  24.505  -64.215  1.227 0.0000000000
10447  26.445  -62.955  -0.262 0.0000000000
10448  25.942  -63.174  0.234 0.0000000000
10449  25.374  -63.381  0.604 0.0000000000
10457  28.209  -62.677  -1.351 0.0000000000
10458  27.329  -62.867  -0.958 0.0000000000
10459  26.716  -62.981  -0.385 0.0000000000
10460  26.338  -63.071  -0.071 0.0000000000
10467  29.437  -62.289  -1.901 0.0000000000
10468  28.657  -62.694  -1.744 0.0000000000
10469  27.912  -62.865  -1.396 0.0000000000
10479  35.486  -61.758  -3.233 0.0000000000
10480  35.298  -61.351  -2.707 0.0000000000
10481  34.423  -60.992  -2.320 0.0000000000
10482  33.221  -60.729  -1.964 0.0000000000
10483  31.505  -61.401  -2.028 0.0000000000
10484  30.210  -62.032  -2.052 0.0000000000
10485  29.313  -62.554  -2.028 0.0000000000
10495  35.564  -61.631  -3.524 0.0000000000
10496  35.043  -60.940  -3.260 0.0000000000
10497  34.157  -60.282  -2.328 0.0000000000
10498  33.622  -60.202  -2.318 0.0000000000
10505  35.707  -61.690  -4.109 0.0000000000
10506  35.670  -61.548  -4.468 0.0000000000
10507  35.839  -62.065  -4.910 0.0000000000
10519  35.752  -61.628  -4.705 0.0000000000
10520  35.759  -62.397  -5.000 0.0000000000
10532  36.392  -62.881  -4.594 0.0000000000
10533  35.950  -62.471  -4.918 0.0000000000
10534  35.671  -62.058  -4.995 0.0000000000
10535  35.674  -62.626  -5.065 0.0000000000
11218  41.782  -60.915  0.340 0.0000000000
11219  41.180  -60.737  0.659 0.0000000000
11241  43.284  -62.150  -0.846 0.0000000000
11242  41.442  -61.402  -0.082 0.0000000000
11243  40.635  -61.438  -0.271 0.0000000000
11244  40.356  -61.550  -0.706 0.0000000000
11253  40.800  -62.074  -1.086 0.0000000000
11254  40.156  -61.985  -1.305 0.0000000000
11255  29.581  -63.815  -0.839 0.0000000000
11256  29.129  -63.746  -0.754 0.0000000000
11257  28.321  -63.720  -0.671 0.0000000000
11258  27.499  -63.728  -0.541 0.0000000000
11259  26.891  -63.531  -0.120 0.0000000000
11260  26.336  -63.438  0.111 0.0000000000
11268  39.266  -62.022  -1.782 0.0000000000
11269  38.362  -61.975  -2.077 0.0000000000
11270  37.253  -61.930  -2.300 0.0000000000
11271  35.978  -61.991  -2.399 0.0000000000
11272  34.826  -62.010  -1.982 0.0000000000
11273  33.684  -62.083  -1.372 0.0000000000
11274  32.510  -62.366  -1.194 0.0000000000
11275  31.399  -62.753  -1.298 0.0000000000
11276  30.179  -63.086  -1.091 0.0000000000
11277  29.351  -62.896  -1.015 0.0000000000
11278  28.569  -62.866  -0.903 0.0000000000
11279  27.620  -63.027  -0.618 0.0000000000
11280  26.857  -63.083  -0.308 0.0000000000
11281  26.256  -63.195  0.126 0.0000000000
11291  28.497  -62.613  -1.069 0.0000000000
11292  27.666  -62.827  -0.813 0.0000000000
11293  26.742  -62.897  -0.494 0.0000000000
11294  26.176  -63.007  -0.015 0.0000000000
11301  29.644  -62.071  -1.554 0.0000000000
11302  28.836  -62.449  -1.357 0.0000000000
11303  27.568  -62.792  -1.027 0.0000000000
11304  26.900  -62.832  -0.674 0.0000000000
11312  31.046  -60.928  -2.096 0.0000000000
11313  30.047  -61.758  -1.834 0.0000000000
11314  29.032  -62.385  -1.659 0.0000000000
11323  33.123  -60.003  -2.243 0.0000000000
11324  31.952  -60.584  -2.182 0.0000000000
11325  30.917  -61.300  -2.093 0.0000000000
11334  34.896  -60.419  -3.737 0.0000000000
11335  34.351  -60.002  -2.889 0.0000000000
11336  33.723  -59.854  -2.519 0.0000000000
11347  35.281  -60.745  -4.284 0.0000000000
11360  38.080  -62.073  -3.477 0.0000000000
11361  35.555  -61.112  -4.463 0.0000000000
11372  37.586  -62.324  -3.684 0.0000000000
11373  36.386  -62.028  -4.238 0.0000000000
11374  35.955  -61.678  -4.672 0.0000000000
11375  35.682  -61.440  -4.893 0.0000000000
11376  35.644  -61.351  -4.577 0.0000000000
12018  44.413  -60.603  -0.271 0.0000000000
12019  42.603  -60.564  0.469 0.0000000000
12020  40.993  -60.253  1.155 0.0000000000
12021  40.279  -59.870  1.421 0.0000000000
12041  44.276  -61.591  -0.649 0.0000000000
12042  40.895  -60.639  0.750 0.0000000000
12043  40.289  -60.438  0.771 0.0000000000
12044  39.882  -60.989  -0.153 0.0000000000
12055  39.173  -60.836  -0.980 0.0000000000
12056  38.530  -60.264  -1.547 0.0000000000
12068  38.699  -61.099  -1.850 0.0000000000
12069  37.973  -60.619  -2.270 0.0000000000
12070  36.709  -60.702  -2.618 0.0000000000
12071  35.352  -60.710  -2.728 0.0000000000
12072  34.308  -61.012  -2.226 0.0000000000
12073  33.214  -60.951  -1.864 0.0000000000
12074  32.196  -61.493  -1.482 0.0000000000
12075  31.276  -61.715  -1.600 0.0000000000
12076  30.351  -62.071  -1.516 0.0000000000
12077  29.654  -62.242  -1.447 0.0000000000
12078  29.155  -62.407  -1.337 0.0000000000
12093  34.628  -60.193  -2.713 0.0000000000
12094  34.044  -60.088  -2.278 0.0000000000
12095  33.469  -60.074  -2.298 0.0000000000
12096  31.092  -61.161  -1.641 0.0000000000
12097  30.656  -61.320  -1.766 0.0000000000
12098  29.930  -61.846  -1.623 0.0000000000
12099  29.253  -62.326  -1.440 0.0000000000
12111  30.791  -61.054  -1.804 0.0000000000
12112  30.069  -61.643  -1.628 0.0000000000
12113  29.436  -62.189  -1.492 0.0000000000
12127  30.852  -60.921  -1.987 0.0000000000
12128  30.403  -61.533  -1.765 0.0000000000
12143  32.556  -59.730  -2.169 0.0000000000
12144  31.617  -60.271  -2.181 0.0000000000
12160  34.332  -59.721  -3.411 0.0000000000
12161  33.789  -59.350  -2.981 0.0000000000
12162  33.206  -59.453  -2.556 0.0000000000
12176  38.670  -62.120  -3.200 0.0000000000
12177  34.566  -59.892  -3.978 0.0000000000
12178  34.061  -59.323  -3.647 0.0000000000
12186  38.246  -61.864  -3.400 0.0000000000
12187  37.179  -61.298  -3.910 0.0000000000
12188  36.367  -60.609  -4.423 0.0000000000
12189  34.911  -59.836  -4.441 0.0000000000
12190  34.974  -60.152  -4.326 0.0000000000
12201  36.766  -61.288  -4.141 0.0000000000
12202  36.316  -61.071  -4.391 0.0000000000
12203  35.802  -60.910  -4.543 0.0000000000
12204  35.397  -60.521  -4.490 0.0000000000
12205  35.524  -60.865  -4.440 0.0000000000
12853  44.797  -59.625  0.176 0.0000000000
12854  42.937  -59.463  1.136 0.0000000000
12855  41.368  -59.416  1.602 0.0000000000
12856  40.441  -59.483  1.673 0.0000000000
12866  39.803  -59.470  1.511 0.0000000000
12867  39.114  -59.743  0.536 0.0000000000
12868  38.324  -59.141  -0.003 0.0000000000
12873  38.624  -59.803  -0.755 0.0000000000
12874  38.081  -59.196  -1.432 0.0000000000
12875  37.341  -58.670  -2.118 0.0000000000
12881  37.387  -59.617  -2.403 0.0000000000
12882  36.261  -59.315  -2.601 0.0000000000
12883  35.095  -59.528  -2.758 0.0000000000
12884  32.650  -60.716  -1.702 0.0000000000
12885  32.163  -60.698  -1.674 0.0000000000
12886  31.648  -60.698  -1.661 0.0000000000
12892  34.385  -59.528  -2.876 0.0000000000
12893  33.771  -59.497  -2.726 0.0000000000
12894  33.005  -59.928  -2.231 0.0000000000
12895  32.219  -59.936  -1.923 0.0000000000
12896  31.545  -60.266  -1.800 0.0000000000
12897  31.181  -60.476  -1.841 0.0000000000
12905  31.654  -59.866  -1.954 0.0000000000
12906  31.391  -60.162  -1.897 0.0000000000
12919  31.938  -59.518  -2.148 0.0000000000
12920  31.254  -60.316  -2.033 0.0000000000
12930  32.214  -59.535  -2.169 0.0000000000
12931  31.451  -60.195  -2.107 0.0000000000
12946  38.870  -61.986  -2.542 0.0000000000
12947  38.277  -61.213  -3.159 0.0000000000
12948  37.451  -60.221  -3.601 0.0000000000
12949  33.233  -58.806  -2.917 0.0000000000
12950  32.840  -59.232  -2.467 0.0000000000
12960  38.476  -61.766  -3.181 0.0000000000
12961  37.550  -60.846  -3.645 0.0000000000
12962  36.763  -59.774  -4.244 0.0000000000
12963  34.120  -59.230  -4.117 0.0000000000
12964  33.594  -58.842  -3.633 0.0000000000
12977  37.305  -61.008  -3.829 0.0000000000
12978  36.566  -60.103  -4.362 0.0000000000
12979  35.774  -59.778  -4.703 0.0000000000
12980  35.204  -59.487  -4.692 0.0000000000
12981  34.860  -59.499  -4.528 0.0000000000
12982  34.498  -59.346  -4.363 0.0000000000
12994  35.994  -60.375  -4.602 0.0000000000
12995  35.702  -60.240  -4.641 0.0000000000
12996  35.367  -60.085  -4.601 0.0000000000
13627  43.454  -58.436  1.451 0.0000000000
13628  41.657  -58.378  2.135 0.0000000000
13629  40.251  -58.728  2.046 0.0000000000
13639  39.145  -58.740  1.561 0.0000000000
13640  38.362  -58.665  0.890 0.0000000000
13641  37.830  -58.411  0.032 0.0000000000
13648  37.302  -58.162  -0.932 0.0000000000
13649  36.608  -58.012  -1.821 0.0000000000
13656  35.456  -58.304  -2.368 0.0000000000
13657  34.797  -58.954  -2.720 0.0000000000
13662  34.979  -57.891  -2.401 0.0000000000
13663  34.410  -58.485  -2.667 0.0000000000
13664  33.483  -58.880  -2.917 0.0000000000
13665  32.895  -58.930  -2.615 0.0000000000
13666  32.186  -59.422  -2.113 0.0000000000
13667  31.854  -59.672  -1.959 0.0000000000
13679  32.906  -58.477  -2.944 0.0000000000
13680  32.700  -58.731  -2.683 0.0000000000
13681  32.097  -59.281  -2.289 0.0000000000
13698  40.713  -60.195  -0.964 0.0000000000
13699  32.787  -58.557  -2.849 0.0000000000
13700  32.605  -58.969  -2.523 0.0000000000
13717  39.583  -60.531  -1.366 0.0000000000
13718  38.598  -59.806  -2.033 0.0000000000
13719  32.830  -58.361  -3.002 0.0000000000
13720  32.627  -58.792  -2.673 0.0000000000
13734  38.922  -61.033  -2.080 0.0000000000
13735  38.068  -60.148  -2.603 0.0000000000
13736  37.247  -59.387  -3.548 0.0000000000
13737  36.560  -58.653  -4.214 0.0000000000
13738  33.071  -58.275  -3.119 0.0000000000
13739  32.810  -58.956  -2.733 0.0000000000
13744  36.928  -59.558  -4.057 0.0000000000
13745  36.138  -58.820  -4.581 0.0000000000
13746  35.160  -58.305  -4.817 0.0000000000
13747  34.422  -58.147  -4.683 0.0000000000
13748  33.893  -58.186  -4.456 0.0000000000
13749  33.608  -58.439  -4.156 0.0000000000
13750  33.196  -58.268  -3.720 0.0000000000
13764  35.720  -59.110  -4.753 0.0000000000
13765  35.110  -58.869  -4.791 0.0000000000
13766  34.580  -58.772  -4.618 0.0000000000
13767  34.208  -58.799  -4.424 0.0000000000
13768  34.036  -58.913  -4.292 0.0000000000
14445  44.179  -57.548  1.566 0.0000000000
14446  42.538  -57.559  2.142 0.0000000000
14447  41.329  -57.593  2.329 0.0000000000
14448  40.575  -57.985  2.363 0.0000000000
14457  40.566  -57.641  2.207 0.0000000000
14458  39.603  -57.938  1.945 0.0000000000
14459  38.547  -58.120  1.369 0.0000000000
14460  37.913  -58.101  0.793 0.0000000000
14468  38.786  -57.791  1.381 0.0000000000
14469  38.078  -57.761  0.863 0.0000000000
14470  37.301  -57.707  0.061 0.0000000000
14471  36.787  -57.612  -0.820 0.0000000000
14484  36.743  -57.291  -0.538 0.0000000000
14485  36.205  -57.327  -1.342 0.0000000000
14502  41.760  -57.617  0.001 0.0000000000
14503  35.402  -57.438  -2.071 0.0000000000
14504  34.704  -57.562  -2.434 0.0000000000
14505  33.969  -57.726  -2.744 0.0000000000
14506  33.327  -58.295  -2.935 0.0000000000
14523  41.454  -58.444  -0.558 0.0000000000
14524  40.253  -58.040  -0.753 0.0000000000
14525  33.843  -57.303  -2.817 0.0000000000
14526  33.314  -57.824  -3.020 0.0000000000
14527  32.924  -58.265  -3.043 0.0000000000
14543  40.991  -59.476  -0.738 0.0000000000
14544  39.786  -58.661  -1.061 0.0000000000
14545  38.928  -57.871  -1.380 0.0000000000
14546  33.298  -57.490  -3.361 0.0000000000
14547  32.983  -58.043  -3.112 0.0000000000
14562  39.237  -59.144  -1.318 0.0000000000
14563  38.447  -58.404  -1.647 0.0000000000
14564  37.708  -57.900  -2.508 0.0000000000
14565  33.212  -57.362  -3.555 0.0000000000
14566  33.190  -57.676  -3.457 0.0000000000
14575  37.903  -58.929  -2.273 0.0000000000
14576  37.356  -58.293  -3.109 0.0000000000
14577  36.506  -57.881  -3.971 0.0000000000
14578  35.703  -57.457  -4.296 0.0000000000
14579  33.418  -57.191  -4.106 0.0000000000
14580  33.231  -57.349  -4.039 0.0000000000
14581  33.140  -57.660  -3.858 0.0000000000
14593  36.077  -58.010  -4.474 0.0000000000
14594  35.276  -57.711  -4.589 0.0000000000
14595  34.445  -57.619  -4.573 0.0000000000
14596  33.725  -57.501  -4.314 0.0000000000
14597  33.351  -57.792  -4.182 0.0000000000
14598  33.155  -57.989  -4.071 0.0000000000
15336  43.307  -56.925  2.027 0.0000000000
15337  42.033  -57.124  2.181 0.0000000000
15338  41.140  -57.349  2.148 0.0000000000
15344  43.917  -56.619  1.729 0.0000000000
15345  42.846  -56.680  1.912 0.0000000000
15346  41.579  -57.010  1.996 0.0000000000
15347  40.379  -57.442  1.891 0.0000000000
15348  39.367  -57.648  1.523 0.0000000000
15356  43.234  -56.424  1.501 0.0000000000
15357  42.434  -56.643  1.612 0.0000000000
15358  40.951  -57.161  1.522 0.0000000000
15359  39.661  -57.409  1.270 0.0000000000
15360  38.563  -57.500  0.900 0.0000000000
15361  37.653  -57.376  0.236 0.0000000000
15362  37.041  -57.219  -0.223 0.0000000000
15378  43.389  -56.405  0.974 0.0000000000
15379  41.624  -57.011  1.004 0.0000000000
15380  40.117  -57.320  0.827 0.0000000000
15381  38.852  -57.339  0.508 0.0000000000
15382  37.884  -57.117  0.121 0.0000000000
15383  37.119  -56.953  -0.270 0.0000000000
15384  36.526  -56.994  -0.766 0.0000000000
15385  36.202  -56.976  -1.118 0.0000000000
15409  42.311  -57.139  0.460 0.0000000000
15410  40.723  -57.537  0.148 0.0000000000
15411  39.139  -57.330  0.010 0.0000000000
15412  38.081  -56.962  -0.235 0.0000000000
15413  37.324  -56.716  -0.487 0.0000000000
15414  36.639  -56.688  -0.873 0.0000000000
15415  35.965  -56.892  -1.478 0.0000000000
15416  35.060  -57.033  -2.196 0.0000000000
15417  34.528  -57.235  -2.497 0.0000000000
15441  40.433  -57.823  -0.483 0.0000000000
15442  39.418  -57.619  -0.647 0.0000000000
15443  38.146  -56.947  -0.817 0.0000000000
15444  37.539  -56.599  -0.775 0.0000000000
15445  36.926  -56.455  -1.078 0.0000000000
15446  36.221  -56.512  -1.524 0.0000000000
15447  35.435  -56.676  -2.076 0.0000000000
15448  34.461  -56.928  -2.586 0.0000000000
15449  33.828  -57.075  -2.914 0.0000000000
15463  39.088  -57.738  -1.157 0.0000000000
15464  38.313  -57.130  -1.428 0.0000000000
15465  37.627  -56.719  -1.939 0.0000000000
15466  37.163  -56.494  -2.317 0.0000000000
15467  34.170  -56.747  -2.926 0.0000000000
15468  33.603  -57.077  -3.183 0.0000000000
15478  38.038  -57.203  -1.912 0.0000000000
15479  37.603  -57.120  -2.349 0.0000000000
15480  36.759  -56.625  -2.800 0.0000000000
15481  35.849  -56.486  -3.218 0.0000000000
15482  34.943  -56.480  -3.395 0.0000000000
15483  34.141  -56.674  -3.372 0.0000000000
15484  33.406  -57.209  -3.632 0.0000000000
15485  33.201  -57.359  -3.854 0.0000000000
15493  37.275  -57.301  -2.928 0.0000000000
15494  36.624  -57.136  -3.419 0.0000000000
15495  35.596  -56.925  -3.842 0.0000000000
15496  34.563  -56.780  -3.891 0.0000000000
15497  33.743  -57.026  -4.038 0.0000000000
15498  33.279  -57.131  -3.911 0.0000000000
15499  33.026  -57.286  -4.060 0.0000000000
15513  35.066  -57.135  -4.233 0.0000000000
15514  34.442  -57.179  -4.320 0.0000000000
15515  34.004  -57.253  -4.347 0.0000000000
16263  44.925  -56.389  1.522 0.0000000000
16270  44.044  -56.419  1.567 0.0000000000
16271  43.124  -56.478  1.670 0.0000000000
16283  44.834  -56.190  1.298 0.0000000000
16284  43.627  -56.383  1.544 0.0000000000
16285  42.930  -56.409  1.557 0.0000000000
16302  44.012  -56.289  1.303 0.0000000000
16334  37.819  -56.681  -1.330 0.0000000000
16335  37.378  -56.449  -1.314 0.0000000000
16336  36.589  -56.308  -1.667 0.0000000000
16337  35.817  -56.351  -2.053 0.0000000000
16338  35.075  -56.545  -2.487 0.0000000000
16339  34.595  -56.646  -2.737 0.0000000000
16353  37.921  -56.725  -1.521 0.0000000000
16354  37.673  -56.577  -1.591 0.0000000000
16355  37.046  -56.324  -1.920 0.0000000000
16356  36.243  -56.242  -2.187 0.0000000000
16357  35.497  -56.362  -2.536 0.0000000000
16358  34.728  -56.468  -2.869 0.0000000000
16373  36.631  -56.317  -2.373 0.0000000000
16374  36.010  -56.273  -2.676 0.0000000000
16375  35.236  -56.322  -2.955 0.0000000000
16376  34.708  -56.433  -3.129 0.0000000000
