#!ascii label  , from subject Yale_0050559 vox2ras=TkReg
2019
582  19.209  -88.807  27.230 0.0000000000
583  18.736  -88.929  26.969 0.0000000000
584  19.136  -88.838  26.283 0.0000000000
585  18.409  -89.069  26.396 0.0000000000
586  18.035  -89.083  26.151 0.0000000000
587  19.047  -88.647  25.652 0.0000000000
588  18.526  -88.939  25.807 0.0000000000
589  18.171  -89.066  25.945 0.0000000000
755  25.992  -86.410  33.227 0.0000000000
756  24.741  -86.598  33.548 0.0000000000
757  23.544  -86.907  33.754 0.0000000000
758  22.353  -87.223  33.841 0.0000000000
759  21.138  -87.332  33.830 0.0000000000
760  19.946  -87.384  33.889 0.0000000000
761  18.839  -87.380  33.932 0.0000000000
762  17.913  -87.374  33.797 0.0000000000
763  17.516  -87.305  33.655 0.0000000000
764  26.429  -87.177  32.346 0.0000000000
765  25.447  -87.335  32.696 0.0000000000
766  24.257  -87.475  32.765 0.0000000000
767  23.054  -87.752  32.718 0.0000000000
768  21.814  -87.923  32.653 0.0000000000
769  20.561  -87.950  32.665 0.0000000000
770  19.356  -87.892  32.812 0.0000000000
771  18.436  -87.695  33.078 0.0000000000
772  17.573  -87.552  32.922 0.0000000000
773  16.875  -87.516  32.342 0.0000000000
774  26.508  -87.512  31.949 0.0000000000
775  25.972  -87.674  31.958 0.0000000000
776  24.917  -87.640  31.728 0.0000000000
777  23.687  -87.745  31.415 0.0000000000
778  22.475  -87.989  31.204 0.0000000000
779  21.210  -88.245  31.167 0.0000000000
780  19.892  -88.288  31.255 0.0000000000
781  18.499  -88.195  31.632 0.0000000000
782  17.296  -88.064  31.390 0.0000000000
783  16.420  -87.469  31.290 0.0000000000
784  26.339  -87.423  31.522 0.0000000000
785  25.485  -87.413  30.890 0.0000000000
786  24.293  -87.453  30.268 0.0000000000
787  23.064  -87.617  29.541 0.0000000000
788  21.862  -87.980  29.617 0.0000000000
789  20.578  -88.419  29.355 0.0000000000
790  19.166  -88.652  29.742 0.0000000000
791  17.866  -88.574  29.886 0.0000000000
792  16.705  -88.250  29.938 0.0000000000
793  15.747  -87.429  29.956 0.0000000000
794  22.298  -87.526  28.526 0.0000000000
795  21.553  -87.957  27.789 0.0000000000
796  20.532  -88.389  27.706 0.0000000000
797  19.675  -88.692  28.138 0.0000000000
798  18.503  -88.832  28.027 0.0000000000
799  17.187  -88.695  28.372 0.0000000000
800  15.795  -88.334  28.522 0.0000000000
801  14.844  -88.083  28.258 0.0000000000
802  29.943  -86.812  26.767 0.0000000000
803  29.378  -87.002  26.918 0.0000000000
804  28.671  -87.164  27.066 0.0000000000
805  21.447  -87.585  26.624 0.0000000000
806  20.821  -88.058  26.494 0.0000000000
807  19.936  -88.608  26.841 0.0000000000
808  18.371  -88.967  27.044 0.0000000000
809  17.808  -88.999  26.893 0.0000000000
810  16.475  -88.793  26.949 0.0000000000
811  14.818  -88.321  27.015 0.0000000000
812  30.314  -86.706  26.498 0.0000000000
813  29.532  -87.143  26.201 0.0000000000
814  28.308  -87.449  26.191 0.0000000000
815  20.744  -87.698  25.519 0.0000000000
816  19.883  -88.079  25.400 0.0000000000
817  18.742  -88.420  25.137 0.0000000000
818  17.609  -88.713  25.643 0.0000000000
819  15.732  -88.505  25.350 0.0000000000
820  13.739  -88.256  25.046 0.0000000000
821  12.630  -88.248  24.095 0.0000000000
822  30.312  -86.988  25.631 0.0000000000
823  28.880  -87.611  25.209 0.0000000000
824  27.312  -87.790  24.781 0.0000000000
825  19.239  -87.607  24.292 0.0000000000
826  18.059  -87.769  24.288 0.0000000000
827  16.673  -87.905  24.154 0.0000000000
828  15.088  -87.992  23.445 0.0000000000
829  13.515  -88.141  23.290 0.0000000000
830  12.358  -88.014  23.164 0.0000000000
831  11.943  -87.766  22.730 0.0000000000
832  29.649  -87.344  24.293 0.0000000000
833  28.085  -87.808  24.146 0.0000000000
834  27.242  -87.856  23.996 0.0000000000
835  14.939  -87.994  22.414 0.0000000000
836  14.186  -88.065  22.245 0.0000000000
837  13.086  -88.152  22.265 0.0000000000
838  12.389  -87.860  22.387 0.0000000000
841  28.243  -87.788  23.227 0.0000000000
842  27.297  -87.869  23.518 0.0000000000
843  14.069  -87.536  22.383 0.0000000000
844  13.506  -87.609  22.164 0.0000000000
845  12.627  -87.683  21.890 0.0000000000
1071  17.588  -85.836  34.641 0.0000000000
1072  16.621  -85.918  34.683 0.0000000000
1073  16.014  -85.752  34.642 0.0000000000
1074  27.863  -84.535  33.385 0.0000000000
1075  26.472  -84.921  33.643 0.0000000000
1076  25.094  -85.127  33.885 0.0000000000
1077  23.881  -85.484  34.188 0.0000000000
1078  22.742  -85.900  34.356 0.0000000000
1079  21.604  -86.137  34.335 0.0000000000
1080  20.454  -86.205  34.360 0.0000000000
1081  19.270  -86.369  34.469 0.0000000000
1082  18.165  -86.666  34.440 0.0000000000
1083  17.055  -87.006  33.982 0.0000000000
1084  15.604  -86.242  34.074 0.0000000000
1085  14.271  -85.805  33.467 0.0000000000
1086  13.526  -85.624  33.120 0.0000000000
1087  30.213  -84.311  31.680 0.0000000000
1088  29.794  -84.355  32.053 0.0000000000
1089  28.835  -85.000  32.472 0.0000000000
1090  27.390  -86.104  32.689 0.0000000000
1091  16.914  -87.314  33.076 0.0000000000
1092  16.149  -87.022  32.790 0.0000000000
1093  14.824  -86.439  32.676 0.0000000000
1094  13.630  -85.902  32.419 0.0000000000
1095  12.772  -85.502  32.010 0.0000000000
1096  30.600  -84.287  31.276 0.0000000000
1097  29.849  -85.146  31.439 0.0000000000
1098  28.548  -86.257  31.590 0.0000000000
1099  27.137  -87.101  31.613 0.0000000000
1100  15.406  -86.816  31.314 0.0000000000
1101  14.186  -86.267  31.243 0.0000000000
1102  13.087  -85.739  31.163 0.0000000000
1103  12.284  -85.595  31.445 0.0000000000
1104  31.605  -84.220  29.286 0.0000000000
1105  30.901  -84.673  30.070 0.0000000000
1106  29.430  -86.115  30.290 0.0000000000
1107  27.853  -86.712  30.200 0.0000000000
1108  26.305  -87.044  30.039 0.0000000000
1109  24.919  -87.212  29.268 0.0000000000
1110  23.723  -87.228  28.647 0.0000000000
1111  23.210  -87.318  28.681 0.0000000000
1112  14.747  -86.679  29.842 0.0000000000
1113  13.457  -85.905  29.680 0.0000000000
1114  12.818  -85.738  30.315 0.0000000000
1115  32.486  -84.069  28.159 0.0000000000
1116  31.548  -84.949  28.682 0.0000000000
1117  30.133  -86.088  28.927 0.0000000000
1118  28.586  -86.720  28.900 0.0000000000
1119  27.008  -87.118  28.618 0.0000000000
1120  25.471  -87.192  28.106 0.0000000000
1121  24.226  -86.855  27.658 0.0000000000
1122  23.385  -86.706  27.431 0.0000000000
1123  22.817  -87.047  27.938 0.0000000000
1124  22.158  -87.256  27.704 0.0000000000
1125  15.009  -87.659  28.989 0.0000000000
1126  13.931  -87.310  28.316 0.0000000000
1127  32.520  -84.269  27.360 0.0000000000
1128  31.841  -85.210  27.477 0.0000000000
1129  30.538  -86.360  27.482 0.0000000000
1130  29.215  -86.834  27.797 0.0000000000
1131  27.784  -87.223  27.349 0.0000000000
1132  26.077  -87.227  26.925 0.0000000000
1133  24.450  -86.661  26.143 0.0000000000
1134  23.514  -86.392  26.431 0.0000000000
1135  22.804  -86.461  26.533 0.0000000000
1136  21.964  -86.914  26.503 0.0000000000
1137  21.248  -87.358  25.792 0.0000000000
1138  13.321  -88.025  26.627 0.0000000000
1139  12.347  -87.767  26.120 0.0000000000
1140  32.976  -83.942  26.794 0.0000000000
1141  32.242  -84.956  26.553 0.0000000000
1142  31.220  -86.138  26.439 0.0000000000
1143  26.709  -87.561  25.854 0.0000000000
1144  25.260  -87.073  25.368 0.0000000000
1145  24.360  -86.496  24.795 0.0000000000
1146  21.523  -86.805  25.248 0.0000000000
1147  20.907  -87.125  24.488 0.0000000000
1148  20.089  -87.354  24.127 0.0000000000
1149  12.830  -88.136  25.710 0.0000000000
1150  11.981  -88.104  25.012 0.0000000000
1151  10.884  -88.043  24.225 0.0000000000
1152  9.976  -87.639  23.689 0.0000000000
1153  33.134  -84.386  25.608 0.0000000000
1154  31.838  -85.801  25.643 0.0000000000
1155  31.151  -86.469  25.686 0.0000000000
1156  25.801  -87.435  24.483 0.0000000000
1157  24.639  -86.567  24.079 0.0000000000
1158  24.024  -86.217  24.075 0.0000000000
1159  20.533  -87.184  23.614 0.0000000000
1160  19.808  -87.322  23.494 0.0000000000
1161  18.834  -87.454  23.235 0.0000000000
1162  17.371  -87.573  22.776 0.0000000000
1163  16.238  -87.647  23.078 0.0000000000
1164  11.751  -88.278  23.933 0.0000000000
1165  11.183  -87.714  23.154 0.0000000000
1166  9.832  -87.242  22.859 0.0000000000
1169  32.196  -85.977  24.613 0.0000000000
1170  31.115  -86.713  25.003 0.0000000000
1171  26.376  -87.649  23.653 0.0000000000
1172  25.112  -86.871  23.357 0.0000000000
1173  16.601  -87.110  22.181 0.0000000000
1174  15.700  -87.719  22.295 0.0000000000
1175  14.773  -87.820  22.177 0.0000000000
1176  11.862  -87.551  22.227 0.0000000000
1177  11.062  -86.897  22.224 0.0000000000
1182  27.661  -87.902  22.613 0.0000000000
1183  26.635  -87.654  22.761 0.0000000000
1184  25.671  -87.199  22.940 0.0000000000
1185  16.699  -86.566  21.807 0.0000000000
1186  15.923  -86.529  21.534 0.0000000000
1187  14.389  -87.245  21.643 0.0000000000
1188  13.048  -87.017  21.505 0.0000000000
1189  11.995  -86.710  21.705 0.0000000000
1190  11.205  -86.350  21.325 0.0000000000
1197  26.433  -87.503  22.271 0.0000000000
1198  14.835  -85.741  20.439 0.0000000000
1199  13.445  -86.183  20.592 0.0000000000
1200  12.400  -86.053  20.792 0.0000000000
1201  11.436  -85.955  20.831 0.0000000000
1202  11.164  -85.895  21.186 0.0000000000
1214  14.288  -85.090  19.588 0.0000000000
1215  13.596  -85.210  19.761 0.0000000000
1216  12.608  -85.507  19.800 0.0000000000
1217  11.891  -85.548  20.131 0.0000000000
1439  17.846  -85.183  34.748 0.0000000000
1440  17.471  -84.773  34.815 0.0000000000
1441  16.356  -84.963  34.741 0.0000000000
1442  15.699  -84.865  34.706 0.0000000000
1443  31.406  -82.292  32.987 0.0000000000
1444  30.175  -82.745  33.140 0.0000000000
1445  28.694  -83.258  33.681 0.0000000000
1446  27.046  -83.501  34.225 0.0000000000
1447  25.592  -83.773  34.651 0.0000000000
1448  24.245  -83.856  34.786 0.0000000000
1449  23.010  -84.447  34.566 0.0000000000
1450  21.948  -84.765  34.395 0.0000000000
1451  20.900  -84.885  34.369 0.0000000000
1452  19.806  -84.884  34.600 0.0000000000
1453  18.468  -84.961  34.720 0.0000000000
1454  18.222  -83.844  35.086 0.0000000000
1455  15.644  -85.513  34.625 0.0000000000
1456  14.878  -85.199  34.336 0.0000000000
1457  13.394  -85.002  33.472 0.0000000000
1458  12.450  -84.598  33.202 0.0000000000
1459  30.737  -83.368  32.051 0.0000000000
1460  29.455  -83.806  32.731 0.0000000000
1461  28.695  -84.163  33.071 0.0000000000
1462  23.850  -83.500  34.190 0.0000000000
1463  23.165  -83.697  34.294 0.0000000000
1464  22.171  -83.592  34.258 0.0000000000
1465  21.291  -83.779  34.605 0.0000000000
1466  20.357  -83.774  34.870 0.0000000000
1467  19.232  -83.509  34.853 0.0000000000
1468  18.659  -83.646  35.127 0.0000000000
1469  13.063  -85.376  32.667 0.0000000000
1470  11.790  -85.191  32.220 0.0000000000
1471  10.717  -85.336  31.807 0.0000000000
1472  31.199  -83.629  30.939 0.0000000000
1477  12.393  -85.703  30.713 0.0000000000
1478  11.562  -85.610  30.795 0.0000000000
1479  10.234  -85.487  30.992 0.0000000000
1480  31.645  -83.892  29.565 0.0000000000
1481  31.730  -83.318  30.045 0.0000000000
1482  12.982  -85.699  29.190 0.0000000000
1483  12.365  -85.726  29.514 0.0000000000
1484  10.714  -85.880  29.338 0.0000000000
1485  8.953  -85.852  28.976 0.0000000000
1486  7.733  -86.003  27.948 0.0000000000
1487  32.957  -83.517  28.416 0.0000000000
1488  32.611  -83.514  29.009 0.0000000000
1489  32.449  -82.863  29.573 0.0000000000
1490  12.828  -86.189  28.666 0.0000000000
1491  11.620  -86.221  27.988 0.0000000000
1492  9.859  -86.551  27.580 0.0000000000
1493  8.263  -86.435  27.041 0.0000000000
1494  7.194  -86.116  26.627 0.0000000000
1495  33.282  -83.385  27.862 0.0000000000
1496  33.034  -82.994  28.407 0.0000000000
1497  23.489  -86.195  25.351 0.0000000000
1498  22.921  -86.114  25.423 0.0000000000
1499  22.274  -86.317  25.403 0.0000000000
1500  21.851  -86.521  25.347 0.0000000000
1501  12.518  -87.158  27.293 0.0000000000
1502  11.029  -87.211  26.103 0.0000000000
1503  9.149  -86.937  25.731 0.0000000000
1504  7.664  -86.548  25.339 0.0000000000
1505  6.770  -85.929  25.227 0.0000000000
1506  34.004  -83.415  26.683 0.0000000000
1507  23.670  -86.176  24.471 0.0000000000
1508  23.008  -85.903  24.317 0.0000000000
1509  22.473  -86.086  24.390 0.0000000000
1510  21.709  -86.382  24.217 0.0000000000
1511  21.185  -86.622  24.020 0.0000000000
1512  10.915  -87.858  24.970 0.0000000000
1513  9.985  -87.609  24.689 0.0000000000
1514  8.648  -87.062  23.893 0.0000000000
1515  7.397  -86.171  24.106 0.0000000000
1516  34.385  -83.388  25.918 0.0000000000
1517  24.324  -86.440  23.382 0.0000000000
1518  23.506  -86.165  23.405 0.0000000000
1519  23.153  -86.058  23.752 0.0000000000
1520  21.461  -86.197  23.577 0.0000000000
1521  21.034  -86.557  23.468 0.0000000000
1522  20.226  -86.787  23.847 0.0000000000
1523  19.373  -86.790  23.336 0.0000000000
1524  18.334  -86.924  23.083 0.0000000000
1525  9.165  -86.263  22.826 0.0000000000
1526  8.114  -86.117  23.292 0.0000000000
1528  34.773  -83.350  24.827 0.0000000000
1529  24.342  -86.545  22.954 0.0000000000
1530  24.090  -86.105  23.315 0.0000000000
1531  20.846  -85.986  23.353 0.0000000000
1532  20.254  -86.124  23.055 0.0000000000
1533  18.887  -86.132  22.652 0.0000000000
1534  17.374  -86.538  22.410 0.0000000000
1535  10.344  -86.262  22.411 0.0000000000
1538  25.595  -87.151  22.570 0.0000000000
1539  24.770  -86.751  22.598 0.0000000000
1540  17.801  -85.434  22.369 0.0000000000
1541  16.968  -85.871  21.271 0.0000000000
1542  16.178  -85.972  20.522 0.0000000000
1543  10.832  -85.932  21.799 0.0000000000
1546  25.586  -87.088  22.309 0.0000000000
1547  24.878  -86.345  22.632 0.0000000000
1548  16.660  -85.624  20.018 0.0000000000
1549  15.822  -85.604  20.073 0.0000000000
1550  11.210  -85.171  20.332 0.0000000000
1551  10.936  -85.860  20.753 0.0000000000
1556  16.097  -84.989  19.124 0.0000000000
1557  15.093  -85.039  19.313 0.0000000000
1558  13.661  -84.973  18.687 0.0000000000
1559  12.785  -85.001  18.827 0.0000000000
1560  12.152  -84.768  19.482 0.0000000000
1569  15.910  -84.809  18.561 0.0000000000
1570  15.232  -84.733  18.255 0.0000000000
1571  14.167  -84.795  18.048 0.0000000000
1572  13.123  -84.516  18.156 0.0000000000
1573  12.576  -84.433  18.699 0.0000000000
1584  15.218  -84.560  17.722 0.0000000000
1585  14.644  -84.568  17.522 0.0000000000
1586  13.894  -84.236  17.758 0.0000000000
1795  16.948  -84.171  34.873 0.0000000000
1796  16.389  -84.208  34.792 0.0000000000
1797  16.045  -84.500  34.731 0.0000000000
1798  31.881  -81.971  33.192 0.0000000000
1799  31.118  -81.955  33.531 0.0000000000
1800  29.788  -82.075  33.858 0.0000000000
1801  27.846  -82.163  34.212 0.0000000000
1802  26.015  -82.816  34.447 0.0000000000
1803  25.083  -83.429  34.312 0.0000000000
1804  17.629  -83.601  35.060 0.0000000000
1805  16.818  -83.503  34.941 0.0000000000
1806  15.693  -84.059  34.760 0.0000000000
1807  14.305  -84.035  34.439 0.0000000000
1808  13.012  -83.778  33.858 0.0000000000
1809  31.943  -82.247  32.467 0.0000000000
1810  27.197  -81.415  33.981 0.0000000000
1811  26.179  -81.851  34.328 0.0000000000
1812  24.526  -82.639  34.050 0.0000000000
1815  18.980  -82.936  34.812 0.0000000000
1816  18.428  -82.956  34.906 0.0000000000
1817  17.566  -83.088  35.066 0.0000000000
1818  11.766  -84.225  32.982 0.0000000000
1819  10.414  -84.896  31.852 0.0000000000
1820  32.039  -82.647  31.290 0.0000000000
1821  32.134  -82.029  30.907 0.0000000000
1829  8.677  -85.191  30.478 0.0000000000
1830  7.496  -85.134  29.455 0.0000000000
1831  32.119  -82.496  30.247 0.0000000000
1832  31.716  -81.880  29.949 0.0000000000
1833  30.316  -81.677  29.231 0.0000000000
1834  7.914  -85.557  29.026 0.0000000000
1835  7.164  -85.444  27.961 0.0000000000
1836  6.717  -84.685  27.307 0.0000000000
1837  32.732  -82.849  28.958 0.0000000000
1838  32.148  -82.363  29.190 0.0000000000
1839  30.709  -81.970  28.773 0.0000000000
1840  29.517  -81.454  28.355 0.0000000000
1841  6.709  -85.424  26.406 0.0000000000
1842  6.611  -84.251  26.148 0.0000000000
1843  33.199  -82.797  27.759 0.0000000000
1844  32.670  -82.573  28.117 0.0000000000
1845  31.435  -81.878  27.956 0.0000000000
1846  29.895  -81.609  27.818 0.0000000000
1847  28.953  -81.219  27.562 0.0000000000
1848  6.677  -84.761  25.238 0.0000000000
1849  6.464  -83.823  25.113 0.0000000000
1850  33.467  -82.982  26.778 0.0000000000
1851  33.044  -82.106  27.037 0.0000000000
1852  32.444  -81.691  27.434 0.0000000000
1853  22.817  -85.764  23.653 0.0000000000
1854  22.558  -85.859  23.817 0.0000000000
1855  22.269  -86.099  23.763 0.0000000000
1856  8.239  -84.090  23.679 0.0000000000
1857  6.949  -84.798  24.082 0.0000000000
1858  6.685  -83.962  24.528 0.0000000000
1859  34.455  -82.803  25.835 0.0000000000
1860  33.751  -82.346  25.926 0.0000000000
1861  23.445  -85.517  23.378 0.0000000000
1862  23.062  -85.402  23.826 0.0000000000
1863  22.503  -85.278  23.697 0.0000000000
1864  21.892  -85.736  23.658 0.0000000000
1865  21.258  -86.005  23.507 0.0000000000
1866  10.355  -83.122  22.798 0.0000000000
1867  9.184  -84.318  23.102 0.0000000000
1868  7.689  -85.366  23.525 0.0000000000
1869  34.988  -82.338  24.844 0.0000000000
1870  34.422  -82.526  25.321 0.0000000000
1871  24.160  -86.020  22.815 0.0000000000
1872  23.634  -85.415  23.105 0.0000000000
1873  23.244  -84.917  23.171 0.0000000000
1874  22.566  -84.579  23.304 0.0000000000
1875  22.017  -84.824  23.398 0.0000000000
1876  21.060  -85.266  23.064 0.0000000000
1877  19.554  -85.010  22.982 0.0000000000
1878  18.573  -84.930  22.691 0.0000000000
1880  10.616  -83.033  21.996 0.0000000000
1881  10.284  -84.759  22.187 0.0000000000
1884  24.504  -85.877  22.694 0.0000000000
1885  23.819  -85.090  22.663 0.0000000000
1886  23.370  -84.663  22.765 0.0000000000
1887  23.006  -84.168  23.164 0.0000000000
1888  20.121  -84.353  23.051 0.0000000000
1889  19.207  -84.275  22.751 0.0000000000
1890  18.224  -84.740  21.980 0.0000000000
1891  17.452  -85.288  20.785 0.0000000000
1893  10.677  -83.929  20.833 0.0000000000
1894  10.735  -85.185  20.865 0.0000000000
1898  25.111  -86.423  22.363 0.0000000000
1899  24.342  -85.503  22.671 0.0000000000
1900  23.975  -84.942  22.572 0.0000000000
1901  18.085  -84.815  21.280 0.0000000000
1902  17.401  -85.300  20.289 0.0000000000
1903  10.698  -84.728  20.107 0.0000000000
1904  10.790  -85.363  20.364 0.0000000000
1910  24.594  -85.557  22.720 0.0000000000
1911  17.729  -85.098  20.185 0.0000000000
1912  17.048  -85.470  19.645 0.0000000000
1913  11.304  -84.210  19.694 0.0000000000
1923  17.583  -85.108  19.612 0.0000000000
1924  16.553  -84.898  18.889 0.0000000000
1925  15.681  -84.664  18.131 0.0000000000
1926  12.390  -83.971  18.223 0.0000000000
1927  11.871  -84.074  18.897 0.0000000000
1940  18.523  -84.711  20.645 0.0000000000
1941  17.825  -84.991  19.733 0.0000000000
1942  16.751  -84.749  18.498 0.0000000000
1943  15.482  -84.455  17.553 0.0000000000
1944  14.201  -83.685  17.188 0.0000000000
1945  13.162  -83.519  17.813 0.0000000000
1953  17.652  -84.791  19.259 0.0000000000
1954  17.033  -84.681  18.283 0.0000000000
1955  15.941  -84.068  17.181 0.0000000000
1956  15.032  -83.538  17.005 0.0000000000
1957  14.462  -83.097  16.906 0.0000000000
1962  17.395  -84.766  18.114 0.0000000000
1963  16.556  -84.296  17.195 0.0000000000
1964  16.015  -83.809  16.936 0.0000000000
1970  16.202  -83.938  16.951 0.0000000000
2224  16.140  -84.298  40.919 0.0000000000
2225  15.382  -84.313  40.960 0.0000000000
2226  14.348  -84.443  40.498 0.0000000000
2227  17.890  -84.879  39.912 0.0000000000
2228  17.328  -84.717  39.922 0.0000000000
2229  16.333  -84.579  40.135 0.0000000000
2230  15.117  -84.737  39.672 0.0000000000
2231  13.846  -84.662  39.513 0.0000000000
2232  13.187  -84.619  38.949 0.0000000000
2233  17.778  -85.193  39.265 0.0000000000
2234  16.943  -85.048  39.045 0.0000000000
2235  15.921  -85.177  38.562 0.0000000000
2236  14.735  -85.152  38.600 0.0000000000
2237  13.774  -84.991  38.357 0.0000000000
2238  13.249  -84.754  38.560 0.0000000000
2239  28.261  -84.055  37.666 0.0000000000
2240  27.599  -84.422  37.481 0.0000000000
2241  26.835  -84.622  37.527 0.0000000000
2242  26.294  -84.751  37.443 0.0000000000
2243  15.781  -85.435  37.820 0.0000000000
2244  15.132  -85.393  37.917 0.0000000000
2245  14.503  -85.344  38.023 0.0000000000
2246  28.419  -83.868  37.080 0.0000000000
2247  27.956  -84.081  36.899 0.0000000000
2248  27.041  -84.201  36.519 0.0000000000
2249  26.158  -84.535  36.936 0.0000000000
2250  25.573  -84.491  37.083 0.0000000000
2251  26.539  -83.810  35.732 0.0000000000
2252  25.940  -84.038  36.004 0.0000000000
2253  25.417  -84.277  36.561 0.0000000000
2254  31.404  -81.523  33.199 0.0000000000
2255  30.796  -81.388  33.867 0.0000000000
2256  29.539  -81.344  33.967 0.0000000000
2257  28.214  -81.125  33.881 0.0000000000
2258  16.187  -83.132  34.993 0.0000000000
2259  15.158  -83.168  35.046 0.0000000000
2260  13.826  -83.031  34.896 0.0000000000
2261  12.971  -83.017  34.492 0.0000000000
2262  31.817  -81.744  32.616 0.0000000000
2263  31.789  -81.383  31.903 0.0000000000
2264  27.307  -80.842  33.648 0.0000000000
2265  26.337  -81.029  33.480 0.0000000000
2268  17.186  -82.696  34.664 0.0000000000
2269  13.063  -82.492  34.647 0.0000000000
2270  12.165  -83.052  33.859 0.0000000000
2271  11.012  -83.624  32.460 0.0000000000
2272  32.030  -81.910  31.754 0.0000000000
2273  31.851  -81.317  30.866 0.0000000000
2274  30.357  -81.127  30.027 0.0000000000
2282  9.341  -84.253  31.453 0.0000000000
2283  7.737  -84.309  30.142 0.0000000000
2284  6.840  -83.638  29.018 0.0000000000
2285  30.773  -81.497  29.895 0.0000000000
2286  29.524  -81.137  29.019 0.0000000000
2292  6.817  -84.595  28.731 0.0000000000
2293  6.547  -83.335  27.216 0.0000000000
2294  6.497  -82.351  26.497 0.0000000000
2295  28.410  -80.691  27.696 0.0000000000
2296  27.745  -80.331  27.213 0.0000000000
2297  6.545  -83.188  25.689 0.0000000000
2298  6.517  -82.557  26.068 0.0000000000
2299  30.218  -81.472  27.218 0.0000000000
2300  29.229  -81.221  27.095 0.0000000000
2301  28.315  -80.714  26.941 0.0000000000
2302  27.835  -80.426  27.002 0.0000000000
2303  8.550  -81.916  23.657 0.0000000000
2304  7.436  -82.247  23.865 0.0000000000
2305  6.688  -82.720  24.563 0.0000000000
2306  6.453  -82.300  25.239 0.0000000000
2307  32.592  -81.369  26.807 0.0000000000
2308  31.186  -81.388  26.624 0.0000000000
2309  29.808  -81.072  26.598 0.0000000000
2310  28.896  -80.671  26.594 0.0000000000
2313  9.365  -82.477  23.564 0.0000000000
2314  7.873  -83.215  23.813 0.0000000000
2315  6.961  -83.445  24.097 0.0000000000
2316  32.988  -81.425  25.979 0.0000000000
2317  31.948  -81.236  26.016 0.0000000000
2321  10.111  -82.628  23.265 0.0000000000
2322  34.880  -81.862  24.378 0.0000000000
2323  33.974  -81.868  24.844 0.0000000000
2324  22.135  -84.380  22.869 0.0000000000
2325  21.632  -84.124  23.306 0.0000000000
2326  20.881  -84.105  23.141 0.0000000000
2330  34.618  -81.367  23.912 0.0000000000
2331  33.281  -81.051  23.871 0.0000000000
2332  23.494  -84.472  22.722 0.0000000000
2333  23.255  -83.872  22.894 0.0000000000
2334  22.359  -83.635  22.899 0.0000000000
2335  21.333  -83.670  22.941 0.0000000000
2336  20.249  -83.752  22.754 0.0000000000
2337  19.218  -83.787  22.242 0.0000000000
2338  18.688  -84.120  21.868 0.0000000000
2344  23.874  -84.716  22.572 0.0000000000
2345  23.692  -84.044  22.512 0.0000000000
2346  23.046  -83.303  22.545 0.0000000000
2347  22.562  -83.136  22.433 0.0000000000
2348  19.090  -83.721  21.925 0.0000000000
2349  18.866  -84.066  21.699 0.0000000000
2352  10.686  -83.713  19.787 0.0000000000
2356  24.024  -84.897  22.628 0.0000000000
2357  23.850  -84.021  22.249 0.0000000000
2358  18.773  -84.921  21.177 0.0000000000
2359  11.273  -82.897  18.339 0.0000000000
2360  11.113  -83.543  18.965 0.0000000000
2367  23.880  -84.507  22.390 0.0000000000
2368  19.233  -84.708  21.342 0.0000000000
2369  18.511  -84.788  20.667 0.0000000000
2370  12.195  -83.089  18.018 0.0000000000
2371  11.884  -83.351  18.657 0.0000000000
2382  20.694  -84.182  21.640 0.0000000000
2383  19.492  -84.534  21.462 0.0000000000
2384  18.691  -84.824  20.839 0.0000000000
2385  13.269  -82.982  17.202 0.0000000000
2386  12.556  -82.763  17.466 0.0000000000
2392  15.262  -83.318  16.897 0.0000000000
2393  14.649  -82.716  16.668 0.0000000000
2394  13.825  -82.615  16.878 0.0000000000
2400  15.939  -83.624  17.030 0.0000000000
2401  15.344  -83.140  16.681 0.0000000000
2402  14.737  -82.443  16.343 0.0000000000
2409  15.624  -83.302  16.868 0.0000000000
2410  15.134  -82.616  16.387 0.0000000000
2723  16.070  -80.622  56.416 0.0000000000
2724  15.402  -80.566  56.371 0.0000000000
2725  14.260  -80.474  56.143 0.0000000000
2726  16.813  -81.000  55.198 0.0000000000
2727  16.321  -80.923  55.648 0.0000000000
2728  14.910  -81.250  55.159 0.0000000000
2729  13.324  -80.887  55.105 0.0000000000
2730  11.990  -80.616  54.432 0.0000000000
2731  16.765  -81.170  54.602 0.0000000000
2732  15.966  -81.708  53.591 0.0000000000
2733  14.242  -82.021  53.359 0.0000000000
2734  12.580  -81.673  53.224 0.0000000000
2735  11.040  -81.011  53.010 0.0000000000
2736  9.989  -80.733  52.341 0.0000000000
2737  15.419  -82.571  50.915 0.0000000000
2738  13.356  -82.660  51.451 0.0000000000
2739  11.667  -82.237  51.642 0.0000000000
2740  10.304  -81.470  51.619 0.0000000000
2741  9.311  -80.800  51.675 0.0000000000
2742  27.578  -83.302  46.567 0.0000000000
2743  26.535  -83.617  46.309 0.0000000000
2744  25.823  -83.762  46.157 0.0000000000
2745  15.522  -83.000  48.294 0.0000000000
2746  14.042  -83.149  49.288 0.0000000000
2747  12.367  -82.977  49.848 0.0000000000
2748  10.808  -82.220  50.176 0.0000000000
2749  9.479  -81.265  50.555 0.0000000000
2750  28.661  -82.904  46.187 0.0000000000
2751  28.282  -83.176  45.801 0.0000000000
2752  27.396  -83.500  45.557 0.0000000000
2753  25.972  -83.758  44.772 0.0000000000
2754  24.672  -83.868  45.037 0.0000000000
2755  15.751  -82.938  46.391 0.0000000000
2756  14.541  -83.353  47.217 0.0000000000
2757  13.076  -83.349  47.858 0.0000000000
2758  11.485  -82.763  48.318 0.0000000000
2759  9.910  -81.797  48.800 0.0000000000
2760  24.771  -83.869  44.562 0.0000000000
2761  15.859  -82.651  45.066 0.0000000000
2762  14.980  -83.000  45.483 0.0000000000
2763  13.757  -83.393  45.984 0.0000000000
2764  12.260  -83.198  46.394 0.0000000000
2765  10.534  -82.526  46.785 0.0000000000
2766  16.252  -82.422  44.238 0.0000000000
2767  15.487  -82.709  44.164 0.0000000000
2768  14.443  -83.068  44.368 0.0000000000
2769  13.160  -83.143  44.610 0.0000000000
2770  11.537  -83.029  44.818 0.0000000000
2771  16.270  -82.754  43.186 0.0000000000
2772  15.283  -83.061  42.983 0.0000000000
2773  14.097  -83.427  43.140 0.0000000000
2774  12.711  -83.387  43.166 0.0000000000
2775  11.054  -83.197  43.139 0.0000000000
2776  17.488  -83.995  41.345 0.0000000000
2777  16.622  -83.852  41.638 0.0000000000
2778  15.061  -83.720  42.047 0.0000000000
2779  13.924  -83.947  41.726 0.0000000000
2780  12.365  -83.743  41.685 0.0000000000
2781  10.806  -83.596  41.536 0.0000000000
2782  18.489  -85.129  39.804 0.0000000000
2783  17.856  -84.426  40.752 0.0000000000
2784  17.051  -84.434  40.620 0.0000000000
2785  13.372  -84.217  40.676 0.0000000000
2786  12.232  -84.092  40.021 0.0000000000
2787  10.620  -83.706  40.386 0.0000000000
2788  19.501  -84.825  38.095 0.0000000000
2789  18.474  -85.141  38.531 0.0000000000
2790  17.393  -85.324  38.381 0.0000000000
2791  16.750  -85.208  38.345 0.0000000000
2792  13.426  -84.977  37.853 0.0000000000
2793  12.636  -84.516  38.469 0.0000000000
2794  10.843  -83.992  39.208 0.0000000000
2795  28.776  -83.391  38.436 0.0000000000
2796  28.578  -83.436  40.311 0.0000000000
2797  23.070  -83.906  37.255 0.0000000000
2798  21.900  -84.202  36.699 0.0000000000
2799  20.649  -84.251  36.452 0.0000000000
2800  19.617  -84.229  36.617 0.0000000000
2801  18.579  -84.146  36.925 0.0000000000
2802  17.696  -84.545  37.453 0.0000000000
2803  16.550  -85.206  37.606 0.0000000000
2804  15.493  -85.148  37.318 0.0000000000
2805  14.260  -85.044  37.410 0.0000000000
2806  12.894  -84.700  37.389 0.0000000000
2807  11.109  -84.345  37.689 0.0000000000
2808  10.091  -84.451  37.050 0.0000000000
2809  28.827  -83.500  37.355 0.0000000000
2810  28.273  -83.495  36.498 0.0000000000
2811  27.648  -83.814  36.340 0.0000000000
2812  25.851  -84.551  37.382 0.0000000000
2813  24.729  -84.254  37.409 0.0000000000
2814  23.034  -84.174  35.962 0.0000000000
2815  21.494  -84.286  35.396 0.0000000000
2816  19.942  -84.060  35.209 0.0000000000
2817  19.048  -83.871  35.644 0.0000000000
2818  14.287  -84.697  36.615 0.0000000000
2819  13.531  -84.567  36.625 0.0000000000
2820  12.156  -84.548  36.590 0.0000000000
2821  10.790  -84.475  36.663 0.0000000000
2822  28.237  -82.959  35.833 0.0000000000
2823  27.272  -83.440  35.499 0.0000000000
2824  25.850  -83.587  34.913 0.0000000000
2825  24.520  -84.084  35.381 0.0000000000
2826  22.598  -84.066  34.697 0.0000000000
2827  21.141  -83.708  34.598 0.0000000000
2828  20.333  -83.313  34.521 0.0000000000
2829  24.778  -83.341  34.638 0.0000000000
2830  23.535  -83.426  34.207 0.0000000000
2831  21.946  -83.233  34.159 0.0000000000
2832  20.764  -83.202  33.820 0.0000000000
2833  20.058  -82.869  33.986 0.0000000000
2834  31.097  -80.832  33.364 0.0000000000
2835  30.524  -80.626  33.817 0.0000000000
2836  29.205  -80.492  33.710 0.0000000000
2837  27.998  -80.296  33.674 0.0000000000
2838  16.114  -82.565  34.709 0.0000000000
2839  15.180  -82.355  34.555 0.0000000000
2840  14.115  -82.214  34.528 0.0000000000
2841  31.436  -80.668  32.322 0.0000000000
2842  31.647  -80.874  31.544 0.0000000000
2843  26.791  -80.188  33.458 0.0000000000
2849  13.693  -81.561  34.408 0.0000000000
2850  12.386  -82.051  34.095 0.0000000000
2851  11.307  -82.492  33.284 0.0000000000
2852  31.637  -80.325  31.312 0.0000000000
2853  30.727  -80.725  30.554 0.0000000000
2854  29.704  -80.676  29.452 0.0000000000
2861  10.428  -82.777  31.828 0.0000000000
2862  8.874  -83.101  30.737 0.0000000000
2863  7.292  -83.074  29.923 0.0000000000
2864  28.537  -80.341  28.224 0.0000000000
2865  27.804  -79.892  27.687 0.0000000000
2873  6.654  -82.591  28.510 0.0000000000
2874  6.462  -81.925  27.010 0.0000000000
2875  28.159  -80.400  27.773 0.0000000000
2876  27.806  -80.158  27.465 0.0000000000
2882  6.396  -81.603  25.819 0.0000000000
2883  27.781  -80.298  26.697 0.0000000000
2884  27.460  -79.876  26.719 0.0000000000
2889  7.147  -81.202  24.103 0.0000000000
2890  6.589  -81.334  24.800 0.0000000000
2891  30.336  -80.765  26.222 0.0000000000
2892  29.526  -80.292  26.137 0.0000000000
2893  28.109  -79.848  26.141 0.0000000000
2894  27.206  -79.278  25.974 0.0000000000
2899  32.085  -80.945  25.534 0.0000000000
2900  31.003  -80.147  25.566 0.0000000000
2901  29.326  -79.321  25.425 0.0000000000
2902  28.302  -78.926  25.238 0.0000000000
2905  32.520  -80.517  24.875 0.0000000000
2906  31.202  -79.385  24.197 0.0000000000
2909  32.055  -79.976  23.494 0.0000000000
2911  21.688  -83.370  22.633 0.0000000000
2912  21.058  -83.374  22.451 0.0000000000
2913  20.148  -83.449  22.213 0.0000000000
2914  19.528  -83.549  22.007 0.0000000000
2919  23.263  -83.173  22.157 0.0000000000
2920  22.731  -82.958  22.110 0.0000000000
2921  21.954  -83.148  22.221 0.0000000000
2922  20.910  -83.312  22.015 0.0000000000
2923  20.021  -83.521  21.918 0.0000000000
2924  19.336  -83.699  21.793 0.0000000000
2925  19.120  -83.850  21.709 0.0000000000
2934  23.510  -83.423  21.991 0.0000000000
2935  22.917  -82.953  21.709 0.0000000000
2936  22.421  -82.947  21.738 0.0000000000
2937  21.711  -83.239  21.757 0.0000000000
2938  20.513  -83.538  21.780 0.0000000000
2939  19.675  -83.839  21.663 0.0000000000
2940  19.161  -84.082  21.606 0.0000000000
2949  23.729  -83.839  22.019 0.0000000000
2950  23.097  -83.269  21.602 0.0000000000
2951  22.568  -83.219  21.421 0.0000000000
2952  21.916  -83.370  21.587 0.0000000000
2953  20.954  -83.640  21.670 0.0000000000
2954  19.762  -84.130  21.550 0.0000000000
2955  19.306  -84.667  21.396 0.0000000000
2957  11.905  -82.351  17.692 0.0000000000
2966  23.512  -83.862  21.803 0.0000000000
2967  23.045  -83.625  21.545 0.0000000000
2968  22.339  -83.619  21.480 0.0000000000
2969  21.389  -83.784  21.573 0.0000000000
2970  20.319  -84.072  21.592 0.0000000000
2971  19.649  -84.357  21.568 0.0000000000
2972  12.758  -82.008  17.351 0.0000000000
2973  12.361  -82.429  17.409 0.0000000000
2980  13.978  -81.945  16.662 0.0000000000
2981  13.324  -81.542  17.017 0.0000000000
2988  14.613  -81.886  16.302 0.0000000000
2989  14.305  -81.864  16.368 0.0000000000
2998  14.729  -82.056  16.281 0.0000000000
3288  17.505  -79.532  57.235 0.0000000000
3289  16.291  -78.938  57.356 0.0000000000
3290  15.483  -78.409  57.340 0.0000000000
3291  17.940  -80.081  55.667 0.0000000000
3292  17.573  -80.311  56.622 0.0000000000
3293  16.437  -80.207  56.920 0.0000000000
3294  14.446  -79.075  56.867 0.0000000000
3295  13.479  -79.984  56.262 0.0000000000
3296  17.881  -80.618  53.901 0.0000000000
3297  17.248  -80.764  55.221 0.0000000000
3298  17.011  -80.674  56.344 0.0000000000
3299  12.971  -78.225  56.258 0.0000000000
3300  12.390  -79.334  55.781 0.0000000000
3301  11.193  -79.744  54.164 0.0000000000
3302  18.022  -80.991  52.833 0.0000000000
3303  17.378  -81.364  53.148 0.0000000000
3304  16.631  -81.908  51.787 0.0000000000
3305  10.259  -80.017  52.970 0.0000000000
3306  9.489  -80.173  52.199 0.0000000000
3307  28.547  -81.892  48.329 0.0000000000
3308  28.064  -82.148  48.519 0.0000000000
3309  26.927  -82.579  48.679 0.0000000000
3310  25.589  -82.746  48.549 0.0000000000
3311  24.569  -82.854  48.227 0.0000000000
3312  18.078  -81.227  51.884 0.0000000000
3313  17.615  -81.750  50.876 0.0000000000
3314  16.792  -82.273  50.378 0.0000000000
3315  8.955  -80.063  51.613 0.0000000000
3316  28.645  -82.250  47.822 0.0000000000
3317  27.955  -82.809  47.534 0.0000000000
3318  26.738  -83.204  47.510 0.0000000000
3319  25.549  -83.409  47.197 0.0000000000
3320  24.327  -83.299  47.245 0.0000000000
3321  23.289  -83.097  47.297 0.0000000000
3322  17.394  -82.110  49.439 0.0000000000
3323  16.673  -82.512  48.811 0.0000000000
3324  8.910  -80.395  50.944 0.0000000000
3325  28.855  -82.570  46.765 0.0000000000
3326  28.312  -82.999  46.587 0.0000000000
3327  25.154  -83.715  46.280 0.0000000000
3328  24.088  -83.711  45.982 0.0000000000
3329  22.845  -83.063  46.623 0.0000000000
3330  16.580  -82.671  47.154 0.0000000000
3331  8.552  -80.684  49.580 0.0000000000
3332  7.745  -80.788  48.669 0.0000000000
3333  29.069  -82.811  45.573 0.0000000000
3334  29.465  -82.683  44.496 0.0000000000
3335  24.586  -83.709  43.580 0.0000000000
3336  23.924  -83.770  44.764 0.0000000000
3337  16.805  -82.402  45.341 0.0000000000
3338  8.653  -81.722  47.469 0.0000000000
3339  7.403  -81.182  47.438 0.0000000000
3340  7.248  -81.030  47.214 0.0000000000
3341  23.533  -83.544  43.899 0.0000000000
3342  16.945  -82.308  43.761 0.0000000000
3343  9.474  -82.699  44.982 0.0000000000
3344  7.761  -82.151  45.828 0.0000000000
3345  7.302  -81.434  46.297 0.0000000000
3346  17.878  -83.045  42.599 0.0000000000
3347  17.112  -82.904  42.751 0.0000000000
3348  9.367  -83.199  42.871 0.0000000000
3349  8.149  -82.756  44.059 0.0000000000
3350  7.739  -82.101  44.737 0.0000000000
3351  18.985  -84.020  41.694 0.0000000000
3352  17.947  -83.806  41.732 0.0000000000
3353  17.405  -83.454  42.215 0.0000000000
3354  9.429  -83.524  41.272 0.0000000000
3355  8.329  -82.763  42.330 0.0000000000
3356  8.030  -82.517  43.623 0.0000000000
3357  20.962  -84.158  40.392 0.0000000000
3358  20.206  -84.744  40.536 0.0000000000
3359  19.130  -84.745  40.735 0.0000000000
3360  18.484  -84.262  41.227 0.0000000000
3361  9.777  -83.668  40.111 0.0000000000
3362  8.628  -83.431  40.451 0.0000000000
3363  23.638  -83.179  39.875 0.0000000000
3364  22.505  -83.192  39.373 0.0000000000
3365  21.546  -83.485  39.348 0.0000000000
3366  20.370  -84.293  39.105 0.0000000000
3367  19.460  -85.130  39.522 0.0000000000
3368  9.551  -83.813  39.417 0.0000000000
3369  8.788  -83.819  38.923 0.0000000000
3370  29.266  -82.933  38.364 0.0000000000
3371  29.503  -82.297  38.970 0.0000000000
3372  24.362  -83.836  38.806 0.0000000000
3373  23.416  -83.685  38.448 0.0000000000
3374  22.216  -83.663  38.131 0.0000000000
3375  21.087  -83.876  37.867 0.0000000000
3376  20.190  -84.114  37.627 0.0000000000
3377  18.168  -83.545  36.309 0.0000000000
3378  17.718  -83.430  36.483 0.0000000000
3379  16.959  -83.579  36.714 0.0000000000
3380  16.099  -83.765  36.868 0.0000000000
3381  15.029  -84.249  36.610 0.0000000000
3382  9.881  -84.140  38.568 0.0000000000
3383  9.437  -84.296  37.696 0.0000000000
3384  29.274  -83.030  37.936 0.0000000000
3385  28.963  -82.457  36.798 0.0000000000
3386  18.931  -83.926  35.057 0.0000000000
3387  18.203  -83.407  35.545 0.0000000000
3388  17.730  -82.173  36.269 0.0000000000
3389  14.269  -83.896  36.270 0.0000000000
3390  13.200  -83.843  35.607 0.0000000000
3391  11.305  -84.522  35.779 0.0000000000
3392  9.345  -84.500  36.291 0.0000000000
3393  8.155  -84.221  35.845 0.0000000000
3394  27.773  -82.174  35.130 0.0000000000
3395  26.052  -82.642  34.429 0.0000000000
3396  25.391  -83.085  34.370 0.0000000000
3397  19.173  -82.940  34.784 0.0000000000
3398  18.269  -82.469  35.084 0.0000000000
3399  11.854  -83.918  35.031 0.0000000000
3400  10.434  -84.448  34.921 0.0000000000
3401  8.925  -84.311  34.772 0.0000000000
3402  7.978  -83.943  35.217 0.0000000000
3403  25.372  -82.300  34.247 0.0000000000
3404  24.570  -82.572  34.079 0.0000000000
3405  22.748  -81.993  33.554 0.0000000000
3406  21.336  -82.123  33.580 0.0000000000
3407  20.364  -82.082  33.612 0.0000000000
3408  19.612  -81.824  33.965 0.0000000000
3409  8.633  -84.107  34.246 0.0000000000
3410  8.097  -84.124  34.481 0.0000000000
3411  22.294  -81.140  32.953 0.0000000000
3412  21.608  -81.342  32.848 0.0000000000
3413  20.483  -81.514  32.754 0.0000000000
3414  19.621  -81.570  32.939 0.0000000000
3415  31.118  -79.807  33.135 0.0000000000
3416  30.012  -79.806  33.404 0.0000000000
3417  28.853  -79.661  33.584 0.0000000000
3418  27.646  -79.407  33.588 0.0000000000
3419  31.431  -79.494  32.271 0.0000000000
3424  12.993  -81.022  33.987 0.0000000000
3425  11.600  -81.842  33.305 0.0000000000
3426  10.835  -82.118  32.907 0.0000000000
3427  31.596  -79.691  31.410 0.0000000000
3428  30.621  -80.031  30.340 0.0000000000
3429  30.045  -80.408  29.867 0.0000000000
3435  11.100  -81.934  32.745 0.0000000000
3436  10.358  -82.043  32.538 0.0000000000
3437  9.562  -82.376  31.310 0.0000000000
3438  8.133  -82.241  30.472 0.0000000000
3439  6.927  -81.498  29.518 0.0000000000
3440  6.204  -80.609  28.621 0.0000000000
3441  30.281  -79.624  29.618 0.0000000000
3442  29.436  -79.936  29.049 0.0000000000
3443  28.143  -79.609  27.906 0.0000000000
3449  7.029  -82.124  29.309 0.0000000000
3450  6.350  -81.312  28.048 0.0000000000
3451  5.365  -80.006  27.371 0.0000000000
3452  27.332  -79.313  27.077 0.0000000000
3453  26.856  -78.573  26.411 0.0000000000
3461  7.630  -79.183  24.337 0.0000000000
3462  5.655  -80.551  26.264 0.0000000000
3463  5.072  -79.339  26.358 0.0000000000
3464  26.898  -78.894  26.177 0.0000000000
3465  26.672  -78.203  25.955 0.0000000000
3469  8.032  -79.962  24.187 0.0000000000
3470  6.609  -79.973  24.397 0.0000000000
3471  5.928  -80.361  25.020 0.0000000000
3472  27.556  -78.786  25.406 0.0000000000
3473  27.000  -78.514  25.555 0.0000000000
3474  26.771  -78.137  25.565 0.0000000000
3477  30.065  -78.865  24.541 0.0000000000
3512  22.737  -82.778  21.666 0.0000000000
3513  22.568  -82.912  21.555 0.0000000000
3514  22.428  -82.973  21.460 0.0000000000
3524  22.789  -82.927  21.496 0.0000000000
3525  22.617  -82.976  21.321 0.0000000000
3526  22.246  -83.056  21.534 0.0000000000
3883  16.687  -77.766  56.682 0.0000000000
3884  16.494  -77.698  56.537 0.0000000000
3885  16.596  -77.489  56.269 0.0000000000
3886  16.809  -77.929  57.053 0.0000000000
3887  16.568  -77.775  56.872 0.0000000000
3888  16.409  -77.577  56.332 0.0000000000
3889  18.426  -78.968  56.528 0.0000000000
3890  18.147  -79.017  56.926 0.0000000000
3891  17.162  -78.553  57.365 0.0000000000
3892  16.233  -77.949  57.116 0.0000000000
3893  16.519  -77.794  56.429 0.0000000000
3894  18.231  -79.200  56.169 0.0000000000
3895  18.087  -79.718  56.741 0.0000000000
3896  14.984  -77.730  56.825 0.0000000000
3897  18.542  -78.824  53.369 0.0000000000
3898  18.052  -79.389  54.041 0.0000000000
3899  13.844  -76.468  55.051 0.0000000000
3900  13.536  -77.070  56.033 0.0000000000
3901  12.049  -77.793  55.641 0.0000000000
3902  11.362  -78.640  54.860 0.0000000000
3903  28.416  -80.760  50.739 0.0000000000
3904  27.317  -81.029  50.733 0.0000000000
3905  25.850  -81.009  50.828 0.0000000000
3906  24.350  -80.296  50.585 0.0000000000
3907  22.658  -79.738  50.576 0.0000000000
3908  20.838  -79.561  51.175 0.0000000000
3909  19.178  -79.553  52.145 0.0000000000
3910  18.451  -80.448  52.170 0.0000000000
3911  13.167  -76.811  54.422 0.0000000000
3912  12.249  -76.882  54.750 0.0000000000
3913  11.522  -77.868  54.221 0.0000000000
3914  10.589  -79.087  53.425 0.0000000000
3915  9.763  -79.657  52.514 0.0000000000
3916  28.741  -81.824  48.141 0.0000000000
3917  28.523  -81.078  49.006 0.0000000000
3918  27.173  -81.805  49.713 0.0000000000
3919  25.639  -82.011  49.879 0.0000000000
3920  24.042  -81.836  49.521 0.0000000000
3921  22.258  -81.151  49.585 0.0000000000
3922  20.641  -80.687  49.940 0.0000000000
3923  19.399  -80.687  50.258 0.0000000000
3924  18.533  -81.055  50.091 0.0000000000
3925  17.975  -81.538  49.200 0.0000000000
3926  12.490  -76.874  53.770 0.0000000000
3927  12.047  -77.148  53.189 0.0000000000
3928  11.346  -78.370  52.016 0.0000000000
3929  9.639  -79.223  52.136 0.0000000000
3930  9.026  -79.718  51.985 0.0000000000
3931  29.066  -81.617  47.339 0.0000000000
3932  29.340  -80.448  47.500 0.0000000000
3933  23.386  -82.550  48.408 0.0000000000
3934  21.998  -82.079  47.982 0.0000000000
3935  20.320  -81.167  48.281 0.0000000000
3936  19.237  -80.988  48.468 0.0000000000
3937  18.623  -81.154  47.745 0.0000000000
3938  17.707  -82.018  47.937 0.0000000000
3939  17.125  -82.426  47.606 0.0000000000
3940  11.338  -77.964  51.001 0.0000000000
3941  10.493  -78.307  50.949 0.0000000000
3942  8.474  -79.305  50.697 0.0000000000
3943  7.802  -78.609  49.593 0.0000000000
3944  29.543  -82.037  46.039 0.0000000000
3945  29.871  -80.583  46.157 0.0000000000
3946  29.511  -79.622  45.375 0.0000000000
3947  22.954  -83.395  45.550 0.0000000000
3948  21.896  -82.560  46.218 0.0000000000
3949  21.131  -81.649  47.031 0.0000000000
3950  18.675  -80.994  46.572 0.0000000000
3951  18.254  -81.402  46.261 0.0000000000
3952  17.332  -82.073  46.597 0.0000000000
3953  7.807  -80.212  49.573 0.0000000000
3954  7.453  -79.729  48.801 0.0000000000
3955  7.438  -78.925  48.148 0.0000000000
3956  6.605  -78.401  48.096 0.0000000000
3957  29.565  -82.365  45.261 0.0000000000
3958  29.838  -81.773  44.860 0.0000000000
3959  29.768  -80.420  44.633 0.0000000000
3960  23.095  -83.271  44.563 0.0000000000
3961  22.324  -82.646  44.891 0.0000000000
3962  18.176  -81.182  44.925 0.0000000000
3963  17.674  -81.805  45.453 0.0000000000
3964  7.308  -80.685  47.732 0.0000000000
3965  7.449  -80.080  47.255 0.0000000000
3966  7.258  -78.808  47.320 0.0000000000
3967  29.745  -82.305  43.921 0.0000000000
3968  29.754  -81.587  43.301 0.0000000000
3969  22.625  -82.496  43.500 0.0000000000
3970  19.165  -80.868  43.977 0.0000000000
3971  18.623  -81.059  44.094 0.0000000000
3972  17.693  -81.824  44.238 0.0000000000
3973  7.350  -80.843  46.227 0.0000000000
3974  7.731  -79.822  46.040 0.0000000000
3975  21.901  -82.135  42.791 0.0000000000
3976  21.395  -82.087  42.595 0.0000000000
3977  19.275  -81.573  43.453 0.0000000000
3978  18.494  -82.362  43.193 0.0000000000
3979  17.647  -82.475  43.297 0.0000000000
3980  7.438  -81.390  45.219 0.0000000000
3981  8.179  -80.367  44.489 0.0000000000
3982  21.773  -82.200  42.140 0.0000000000
3983  21.185  -82.241  42.008 0.0000000000
3984  20.572  -82.655  41.915 0.0000000000
3985  19.623  -82.959  42.309 0.0000000000
3986  18.620  -83.318  42.355 0.0000000000
3987  7.914  -82.555  42.231 0.0000000000
3988  7.928  -82.051  43.154 0.0000000000
3989  8.433  -80.693  43.625 0.0000000000
3990  29.569  -79.603  40.652 0.0000000000
3991  21.850  -82.330  41.442 0.0000000000
3992  21.443  -82.883  40.855 0.0000000000
3993  20.525  -83.821  41.287 0.0000000000
3994  19.771  -84.173  41.298 0.0000000000
3995  8.036  -82.781  41.487 0.0000000000
3996  7.876  -82.396  41.177 0.0000000000
3997  29.507  -80.496  39.796 0.0000000000
3998  22.420  -82.595  40.553 0.0000000000
3999  21.946  -82.896  40.001 0.0000000000
4000  8.043  -83.107  39.803 0.0000000000
4001  7.835  -82.597  40.051 0.0000000000
4002  29.197  -80.756  37.778 0.0000000000
4003  28.911  -79.784  38.965 0.0000000000
4004  17.211  -82.128  36.505 0.0000000000
4005  16.575  -82.037  36.569 0.0000000000
4006  15.635  -82.273  36.426 0.0000000000
4007  14.965  -83.286  36.172 0.0000000000
4008  8.302  -83.684  37.797 0.0000000000
4009  7.828  -82.678  38.870 0.0000000000
4010  28.583  -80.995  35.950 0.0000000000
4011  17.946  -81.325  35.860 0.0000000000
4012  17.354  -80.950  36.473 0.0000000000
4013  16.932  -81.123  36.725 0.0000000000
4014  15.250  -81.372  36.320 0.0000000000
4015  14.724  -82.360  35.876 0.0000000000
4016  14.034  -82.483  35.105 0.0000000000
4017  8.183  -83.980  36.591 0.0000000000
4018  7.712  -82.899  36.658 0.0000000000
4019  7.747  -81.243  36.389 0.0000000000
4020  27.363  -80.861  35.097 0.0000000000
4021  26.213  -81.246  34.399 0.0000000000
4022  25.373  -80.599  34.288 0.0000000000
4023  18.835  -81.567  34.164 0.0000000000
4024  18.304  -81.224  35.014 0.0000000000
4025  12.938  -83.002  34.744 0.0000000000
4026  11.314  -83.463  34.355 0.0000000000
4027  10.071  -84.192  34.381 0.0000000000
4028  7.655  -83.288  34.954 0.0000000000
4029  7.383  -81.720  35.514 0.0000000000
4030  25.702  -82.001  34.248 0.0000000000
4031  24.923  -81.263  34.146 0.0000000000
4032  23.833  -81.371  33.567 0.0000000000
4033  18.783  -81.043  33.134 0.0000000000
4034  18.149  -80.785  34.014 0.0000000000
4035  10.833  -83.112  34.233 0.0000000000
4036  9.853  -83.689  34.034 0.0000000000
4037  8.280  -83.545  34.117 0.0000000000
4038  7.245  -82.210  34.283 0.0000000000
4039  22.956  -80.801  33.011 0.0000000000
4040  22.123  -80.642  32.182 0.0000000000
4041  20.954  -80.899  32.004 0.0000000000
4042  19.559  -80.828  31.927 0.0000000000
4043  9.412  -82.854  33.964 0.0000000000
4044  8.308  -82.604  33.617 0.0000000000
4045  6.940  -81.794  33.405 0.0000000000
4046  6.619  -81.431  32.879 0.0000000000
4047  21.533  -80.314  31.551 0.0000000000
4048  20.690  -80.314  31.386 0.0000000000
4049  20.030  -80.186  31.305 0.0000000000
4050  8.027  -82.260  33.192 0.0000000000
4051  7.199  -82.031  32.841 0.0000000000
4052  6.785  -81.539  32.455 0.0000000000
4053  8.172  -81.994  32.873 0.0000000000
4054  7.519  -81.896  32.492 0.0000000000
4055  6.990  -81.654  32.195 0.0000000000
4056  31.139  -79.225  33.074 0.0000000000
4057  30.765  -79.118  33.246 0.0000000000
4058  29.649  -79.003  33.453 0.0000000000
4059  28.559  -78.897  33.596 0.0000000000
4063  31.193  -78.751  32.757 0.0000000000
4064  30.462  -78.272  33.394 0.0000000000
4065  29.141  -78.115  33.641 0.0000000000
4070  12.143  -80.923  33.451 0.0000000000
4071  11.223  -81.454  32.756 0.0000000000
4072  7.838  -81.536  30.915 0.0000000000
4073  7.137  -81.268  30.531 0.0000000000
4074  6.418  -80.287  29.833 0.0000000000
4078  31.602  -78.650  31.447 0.0000000000
4079  31.209  -79.114  30.128 0.0000000000
4084  11.339  -81.552  33.017 0.0000000000
4085  10.703  -81.799  32.298 0.0000000000
4086  9.382  -81.833  31.663 0.0000000000
4087  7.859  -81.654  30.707 0.0000000000
4088  6.702  -80.792  29.620 0.0000000000
4089  5.637  -79.455  28.619 0.0000000000
4090  5.268  -78.477  28.424 0.0000000000
4094  30.050  -79.084  28.894 0.0000000000
4095  28.717  -79.038  28.134 0.0000000000
4096  27.740  -78.789  27.468 0.0000000000
4102  4.658  -78.758  27.135 0.0000000000
4103  5.137  -78.311  27.903 0.0000000000
4106  27.074  -78.352  26.782 0.0000000000
4107  26.730  -77.979  26.153 0.0000000000
4118  6.632  -78.677  24.599 0.0000000000
4119  5.425  -79.049  25.139 0.0000000000
4120  5.116  -78.225  26.256 0.0000000000
4121  26.668  -77.799  25.837 0.0000000000
4126  6.034  -79.398  24.679 0.0000000000
4127  5.872  -79.694  24.706 0.0000000000
4526  16.897  -77.847  56.460 0.0000000000
4527  16.710  -77.769  56.436 0.0000000000
4528  16.584  -77.727  56.340 0.0000000000
4529  16.881  -77.847  56.715 0.0000000000
4530  16.593  -77.719  56.235 0.0000000000
4531  16.844  -77.663  56.262 0.0000000000
4532  18.386  -78.942  56.287 0.0000000000
4533  18.188  -78.763  56.313 0.0000000000
4534  16.937  -78.232  56.469 0.0000000000
4535  16.322  -77.658  56.251 0.0000000000
4536  16.638  -77.688  56.250 0.0000000000
4537  30.330  -78.891  54.459 0.0000000000
4538  30.371  -79.012  54.288 0.0000000000
4539  30.257  -79.172  54.123 0.0000000000
4540  18.102  -78.768  55.427 0.0000000000
4541  17.243  -78.107  55.449 0.0000000000
4542  16.409  -77.087  55.897 0.0000000000
4543  15.622  -77.219  56.416 0.0000000000
4544  30.135  -78.854  54.124 0.0000000000
4545  30.171  -79.232  53.610 0.0000000000
4546  29.880  -79.581  53.252 0.0000000000
4547  28.741  -80.088  52.898 0.0000000000
4548  18.776  -78.511  53.144 0.0000000000
4549  17.918  -78.068  53.996 0.0000000000
4550  16.491  -77.167  54.662 0.0000000000
4551  14.911  -76.856  55.335 0.0000000000
4552  14.701  -76.967  56.364 0.0000000000
4553  30.416  -79.403  52.397 0.0000000000
4554  29.650  -79.948  51.083 0.0000000000
4555  27.688  -80.574  52.129 0.0000000000
4556  25.979  -80.589  51.985 0.0000000000
4557  24.583  -79.606  51.664 0.0000000000
4558  23.003  -78.843  51.586 0.0000000000
4559  21.028  -78.320  52.065 0.0000000000
4560  19.096  -78.310  53.072 0.0000000000
4561  17.004  -77.430  53.554 0.0000000000
4562  15.198  -77.243  53.350 0.0000000000
4563  14.025  -76.781  53.786 0.0000000000
4564  29.562  -79.607  48.433 0.0000000000
4565  29.180  -78.545  47.075 0.0000000000
4566  14.493  -76.837  51.573 0.0000000000
4567  13.240  -77.550  51.876 0.0000000000
4568  12.169  -77.297  51.362 0.0000000000
4569  11.711  -77.837  51.040 0.0000000000
4570  29.143  -79.168  47.034 0.0000000000
4571  28.358  -78.026  46.419 0.0000000000
4572  20.349  -81.269  46.852 0.0000000000
4573  19.604  -80.940  47.193 0.0000000000
4574  19.133  -80.931  47.388 0.0000000000
4575  14.219  -76.659  50.078 0.0000000000
4576  13.762  -76.386  49.225 0.0000000000
4577  12.831  -76.612  49.845 0.0000000000
4578  11.681  -77.133  50.271 0.0000000000
4579  10.251  -77.269  50.026 0.0000000000
4580  8.805  -77.230  49.324 0.0000000000
4581  7.175  -77.921  49.037 0.0000000000
4582  6.191  -77.364  48.335 0.0000000000
4583  5.646  -77.232  48.399 0.0000000000
4584  29.366  -79.683  46.717 0.0000000000
4585  28.549  -78.600  45.837 0.0000000000
4586  27.253  -77.750  45.234 0.0000000000
4587  21.626  -82.027  45.157 0.0000000000
4588  20.911  -81.546  45.812 0.0000000000
4589  19.892  -81.084  45.970 0.0000000000
4590  19.071  -80.853  46.340 0.0000000000
4591  18.728  -81.037  46.049 0.0000000000
4592  14.047  -75.556  48.505 0.0000000000
4593  13.694  -75.524  48.445 0.0000000000
4594  12.650  -75.646  48.963 0.0000000000
4595  11.538  -75.780  49.276 0.0000000000
4597  7.313  -78.640  48.637 0.0000000000
4598  6.608  -78.172  48.457 0.0000000000
4599  5.886  -77.723  47.850 0.0000000000
4600  5.410  -77.529  47.319 0.0000000000
4601  29.259  -78.950  44.604 0.0000000000
4602  27.765  -78.044  44.761 0.0000000000
4603  21.877  -81.986  44.298 0.0000000000
4604  21.120  -81.587  44.628 0.0000000000
4605  20.244  -81.070  44.797 0.0000000000
4606  19.378  -80.767  44.963 0.0000000000
4607  18.751  -80.831  45.163 0.0000000000
4608  13.922  -75.466  47.506 0.0000000000
4612  6.135  -78.291  46.997 0.0000000000
4613  5.689  -77.743  47.093 0.0000000000
4614  29.469  -79.841  43.383 0.0000000000
4615  28.610  -78.197  43.615 0.0000000000
4616  21.943  -81.987  43.770 0.0000000000
4617  21.432  -81.746  43.861 0.0000000000
4618  20.690  -81.395  43.900 0.0000000000
4619  19.747  -80.923  43.835 0.0000000000
4620  19.070  -80.610  44.286 0.0000000000
4623  7.266  -78.867  46.406 0.0000000000
4624  6.185  -78.199  46.053 0.0000000000
4625  21.811  -81.986  43.420 0.0000000000
4626  21.223  -81.827  43.217 0.0000000000
4627  20.525  -81.627  43.207 0.0000000000
4628  19.999  -81.885  42.973 0.0000000000
4629  7.567  -79.262  45.216 0.0000000000
4630  6.620  -78.519  44.439 0.0000000000
4631  28.393  -78.103  42.822 0.0000000000
4632  20.968  -81.975  42.741 0.0000000000
4633  20.585  -82.157  42.597 0.0000000000
4634  20.205  -82.426  42.478 0.0000000000
4635  8.323  -80.917  43.119 0.0000000000
4636  8.143  -79.814  43.489 0.0000000000
4637  6.965  -78.561  42.970 0.0000000000
4638  29.279  -79.001  40.779 0.0000000000
4639  28.666  -78.736  41.630 0.0000000000
4640  8.649  -80.846  42.164 0.0000000000
4641  8.323  -79.473  41.660 0.0000000000
4642  6.996  -78.307  41.869 0.0000000000
4643  28.738  -79.091  40.255 0.0000000000
4644  28.094  -78.116  41.200 0.0000000000
4645  8.558  -81.072  40.317 0.0000000000
4646  8.440  -79.502  39.900 0.0000000000
4647  28.533  -79.608  38.108 0.0000000000
4648  27.948  -79.090  39.254 0.0000000000
4649  16.652  -80.976  36.783 0.0000000000
4650  16.268  -81.077  36.698 0.0000000000
4651  8.219  -80.900  38.543 0.0000000000
4652  8.037  -79.169  38.302 0.0000000000
4653  28.312  -79.801  36.769 0.0000000000
4654  17.868  -80.278  35.591 0.0000000000
4655  17.362  -79.451  36.051 0.0000000000
4656  16.617  -80.123  36.659 0.0000000000
4657  15.657  -80.515  36.520 0.0000000000
4658  14.980  -80.768  36.154 0.0000000000
4659  14.432  -81.133  35.613 0.0000000000
4660  8.099  -80.692  37.268 0.0000000000
4661  7.241  -79.479  36.584 0.0000000000
4662  6.601  -77.974  36.476 0.0000000000
4663  27.560  -80.008  35.555 0.0000000000
4664  26.543  -80.028  34.871 0.0000000000
4665  25.630  -79.940  34.405 0.0000000000
4666  17.668  -79.442  35.025 0.0000000000
4667  17.493  -78.876  35.661 0.0000000000
4668  13.770  -81.680  34.793 0.0000000000
4669  12.797  -82.100  34.362 0.0000000000
4670  6.791  -80.453  34.974 0.0000000000
4671  6.499  -78.543  35.587 0.0000000000
4672  24.987  -79.950  33.803 0.0000000000
4673  24.015  -80.109  33.190 0.0000000000
4674  18.855  -80.211  32.530 0.0000000000
4675  17.823  -80.086  33.137 0.0000000000
4676  11.493  -82.438  33.787 0.0000000000
4677  10.260  -82.749  33.844 0.0000000000
4678  6.582  -80.990  33.927 0.0000000000
4679  6.207  -79.343  34.359 0.0000000000
4680  23.033  -79.791  32.294 0.0000000000
4681  22.293  -79.681  31.581 0.0000000000
4682  18.952  -80.090  31.777 0.0000000000
4683  18.560  -79.641  32.186 0.0000000000
4684  11.558  -82.008  33.346 0.0000000000
4685  10.289  -82.221  33.465 0.0000000000
4686  9.037  -82.198  33.401 0.0000000000
4687  6.522  -81.161  33.527 0.0000000000
4688  6.282  -80.358  33.304 0.0000000000
4689  21.492  -79.581  31.311 0.0000000000
4690  20.748  -79.442  31.163 0.0000000000
4691  19.409  -79.814  31.204 0.0000000000
4692  18.790  -79.753  31.566 0.0000000000
4693  10.527  -82.075  32.729 0.0000000000
4694  9.357  -81.994  33.072 0.0000000000
4695  6.286  -80.717  32.568 0.0000000000
4700  20.909  -79.034  31.052 0.0000000000
4701  20.545  -79.141  31.016 0.0000000000
4702  8.993  -81.828  32.576 0.0000000000
4703  7.676  -81.711  32.073 0.0000000000
4704  6.378  -80.805  31.921 0.0000000000
4710  12.300  -80.340  32.988 0.0000000000
4711  10.904  -81.084  32.612 0.0000000000
4712  9.337  -81.673  32.281 0.0000000000
4713  7.210  -81.442  31.443 0.0000000000
4714  6.021  -80.146  30.967 0.0000000000
4719  31.349  -77.901  31.982 0.0000000000
4720  31.043  -77.584  32.847 0.0000000000
4727  11.521  -81.179  32.729 0.0000000000
4728  9.809  -81.576  32.285 0.0000000000
4729  8.141  -81.563  31.327 0.0000000000
4730  6.686  -80.757  30.638 0.0000000000
4731  5.691  -79.325  29.822 0.0000000000
4732  5.298  -78.171  29.211 0.0000000000
4737  31.760  -78.222  30.215 0.0000000000
4742  10.224  -81.413  32.206 0.0000000000
4743  8.960  -81.701  31.560 0.0000000000
4744  8.222  -81.637  31.102 0.0000000000
4745  5.377  -78.592  28.877 0.0000000000
4746  5.062  -77.619  28.305 0.0000000000
4758  4.788  -77.764  26.788 0.0000000000
4759  4.431  -77.575  27.214 0.0000000000
4776  5.904  -77.496  24.867 0.0000000000
4777  5.156  -77.466  25.606 0.0000000000
4778  4.784  -77.273  26.382 0.0000000000
4779  4.623  -77.306  26.790 0.0000000000
5153  29.852  -77.801  55.911 0.0000000000
5154  29.497  -77.803  55.975 0.0000000000
5155  28.676  -77.875  56.172 0.0000000000
5156  27.809  -77.894  56.298 0.0000000000
5157  30.376  -78.054  55.248 0.0000000000
5158  30.122  -78.012  55.577 0.0000000000
5159  29.372  -78.315  55.539 0.0000000000
5160  28.326  -78.399  55.701 0.0000000000
5161  27.115  -78.255  56.073 0.0000000000
5162  30.448  -78.364  54.696 0.0000000000
5163  30.141  -78.692  54.806 0.0000000000
5164  29.264  -79.046  54.670 0.0000000000
5165  27.761  -78.985  55.019 0.0000000000
5166  26.209  -78.863  55.519 0.0000000000
5167  30.092  -78.278  53.561 0.0000000000
5168  30.200  -78.765  52.682 0.0000000000
5169  28.562  -79.446  53.911 0.0000000000
5170  27.152  -79.724  53.920 0.0000000000
5171  25.124  -79.449  54.601 0.0000000000
5172  23.873  -79.138  54.305 0.0000000000
5173  19.903  -77.189  53.579 0.0000000000
5174  19.234  -77.156  53.707 0.0000000000
5175  17.682  -77.494  54.124 0.0000000000
5176  16.634  -76.380  53.485 0.0000000000
5177  30.671  -78.016  52.459 0.0000000000
5178  30.824  -78.412  51.200 0.0000000000
5179  30.395  -78.546  49.214 0.0000000000
5180  26.059  -80.228  53.208 0.0000000000
5181  24.749  -79.772  53.181 0.0000000000
5182  23.269  -78.531  52.935 0.0000000000
5183  21.763  -77.918  52.693 0.0000000000
5184  20.318  -77.506  53.114 0.0000000000
5185  19.113  -77.743  53.280 0.0000000000
5186  17.463  -77.595  53.465 0.0000000000
5187  15.367  -77.101  53.221 0.0000000000
5188  29.659  -78.164  47.527 0.0000000000
5189  28.387  -77.467  46.684 0.0000000000
5190  15.052  -75.736  49.762 0.0000000000
5191  15.223  -76.595  51.410 0.0000000000
5192  27.141  -77.071  46.135 0.0000000000
5193  26.244  -76.676  45.793 0.0000000000
5194  14.998  -75.425  48.928 0.0000000000
5195  15.157  -76.023  49.217 0.0000000000
5196  14.446  -76.459  48.982 0.0000000000
5201  27.592  -77.725  45.998 0.0000000000
5202  26.705  -77.254  45.516 0.0000000000
5203  15.464  -75.587  47.208 0.0000000000
5204  14.486  -75.464  48.244 0.0000000000
5205  14.176  -75.408  48.201 0.0000000000
5209  5.847  -77.075  48.089 0.0000000000
5210  5.698  -77.121  47.376 0.0000000000
5211  26.317  -77.316  44.756 0.0000000000
5212  25.694  -76.890  44.354 0.0000000000
5214  15.117  -75.643  46.404 0.0000000000
5215  14.289  -75.704  47.098 0.0000000000
5220  5.639  -77.229  46.629 0.0000000000
5221  27.132  -77.652  44.161 0.0000000000
5222  26.261  -77.213  44.041 0.0000000000
5230  5.986  -77.117  45.202 0.0000000000
5231  5.978  -76.462  44.216 0.0000000000
5232  27.276  -77.644  43.492 0.0000000000
5233  26.460  -77.054  43.466 0.0000000000
5241  6.257  -77.481  43.789 0.0000000000
5242  6.036  -76.703  43.281 0.0000000000
5243  27.469  -77.635  42.779 0.0000000000
5244  26.826  -76.914  43.045 0.0000000000
5251  6.321  -77.568  42.562 0.0000000000
5252  5.951  -76.573  42.295 0.0000000000
5253  27.395  -77.674  42.298 0.0000000000
5259  7.360  -78.568  40.903 0.0000000000
5260  6.402  -77.581  41.222 0.0000000000
5261  5.876  -76.395  41.136 0.0000000000
5262  27.449  -78.464  40.480 0.0000000000
5264  7.104  -78.222  39.853 0.0000000000
5265  6.066  -77.181  39.999 0.0000000000
5266  5.604  -76.178  40.079 0.0000000000
5269  6.653  -77.765  38.745 0.0000000000
5270  5.733  -76.625  38.963 0.0000000000
5271  5.341  -75.996  39.418 0.0000000000
5273  17.044  -78.377  36.145 0.0000000000
5274  16.599  -78.652  36.414 0.0000000000
5275  15.776  -79.102  36.567 0.0000000000
5276  14.972  -79.703  36.342 0.0000000000
5277  14.626  -80.249  35.997 0.0000000000
5278  7.128  -78.345  37.741 0.0000000000
5279  6.252  -77.387  37.571 0.0000000000
5283  17.546  -78.397  35.029 0.0000000000
5284  17.319  -78.189  35.569 0.0000000000
5285  16.699  -77.807  36.156 0.0000000000
5286  15.860  -77.971  36.371 0.0000000000
5287  14.978  -78.549  36.239 0.0000000000
5288  14.280  -79.827  35.318 0.0000000000
5289  13.734  -81.174  34.395 0.0000000000
5290  5.716  -76.898  36.386 0.0000000000
5292  24.423  -78.794  33.409 0.0000000000
5293  17.479  -78.499  34.225 0.0000000000
5294  17.487  -78.073  34.985 0.0000000000
5295  13.900  -79.556  34.613 0.0000000000
5296  13.296  -80.757  34.081 0.0000000000
5297  5.771  -77.372  34.950 0.0000000000
5298  23.720  -78.783  32.508 0.0000000000
5299  22.867  -78.750  31.814 0.0000000000
5300  17.799  -79.144  32.593 0.0000000000
5301  12.133  -80.956  33.608 0.0000000000
5302  11.459  -81.755  33.242 0.0000000000
5303  5.439  -78.199  33.594 0.0000000000
5307  22.235  -78.817  31.112 0.0000000000
5308  21.471  -79.075  31.161 0.0000000000
5309  19.183  -79.343  31.009 0.0000000000
5310  18.620  -79.287  31.417 0.0000000000
5311  13.049  -79.276  33.158 0.0000000000
5312  12.226  -80.236  33.082 0.0000000000
5313  11.216  -81.506  32.864 0.0000000000
5314  10.353  -81.955  32.540 0.0000000000
5315  5.536  -79.074  32.365 0.0000000000
5316  5.573  -78.194  31.574 0.0000000000
5322  22.244  -78.144  30.935 0.0000000000
5323  21.417  -78.633  30.905 0.0000000000
5324  20.191  -78.853  30.859 0.0000000000
5325  19.201  -78.988  30.888 0.0000000000
5328  12.625  -79.726  32.648 0.0000000000
5329  11.456  -80.762  32.812 0.0000000000
5330  10.471  -81.554  32.458 0.0000000000
5331  5.456  -79.274  31.433 0.0000000000
5332  5.544  -78.124  31.010 0.0000000000
5339  11.860  -80.464  32.795 0.0000000000
5340  10.667  -81.306  32.687 0.0000000000
5341  10.300  -81.603  32.187 0.0000000000
5342  5.271  -78.832  30.593 0.0000000000
5343  5.186  -77.607  30.315 0.0000000000
5356  5.186  -78.236  29.848 0.0000000000
5357  5.230  -77.170  29.240 0.0000000000
5367  4.765  -76.492  28.291 0.0000000000
5378  4.349  -76.498  27.355 0.0000000000
5393  5.356  -76.416  25.409 0.0000000000
5394  4.664  -76.553  26.140 0.0000000000
5395  4.302  -76.802  26.705 0.0000000000
5765  30.012  -77.367  55.705 0.0000000000
5766  29.723  -77.421  55.841 0.0000000000
5767  28.894  -77.228  56.145 0.0000000000
5768  27.971  -77.273  56.367 0.0000000000
5769  26.993  -77.558  56.583 0.0000000000
5770  13.986  -76.110  55.650 0.0000000000
5771  13.473  -75.861  55.539 0.0000000000
5772  12.723  -75.957  55.288 0.0000000000
5773  30.158  -77.488  55.291 0.0000000000
5774  30.111  -77.614  55.726 0.0000000000
5775  25.784  -77.943  56.710 0.0000000000
5776  24.378  -77.589  56.751 0.0000000000
5777  16.553  -75.706  54.776 0.0000000000
5778  15.824  -75.977  55.106 0.0000000000
5779  14.347  -76.080  55.413 0.0000000000
5780  12.954  -75.695  54.924 0.0000000000
5781  12.153  -76.010  54.731 0.0000000000
5782  30.474  -77.083  54.305 0.0000000000
5783  24.678  -78.531  56.038 0.0000000000
5784  23.222  -77.932  56.358 0.0000000000
5785  22.101  -77.342  55.845 0.0000000000
5786  17.764  -75.758  54.446 0.0000000000
5787  16.958  -75.798  54.565 0.0000000000
5788  15.323  -75.979  54.542 0.0000000000
5789  13.629  -75.654  54.238 0.0000000000
5790  12.189  -75.711  53.983 0.0000000000
5791  11.595  -76.160  54.176 0.0000000000
5792  30.400  -76.721  52.892 0.0000000000
5793  30.707  -76.085  51.773 0.0000000000
5794  23.834  -78.834  55.379 0.0000000000
5795  22.731  -78.261  54.906 0.0000000000
5796  21.187  -77.307  54.946 0.0000000000
5797  19.859  -76.825  54.150 0.0000000000
5798  18.210  -76.278  54.278 0.0000000000
5799  16.479  -76.944  54.466 0.0000000000
5800  14.735  -76.097  53.301 0.0000000000
5801  12.847  -75.956  53.109 0.0000000000
5802  11.874  -75.801  53.067 0.0000000000
5803  30.507  -77.171  51.786 0.0000000000
5804  30.738  -76.556  50.734 0.0000000000
5805  30.974  -77.132  49.260 0.0000000000
5806  21.945  -77.851  53.764 0.0000000000
5807  20.840  -77.477  53.672 0.0000000000
5808  20.203  -77.288  53.599 0.0000000000
5809  14.286  -76.600  51.773 0.0000000000
5810  30.575  -77.208  47.726 0.0000000000
5811  28.781  -76.808  46.985 0.0000000000
5812  15.409  -75.485  49.458 0.0000000000
5813  14.747  -76.451  50.946 0.0000000000
5814  27.335  -76.423  46.512 0.0000000000
5815  26.132  -76.106  46.010 0.0000000000
5816  15.712  -75.340  48.159 0.0000000000
5817  15.059  -75.248  48.582 0.0000000000
5820  25.537  -76.293  45.373 0.0000000000
5821  24.963  -75.961  45.012 0.0000000000
5822  16.304  -75.133  46.590 0.0000000000
5823  15.659  -75.465  47.606 0.0000000000
5828  25.798  -76.869  45.097 0.0000000000
5829  25.240  -76.435  44.680 0.0000000000
5831  16.088  -75.394  46.203 0.0000000000
5837  25.469  -76.514  43.922 0.0000000000
5842  5.894  -76.432  45.974 0.0000000000
5843  5.827  -75.589  45.238 0.0000000000
5844  25.862  -76.467  43.352 0.0000000000
5849  5.750  -75.599  43.458 0.0000000000
5860  5.821  -75.593  42.120 0.0000000000
5873  5.828  -75.354  41.108 0.0000000000
5883  5.626  -75.413  39.901 0.0000000000
5887  5.550  -76.455  38.207 0.0000000000
5888  5.226  -75.680  38.711 0.0000000000
5891  5.388  -76.193  37.567 0.0000000000
5892  4.966  -75.272  37.665 0.0000000000
5897  17.209  -77.667  35.386 0.0000000000
5898  16.909  -77.445  35.603 0.0000000000
5899  16.080  -77.193  35.983 0.0000000000
5900  15.069  -77.538  36.023 0.0000000000
5901  14.441  -78.213  35.665 0.0000000000
5902  5.113  -75.675  36.849 0.0000000000
5903  4.875  -74.895  36.793 0.0000000000
5906  17.443  -77.969  34.230 0.0000000000
5907  17.200  -77.763  34.818 0.0000000000
5908  16.380  -77.221  35.118 0.0000000000
5909  15.352  -77.084  35.359 0.0000000000
5910  14.386  -77.522  35.336 0.0000000000
5911  13.920  -78.554  34.917 0.0000000000
5912  13.725  -79.487  34.164 0.0000000000
5913  5.075  -75.350  35.793 0.0000000000
5914  4.963  -74.891  36.337 0.0000000000
5918  23.309  -77.709  32.118 0.0000000000
5919  17.411  -78.174  33.568 0.0000000000
5920  16.737  -77.541  34.072 0.0000000000
5921  15.788  -77.174  34.486 0.0000000000
5922  14.710  -77.214  34.667 0.0000000000
5923  13.964  -77.876  34.543 0.0000000000
5924  13.568  -78.806  34.100 0.0000000000
5925  13.384  -80.054  33.653 0.0000000000
5926  5.051  -76.064  34.081 0.0000000000
5932  22.585  -77.812  31.395 0.0000000000
5933  18.111  -78.584  32.121 0.0000000000
5937  14.261  -77.614  34.041 0.0000000000
5938  13.658  -78.419  33.783 0.0000000000
5939  13.142  -79.705  33.465 0.0000000000
5940  5.075  -76.733  32.435 0.0000000000
5941  5.551  -77.695  31.892 0.0000000000
5947  22.200  -77.677  30.884 0.0000000000
5948  21.501  -77.790  30.436 0.0000000000
5956  5.149  -76.238  31.712 0.0000000000
5957  5.173  -76.864  31.215 0.0000000000
5968  5.087  -76.406  29.938 0.0000000000
5980  4.888  -75.969  28.871 0.0000000000
5991  4.794  -75.093  27.470 0.0000000000
5992  4.704  -75.506  27.783 0.0000000000
6002  4.571  -75.098  27.032 0.0000000000
6003  4.641  -75.785  27.054 0.0000000000
6018  4.920  -75.670  26.202 0.0000000000
6019  4.243  -75.985  26.656 0.0000000000
6453  29.760  -76.631  55.589 0.0000000000
6454  29.104  -76.295  55.910 0.0000000000
6455  28.248  -76.212  56.135 0.0000000000
6456  27.200  -76.349  56.420 0.0000000000
6457  26.235  -77.030  56.658 0.0000000000
6458  14.977  -75.460  55.432 0.0000000000
6459  14.320  -75.844  55.487 0.0000000000
6460  13.258  -75.796  55.387 0.0000000000
6461  12.431  -75.882  55.061 0.0000000000
6462  29.960  -75.893  54.897 0.0000000000
6463  26.274  -75.951  56.565 0.0000000000
6464  25.141  -76.445  56.796 0.0000000000
6465  23.385  -76.375  56.886 0.0000000000
6466  21.886  -75.695  56.907 0.0000000000
6467  20.708  -75.373  56.928 0.0000000000
6468  17.631  -74.918  55.374 0.0000000000
6469  16.881  -75.225  54.991 0.0000000000
6470  15.327  -75.571  55.337 0.0000000000
6471  14.603  -75.954  55.523 0.0000000000
6472  11.873  -75.971  54.392 0.0000000000
6473  30.544  -75.290  53.914 0.0000000000
6474  22.320  -76.770  56.564 0.0000000000
6475  21.080  -76.439  56.350 0.0000000000
6476  19.673  -75.540  56.210 0.0000000000
6477  18.064  -75.449  55.048 0.0000000000
6478  17.325  -75.430  54.746 0.0000000000
6479  11.502  -76.224  53.422 0.0000000000
6480  11.524  -76.170  53.791 0.0000000000
6481  30.947  -74.922  52.508 0.0000000000
6482  31.270  -74.874  50.948 0.0000000000
6483  20.128  -76.476  55.370 0.0000000000
6484  19.038  -76.051  54.836 0.0000000000
6485  18.475  -75.821  54.557 0.0000000000
6486  13.264  -76.506  51.527 0.0000000000
6487  12.156  -76.418  52.301 0.0000000000
6488  11.631  -76.224  52.735 0.0000000000
6489  31.047  -75.576  49.429 0.0000000000
6490  30.827  -75.929  48.035 0.0000000000
6491  14.402  -76.379  49.460 0.0000000000
6492  13.934  -76.882  50.574 0.0000000000
6493  29.334  -75.896  47.176 0.0000000000
6494  27.795  -75.728  46.757 0.0000000000
6495  15.860  -74.662  47.685 0.0000000000
6496  14.990  -75.487  49.288 0.0000000000
6497  14.283  -76.673  50.470 0.0000000000
6498  26.583  -75.506  46.309 0.0000000000
6499  25.787  -75.298  45.941 0.0000000000
6500  16.446  -74.337  46.730 0.0000000000
6501  15.851  -75.121  47.949 0.0000000000
6502  25.325  -75.466  45.603 0.0000000000
6503  24.905  -75.547  45.200 0.0000000000
6505  16.427  -74.770  46.782 0.0000000000
6506  24.680  -75.596  44.720 0.0000000000
6513  24.710  -75.755  44.110 0.0000000000
6522  24.949  -75.812  43.523 0.0000000000
6538  5.928  -73.546  42.385 0.0000000000
6539  5.833  -74.166  42.579 0.0000000000
6553  6.067  -73.511  41.774 0.0000000000
6554  5.910  -74.424  40.877 0.0000000000
6570  6.214  -73.488  40.387 0.0000000000
6571  5.718  -74.610  39.475 0.0000000000
6584  6.166  -73.067  37.904 0.0000000000
6585  5.967  -73.731  38.694 0.0000000000
6586  5.366  -74.772  38.399 0.0000000000
6594  5.914  -72.951  37.042 0.0000000000
6595  5.568  -73.724  37.421 0.0000000000
6596  5.230  -74.458  37.613 0.0000000000
6606  6.732  -72.222  35.488 0.0000000000
6607  5.832  -72.965  36.077 0.0000000000
6608  5.214  -73.702  36.595 0.0000000000
6609  4.997  -74.240  36.945 0.0000000000
6612  6.944  -72.326  34.493 0.0000000000
6613  5.793  -73.039  35.037 0.0000000000
6614  4.975  -73.932  35.739 0.0000000000
6615  4.957  -74.494  36.369 0.0000000000
6623  7.397  -72.496  33.688 0.0000000000
6624  5.959  -73.135  33.956 0.0000000000
6625  5.021  -74.308  34.613 0.0000000000
6634  6.517  -72.818  32.926 0.0000000000
6635  5.003  -74.451  33.055 0.0000000000
6643  7.510  -72.701  32.133 0.0000000000
6644  5.974  -73.474  31.857 0.0000000000
6645  4.986  -75.201  31.460 0.0000000000
6646  5.007  -75.680  30.444 0.0000000000
6654  7.099  -73.063  31.125 0.0000000000
6655  5.925  -73.854  30.691 0.0000000000
6656  5.184  -74.752  30.089 0.0000000000
6657  4.980  -75.353  29.458 0.0000000000
6672  6.881  -73.395  30.210 0.0000000000
6673  6.123  -74.006  29.482 0.0000000000
6674  5.120  -74.587  28.917 0.0000000000
6675  4.909  -75.169  28.458 0.0000000000
6689  5.907  -74.074  28.158 0.0000000000
6690  4.943  -74.812  27.834 0.0000000000
6691  4.820  -75.102  27.977 0.0000000000
6700  5.279  -74.514  27.258 0.0000000000
6713  5.483  -74.788  26.469 0.0000000000
7183  29.485  -74.981  55.674 0.0000000000
7184  28.708  -75.058  56.183 0.0000000000
7185  27.938  -74.869  56.535 0.0000000000
7186  26.943  -75.147  56.566 0.0000000000
7187  17.072  -73.690  56.214 0.0000000000
7188  16.596  -74.134  55.858 0.0000000000
7189  15.386  -74.771  55.364 0.0000000000
7190  14.073  -75.057  55.242 0.0000000000
7191  12.963  -75.319  55.049 0.0000000000
7192  12.283  -75.673  54.767 0.0000000000
7193  30.490  -73.813  55.095 0.0000000000
7194  27.323  -73.859  56.538 0.0000000000
7195  25.986  -74.643  56.525 0.0000000000
7196  24.316  -74.960  56.692 0.0000000000
7197  22.767  -74.874  56.925 0.0000000000
7198  21.346  -74.338  57.123 0.0000000000
7199  19.761  -74.473  56.825 0.0000000000
7200  17.874  -74.192  56.184 0.0000000000
7201  16.298  -74.763  55.384 0.0000000000
7202  15.692  -75.067  55.239 0.0000000000
7203  12.555  -75.179  54.614 0.0000000000
7204  12.115  -75.425  54.243 0.0000000000
7208  31.199  -73.384  53.663 0.0000000000
7209  27.787  -72.708  56.518 0.0000000000
7210  26.855  -72.731  56.289 0.0000000000
7211  25.267  -73.432  55.896 0.0000000000
7212  23.633  -73.904  56.191 0.0000000000
7213  22.398  -73.806  56.541 0.0000000000
7214  19.460  -75.081  56.663 0.0000000000
7215  19.081  -74.913  56.255 0.0000000000
7216  11.536  -76.113  53.205 0.0000000000
7217  11.678  -75.722  53.605 0.0000000000
7222  31.478  -73.297  51.814 0.0000000000
7223  31.275  -73.986  50.893 0.0000000000
7224  12.941  -76.703  50.635 0.0000000000
7225  12.434  -76.502  51.281 0.0000000000
7226  11.882  -75.987  52.250 0.0000000000
7227  11.631  -75.597  52.824 0.0000000000
7232  30.967  -72.693  51.111 0.0000000000
7233  30.827  -73.747  49.713 0.0000000000
7234  30.862  -74.992  48.459 0.0000000000
7235  14.529  -75.955  48.730 0.0000000000
7236  13.660  -76.437  49.709 0.0000000000
7237  12.812  -76.011  50.233 0.0000000000
7238  12.233  -75.763  50.895 0.0000000000
7239  30.256  -73.467  48.222 0.0000000000
7240  29.911  -74.435  47.135 0.0000000000
7241  28.446  -75.188  46.826 0.0000000000
7242  15.775  -74.129  47.268 0.0000000000
7243  15.165  -75.037  48.339 0.0000000000
7244  28.506  -73.988  46.388 0.0000000000
7245  27.238  -74.584  46.179 0.0000000000
7246  26.096  -74.961  46.088 0.0000000000
7247  16.322  -73.882  46.588 0.0000000000
7248  26.110  -74.019  45.806 0.0000000000
7249  25.388  -74.567  45.586 0.0000000000
7250  24.919  -75.124  45.410 0.0000000000
7252  24.517  -74.418  44.856 0.0000000000
7253  24.587  -75.020  45.078 0.0000000000
7257  24.353  -74.237  44.305 0.0000000000
7258  24.297  -75.023  44.323 0.0000000000
7266  24.464  -75.355  43.842 0.0000000000
7329  6.748  -72.574  38.791 0.0000000000
7330  6.576  -72.888  39.690 0.0000000000
7339  6.680  -72.444  37.613 0.0000000000
7354  6.657  -72.318  36.554 0.0000000000
7414  6.571  -73.765  28.868 0.0000000000
7866  29.792  -73.414  55.929 0.0000000000
7867  29.121  -73.843  56.306 0.0000000000
7868  28.589  -74.236  56.525 0.0000000000
7869  17.399  -73.055  56.500 0.0000000000
7870  16.292  -73.469  56.031 0.0000000000
7871  14.914  -73.842  55.483 0.0000000000
7872  13.606  -74.168  55.014 0.0000000000
7873  12.903  -74.769  54.750 0.0000000000
7877  30.239  -72.363  55.762 0.0000000000
7878  29.562  -72.450  56.426 0.0000000000
7879  28.450  -73.265  56.585 0.0000000000
7880  20.512  -73.287  57.136 0.0000000000
7881  19.329  -72.851  57.102 0.0000000000
7882  18.313  -72.757  56.794 0.0000000000
7883  13.375  -73.604  54.736 0.0000000000
7884  12.601  -74.239  54.179 0.0000000000
7885  11.959  -75.079  53.764 0.0000000000
7891  30.873  -71.659  54.807 0.0000000000
7892  30.278  -71.059  55.948 0.0000000000
7893  28.518  -71.324  56.069 0.0000000000
7894  26.277  -71.127  55.154 0.0000000000
7895  24.373  -72.833  54.851 0.0000000000
7896  22.894  -73.099  55.469 0.0000000000
7897  21.599  -72.703  56.344 0.0000000000
7898  20.415  -72.318  56.738 0.0000000000
7899  12.193  -73.741  53.123 0.0000000000
7900  11.706  -74.649  53.013 0.0000000000
7906  31.490  -71.805  53.314 0.0000000000
7907  25.519  -70.496  53.734 0.0000000000
7908  24.541  -71.532  53.745 0.0000000000
7909  23.262  -72.172  54.286 0.0000000000
7910  22.423  -72.397  55.080 0.0000000000
7911  12.101  -74.721  50.974 0.0000000000
7912  11.828  -74.813  52.086 0.0000000000
7919  31.454  -71.440  51.942 0.0000000000
7920  30.656  -72.298  50.493 0.0000000000
7921  14.826  -74.919  48.367 0.0000000000
7922  14.193  -75.199  48.396 0.0000000000
7923  13.182  -74.826  48.886 0.0000000000
7924  12.469  -74.804  49.913 0.0000000000
7932  30.512  -71.344  50.617 0.0000000000
7933  30.084  -72.382  48.960 0.0000000000
7934  29.863  -73.235  47.542 0.0000000000
7935  15.702  -73.846  47.074 0.0000000000
7936  15.037  -74.036  47.470 0.0000000000
7937  13.869  -74.262  47.848 0.0000000000
7938  13.282  -73.982  48.042 0.0000000000
7943  29.724  -72.552  47.356 0.0000000000
7944  29.010  -73.229  46.528 0.0000000000
7945  27.789  -73.662  46.147 0.0000000000
7946  15.958  -73.430  46.521 0.0000000000
7947  15.303  -73.365  46.604 0.0000000000
7951  27.905  -73.117  45.927 0.0000000000
7952  26.722  -73.429  45.714 0.0000000000
7953  25.658  -73.659  45.565 0.0000000000
7958  25.830  -73.135  45.288 0.0000000000
7959  24.981  -73.480  44.870 0.0000000000
7965  24.619  -73.700  44.031 0.0000000000
8575  16.795  -72.529  56.419 0.0000000000
8576  15.727  -72.714  55.913 0.0000000000
8577  14.428  -73.053  55.356 0.0000000000
8578  13.700  -73.327  55.069 0.0000000000
8582  18.806  -72.077  57.002 0.0000000000
8583  17.916  -71.855  56.706 0.0000000000
8584  16.663  -71.805  56.116 0.0000000000
8585  15.325  -71.887  55.305 0.0000000000
8586  13.711  -72.798  54.536 0.0000000000
8587  12.833  -73.153  53.495 0.0000000000
8593  30.716  -70.344  55.155 0.0000000000
8594  29.948  -69.650  55.133 0.0000000000
8595  28.225  -69.155  55.117 0.0000000000
8596  26.527  -69.348  54.570 0.0000000000
8597  20.869  -71.829  56.098 0.0000000000
8598  19.564  -71.318  56.087 0.0000000000
8599  18.352  -71.091  56.144 0.0000000000
8600  14.654  -71.483  54.007 0.0000000000
8601  13.332  -72.077  53.050 0.0000000000
8602  12.450  -73.029  52.523 0.0000000000
8603  12.034  -73.830  52.379 0.0000000000
8608  30.862  -69.996  53.817 0.0000000000
8609  30.140  -69.065  54.443 0.0000000000
8610  26.947  -69.125  54.334 0.0000000000
8611  25.747  -68.936  53.568 0.0000000000
8612  24.572  -70.574  52.663 0.0000000000
8613  23.465  -71.183  52.908 0.0000000000
8614  21.792  -71.331  54.480 0.0000000000
8615  20.265  -70.077  54.670 0.0000000000
8616  12.529  -72.221  51.930 0.0000000000
8617  12.116  -73.290  51.323 0.0000000000
8618  11.894  -74.197  52.165 0.0000000000
8624  30.896  -70.071  51.868 0.0000000000
8625  24.635  -69.680  52.073 0.0000000000
8626  23.754  -70.332  51.623 0.0000000000
8627  22.572  -70.229  52.212 0.0000000000
8628  21.038  -69.663  53.308 0.0000000000
8629  20.126  -69.349  53.906 0.0000000000
8630  12.687  -73.996  49.091 0.0000000000
8631  12.206  -73.147  49.433 0.0000000000
8640  30.204  -70.643  49.576 0.0000000000
8641  29.807  -71.758  47.955 0.0000000000
8642  14.198  -73.773  47.273 0.0000000000
8643  13.471  -73.644  47.352 0.0000000000
8644  12.661  -73.354  48.095 0.0000000000
8645  11.906  -72.253  47.959 0.0000000000
8654  29.808  -71.087  47.674 0.0000000000
8655  29.485  -72.087  46.302 0.0000000000
8656  28.588  -72.783  45.874 0.0000000000
8657  15.535  -72.771  46.003 0.0000000000
8658  14.302  -73.201  46.565 0.0000000000
8659  12.850  -72.926  46.874 0.0000000000
8660  12.039  -72.345  47.358 0.0000000000
8661  11.699  -72.039  47.514 0.0000000000
8670  29.011  -71.976  45.335 0.0000000000
8671  27.763  -72.520  45.187 0.0000000000
8672  26.473  -72.943  45.192 0.0000000000
8682  26.993  -72.134  44.591 0.0000000000
8683  25.985  -72.605  44.659 0.0000000000
8684  25.239  -72.961  44.635 0.0000000000
8690  25.454  -72.495  44.007 0.0000000000
8691  25.035  -72.949  44.358 0.0000000000
9291  17.593  -71.175  56.003 0.0000000000
9292  16.673  -70.892  55.432 0.0000000000
9293  15.751  -70.859  54.610 0.0000000000
9298  29.750  -68.943  54.725 0.0000000000
9299  29.307  -69.409  54.601 0.0000000000
9300  19.376  -70.228  55.134 0.0000000000
9301  18.219  -70.244  55.280 0.0000000000
9302  16.714  -69.950  54.355 0.0000000000
9303  15.477  -70.416  53.480 0.0000000000
9304  14.386  -71.086  52.789 0.0000000000
9309  30.690  -69.347  52.815 0.0000000000
9310  30.063  -69.085  53.624 0.0000000000
9311  28.125  -69.207  53.966 0.0000000000
9312  26.464  -69.092  53.472 0.0000000000
9313  19.330  -69.465  54.346 0.0000000000
9314  18.042  -68.926  53.664 0.0000000000
9315  16.428  -69.387  53.014 0.0000000000
9316  14.983  -70.178  51.892 0.0000000000
9317  13.316  -71.259  51.651 0.0000000000
9318  12.191  -71.796  51.044 0.0000000000
9325  30.543  -69.256  51.655 0.0000000000
9326  30.204  -69.367  52.414 0.0000000000
9327  26.689  -69.065  52.976 0.0000000000
9328  25.462  -68.138  52.641 0.0000000000
9329  24.002  -69.237  51.203 0.0000000000
9330  22.993  -69.458  50.908 0.0000000000
9331  21.568  -68.852  51.460 0.0000000000
9332  19.712  -68.538  53.102 0.0000000000
9333  18.569  -68.269  53.047 0.0000000000
9334  13.673  -70.425  50.706 0.0000000000
9335  12.452  -70.966  50.417 0.0000000000
9336  12.051  -71.627  49.787 0.0000000000
9343  30.109  -69.494  49.940 0.0000000000
9344  24.360  -68.239  51.071 0.0000000000
9346  22.445  -68.558  50.397 0.0000000000
9347  21.762  -68.366  50.610 0.0000000000
9348  11.641  -71.481  48.325 0.0000000000
9349  11.215  -71.036  47.660 0.0000000000
9356  29.976  -69.949  47.851 0.0000000000
9357  29.739  -71.033  46.806 0.0000000000
9359  14.727  -72.312  45.587 0.0000000000
9360  13.281  -72.384  45.954 0.0000000000
9361  12.121  -72.039  46.564 0.0000000000
9362  11.440  -71.607  47.393 0.0000000000
9363  11.080  -71.082  47.473 0.0000000000
9370  29.963  -70.008  46.426 0.0000000000
9371  29.453  -70.974  45.620 0.0000000000
9372  28.681  -71.856  44.895 0.0000000000
9376  12.234  -71.579  45.645 0.0000000000
9377  11.564  -71.155  46.599 0.0000000000
9378  11.327  -71.010  47.394 0.0000000000
9387  29.109  -70.943  44.563 0.0000000000
9388  27.931  -71.594  44.263 0.0000000000
9389  26.710  -72.000  44.390 0.0000000000
9401  26.936  -71.174  43.480 0.0000000000
9402  26.369  -71.906  44.038 0.0000000000
10056  29.865  -69.507  52.628 0.0000000000
10057  29.033  -69.550  52.880 0.0000000000
10058  18.089  -68.313  52.889 0.0000000000
10059  17.298  -68.471  52.590 0.0000000000
10060  16.202  -69.147  51.792 0.0000000000
10064  30.235  -69.096  50.754 0.0000000000
10065  30.017  -69.201  51.696 0.0000000000
10066  27.727  -68.778  52.780 0.0000000000
10067  26.368  -68.471  52.362 0.0000000000
10068  21.262  -67.888  51.100 0.0000000000
10069  20.016  -67.568  51.788 0.0000000000
10070  18.369  -67.752  52.349 0.0000000000
10071  16.940  -68.303  51.394 0.0000000000
10072  14.994  -69.340  50.165 0.0000000000
10073  12.758  -70.244  49.672 0.0000000000
10074  11.939  -70.729  49.678 0.0000000000
10080  30.179  -68.650  49.722 0.0000000000
10086  14.582  -68.994  48.941 0.0000000000
10087  13.039  -69.409  48.450 0.0000000000
10088  11.643  -70.536  48.627 0.0000000000
10089  11.223  -70.880  48.036 0.0000000000
10096  30.014  -68.647  48.274 0.0000000000
10099  12.268  -69.006  47.356 0.0000000000
10100  11.456  -69.667  47.249 0.0000000000
10101  11.174  -70.669  47.649 0.0000000000
10109  30.163  -69.183  46.542 0.0000000000
10110  29.872  -70.028  45.796 0.0000000000
10114  11.597  -70.265  45.735 0.0000000000
10115  11.414  -70.527  46.981 0.0000000000
10123  30.058  -69.018  45.525 0.0000000000
10124  29.611  -70.020  44.693 0.0000000000
10125  28.854  -70.855  44.141 0.0000000000
10135  28.750  -69.955  43.525 0.0000000000
10136  28.292  -70.646  43.659 0.0000000000
10843  29.363  -69.102  52.131 0.0000000000
10844  28.582  -68.764  52.156 0.0000000000
10845  30.104  -68.666  50.875 0.0000000000
10846  29.171  -68.759  51.350 0.0000000000
10847  27.740  -68.159  51.882 0.0000000000
10849  18.860  -67.097  51.757 0.0000000000
10850  17.750  -67.171  51.322 0.0000000000
10851  16.665  -68.123  50.090 0.0000000000
10853  29.797  -68.224  50.416 0.0000000000
10854  28.546  -68.311  50.151 0.0000000000
10869  29.968  -67.773  49.306 0.0000000000
10870  29.201  -67.906  49.026 0.0000000000
10883  30.070  -68.051  47.731 0.0000000000
10886  11.357  -68.791  45.980 0.0000000000
11539  28.884  -67.464  49.764 0.0000000000
11549  29.858  -67.495  48.509 0.0000000000
11550  29.767  -67.111  48.974 0.0000000000
119624  29.904  -82.069  42.291 0.0000000000
119625  29.766  -82.270  42.136 0.0000000000
119626  29.814  -82.138  42.703 0.0000000000
119627  29.558  -82.575  41.802 0.0000000000
119628  28.881  -83.241  42.428 0.0000000000
119629  29.414  -82.903  42.978 0.0000000000
119630  28.963  -83.223  43.567 0.0000000000
119631  28.457  -83.339  44.294 0.0000000000
119632  29.928  -81.787  42.370 0.0000000000
119633  29.618  -82.304  41.234 0.0000000000
119634  29.002  -83.139  41.862 0.0000000000
119635  27.177  -83.888  41.700 0.0000000000
119636  29.883  -81.700  42.048 0.0000000000
119637  28.772  -83.247  43.364 0.0000000000
119638  29.254  -82.809  41.165 0.0000000000
119639  26.165  -83.768  42.068 0.0000000000
119640  27.786  -83.998  39.921 0.0000000000
119641  29.605  -81.137  41.533 0.0000000000
119642  28.016  -83.547  42.448 0.0000000000
119643  27.504  -84.305  38.843 0.0000000000
119644  27.283  -84.009  40.692 0.0000000000
119645  26.195  -84.548  37.988 0.0000000000
119646  29.496  -82.383  40.553 0.0000000000
119647  29.013  -78.973  42.644 0.0000000000
119648  23.664  -83.276  43.051 0.0000000000
119649  28.833  -78.274  43.003 0.0000000000
119650  29.585  -81.848  40.274 0.0000000000
119651  25.589  -84.038  39.635 0.0000000000
119652  29.761  -80.252  40.572 0.0000000000
119653  24.114  -83.098  41.632 0.0000000000
119654  23.258  -82.726  42.475 0.0000000000
119655  29.585  -81.450  40.114 0.0000000000
119656  23.182  -82.664  40.931 0.0000000000
119657  22.637  -82.408  41.894 0.0000000000
