#!ascii label  , from subject Yale_0050559 vox2ras=TkReg
1094
22896  48.285  -57.103  10.470 0.0000000000
23952  47.451  -57.602  9.650 0.0000000000
23953  46.520  -57.663  9.459 0.0000000000
23954  45.044  -57.270  9.034 0.0000000000
23963  44.572  -56.361  8.045 0.0000000000
23964  43.969  -56.466  8.194 0.0000000000
25034  47.027  -57.181  8.721 0.0000000000
25035  45.931  -56.444  8.259 0.0000000000
25043  45.010  -55.717  7.793 0.0000000000
25044  44.181  -55.245  7.601 0.0000000000
25045  43.245  -55.040  7.480 0.0000000000
25046  42.698  -54.088  7.362 0.0000000000
25106  51.379  -57.495  5.313 0.0000000000
25122  51.839  -56.970  3.484 0.0000000000
26102  46.465  -55.812  7.795 0.0000000000
26106  46.396  -54.843  7.343 0.0000000000
26107  45.457  -54.578  7.548 0.0000000000
26108  44.482  -53.963  7.576 0.0000000000
26109  43.616  -53.656  7.611 0.0000000000
26110  42.859  -53.371  7.589 0.0000000000
26125  42.280  -53.191  7.377 0.0000000000
26142  45.558  -54.015  5.490 0.0000000000
26155  48.295  -56.334  5.998 0.0000000000
26156  46.597  -55.036  5.093 0.0000000000
26157  45.993  -54.333  4.551 0.0000000000
26166  49.905  -56.598  3.690 0.0000000000
26167  47.862  -55.445  3.565 0.0000000000
26168  46.644  -54.726  4.146 0.0000000000
26181  50.835  -56.084  2.305 0.0000000000
26182  49.334  -55.973  2.657 0.0000000000
27135  45.241  -53.221  7.818 0.0000000000
27136  44.666  -52.651  8.102 0.0000000000
27137  43.825  -52.509  8.167 0.0000000000
27138  43.012  -52.374  8.090 0.0000000000
27139  42.305  -52.197  7.859 0.0000000000
27157  45.021  -52.720  7.765 0.0000000000
27158  44.686  -52.257  8.131 0.0000000000
27159  41.695  -52.017  7.502 0.0000000000
27176  45.250  -53.004  5.763 0.0000000000
27177  45.033  -52.333  6.191 0.0000000000
27178  45.254  -53.075  6.756 0.0000000000
27187  45.451  -53.530  4.787 0.0000000000
27188  45.151  -52.451  5.327 0.0000000000
27197  47.573  -54.738  2.703 0.0000000000
27198  46.384  -53.937  3.502 0.0000000000
27199  45.479  -53.030  4.410 0.0000000000
27211  51.759  -54.324  1.619 0.0000000000
27212  48.969  -54.850  1.929 0.0000000000
27213  47.534  -54.222  2.476 0.0000000000
28068  44.444  -51.906  8.326 0.0000000000
28069  43.971  -51.748  8.330 0.0000000000
28070  43.145  -51.598  8.395 0.0000000000
28071  42.484  -51.577  8.238 0.0000000000
28086  44.910  -52.052  7.491 0.0000000000
28087  44.324  -51.506  7.930 0.0000000000
28088  43.345  -51.003  8.174 0.0000000000
28089  42.515  -50.916  8.170 0.0000000000
28090  41.796  -51.130  7.858 0.0000000000
28091  41.362  -51.221  7.437 0.0000000000
28104  44.921  -51.947  6.031 0.0000000000
28105  44.687  -51.689  6.740 0.0000000000
28106  44.026  -50.790  7.045 0.0000000000
28107  41.362  -50.711  7.467 0.0000000000
28118  44.858  -51.693  5.636 0.0000000000
28119  44.213  -51.034  6.030 0.0000000000
28120  43.813  -50.566  6.460 0.0000000000
28130  46.396  -52.817  3.312 0.0000000000
28131  45.538  -52.238  4.264 0.0000000000
28132  44.784  -51.349  5.125 0.0000000000
28143  50.106  -52.865  1.382 0.0000000000
28144  47.576  -53.041  2.380 0.0000000000
28145  46.338  -52.346  3.200 0.0000000000
29012  43.494  -50.557  7.555 0.0000000000
29013  42.748  -50.355  7.714 0.0000000000
29014  42.027  -50.391  7.699 0.0000000000
29015  41.630  -50.542  7.590 0.0000000000
29028  43.570  -50.390  6.811 0.0000000000
29029  43.084  -50.129  6.920 0.0000000000
29030  42.397  -50.021  7.041 0.0000000000
29031  41.732  -50.293  6.996 0.0000000000
29032  41.559  -50.276  6.528 0.0000000000
29040  44.393  -50.948  5.299 0.0000000000
29041  43.711  -50.473  5.704 0.0000000000
29042  42.916  -49.880  6.186 0.0000000000
29043  42.359  -49.919  6.208 0.0000000000
29044  41.966  -49.993  6.049 0.0000000000
29053  45.774  -51.975  3.510 0.0000000000
29054  44.924  -51.420  4.161 0.0000000000
29055  44.183  -50.695  4.694 0.0000000000
29067  48.895  -51.749  1.663 0.0000000000
29068  46.694  -51.985  2.574 0.0000000000
29069  45.867  -51.713  3.060 0.0000000000
29940  43.286  -49.952  5.519 0.0000000000
29941  42.932  -49.787  5.449 0.0000000000
29942  42.456  -49.719  5.357 0.0000000000
29955  44.515  -50.977  4.137 0.0000000000
29956  43.778  -50.377  4.691 0.0000000000
29957  43.078  -50.003  4.771 0.0000000000
29958  42.673  -49.961  4.713 0.0000000000
29973  48.450  -51.120  1.379 0.0000000000
29974  46.603  -51.815  2.144 0.0000000000
29975  45.393  -51.531  3.244 0.0000000000
29976  44.636  -51.150  3.755 0.0000000000
29992  48.554  -50.654  1.158 0.0000000000
29993  47.623  -51.241  1.416 0.0000000000
29994  46.258  -51.660  2.173 0.0000000000
29995  45.343  -51.536  3.000 0.0000000000
30867  44.317  -50.892  3.885 0.0000000000
30868  43.796  -50.602  4.126 0.0000000000
30869  43.262  -50.382  4.212 0.0000000000
30881  49.756  -50.007  1.471 0.0000000000
30882  44.879  -51.397  3.340 0.0000000000
30883  44.575  -51.319  3.394 0.0000000000
30884  44.014  -51.116  3.544 0.0000000000
30899  49.428  -49.811  1.241 0.0000000000
30900  48.677  -50.356  1.063 0.0000000000
30901  47.321  -51.257  1.432 0.0000000000
30902  45.775  -51.607  2.379 0.0000000000
30903  44.943  -51.532  2.673 0.0000000000
30904  44.283  -51.497  2.788 0.0000000000
30917  48.416  -50.526  1.023 0.0000000000
30918  47.145  -51.198  1.345 0.0000000000
30919  45.999  -51.484  1.772 0.0000000000
30920  45.101  -51.525  1.963 0.0000000000
30933  48.286  -50.550  0.908 0.0000000000
30934  47.129  -51.044  1.088 0.0000000000
30935  45.958  -51.211  1.249 0.0000000000
30936  45.022  -51.227  1.259 0.0000000000
30946  48.433  -50.507  0.714 0.0000000000
30947  46.948  -51.009  0.717 0.0000000000
30948  45.647  -51.062  0.675 0.0000000000
30959  48.165  -50.603  0.365 0.0000000000
30960  46.239  -51.036  0.226 0.0000000000
30961  45.132  -50.867  0.082 0.0000000000
31846  50.068  -48.586  1.558 0.0000000000
31847  49.730  -48.916  1.171 0.0000000000
31848  49.240  -49.681  0.967 0.0000000000
31861  49.698  -48.928  0.952 0.0000000000
31862  49.347  -49.465  0.966 0.0000000000
31875  49.395  -49.527  0.731 0.0000000000
31886  49.934  -48.143  0.415 0.0000000000
31887  49.429  -49.115  0.682 0.0000000000
31894  50.005  -47.965  0.258 0.0000000000
31895  49.430  -49.192  0.448 0.0000000000
31902  50.043  -46.914  -0.135 0.0000000000
32734  50.408  -47.739  1.453 0.0000000000
32735  50.105  -48.021  1.269 0.0000000000
32736  49.961  -48.209  1.170 0.0000000000
32750  50.850  -46.773  0.906 0.0000000000
32751  50.558  -47.169  0.796 0.0000000000
32752  50.176  -47.891  0.852 0.0000000000
32753  49.835  -48.721  0.913 0.0000000000
32766  50.265  -47.459  0.439 0.0000000000
32767  49.992  -48.617  0.726 0.0000000000
32778  50.164  -47.421  0.212 0.0000000000
32779  50.021  -48.465  0.533 0.0000000000
32785  50.091  -46.811  -0.099 0.0000000000
32792  49.641  -45.759  -0.624 0.0000000000
32793  49.928  -46.248  -0.358 0.0000000000
33702  51.266  -45.206  0.493 0.0000000000
33703  50.633  -45.580  0.385 0.0000000000
33704  50.449  -46.711  0.559 0.0000000000
33716  50.328  -45.177  0.152 0.0000000000
33717  50.355  -46.257  0.317 0.0000000000
33728  50.119  -45.998  0.089 0.0000000000
33735  49.962  -45.687  -0.245 0.0000000000
33743  49.392  -44.901  -0.761 0.0000000000
33744  49.711  -45.346  -0.522 0.0000000000
33750  49.202  -44.510  -1.055 0.0000000000
34778  51.541  -42.408  2.711 0.0000000000
34789  51.759  -43.059  1.769 0.0000000000
34790  51.325  -42.565  1.703 0.0000000000
34797  51.852  -43.788  0.998 0.0000000000
34798  51.458  -43.381  1.004 0.0000000000
34799  51.085  -43.674  0.427 0.0000000000
34812  50.570  -43.934  -0.050 0.0000000000
34813  50.146  -45.081  0.011 0.0000000000
34827  50.302  -43.381  -0.306 0.0000000000
34828  50.027  -44.343  -0.329 0.0000000000
34835  49.615  -44.383  -0.603 0.0000000000
34843  49.058  -43.598  -1.019 0.0000000000
34844  49.326  -44.273  -0.787 0.0000000000
34852  48.975  -43.578  -1.379 0.0000000000
35857  51.572  -41.540  4.201 0.0000000000
35867  51.243  -41.880  3.523 0.0000000000
35868  50.723  -41.590  3.288 0.0000000000
35876  51.181  -42.136  2.794 0.0000000000
35877  50.843  -41.903  2.513 0.0000000000
35878  50.708  -41.587  2.210 0.0000000000
35884  51.083  -42.234  1.717 0.0000000000
35885  50.968  -42.065  1.382 0.0000000000
35895  50.832  -42.288  0.706 0.0000000000
35907  50.460  -42.262  0.133 0.0000000000
35908  50.062  -43.134  -0.465 0.0000000000
35917  49.692  -42.378  -0.464 0.0000000000
35918  49.670  -43.480  -0.613 0.0000000000
35927  49.631  -41.446  -1.044 0.0000000000
35928  49.299  -42.391  -0.887 0.0000000000
35929  49.269  -43.355  -0.772 0.0000000000
35938  49.117  -42.628  -1.354 0.0000000000
36802  51.646  -40.908  4.737 0.0000000000
36803  50.830  -40.827  4.409 0.0000000000
36804  50.178  -40.489  4.220 0.0000000000
36812  50.519  -41.161  3.854 0.0000000000
36813  50.177  -40.891  3.521 0.0000000000
36814  50.018  -40.608  3.263 0.0000000000
36821  50.334  -41.167  2.849 0.0000000000
36822  50.312  -40.881  2.579 0.0000000000
36829  50.555  -41.064  1.836 0.0000000000
36837  50.737  -41.111  1.321 0.0000000000
36846  50.957  -40.463  1.154 0.0000000000
36847  50.729  -40.755  1.107 0.0000000000
36857  50.850  -40.534  0.698 0.0000000000
36858  50.260  -41.401  0.201 0.0000000000
36868  51.211  -40.071  -0.686 0.0000000000
36869  50.607  -40.379  -0.289 0.0000000000
36870  49.909  -41.327  -0.353 0.0000000000
36879  50.361  -40.657  -1.321 0.0000000000
37850  52.082  -39.796  5.492 0.0000000000
37851  50.826  -39.287  5.332 0.0000000000
37852  50.260  -39.037  5.265 0.0000000000
37867  51.797  -40.441  5.133 0.0000000000
37868  51.118  -40.162  5.087 0.0000000000
37869  50.189  -39.647  4.873 0.0000000000
37870  49.752  -39.822  4.138 0.0000000000
37871  49.550  -39.422  4.055 0.0000000000
37885  49.829  -40.308  3.655 0.0000000000
37886  49.790  -39.863  3.545 0.0000000000
37894  50.146  -40.046  2.815 0.0000000000
37902  50.505  -40.214  2.295 0.0000000000
37910  51.126  -39.751  2.122 0.0000000000
37911  50.770  -40.144  1.988 0.0000000000
37920  51.262  -40.013  1.592 0.0000000000
37921  50.941  -40.164  1.726 0.0000000000
37933  52.083  -39.676  1.094 0.0000000000
37934  51.725  -39.815  1.315 0.0000000000
37949  52.194  -39.521  0.425 0.0000000000
37950  51.422  -39.955  0.697 0.0000000000
37962  51.837  -39.778  -0.598 0.0000000000
38843  51.249  -38.655  5.745 0.0000000000
38844  50.408  -38.576  5.477 0.0000000000
38854  49.929  -38.674  5.230 0.0000000000
38855  49.563  -38.764  4.683 0.0000000000
38856  49.492  -39.221  4.280 0.0000000000
38869  49.349  -38.314  4.497 0.0000000000
38870  49.509  -38.833  4.131 0.0000000000
38879  49.857  -39.034  3.504 0.0000000000
38888  50.548  -39.026  2.882 0.0000000000
38889  50.257  -39.239  2.977 0.0000000000
38896  50.913  -39.293  2.550 0.0000000000
38897  50.542  -39.604  2.570 0.0000000000
38903  52.207  -38.486  2.132 0.0000000000
38904  51.735  -38.872  2.358 0.0000000000
38915  53.492  -37.969  0.753 0.0000000000
38916  52.542  -38.724  1.495 0.0000000000
38917  51.872  -39.435  1.799 0.0000000000
38933  53.159  -38.736  0.820 0.0000000000
38934  52.712  -39.098  1.029 0.0000000000
39817  51.592  -37.861  6.067 0.0000000000
39818  50.429  -37.789  5.730 0.0000000000
39819  49.926  -37.355  5.524 0.0000000000
39827  50.033  -38.206  5.481 0.0000000000
39828  49.674  -37.841  5.278 0.0000000000
39840  49.398  -37.825  4.741 0.0000000000
39841  49.456  -37.849  4.330 0.0000000000
39852  49.711  -38.146  3.940 0.0000000000
39861  50.442  -38.655  3.137 0.0000000000
39862  50.257  -37.982  3.509 0.0000000000
39870  51.056  -38.208  3.128 0.0000000000
39871  50.785  -37.074  3.276 0.0000000000
39874  52.212  -37.700  2.228 0.0000000000
39875  51.650  -37.604  2.737 0.0000000000
39883  53.200  -36.991  0.679 0.0000000000
39884  52.585  -37.178  1.498 0.0000000000
40854  51.994  -37.129  6.135 0.0000000000
40855  50.957  -37.056  5.950 0.0000000000
40856  50.179  -36.944  5.656 0.0000000000
40864  49.688  -36.895  5.235 0.0000000000
40865  49.486  -36.650  4.824 0.0000000000
40875  49.447  -37.230  4.955 0.0000000000
40876  49.449  -36.945  4.501 0.0000000000
40887  49.753  -36.944  3.928 0.0000000000
40894  50.188  -36.406  3.317 0.0000000000
40902  51.160  -37.013  2.874 0.0000000000
40903  50.555  -35.988  2.586 0.0000000000
40906  52.220  -36.686  1.813 0.0000000000
40907  51.536  -36.221  2.109 0.0000000000
40908  50.469  -35.099  1.595 0.0000000000
40911  52.994  -35.933  0.317 0.0000000000
40912  52.278  -35.891  0.872 0.0000000000
40913  50.863  -34.838  0.559 0.0000000000
40914  50.112  -34.700  0.819 0.0000000000
40921  51.736  -34.948  -0.428 0.0000000000
40922  50.653  -34.725  -0.846 0.0000000000
40937  50.243  -35.048  -1.964 0.0000000000
40949  49.946  -35.164  -2.974 0.0000000000
40964  49.842  -35.050  -3.511 0.0000000000
41827  51.404  -36.363  5.819 0.0000000000
41828  50.574  -36.335  5.559 0.0000000000
41829  50.003  -36.345  5.327 0.0000000000
41845  51.866  -35.692  5.454 0.0000000000
41846  50.939  -35.639  5.371 0.0000000000
41847  50.210  -35.680  5.166 0.0000000000
41848  49.660  -35.959  4.826 0.0000000000
41849  49.451  -36.225  4.491 0.0000000000
41857  49.452  -35.663  4.319 0.0000000000
41858  49.421  -35.896  3.969 0.0000000000
41868  49.586  -35.548  3.265 0.0000000000
41869  49.352  -34.927  2.617 0.0000000000
41878  49.826  -35.367  2.650 0.0000000000
41879  49.364  -34.684  2.123 0.0000000000
41888  49.861  -34.974  1.929 0.0000000000
41889  49.360  -34.352  1.481 0.0000000000
41895  49.769  -34.530  1.108 0.0000000000
41896  49.211  -34.178  0.725 0.0000000000
41899  50.211  -34.570  -0.350 0.0000000000
41900  49.634  -34.327  -0.004 0.0000000000
41901  49.077  -34.076  0.211 0.0000000000
41906  49.947  -34.549  -1.068 0.0000000000
41907  49.494  -34.222  -1.121 0.0000000000
41916  49.714  -34.608  -1.988 0.0000000000
41917  49.397  -34.140  -1.846 0.0000000000
41920  49.573  -34.495  -2.786 0.0000000000
41921  49.390  -34.035  -2.212 0.0000000000
41929  49.891  -34.742  -3.813 0.0000000000
42811  51.345  -34.933  5.091 0.0000000000
42812  50.513  -34.953  4.972 0.0000000000
42813  49.887  -35.059  4.647 0.0000000000
42814  49.564  -35.278  4.385 0.0000000000
42824  49.623  -34.763  4.193 0.0000000000
42825  49.368  -34.986  3.889 0.0000000000
42826  49.291  -34.980  3.340 0.0000000000
42835  49.166  -34.705  2.802 0.0000000000
42836  49.065  -34.417  2.276 0.0000000000
42846  49.000  -34.187  1.771 0.0000000000
42854  48.947  -33.951  1.123 0.0000000000
42861  48.910  -33.836  0.435 0.0000000000
42865  49.229  -34.080  -0.640 0.0000000000
42866  48.948  -33.838  -0.290 0.0000000000
42870  49.175  -33.824  -1.112 0.0000000000
42871  48.925  -33.491  -0.836 0.0000000000
42880  49.246  -33.733  -1.768 0.0000000000
42884  49.630  -34.169  -3.311 0.0000000000
42885  49.415  -33.792  -2.455 0.0000000000
42898  50.078  -34.175  -4.153 0.0000000000
43934  51.802  -34.302  4.630 0.0000000000
43935  50.882  -34.313  4.611 0.0000000000
43936  50.170  -34.429  4.403 0.0000000000
43937  49.809  -34.550  4.254 0.0000000000
43953  51.275  -33.711  4.122 0.0000000000
43954  50.454  -33.799  4.052 0.0000000000
43955  49.708  -34.002  3.663 0.0000000000
43956  49.194  -34.359  3.184 0.0000000000
43957  49.070  -34.500  2.931 0.0000000000
43968  49.563  -33.397  3.003 0.0000000000
43969  49.282  -33.703  2.872 0.0000000000
43970  48.977  -33.940  2.371 0.0000000000
43971  48.916  -34.062  1.999 0.0000000000
43982  48.891  -33.470  1.823 0.0000000000
43983  48.862  -33.661  1.569 0.0000000000
43991  48.830  -33.469  0.742 0.0000000000
43998  48.806  -33.464  0.124 0.0000000000
44002  48.809  -33.245  -0.421 0.0000000000
44006  49.067  -33.455  -1.287 0.0000000000
44007  48.941  -33.078  -1.038 0.0000000000
44021  49.169  -33.216  -1.683 0.0000000000
44022  49.055  -32.893  -1.301 0.0000000000
44035  49.710  -33.552  -3.181 0.0000000000
44036  49.405  -33.276  -2.331 0.0000000000
44054  51.050  -33.891  -4.693 0.0000000000
44055  50.231  -33.574  -3.943 0.0000000000
45072  50.772  -33.255  3.530 0.0000000000
45073  50.234  -33.474  3.527 0.0000000000
45091  50.133  -32.908  2.760 0.0000000000
45092  49.385  -33.152  2.521 0.0000000000
45093  49.129  -33.445  2.400 0.0000000000
45104  49.987  -32.365  2.030 0.0000000000
45105  49.580  -32.673  2.053 0.0000000000
45106  49.105  -33.032  1.749 0.0000000000
45107  48.886  -33.282  1.560 0.0000000000
45115  49.055  -32.653  1.160 0.0000000000
45116  48.896  -32.975  1.041 0.0000000000
45124  48.822  -32.908  0.142 0.0000000000
45128  48.864  -32.683  -0.624 0.0000000000
45138  48.982  -32.626  -1.103 0.0000000000
45154  49.293  -32.819  -1.931 0.0000000000
45155  49.163  -32.689  -1.441 0.0000000000
45164  50.895  -32.945  -3.878 0.0000000000
45165  50.186  -32.998  -3.361 0.0000000000
45166  49.592  -32.935  -2.540 0.0000000000
45177  53.124  -33.121  -5.201 0.0000000000
45178  51.751  -33.295  -4.552 0.0000000000
45179  50.713  -33.311  -4.117 0.0000000000
45197  54.622  -27.371  -12.245 0.0000000000
45198  54.203  -27.679  -12.358 0.0000000000
45199  53.332  -27.894  -12.043 0.0000000000
46152  49.771  -32.169  1.547 0.0000000000
46153  49.413  -32.525  1.552 0.0000000000
46161  49.907  -31.498  1.068 0.0000000000
46162  49.277  -32.065  0.949 0.0000000000
46163  49.032  -32.510  0.895 0.0000000000
46172  49.071  -31.749  0.362 0.0000000000
46173  48.975  -32.299  0.428 0.0000000000
46182  48.900  -32.217  -0.311 0.0000000000
46195  49.105  -31.913  -1.229 0.0000000000
46196  48.932  -32.083  -1.015 0.0000000000
46210  49.650  -32.049  -1.935 0.0000000000
46211  49.345  -32.173  -1.589 0.0000000000
46212  49.114  -32.395  -1.249 0.0000000000
46220  51.622  -32.159  -3.302 0.0000000000
46221  50.882  -32.458  -3.289 0.0000000000
46222  49.878  -32.364  -2.386 0.0000000000
46223  49.454  -32.577  -2.101 0.0000000000
46234  54.133  -32.739  -5.093 0.0000000000
46235  52.315  -32.739  -3.958 0.0000000000
46236  51.372  -32.834  -3.936 0.0000000000
46248  52.217  -26.982  -10.769 0.0000000000
46249  51.744  -27.223  -10.646 0.0000000000
46256  55.126  -27.303  -11.683 0.0000000000
46257  53.274  -27.161  -11.601 0.0000000000
46258  51.839  -27.941  -10.864 0.0000000000
46259  50.924  -27.984  -10.480 0.0000000000
46260  50.635  -27.728  -10.418 0.0000000000
47174  50.097  -30.676  0.568 0.0000000000
47175  49.593  -31.159  0.576 0.0000000000
47183  49.638  -30.525  0.280 0.0000000000
47184  49.233  -31.041  0.117 0.0000000000
47185  48.943  -31.656  -0.091 0.0000000000
47194  48.989  -31.111  -0.542 0.0000000000
47195  48.900  -31.699  -0.694 0.0000000000
47206  49.520  -31.117  -1.424 0.0000000000
47207  49.126  -31.496  -1.211 0.0000000000
47208  48.936  -31.757  -0.976 0.0000000000
47222  51.686  -31.016  -2.453 0.0000000000
47223  51.061  -31.280  -2.324 0.0000000000
47224  49.916  -31.599  -1.901 0.0000000000
47225  49.440  -31.770  -1.524 0.0000000000
47238  52.569  -31.773  -3.110 0.0000000000
47239  51.016  -31.870  -2.746 0.0000000000
47240  50.378  -32.081  -2.552 0.0000000000
47254  53.392  -32.567  -3.945 0.0000000000
47255  50.177  -27.118  -9.319 0.0000000000
47256  49.959  -28.093  -8.967 0.0000000000
47257  49.309  -28.582  -8.513 0.0000000000
47258  48.734  -28.652  -8.391 0.0000000000
47275  53.564  -25.134  -10.613 0.0000000000
47276  52.702  -25.484  -10.663 0.0000000000
47277  51.133  -26.480  -10.336 0.0000000000
47278  50.283  -27.486  -9.951 0.0000000000
47279  49.412  -27.914  -9.322 0.0000000000
47280  48.951  -28.143  -8.931 0.0000000000
47281  49.008  -27.892  -8.955 0.0000000000
47292  54.997  -25.871  -11.057 0.0000000000
47293  53.288  -26.489  -11.083 0.0000000000
47294  52.502  -26.821  -10.899 0.0000000000
47295  50.359  -27.611  -10.144 0.0000000000
47296  49.997  -27.711  -9.903 0.0000000000
47297  49.998  -27.491  -9.884 0.0000000000
47298  49.595  -27.375  -9.142 0.0000000000
48183  50.024  -30.076  0.143 0.0000000000
48190  50.311  -29.556  -0.122 0.0000000000
48191  49.731  -29.979  -0.255 0.0000000000
48192  49.228  -30.494  -0.501 0.0000000000
48200  49.505  -29.998  -0.859 0.0000000000
48201  49.177  -30.654  -0.983 0.0000000000
48209  50.458  -30.006  -1.659 0.0000000000
48210  49.882  -30.460  -1.446 0.0000000000
48211  49.353  -30.913  -1.249 0.0000000000
48223  52.265  -30.505  -2.526 0.0000000000
48224  50.978  -30.416  -2.033 0.0000000000
48225  50.416  -30.937  -1.902 0.0000000000
48243  53.529  -31.062  -2.948 0.0000000000
48255  50.831  -26.197  -8.670 0.0000000000
48256  50.227  -28.016  -8.181 0.0000000000
48257  49.327  -28.935  -7.634 0.0000000000
48258  48.516  -29.044  -7.538 0.0000000000
48259  48.080  -28.457  -7.964 0.0000000000
48260  47.837  -27.936  -7.958 0.0000000000
48276  52.695  -24.676  -10.164 0.0000000000
48277  51.394  -25.471  -9.811 0.0000000000
48278  50.632  -26.563  -9.355 0.0000000000
48279  48.481  -28.176  -8.611 0.0000000000
48280  48.688  -27.678  -8.612 0.0000000000
48298  54.149  -24.865  -10.246 0.0000000000
48299  50.056  -26.937  -10.123 0.0000000000
48300  49.901  -26.848  -9.566 0.0000000000
48307  49.762  -26.640  -10.609 0.0000000000
49179  50.624  -29.039  -0.497 0.0000000000
49180  50.022  -29.505  -0.765 0.0000000000
49187  50.576  -29.056  -1.021 0.0000000000
49188  50.080  -29.624  -1.202 0.0000000000
49195  51.837  -29.004  -1.775 0.0000000000
49196  51.053  -29.459  -1.614 0.0000000000
49197  50.282  -29.841  -1.474 0.0000000000
49206  52.380  -29.386  -2.229 0.0000000000
49207  51.593  -29.909  -2.134 0.0000000000
49225  51.225  -26.787  -6.325 0.0000000000
49226  50.235  -28.088  -5.689 0.0000000000
49227  48.938  -28.807  -5.319 0.0000000000
49228  47.695  -28.692  -5.397 0.0000000000
49229  46.955  -28.107  -5.850 0.0000000000
49230  46.839  -27.645  -6.205 0.0000000000
49245  52.875  -25.217  -8.172 0.0000000000
49246  51.466  -25.951  -7.734 0.0000000000
49247  50.640  -27.594  -7.105 0.0000000000
49248  49.709  -28.836  -6.632 0.0000000000
49249  48.550  -29.240  -6.444 0.0000000000
49250  47.669  -28.804  -6.660 0.0000000000
49251  47.315  -27.889  -7.131 0.0000000000
49260  53.542  -24.338  -9.386 0.0000000000
49261  51.938  -25.052  -9.138 0.0000000000
49262  48.202  -27.323  -8.125 0.0000000000
49280  49.553  -26.447  -9.074 0.0000000000
49281  49.492  -26.448  -9.622 0.0000000000
49293  49.788  -26.236  -10.371 0.0000000000
49294  49.553  -26.215  -10.329 0.0000000000
49301  49.189  -25.891  -11.299 0.0000000000
50107  51.105  -28.545  -0.847 0.0000000000
50117  51.360  -28.673  -1.272 0.0000000000
50127  51.633  -28.860  -1.559 0.0000000000
50137  50.570  -26.542  -4.326 0.0000000000
50138  49.995  -26.843  -4.012 0.0000000000
50139  48.779  -27.157  -3.720 0.0000000000
50140  47.770  -27.188  -3.819 0.0000000000
50152  52.029  -25.486  -6.039 0.0000000000
50153  50.753  -26.848  -4.983 0.0000000000
50154  49.462  -27.772  -4.524 0.0000000000
50155  48.140  -28.039  -4.356 0.0000000000
50156  47.137  -27.566  -4.642 0.0000000000
50157  46.695  -27.305  -5.534 0.0000000000
50173  51.997  -25.407  -6.978 0.0000000000
50174  47.103  -27.151  -6.550 0.0000000000
50175  47.741  -26.839  -7.271 0.0000000000
50192  48.008  -26.969  -7.740 0.0000000000
50193  48.702  -26.455  -7.987 0.0000000000
50206  48.968  -26.480  -8.396 0.0000000000
50207  49.250  -26.284  -8.913 0.0000000000
50220  49.486  -26.062  -10.142 0.0000000000
50234  49.104  -25.504  -11.185 0.0000000000
50235  48.487  -25.264  -11.444 0.0000000000
50246  48.073  -25.942  -11.962 0.0000000000
50247  47.764  -25.627  -11.879 0.0000000000
51143  52.163  -25.052  -4.934 0.0000000000
51144  50.828  -25.905  -4.118 0.0000000000
51145  49.499  -26.213  -3.460 0.0000000000
51146  48.262  -26.395  -3.380 0.0000000000
51147  47.356  -26.552  -3.873 0.0000000000
51159  51.576  -25.777  -5.073 0.0000000000
51160  50.858  -26.321  -4.568 0.0000000000
51161  46.844  -26.639  -4.712 0.0000000000
51162  46.876  -26.647  -5.683 0.0000000000
51175  47.432  -26.693  -6.606 0.0000000000
51176  48.478  -26.564  -7.343 0.0000000000
51192  48.773  -26.249  -8.397 0.0000000000
51193  49.053  -25.932  -8.882 0.0000000000
51205  49.008  -25.989  -9.032 0.0000000000
51206  48.965  -25.745  -9.147 0.0000000000
51213  49.234  -26.071  -10.035 0.0000000000
51214  48.996  -25.803  -10.121 0.0000000000
51224  49.361  -25.781  -10.651 0.0000000000
51225  48.772  -25.512  -11.056 0.0000000000
51240  47.399  -25.313  -11.798 0.0000000000
51241  46.336  -25.284  -12.288 0.0000000000
51251  46.742  -25.766  -12.429 0.0000000000
52191  51.733  -24.717  -4.227 0.0000000000
52192  50.305  -25.198  -3.494 0.0000000000
52193  48.978  -25.495  -3.148 0.0000000000
52194  47.934  -25.712  -3.455 0.0000000000
52195  47.293  -25.936  -4.163 0.0000000000
52204  46.996  -26.075  -5.056 0.0000000000
52205  47.308  -26.322  -6.009 0.0000000000
52214  48.165  -26.600  -6.880 0.0000000000
52215  48.673  -26.635  -7.649 0.0000000000
52222  48.764  -26.349  -8.112 0.0000000000
52223  48.583  -26.031  -8.545 0.0000000000
52236  48.680  -25.655  -9.213 0.0000000000
52249  48.820  -25.676  -10.321 0.0000000000
52250  48.517  -25.118  -10.881 0.0000000000
52255  48.313  -25.561  -11.021 0.0000000000
52256  48.159  -25.211  -11.291 0.0000000000
52266  48.016  -25.236  -11.376 0.0000000000
52267  47.156  -25.161  -11.656 0.0000000000
52280  45.452  -25.006  -12.785 0.0000000000
53241  49.252  -24.570  -3.126 0.0000000000
53242  49.043  -24.622  -3.105 0.0000000000
53252  51.287  -24.127  -3.755 0.0000000000
53253  49.642  -24.532  -3.179 0.0000000000
53254  48.670  -24.910  -3.238 0.0000000000
53255  48.000  -25.270  -3.864 0.0000000000
53256  47.493  -25.574  -4.651 0.0000000000
53265  47.536  -25.920  -5.610 0.0000000000
53266  47.948  -26.399  -6.456 0.0000000000
53274  48.238  -26.373  -6.531 0.0000000000
53275  48.556  -26.666  -7.270 0.0000000000
53276  48.606  -26.381  -7.843 0.0000000000
53281  48.587  -26.211  -8.333 0.0000000000
53282  48.839  -26.331  -9.245 0.0000000000
53288  48.886  -25.923  -9.959 0.0000000000
53289  48.626  -25.409  -10.253 0.0000000000
53301  48.694  -25.746  -10.422 0.0000000000
53302  48.573  -25.153  -10.615 0.0000000000
53312  48.213  -25.002  -11.144 0.0000000000
53320  47.573  -24.760  -11.550 0.0000000000
53327  46.390  -24.677  -11.922 0.0000000000
53336  45.262  -24.436  -12.666 0.0000000000
54281  49.153  -24.428  -3.224 0.0000000000
54282  48.857  -24.582  -3.219 0.0000000000
54303  50.762  -23.550  -3.416 0.0000000000
54304  49.628  -23.866  -3.248 0.0000000000
54305  48.803  -24.397  -3.557 0.0000000000
54306  48.175  -24.942  -4.635 0.0000000000
54307  47.730  -25.485  -5.128 0.0000000000
54316  48.458  -25.213  -5.272 0.0000000000
54317  48.301  -25.859  -5.857 0.0000000000
54321  48.743  -26.529  -7.315 0.0000000000
54322  48.809  -26.365  -7.932 0.0000000000
54323  48.623  -26.258  -8.112 0.0000000000
54328  49.013  -26.631  -7.808 0.0000000000
54329  49.087  -26.277  -8.080 0.0000000000
54330  48.369  -26.092  -8.500 0.0000000000
54331  48.814  -26.135  -9.623 0.0000000000
54337  48.667  -25.500  -9.974 0.0000000000
54338  48.666  -25.062  -10.366 0.0000000000
54346  48.337  -25.107  -10.842 0.0000000000
54355  47.715  -24.912  -11.312 0.0000000000
54356  47.235  -24.683  -11.474 0.0000000000
54363  47.055  -24.533  -11.614 0.0000000000
54364  47.254  -24.404  -11.646 0.0000000000
54370  45.914  -23.680  -12.185 0.0000000000
54371  46.123  -24.095  -12.027 0.0000000000
54376  45.329  -23.627  -12.447 0.0000000000
54377  45.442  -24.058  -12.417 0.0000000000
55292  51.530  -22.631  -3.687 0.0000000000
55293  50.253  -22.963  -3.314 0.0000000000
55294  49.433  -23.414  -3.596 0.0000000000
55295  48.934  -23.923  -4.155 0.0000000000
55312  48.880  -24.622  -5.077 0.0000000000
55313  48.871  -25.628  -5.787 0.0000000000
55319  49.555  -25.498  -6.164 0.0000000000
55320  49.055  -26.307  -7.098 0.0000000000
55327  50.002  -26.023  -8.109 0.0000000000
55328  49.191  -26.422  -8.545 0.0000000000
55329  48.957  -25.753  -8.768 0.0000000000
55330  48.385  -25.628  -9.372 0.0000000000
55331  48.726  -25.591  -9.734 0.0000000000
55339  49.600  -26.145  -9.711 0.0000000000
55340  49.221  -25.879  -9.617 0.0000000000
55341  48.690  -25.472  -9.731 0.0000000000
55342  48.540  -25.080  -10.168 0.0000000000
55343  48.376  -25.235  -10.616 0.0000000000
55350  47.858  -25.135  -10.710 0.0000000000
55351  48.015  -25.068  -10.994 0.0000000000
55361  47.127  -24.732  -11.182 0.0000000000
55362  47.410  -24.513  -11.501 0.0000000000
55370  46.826  -23.780  -11.743 0.0000000000
55371  47.033  -24.261  -11.679 0.0000000000
55372  47.263  -24.367  -11.417 0.0000000000
55379  46.113  -23.381  -12.116 0.0000000000
55380  46.540  -23.878  -11.856 0.0000000000
56304  50.705  -22.008  -3.478 0.0000000000
56305  49.747  -22.393  -3.617 0.0000000000
56306  49.346  -22.914  -3.972 0.0000000000
56307  49.209  -23.429  -4.496 0.0000000000
56326  49.487  -24.051  -5.349 0.0000000000
56341  50.328  -24.958  -6.432 0.0000000000
56350  51.049  -25.415  -7.814 0.0000000000
56358  49.402  -25.641  -10.417 0.0000000000
56359  48.891  -25.490  -10.515 0.0000000000
56360  48.842  -24.834  -10.354 0.0000000000
56368  48.681  -25.030  -10.869 0.0000000000
56369  48.262  -24.838  -10.941 0.0000000000
56370  47.483  -24.783  -10.859 0.0000000000
56378  47.554  -24.539  -11.559 0.0000000000
56379  47.472  -24.636  -11.250 0.0000000000
56386  47.300  -24.026  -11.617 0.0000000000
56387  47.312  -24.212  -11.413 0.0000000000
56394  46.642  -22.771  -11.926 0.0000000000
57391  51.017  -21.026  -3.490 0.0000000000
57392  49.861  -21.365  -3.538 0.0000000000
57393  49.238  -21.787  -3.939 0.0000000000
57394  49.217  -22.598  -4.179 0.0000000000
57407  49.010  -21.413  -4.245 0.0000000000
57408  49.202  -22.379  -4.640 0.0000000000
57424  49.775  -23.225  -5.701 0.0000000000
57436  50.602  -23.994  -6.837 0.0000000000
57445  49.125  -25.063  -11.005 0.0000000000
57446  48.715  -25.255  -11.053 0.0000000000
57453  48.655  -24.798  -11.506 0.0000000000
57454  48.346  -24.943  -11.394 0.0000000000
57455  47.931  -24.864  -11.383 0.0000000000
57456  47.467  -24.203  -11.296 0.0000000000
57466  47.909  -23.359  -11.574 0.0000000000
57467  47.723  -24.369  -11.528 0.0000000000
57468  47.730  -24.688  -11.485 0.0000000000
57475  47.239  -23.135  -11.677 0.0000000000
58677  49.897  -20.247  -3.701 0.0000000000
58678  49.356  -20.968  -3.739 0.0000000000
58687  49.365  -19.955  -4.113 0.0000000000
58688  49.064  -20.663  -4.114 0.0000000000
58689  48.976  -21.090  -4.574 0.0000000000
58701  49.293  -21.698  -5.241 0.0000000000
58719  50.014  -22.367  -6.140 0.0000000000
58731  51.009  -23.005  -7.180 0.0000000000
59899  50.647  -19.148  -3.874 0.0000000000
59915  49.837  -19.270  -4.261 0.0000000000
59916  49.257  -19.762  -4.692 0.0000000000
59917  48.901  -20.441  -4.559 0.0000000000
59922  49.081  -19.691  -5.054 0.0000000000
59923  48.991  -20.385  -5.082 0.0000000000
59936  49.482  -21.101  -5.694 0.0000000000
59953  51.463  -22.052  -7.555 0.0000000000
59954  50.379  -21.268  -6.497 0.0000000000
61064  49.835  -18.468  -4.857 0.0000000000
61074  49.465  -19.001  -5.424 0.0000000000
61075  49.089  -19.744  -5.298 0.0000000000
61081  49.870  -19.218  -6.394 0.0000000000
61082  49.432  -20.065  -5.811 0.0000000000
61097  51.085  -20.248  -7.355 0.0000000000
61098  50.057  -20.144  -6.486 0.0000000000
61116  52.372  -20.445  -8.310 0.0000000000
62156  50.169  -17.414  -4.910 0.0000000000
62169  50.231  -16.659  -5.106 0.0000000000
62170  49.978  -17.397  -5.377 0.0000000000
62177  49.823  -17.826  -6.144 0.0000000000
62185  50.554  -18.344  -7.050 0.0000000000
62202  52.103  -18.788  -8.168 0.0000000000
63255  50.318  -16.182  -5.436 0.0000000000
63256  50.142  -16.515  -5.914 0.0000000000
63271  50.359  -16.909  -6.687 0.0000000000
63280  51.739  -16.532  -7.871 0.0000000000
63281  51.099  -17.349  -7.519 0.0000000000
63294  52.814  -17.351  -8.588 0.0000000000
63295  51.803  -17.472  -8.057 0.0000000000
64297  50.681  -15.243  -5.565 0.0000000000
64298  50.441  -15.636  -5.757 0.0000000000
64318  51.022  -14.996  -6.782 0.0000000000
64319  50.665  -15.460  -6.424 0.0000000000
64335  51.463  -15.339  -7.312 0.0000000000
64336  50.943  -16.274  -7.135 0.0000000000
64351  53.099  -15.663  -8.483 0.0000000000
65420  51.230  -14.211  -5.959 0.0000000000
65421  50.701  -14.993  -5.882 0.0000000000
65441  51.373  -14.410  -6.754 0.0000000000
65442  50.857  -14.690  -6.163 0.0000000000
65462  52.341  -14.453  -7.835 0.0000000000
65485  53.283  -14.557  -8.417 0.0000000000
66484  52.035  -13.343  -6.699 0.0000000000
66503  53.876  -13.165  -8.116 0.0000000000
66504  52.495  -13.543  -7.483 0.0000000000
66529  53.436  -13.837  -8.298 0.0000000000
67510  53.059  -13.040  -7.365 0.0000000000
69526  50.263  -7.268  -6.506 0.0000000000
69544  50.088  -7.315  -7.130 0.0000000000
69562  50.956  -7.917  -8.431 0.0000000000
69563  50.135  -7.373  -8.001 0.0000000000
69578  50.194  -7.383  -8.846 0.0000000000
70583  48.373  -6.648  -4.212 0.0000000000
70584  48.017  -6.717  -4.228 0.0000000000
70598  49.217  -6.696  -4.678 0.0000000000
70599  48.188  -6.579  -4.590 0.0000000000
70600  47.814  -6.486  -4.794 0.0000000000
70622  49.216  -6.714  -5.793 0.0000000000
70623  48.057  -6.353  -5.257 0.0000000000
70624  47.744  -6.132  -5.458 0.0000000000
70648  49.297  -6.887  -6.825 0.0000000000
70649  48.609  -6.404  -6.026 0.0000000000
70650  48.023  -6.159  -5.752 0.0000000000
70664  49.403  -6.892  -7.617 0.0000000000
70665  48.764  -6.404  -6.750 0.0000000000
70666  48.342  -6.143  -6.169 0.0000000000
70673  49.371  -6.717  -8.234 0.0000000000
70674  48.957  -6.530  -7.395 0.0000000000
71614  48.034  -6.424  -4.079 0.0000000000
71615  47.582  -6.261  -4.098 0.0000000000
71627  47.841  -6.640  -4.305 0.0000000000
71628  47.594  -6.313  -4.526 0.0000000000
71629  47.385  -5.875  -4.821 0.0000000000
71644  47.666  -6.346  -4.922 0.0000000000
71645  47.509  -5.844  -5.199 0.0000000000
71646  47.401  -5.183  -5.498 0.0000000000
71665  47.736  -5.782  -5.662 0.0000000000
71666  47.581  -5.221  -5.668 0.0000000000
71674  48.354  -5.997  -6.500 0.0000000000
71675  48.047  -5.632  -6.117 0.0000000000
71676  47.818  -5.206  -5.912 0.0000000000
71683  48.951  -6.295  -7.910 0.0000000000
71684  48.566  -5.923  -7.168 0.0000000000
71685  48.203  -5.656  -6.552 0.0000000000
71692  48.861  -5.959  -7.893 0.0000000000
72615  47.667  -5.783  -3.912 0.0000000000
72616  47.360  -5.371  -4.184 0.0000000000
72631  47.543  -6.041  -4.249 0.0000000000
72632  47.330  -5.459  -4.633 0.0000000000
72633  47.136  -4.772  -5.084 0.0000000000
72646  47.358  -5.563  -4.995 0.0000000000
72647  47.278  -4.728  -5.398 0.0000000000
72648  47.158  -3.893  -5.805 0.0000000000
72658  47.507  -4.567  -5.746 0.0000000000
72659  47.236  -4.036  -5.897 0.0000000000
72669  47.860  -4.916  -6.202 0.0000000000
72670  47.578  -4.319  -6.137 0.0000000000
72671  47.419  -4.089  -6.059 0.0000000000
72678  48.221  -5.241  -6.960 0.0000000000
72679  47.990  -4.824  -6.573 0.0000000000
72680  47.713  -4.415  -6.373 0.0000000000
72688  48.450  -5.110  -7.348 0.0000000000
72689  48.130  -4.824  -6.880 0.0000000000
73687  47.261  -4.890  -4.423 0.0000000000
73688  47.105  -4.556  -4.955 0.0000000000
73690  47.134  -4.040  -5.411 0.0000000000
73691  46.959  -3.658  -5.825 0.0000000000
73693  46.820  -3.440  -6.156 0.0000000000
73702  47.249  -3.622  -6.449 0.0000000000
73703  46.976  -3.515  -6.363 0.0000000000
73713  47.604  -4.004  -6.638 0.0000000000
73714  47.113  -3.625  -6.650 0.0000000000
73715  46.921  -3.357  -6.596 0.0000000000
73723  48.279  -4.460  -7.326 0.0000000000
73724  47.860  -4.021  -6.919 0.0000000000
73725  47.364  -3.629  -6.724 0.0000000000
73734  48.772  -4.477  -7.881 0.0000000000
73735  48.188  -4.106  -7.350 0.0000000000
74733  47.085  -4.121  -4.808 0.0000000000
74736  46.915  -3.640  -5.388 0.0000000000
74737  46.528  -3.278  -5.896 0.0000000000
74739  46.272  -3.014  -6.301 0.0000000000
74742  45.997  -2.815  -6.664 0.0000000000
74743  45.432  -2.478  -6.972 0.0000000000
74753  46.596  -3.009  -6.825 0.0000000000
74754  46.183  -2.811  -6.843 0.0000000000
74755  45.656  -2.581  -6.936 0.0000000000
74764  47.410  -3.351  -7.082 0.0000000000
74765  46.830  -3.016  -6.989 0.0000000000
74766  46.328  -2.792  -7.041 0.0000000000
74772  48.535  -3.847  -7.854 0.0000000000
74773  47.923  -3.424  -7.489 0.0000000000
74774  47.165  -3.056  -7.229 0.0000000000
74783  48.171  -2.917  -7.858 0.0000000000
75725  46.147  -2.934  -5.822 0.0000000000
75728  45.464  -2.610  -6.445 0.0000000000
75729  44.741  -2.174  -6.875 0.0000000000
75732  45.692  -2.652  -6.635 0.0000000000
75733  45.095  -2.297  -6.976 0.0000000000
75740  45.525  -2.367  -7.280 0.0000000000
75741  45.203  -2.243  -7.259 0.0000000000
75751  46.149  -2.459  -7.433 0.0000000000
75752  45.803  -2.410  -7.357 0.0000000000
75753  45.085  -2.059  -7.667 0.0000000000
75761  47.541  -2.558  -7.763 0.0000000000
75762  46.704  -2.475  -7.530 0.0000000000
75763  45.574  -1.981  -7.987 0.0000000000
75764  45.213  -2.015  -7.877 0.0000000000
75774  46.863  -1.897  -8.140 0.0000000000
75775  46.082  -1.896  -8.086 0.0000000000
76823  45.299  -2.231  -6.137 0.0000000000
76824  44.593  -1.948  -6.718 0.0000000000
76828  44.051  -1.698  -7.273 0.0000000000
76829  43.526  -1.242  -7.701 0.0000000000
76831  44.319  -1.873  -7.560 0.0000000000
76832  43.620  -1.424  -7.838 0.0000000000
76840  44.409  -1.864  -7.913 0.0000000000
76841  43.813  -1.582  -8.023 0.0000000000
76852  45.155  -1.646  -8.431 0.0000000000
76853  44.581  -1.713  -8.526 0.0000000000
76854  43.822  -1.477  -8.385 0.0000000000
76864  47.369  -1.232  -8.849 0.0000000000
76865  45.561  -1.256  -8.862 0.0000000000
76866  44.561  -1.325  -9.170 0.0000000000
76879  45.669  -0.672  -9.720 0.0000000000
77814  44.549  -1.496  -6.450 0.0000000000
77819  43.883  -1.272  -7.056 0.0000000000
77820  43.320  -1.006  -7.572 0.0000000000
77824  43.039  -0.928  -8.004 0.0000000000
77832  43.163  -1.084  -8.429 0.0000000000
77845  44.014  -1.182  -9.343 0.0000000000
77846  43.389  -1.051  -9.135 0.0000000000
77859  45.159  -0.737  -10.009 0.0000000000
77860  44.424  -0.905  -9.868 0.0000000000
77861  43.501  -0.735  -10.033 0.0000000000
77878  43.893  -0.452  -10.672 0.0000000000
78786  43.937  -0.728  -6.862 0.0000000000
78787  43.260  -0.517  -7.429 0.0000000000
78791  42.577  -0.177  -8.058 0.0000000000
78792  42.039  0.402  -8.381 0.0000000000
78796  42.470  -0.387  -8.580 0.0000000000
78797  41.957  0.274  -8.666 0.0000000000
78803  42.501  -0.463  -9.218 0.0000000000
78804  41.865  0.169  -9.234 0.0000000000
78813  42.675  -0.351  -10.066 0.0000000000
78814  41.896  0.185  -10.011 0.0000000000
78824  43.099  -0.078  -11.071 0.0000000000
78825  42.102  0.330  -10.979 0.0000000000
78839  42.522  0.583  -11.832 0.0000000000
79778  43.456  0.050  -7.279 0.0000000000
79781  42.779  0.282  -7.725 0.0000000000
79782  42.170  0.645  -8.181 0.0000000000
79786  41.661  0.920  -8.695 0.0000000000
79787  41.262  1.345  -9.223 0.0000000000
79791  41.461  0.799  -9.214 0.0000000000
79792  41.000  1.388  -9.729 0.0000000000
79800  41.305  0.764  -9.880 0.0000000000
79801  40.765  1.409  -10.457 0.0000000000
79810  41.267  0.795  -10.800 0.0000000000
79811  40.659  1.483  -11.391 0.0000000000
79818  42.684  1.264  -12.595 0.0000000000
79819  41.578  1.147  -12.099 0.0000000000
79820  40.667  1.847  -12.411 0.0000000000
79838  42.325  1.981  -13.411 0.0000000000
79839  41.295  1.873  -13.052 0.0000000000
80765  43.059  0.676  -7.548 0.0000000000
80767  43.119  1.171  -7.620 0.0000000000
80768  42.510  1.148  -7.898 0.0000000000
80769  41.849  1.424  -8.459 0.0000000000
80772  41.355  1.691  -8.988 0.0000000000
80773  40.942  1.933  -9.542 0.0000000000
80776  40.515  2.094  -10.212 0.0000000000
80777  40.132  2.532  -10.709 0.0000000000
80781  40.240  2.010  -10.919 0.0000000000
80782  39.899  2.645  -11.256 0.0000000000
80789  40.121  2.129  -11.734 0.0000000000
80790  39.832  2.800  -12.034 0.0000000000
80799  40.183  2.416  -12.524 0.0000000000
80800  39.959  3.030  -12.915 0.0000000000
80809  41.638  2.314  -13.636 0.0000000000
80810  40.852  2.630  -13.515 0.0000000000
80811  40.273  3.349  -13.596 0.0000000000
80822  42.463  2.953  -14.642 0.0000000000
80823  41.400  3.232  -14.466 0.0000000000
81684  43.517  1.440  -7.548 0.0000000000
81687  43.703  1.883  -7.676 0.0000000000
81688  43.015  1.855  -7.866 0.0000000000
81689  42.190  2.020  -8.367 0.0000000000
81690  41.572  2.177  -8.843 0.0000000000
81692  41.136  2.390  -9.332 0.0000000000
81693  40.643  2.723  -9.932 0.0000000000
81694  40.316  3.228  -10.413 0.0000000000
81697  40.273  2.748  -10.406 0.0000000000
81698  39.955  3.318  -10.849 0.0000000000
81699  39.768  3.950  -11.275 0.0000000000
81701  39.756  3.390  -11.538 0.0000000000
81702  39.794  4.104  -11.848 0.0000000000
81708  39.783  3.574  -12.322 0.0000000000
81709  39.853  4.299  -12.505 0.0000000000
81719  39.955  3.976  -13.190 0.0000000000
81720  39.952  4.485  -12.920 0.0000000000
81727  40.778  3.391  -14.129 0.0000000000
81728  40.486  4.023  -14.069 0.0000000000
81733  42.002  3.514  -14.968 0.0000000000
81734  41.422  3.971  -14.901 0.0000000000
81735  40.876  4.373  -14.576 0.0000000000
82611  43.844  2.528  -8.078 0.0000000000
82612  42.734  2.596  -8.504 0.0000000000
82613  41.904  2.861  -9.037 0.0000000000
82614  41.413  2.645  -9.206 0.0000000000
82617  41.742  3.397  -9.600 0.0000000000
82618  41.222  3.186  -9.741 0.0000000000
82619  40.615  3.555  -10.268 0.0000000000
82620  40.228  3.856  -10.619 0.0000000000
82623  39.951  4.253  -10.988 0.0000000000
82624  39.829  4.599  -11.495 0.0000000000
82626  39.885  4.815  -12.114 0.0000000000
82631  40.079  4.916  -12.705 0.0000000000
82640  40.287  4.495  -13.675 0.0000000000
82641  40.265  4.820  -13.258 0.0000000000
82651  40.788  4.907  -14.165 0.0000000000
82652  40.512  4.916  -13.665 0.0000000000
82661  41.743  4.469  -15.309 0.0000000000
82662  41.377  4.779  -14.990 0.0000000000
83527  43.209  3.216  -8.899 0.0000000000
83528  42.514  3.091  -8.969 0.0000000000
83536  42.437  3.630  -9.652 0.0000000000
83537  41.626  3.919  -10.107 0.0000000000
83538  40.916  4.273  -10.450 0.0000000000
83539  40.497  4.100  -10.521 0.0000000000
83541  40.666  4.928  -10.615 0.0000000000
83542  40.323  4.702  -10.733 0.0000000000
83543  39.990  5.071  -11.199 0.0000000000
83546  39.900  5.360  -11.785 0.0000000000
83549  40.125  5.571  -12.410 0.0000000000
83555  40.557  5.645  -12.992 0.0000000000
83565  41.003  5.559  -14.150 0.0000000000
83566  40.879  5.615  -13.667 0.0000000000
83578  41.480  5.752  -14.662 0.0000000000
83579  41.274  6.061  -14.100 0.0000000000
84477  42.990  4.386  -10.390 0.0000000000
84478  42.142  4.437  -10.485 0.0000000000
84479  41.449  4.759  -10.563 0.0000000000
84486  40.938  5.194  -10.609 0.0000000000
84487  40.510  5.501  -10.697 0.0000000000
84488  40.134  5.664  -10.918 0.0000000000
84491  39.938  5.901  -11.408 0.0000000000
84494  39.996  6.203  -12.104 0.0000000000
84495  40.239  6.766  -12.468 0.0000000000
84499  40.658  6.506  -12.687 0.0000000000
84500  40.552  7.140  -12.684 0.0000000000
84512  41.074  6.793  -13.284 0.0000000000
84529  41.669  6.826  -14.356 0.0000000000
84530  41.386  6.753  -13.839 0.0000000000
85414  42.617  5.047  -10.859 0.0000000000
85415  41.846  5.290  -10.801 0.0000000000
85416  41.290  5.513  -10.697 0.0000000000
85426  42.217  5.853  -11.327 0.0000000000
85427  41.432  6.132  -10.943 0.0000000000
85428  40.797  6.143  -10.684 0.0000000000
85429  40.228  6.364  -10.743 0.0000000000
85430  39.892  6.513  -11.014 0.0000000000
85434  39.757  6.730  -11.596 0.0000000000
85435  39.656  7.134  -12.009 0.0000000000
85439  39.941  6.798  -12.163 0.0000000000
85440  39.932  7.299  -12.448 0.0000000000
85445  40.791  7.250  -12.970 0.0000000000
85446  40.299  7.820  -12.900 0.0000000000
85455  40.616  7.920  -13.416 0.0000000000
85456  40.216  8.346  -13.244 0.0000000000
85468  41.464  7.357  -14.198 0.0000000000
85469  41.031  7.813  -14.006 0.0000000000
85478  40.990  8.427  -14.536 0.0000000000
86412  41.737  6.917  -11.463 0.0000000000
86413  41.036  7.098  -10.779 0.0000000000
86414  40.357  7.144  -10.659 0.0000000000
86415  39.855  7.184  -10.764 0.0000000000
86416  39.564  7.265  -11.102 0.0000000000
86422  39.439  7.448  -11.579 0.0000000000
86423  39.471  7.730  -12.025 0.0000000000
86429  39.595  8.148  -12.465 0.0000000000
86434  39.789  8.663  -12.994 0.0000000000
86441  40.515  8.351  -13.856 0.0000000000
86442  39.909  8.853  -13.743 0.0000000000
86447  40.473  8.700  -14.323 0.0000000000
86448  39.785  9.544  -14.695 0.0000000000
87406  41.420  8.035  -10.928 0.0000000000
87407  40.638  8.075  -10.680 0.0000000000
87408  39.953  7.999  -10.687 0.0000000000
87409  39.558  7.892  -10.879 0.0000000000
87410  39.343  7.985  -11.228 0.0000000000
87422  39.268  8.106  -11.623 0.0000000000
87423  39.217  8.575  -12.000 0.0000000000
87429  39.108  9.053  -12.557 0.0000000000
87433  39.124  9.477  -13.266 0.0000000000
87437  38.978  9.846  -14.137 0.0000000000
87439  38.904  10.463  -15.219 0.0000000000
87440  38.407  11.036  -15.958 0.0000000000
88380  40.963  8.901  -10.705 0.0000000000
88381  40.129  9.106  -10.728 0.0000000000
88382  39.591  8.648  -10.931 0.0000000000
88383  39.403  8.367  -11.077 0.0000000000
88397  39.805  9.814  -10.883 0.0000000000
88398  39.468  9.559  -11.041 0.0000000000
88399  39.173  8.989  -11.457 0.0000000000
88400  38.795  9.510  -12.111 0.0000000000
88408  38.491  9.962  -12.815 0.0000000000
88412  38.282  10.221  -13.633 0.0000000000
88413  37.773  10.828  -14.041 0.0000000000
88417  38.233  10.561  -14.490 0.0000000000
88418  37.741  11.229  -14.842 0.0000000000
88421  38.267  11.070  -15.295 0.0000000000
88422  37.629  11.369  -16.180 0.0000000000
88423  37.000  11.318  -17.158 0.0000000000
89254  40.619  9.454  -10.782 0.0000000000
89266  40.307  10.128  -10.986 0.0000000000
89267  39.470  10.323  -11.105 0.0000000000
89268  38.850  10.305  -11.611 0.0000000000
89269  38.740  9.847  -11.844 0.0000000000
89282  38.377  10.924  -12.052 0.0000000000
89283  38.259  10.563  -12.326 0.0000000000
89291  37.757  10.892  -13.338 0.0000000000
89292  37.338  11.393  -14.271 0.0000000000
89296  37.210  11.673  -15.359 0.0000000000
89300  36.941  11.644  -16.546 0.0000000000
90133  39.634  11.030  -11.468 0.0000000000
90134  39.112  10.874  -11.546 0.0000000000
90149  39.118  11.361  -11.786 0.0000000000
90150  38.576  11.348  -11.994 0.0000000000
90151  37.952  11.460  -12.390 0.0000000000
90162  37.574  11.536  -12.938 0.0000000000
90163  37.172  11.790  -13.796 0.0000000000
90172  36.929  11.985  -14.793 0.0000000000
90181  36.824  12.001  -15.941 0.0000000000
91061  39.349  11.489  -11.858 0.0000000000
91075  39.067  12.066  -12.301 0.0000000000
91076  37.968  12.382  -12.793 0.0000000000
91077  37.603  11.965  -12.822 0.0000000000
91089  37.521  12.973  -13.479 0.0000000000
91090  37.223  12.482  -13.487 0.0000000000
91091  36.804  12.501  -14.423 0.0000000000
91891  38.614  12.941  -13.096 0.0000000000
120048  49.078  -56.730  8.333 0.0000000000
120052  48.171  -56.944  9.220 0.0000000000
120055  50.405  -57.359  7.160 0.0000000000
120056  47.815  -55.896  7.587 0.0000000000
120061  47.270  -56.110  8.168 0.0000000000
120062  47.687  -56.128  8.116 0.0000000000
120066  46.679  -55.293  6.132 0.0000000000
120068  45.923  -54.554  6.172 0.0000000000
