#!ascii label  , from subject Yale_0050575 vox2ras=TkReg
809
31906  -43.164  -44.094  16.749 0.0000000000
31934  -43.661  -44.713  15.877 0.0000000000
32905  -44.605  -42.079  23.324 0.0000000000
32919  -42.972  -42.360  22.653 0.0000000000
32920  -43.894  -42.338  22.928 0.0000000000
32926  -42.436  -42.431  22.215 0.0000000000
32927  -43.420  -42.526  22.185 0.0000000000
32936  -42.010  -42.437  21.876 0.0000000000
32937  -42.737  -42.438  21.330 0.0000000000
32946  -42.806  -42.249  20.164 0.0000000000
32947  -43.856  -42.341  20.168 0.0000000000
32956  -42.613  -42.252  19.191 0.0000000000
32957  -43.634  -42.427  19.064 0.0000000000
32967  -42.364  -42.608  18.428 0.0000000000
32968  -43.239  -42.875  18.182 0.0000000000
32978  -42.047  -43.194  17.315 0.0000000000
32979  -42.581  -43.360  17.421 0.0000000000
32992  -42.107  -43.322  16.980 0.0000000000
32993  -42.915  -43.951  16.494 0.0000000000
32999  -42.273  -43.440  16.399 0.0000000000
33000  -43.140  -44.090  15.812 0.0000000000
33006  -43.344  -44.077  15.504 0.0000000000
33841  -43.094  -41.914  23.063 0.0000000000
33842  -43.997  -41.922  23.221 0.0000000000
33843  -45.189  -41.714  23.560 0.0000000000
33854  -41.474  -42.008  22.457 0.0000000000
33855  -42.328  -42.127  22.682 0.0000000000
33856  -43.176  -42.178  22.982 0.0000000000
33859  -40.214  -41.741  22.010 0.0000000000
33860  -40.861  -41.980  22.106 0.0000000000
33861  -41.682  -42.322  22.213 0.0000000000
33864  -39.878  -41.535  21.798 0.0000000000
33865  -40.270  -41.744  21.329 0.0000000000
33866  -41.535  -42.214  21.372 0.0000000000
33867  -42.216  -42.262  20.821 0.0000000000
33869  -40.212  -41.730  20.269 0.0000000000
33870  -41.064  -41.897  20.371 0.0000000000
33871  -41.955  -42.136  20.230 0.0000000000
33874  -40.185  -41.771  19.401 0.0000000000
33875  -40.817  -41.847  19.590 0.0000000000
33876  -41.663  -42.106  19.227 0.0000000000
33879  -40.140  -41.891  18.711 0.0000000000
33880  -40.951  -42.113  18.649 0.0000000000
33881  -41.827  -42.655  18.162 0.0000000000
33888  -40.440  -42.180  17.987 0.0000000000
33889  -41.542  -42.811  17.558 0.0000000000
33890  -41.968  -42.962  17.718 0.0000000000
33900  -40.628  -42.488  17.167 0.0000000000
33901  -41.470  -42.963  16.757 0.0000000000
33905  -40.810  -42.524  16.523 0.0000000000
33906  -41.712  -42.894  16.019 0.0000000000
33907  -42.618  -43.365  15.623 0.0000000000
33911  -41.878  -42.619  15.421 0.0000000000
33912  -42.891  -43.201  15.235 0.0000000000
33917  -43.231  -42.847  14.918 0.0000000000
34767  -45.823  -40.809  23.519 0.0000000000
34776  -41.814  -41.394  22.724 0.0000000000
34777  -42.612  -41.509  22.857 0.0000000000
34778  -43.742  -41.380  23.072 0.0000000000
34779  -44.775  -41.213  23.337 0.0000000000
34789  -40.487  -41.107  22.442 0.0000000000
34790  -40.988  -41.535  22.486 0.0000000000
34791  -41.768  -41.805  22.703 0.0000000000
34798  -40.017  -41.334  22.124 0.0000000000
34799  -40.445  -41.718  22.218 0.0000000000
34802  -38.779  -41.011  21.273 0.0000000000
34803  -39.234  -41.198  21.416 0.0000000000
34804  -39.599  -41.530  20.752 0.0000000000
34807  -38.604  -41.016  20.929 0.0000000000
34808  -38.982  -41.348  20.532 0.0000000000
34809  -39.528  -41.599  19.993 0.0000000000
34812  -38.387  -41.080  20.161 0.0000000000
34813  -38.906  -41.397  19.700 0.0000000000
34814  -39.531  -41.637  19.167 0.0000000000
34817  -38.411  -41.073  19.430 0.0000000000
34818  -38.892  -41.295  18.794 0.0000000000
34819  -39.666  -41.723  18.354 0.0000000000
34826  -39.183  -41.349  17.906 0.0000000000
34827  -39.830  -41.941  17.538 0.0000000000
34837  -39.277  -41.479  17.115 0.0000000000
34838  -39.996  -42.069  16.745 0.0000000000
34842  -39.415  -41.347  16.291 0.0000000000
34843  -40.402  -42.080  15.994 0.0000000000
34844  -41.044  -42.264  15.535 0.0000000000
34848  -39.783  -41.360  15.664 0.0000000000
34849  -40.365  -41.675  15.349 0.0000000000
34850  -41.064  -41.865  14.997 0.0000000000
34851  -41.929  -42.249  15.005 0.0000000000
34855  -41.506  -41.649  14.641 0.0000000000
34856  -42.363  -41.946  14.573 0.0000000000
34857  -43.205  -42.205  14.518 0.0000000000
34861  -42.788  -41.468  14.102 0.0000000000
34862  -43.645  -41.624  13.978 0.0000000000
34863  -44.529  -41.726  13.712 0.0000000000
34867  -43.957  -41.176  13.180 0.0000000000
34868  -44.548  -41.322  12.773 0.0000000000
34878  -44.897  -41.227  11.863 0.0000000000
34891  -45.150  -41.233  11.103 0.0000000000
34892  -45.702  -41.548  10.759 0.0000000000
35634  -42.655  -39.748  28.620 0.0000000000
35644  -42.875  -39.378  27.509 0.0000000000
35659  -43.047  -39.157  26.902 0.0000000000
35660  -43.708  -38.996  26.835 0.0000000000
35676  -44.322  -38.553  26.012 0.0000000000
35697  -45.409  -40.391  23.412 0.0000000000
35710  -41.579  -41.032  22.644 0.0000000000
35711  -42.410  -40.761  22.615 0.0000000000
35712  -43.548  -40.624  22.692 0.0000000000
35713  -44.686  -40.366  23.047 0.0000000000
35714  -45.442  -39.743  23.521 0.0000000000
35723  -40.169  -40.618  22.321 0.0000000000
35724  -41.069  -40.697  22.514 0.0000000000
35725  -41.846  -40.548  22.546 0.0000000000
35735  -38.840  -40.483  21.662 0.0000000000
35736  -39.225  -40.612  21.857 0.0000000000
35739  -38.658  -40.682  21.382 0.0000000000
35740  -38.970  -40.873  21.607 0.0000000000
35743  -37.671  -40.238  20.211 0.0000000000
35744  -37.964  -40.477  20.501 0.0000000000
35746  -37.606  -40.275  19.867 0.0000000000
35747  -37.929  -40.711  19.658 0.0000000000
35750  -37.542  -40.321  19.105 0.0000000000
35751  -38.080  -40.780  18.764 0.0000000000
35752  -38.576  -40.968  18.154 0.0000000000
35760  -37.555  -40.298  18.351 0.0000000000
35761  -37.996  -40.553  17.821 0.0000000000
35762  -38.693  -40.939  17.493 0.0000000000
35773  -38.246  -40.529  17.158 0.0000000000
35774  -38.784  -40.911  16.803 0.0000000000
35781  -38.343  -40.410  16.562 0.0000000000
35782  -38.794  -40.719  16.239 0.0000000000
35786  -38.445  -40.284  16.003 0.0000000000
35787  -39.056  -40.601  15.585 0.0000000000
35788  -39.768  -40.992  15.159 0.0000000000
35789  -40.346  -41.222  14.896 0.0000000000
35793  -39.338  -40.370  14.952 0.0000000000
35794  -39.887  -40.548  14.641 0.0000000000
35795  -40.763  -40.899  14.418 0.0000000000
35796  -41.549  -41.153  14.277 0.0000000000
35800  -41.158  -40.606  13.906 0.0000000000
35801  -41.932  -40.784  13.724 0.0000000000
35802  -42.744  -40.956  13.516 0.0000000000
35804  -42.200  -40.433  12.875 0.0000000000
35805  -43.097  -40.672  12.740 0.0000000000
35806  -43.771  -40.916  12.451 0.0000000000
35809  -43.359  -40.514  11.964 0.0000000000
35810  -43.959  -40.781  11.684 0.0000000000
35815  -44.464  -40.781  10.931 0.0000000000
35816  -44.993  -40.908  10.210 0.0000000000
35817  -45.790  -41.319  9.947 0.0000000000
35818  -46.458  -41.664  9.696 0.0000000000
35825  -45.374  -40.724  9.547 0.0000000000
35826  -46.052  -41.048  9.288 0.0000000000
35827  -47.014  -41.528  9.039 0.0000000000
35828  -48.199  -41.567  8.460 0.0000000000
35839  -48.969  -41.153  7.895 0.0000000000
36539  -41.973  -39.388  28.627 0.0000000000
36540  -42.127  -39.610  28.974 0.0000000000
36549  -42.014  -39.317  28.208 0.0000000000
36550  -42.332  -39.421  27.915 0.0000000000
36557  -42.144  -39.106  27.549 0.0000000000
36558  -42.751  -38.850  26.839 0.0000000000
36559  -43.261  -38.810  26.650 0.0000000000
36565  -43.038  -38.345  26.016 0.0000000000
36566  -43.813  -38.296  25.663 0.0000000000
36567  -44.900  -38.379  25.294 0.0000000000
36584  -44.195  -38.045  24.483 0.0000000000
36585  -44.744  -38.451  23.940 0.0000000000
36586  -45.534  -38.981  24.342 0.0000000000
36598  -42.402  -40.177  22.387 0.0000000000
36599  -43.308  -39.686  22.279 0.0000000000
36600  -44.457  -39.523  22.690 0.0000000000
36601  -45.064  -39.396  23.387 0.0000000000
36608  -39.827  -39.853  22.054 0.0000000000
36609  -40.861  -39.893  22.211 0.0000000000
36610  -41.903  -39.931  22.304 0.0000000000
36611  -42.605  -39.773  22.240 0.0000000000
36620  -38.751  -40.097  21.657 0.0000000000
36621  -39.207  -39.999  21.933 0.0000000000
36624  -37.763  -39.815  20.686 0.0000000000
36625  -38.070  -40.025  21.109 0.0000000000
36628  -37.579  -39.980  20.196 0.0000000000
36629  -37.780  -40.083  20.661 0.0000000000
36631  -37.346  -39.906  19.382 0.0000000000
36633  -37.000  -39.560  17.975 0.0000000000
36634  -37.190  -39.847  18.517 0.0000000000
36642  -37.001  -39.437  17.609 0.0000000000
36643  -37.316  -39.870  17.517 0.0000000000
36644  -37.813  -40.294  17.346 0.0000000000
36655  -37.495  -39.691  16.675 0.0000000000
36656  -37.832  -40.139  16.912 0.0000000000
36666  -37.574  -39.459  15.999 0.0000000000
36667  -37.940  -39.967  16.248 0.0000000000
36676  -37.649  -39.224  15.531 0.0000000000
36677  -38.196  -39.677  15.436 0.0000000000
36678  -38.849  -39.973  15.019 0.0000000000
36683  -38.539  -39.492  14.766 0.0000000000
36684  -39.159  -39.747  14.369 0.0000000000
36685  -39.975  -40.093  14.026 0.0000000000
36686  -40.583  -40.234  13.791 0.0000000000
36693  -39.481  -39.468  13.710 0.0000000000
36694  -40.057  -39.602  13.320 0.0000000000
36695  -40.921  -40.082  13.222 0.0000000000
36696  -41.526  -40.150  12.884 0.0000000000
36701  -40.386  -39.405  12.759 0.0000000000
36702  -40.948  -39.521  12.413 0.0000000000
36703  -41.658  -39.874  12.277 0.0000000000
36704  -42.286  -40.116  12.207 0.0000000000
36707  -41.248  -39.330  11.869 0.0000000000
36708  -41.819  -39.514  11.600 0.0000000000
36709  -42.692  -39.991  11.665 0.0000000000
36710  -43.274  -40.216  11.338 0.0000000000
36712  -42.183  -39.400  11.074 0.0000000000
36713  -42.784  -39.597  10.775 0.0000000000
36714  -43.613  -40.176  10.666 0.0000000000
36715  -44.233  -40.362  10.162 0.0000000000
36717  -43.118  -39.510  10.178 0.0000000000
36718  -43.687  -39.729  9.826 0.0000000000
36719  -44.574  -40.063  9.365 0.0000000000
36720  -45.532  -40.313  8.985 0.0000000000
36721  -46.379  -40.628  8.702 0.0000000000
36722  -47.178  -40.934  8.371 0.0000000000
36725  -45.006  -39.625  8.605 0.0000000000
36726  -45.844  -39.888  8.389 0.0000000000
36727  -46.708  -40.210  8.086 0.0000000000
36728  -47.873  -40.539  7.887 0.0000000000
36729  -49.157  -40.461  7.410 0.0000000000
36742  -49.891  -40.163  6.917 0.0000000000
37476  -41.936  -39.380  28.887 0.0000000000
37477  -41.856  -39.315  29.506 0.0000000000
37486  -41.852  -39.171  28.530 0.0000000000
37487  -41.785  -39.029  28.787 0.0000000000
37495  -41.907  -38.983  27.814 0.0000000000
37496  -42.184  -38.625  27.067 0.0000000000
37502  -42.661  -38.135  26.063 0.0000000000
37503  -43.229  -38.018  25.499 0.0000000000
37515  -43.108  -37.693  25.134 0.0000000000
37516  -43.724  -37.786  24.618 0.0000000000
37517  -44.155  -38.047  23.670 0.0000000000
37527  -43.438  -38.707  22.201 0.0000000000
37528  -44.160  -38.701  22.704 0.0000000000
37536  -39.852  -39.317  21.944 0.0000000000
37537  -40.606  -38.991  21.747 0.0000000000
37538  -41.918  -39.059  21.768 0.0000000000
37539  -42.739  -39.246  21.960 0.0000000000
37548  -38.470  -39.348  21.297 0.0000000000
37549  -39.325  -39.346  21.789 0.0000000000
37550  -39.900  -39.016  21.864 0.0000000000
37559  -37.770  -39.401  20.360 0.0000000000
37560  -37.967  -39.493  20.898 0.0000000000
37563  -37.448  -39.470  19.608 0.0000000000
37568  -37.028  -39.125  18.443 0.0000000000
37569  -37.173  -39.460  18.860 0.0000000000
37576  -36.989  -39.182  17.853 0.0000000000
37577  -36.991  -39.434  18.338 0.0000000000
37587  -37.016  -39.168  17.045 0.0000000000
37588  -37.217  -39.485  16.925 0.0000000000
37600  -37.048  -38.889  16.312 0.0000000000
37601  -37.200  -39.261  16.442 0.0000000000
37612  -37.056  -38.643  15.968 0.0000000000
37613  -37.261  -38.897  15.724 0.0000000000
37624  -37.724  -38.884  14.976 0.0000000000
37625  -38.183  -39.227  14.836 0.0000000000
37631  -37.796  -38.506  14.336 0.0000000000
37632  -38.345  -38.898  14.173 0.0000000000
37633  -38.953  -39.133  13.739 0.0000000000
37639  -38.622  -38.703  13.422 0.0000000000
37640  -39.211  -38.915  13.046 0.0000000000
37641  -39.872  -39.040  12.751 0.0000000000
37650  -39.486  -38.661  12.422 0.0000000000
37651  -40.121  -38.843  12.115 0.0000000000
37652  -40.753  -39.006  11.829 0.0000000000
37662  -40.378  -38.646  11.493 0.0000000000
37663  -40.994  -38.868  11.207 0.0000000000
37664  -41.662  -39.041  10.985 0.0000000000
37672  -41.301  -38.670  10.634 0.0000000000
37673  -41.953  -38.892  10.394 0.0000000000
37674  -42.609  -39.121  10.136 0.0000000000
37677  -42.276  -38.684  9.837 0.0000000000
37678  -42.954  -38.904  9.574 0.0000000000
37679  -43.760  -39.225  9.182 0.0000000000
37680  -44.332  -39.299  8.783 0.0000000000
37684  -43.251  -38.648  9.005 0.0000000000
37685  -43.828  -38.670  8.648 0.0000000000
37686  -44.568  -38.869  8.243 0.0000000000
37687  -45.320  -39.234  8.056 0.0000000000
37688  -46.133  -39.465  7.823 0.0000000000
37689  -47.085  -39.678  7.605 0.0000000000
37690  -48.030  -39.880  7.371 0.0000000000
37693  -44.953  -38.692  7.851 0.0000000000
37694  -45.561  -38.779  7.632 0.0000000000
37695  -46.410  -38.983  7.308 0.0000000000
37696  -47.441  -39.170  7.049 0.0000000000
37697  -48.750  -39.620  6.919 0.0000000000
37698  -50.006  -39.683  6.562 0.0000000000
37710  -48.054  -38.935  6.815 0.0000000000
37711  -48.988  -39.014  6.621 0.0000000000
37712  -50.284  -39.176  6.185 0.0000000000
38364  -41.847  -38.911  29.226 0.0000000000
38365  -42.056  -38.707  29.734 0.0000000000
38374  -41.766  -38.979  28.425 0.0000000000
38375  -41.800  -38.739  28.368 0.0000000000
38382  -41.811  -38.901  28.121 0.0000000000
38383  -41.895  -38.466  27.536 0.0000000000
38388  -42.172  -37.919  26.496 0.0000000000
38401  -42.694  -37.360  25.243 0.0000000000
38402  -43.347  -37.385  24.195 0.0000000000
38403  -43.700  -37.788  23.633 0.0000000000
38417  -42.920  -37.021  23.627 0.0000000000
38418  -43.220  -37.820  22.835 0.0000000000
38419  -43.696  -38.290  23.030 0.0000000000
38433  -40.907  -38.165  21.676 0.0000000000
38434  -42.090  -37.676  21.884 0.0000000000
38435  -42.791  -38.519  21.836 0.0000000000
38443  -38.473  -38.940  21.177 0.0000000000
38444  -38.947  -38.637  21.325 0.0000000000
38445  -40.069  -38.363  21.710 0.0000000000
38457  -37.880  -39.087  20.357 0.0000000000
38458  -38.196  -38.886  20.724 0.0000000000
38459  -38.665  -38.439  21.014 0.0000000000
38468  -37.787  -39.012  19.930 0.0000000000
38469  -38.050  -38.763  20.153 0.0000000000
38476  -37.084  -38.949  18.507 0.0000000000
38477  -37.314  -38.998  18.855 0.0000000000
38487  -37.123  -38.825  18.177 0.0000000000
38488  -37.236  -38.814  18.473 0.0000000000
38499  -37.057  -38.740  17.305 0.0000000000
38513  -37.017  -38.554  16.380 0.0000000000
38524  -37.153  -38.296  15.447 0.0000000000
38525  -37.319  -38.551  15.188 0.0000000000
38536  -37.228  -38.001  14.914 0.0000000000
38537  -37.447  -38.191  14.650 0.0000000000
38548  -37.948  -38.136  13.627 0.0000000000
38549  -38.278  -38.463  13.464 0.0000000000
38556  -38.128  -37.921  13.044 0.0000000000
38557  -38.512  -38.150  12.779 0.0000000000
38558  -39.073  -38.450  12.484 0.0000000000
38560  -38.692  -37.782  12.113 0.0000000000
38561  -39.286  -38.088  11.805 0.0000000000
38562  -39.944  -38.427  11.535 0.0000000000
38566  -39.510  -37.697  11.130 0.0000000000
38567  -40.173  -38.062  10.879 0.0000000000
38568  -40.866  -38.433  10.660 0.0000000000
38577  -40.422  -37.679  10.242 0.0000000000
38578  -41.106  -38.073  10.036 0.0000000000
38579  -41.835  -38.435  9.868 0.0000000000
38587  -41.356  -37.691  9.450 0.0000000000
38588  -42.050  -38.085  9.266 0.0000000000
38589  -42.799  -38.409  9.102 0.0000000000
38593  -42.290  -37.701  8.767 0.0000000000
38594  -42.953  -38.023  8.596 0.0000000000
38595  -44.032  -38.085  8.018 0.0000000000
38596  -44.591  -38.429  7.914 0.0000000000
38598  -44.265  -37.745  7.696 0.0000000000
38599  -44.810  -38.091  7.569 0.0000000000
38600  -45.773  -38.256  7.194 0.0000000000
38601  -46.658  -38.435  6.920 0.0000000000
38602  -47.382  -38.608  6.809 0.0000000000
38609  -47.041  -38.177  6.740 0.0000000000
38610  -47.887  -38.306  6.689 0.0000000000
38611  -49.163  -38.355  6.569 0.0000000000
38612  -50.427  -38.560  5.974 0.0000000000
38613  -51.570  -38.796  5.733 0.0000000000
38624  -50.775  -38.300  5.877 0.0000000000
38625  -51.674  -38.448  5.684 0.0000000000
39282  -42.459  -38.491  30.239 0.0000000000
39283  -43.034  -38.306  30.427 0.0000000000
39296  -41.981  -38.477  28.736 0.0000000000
39297  -42.454  -38.108  29.096 0.0000000000
39298  -42.818  -38.210  29.741 0.0000000000
39306  -41.856  -38.170  27.912 0.0000000000
39307  -42.070  -37.960  28.291 0.0000000000
39315  -41.902  -37.643  26.976 0.0000000000
39316  -41.975  -37.642  27.657 0.0000000000
39322  -42.164  -37.211  25.906 0.0000000000
39329  -42.563  -36.808  24.678 0.0000000000
39341  -42.472  -36.710  23.239 0.0000000000
39360  -41.041  -37.634  21.741 0.0000000000
39361  -41.658  -36.848  22.221 0.0000000000
39379  -39.691  -37.897  21.404 0.0000000000
39380  -40.609  -37.298  21.622 0.0000000000
39381  -41.193  -36.597  21.954 0.0000000000
39399  -38.614  -38.372  20.736 0.0000000000
39400  -39.135  -37.987  21.072 0.0000000000
39416  -37.994  -38.735  19.884 0.0000000000
39417  -38.314  -38.537  20.101 0.0000000000
39425  -37.867  -38.708  19.378 0.0000000000
39426  -38.255  -38.536  19.517 0.0000000000
39435  -37.240  -38.637  18.050 0.0000000000
39436  -37.498  -38.614  18.365 0.0000000000
39437  -41.891  -39.203  19.365 0.0000000000
39438  -42.439  -39.541  19.315 0.0000000000
39447  -37.260  -38.475  17.633 0.0000000000
39448  -37.450  -38.394  17.818 0.0000000000
39449  -41.859  -39.361  18.731 0.0000000000
39460  -37.145  -38.263  16.752 0.0000000000
39471  -37.152  -38.005  15.869 0.0000000000
39478  -37.289  -37.741  14.947 0.0000000000
39479  -37.369  -37.865  14.676 0.0000000000
39486  -37.533  -37.417  14.509 0.0000000000
39487  -37.683  -37.592  14.095 0.0000000000
39497  -38.238  -37.489  12.829 0.0000000000
39498  -38.499  -37.653  12.322 0.0000000000
39504  -38.447  -37.047  12.206 0.0000000000
39505  -38.792  -37.256  11.692 0.0000000000
39506  -39.222  -37.533  11.286 0.0000000000
39508  -39.077  -36.844  10.999 0.0000000000
39509  -39.528  -37.151  10.632 0.0000000000
39510  -40.093  -37.497  10.353 0.0000000000
39513  -39.863  -36.760  9.999 0.0000000000
39514  -40.398  -37.123  9.755 0.0000000000
39515  -41.016  -37.504  9.539 0.0000000000
39522  -40.681  -36.743  9.178 0.0000000000
39523  -41.286  -37.140  8.982 0.0000000000
39524  -41.958  -37.518  8.848 0.0000000000
39531  -41.659  -36.656  8.454 0.0000000000
39532  -42.264  -37.136  8.429 0.0000000000
39533  -43.340  -37.226  7.879 0.0000000000
39534  -43.967  -37.576  7.751 0.0000000000
39538  -43.624  -36.804  7.417 0.0000000000
39539  -44.213  -37.278  7.408 0.0000000000
39540  -45.172  -37.419  7.039 0.0000000000
39541  -46.108  -37.802  6.875 0.0000000000
39542  -46.629  -37.988  6.776 0.0000000000
39546  -45.298  -37.073  6.896 0.0000000000
39547  -45.722  -37.159  6.828 0.0000000000
39548  -46.798  -37.514  6.707 0.0000000000
39549  -48.052  -37.533  6.614 0.0000000000
39550  -49.355  -37.599  6.589 0.0000000000
39551  -50.211  -38.000  6.343 0.0000000000
39563  -49.423  -37.189  6.588 0.0000000000
39564  -50.290  -37.586  6.299 0.0000000000
39565  -51.588  -37.863  5.794 0.0000000000
40208  -43.996  -38.290  30.623 0.0000000000
40209  -45.284  -38.176  30.380 0.0000000000
40210  -45.883  -38.236  30.617 0.0000000000
40223  -42.716  -37.624  28.808 0.0000000000
40224  -43.376  -37.735  29.343 0.0000000000
40225  -44.358  -38.056  29.849 0.0000000000
40237  -42.409  -37.379  28.153 0.0000000000
40238  -42.869  -37.357  28.647 0.0000000000
40245  -41.960  -37.009  26.325 0.0000000000
40246  -42.029  -37.000  27.047 0.0000000000
40253  -42.258  -36.612  25.447 0.0000000000
40254  -42.036  -36.578  26.209 0.0000000000
40260  -42.547  -36.392  24.245 0.0000000000
40267  -42.285  -36.306  23.155 0.0000000000
40277  -41.698  -36.251  22.482 0.0000000000
40290  -39.937  -37.304  21.297 0.0000000000
40291  -40.691  -36.606  21.605 0.0000000000
40292  -41.255  -36.215  22.077 0.0000000000
40307  -38.923  -38.074  20.564 0.0000000000
40308  -39.578  -37.422  20.926 0.0000000000
40309  -40.167  -36.837  21.223 0.0000000000
40328  -38.684  -38.262  19.913 0.0000000000
40329  -39.275  -37.804  20.388 0.0000000000
40341  -37.968  -38.530  19.021 0.0000000000
40342  -38.394  -38.443  19.218 0.0000000000
40343  -39.034  -38.118  19.696 0.0000000000
40352  -37.962  -38.423  18.599 0.0000000000
40353  -38.373  -38.282  18.635 0.0000000000
40354  -39.051  -38.252  19.042 0.0000000000
40355  -39.532  -38.289  19.225 0.0000000000
40356  -40.023  -38.290  19.394 0.0000000000
40357  -40.518  -38.478  19.369 0.0000000000
40358  -41.277  -38.867  19.355 0.0000000000
40359  -42.162  -38.945  19.841 0.0000000000
40360  -43.065  -39.227  20.129 0.0000000000
40370  -37.441  -38.302  17.561 0.0000000000
40371  -37.724  -38.214  17.781 0.0000000000
40372  -38.237  -37.931  17.578 0.0000000000
40373  -38.775  -38.080  17.935 0.0000000000
40374  -39.290  -38.260  18.232 0.0000000000
40375  -39.823  -38.396  18.298 0.0000000000
40376  -40.504  -38.586  18.212 0.0000000000
40377  -41.287  -38.916  17.935 0.0000000000
40387  -37.393  -38.102  17.114 0.0000000000
40388  -37.719  -37.672  16.751 0.0000000000
40389  -37.970  -37.589  16.869 0.0000000000
40390  -38.878  -37.818  17.429 0.0000000000
40391  -39.252  -37.899  17.370 0.0000000000
40392  -39.852  -38.100  17.277 0.0000000000
40393  -40.651  -38.328  17.046 0.0000000000
40404  -37.338  -37.791  16.280 0.0000000000
40405  -37.629  -37.324  15.814 0.0000000000
40414  -37.408  -37.538  15.442 0.0000000000
40415  -37.699  -37.089  14.985 0.0000000000
40424  -37.522  -37.354  14.809 0.0000000000
40425  -37.835  -37.077  14.193 0.0000000000
40436  -38.112  -37.014  13.291 0.0000000000
40448  -38.374  -36.862  12.539 0.0000000000
40449  -38.662  -36.696  11.872 0.0000000000
40455  -38.999  -36.528  11.135 0.0000000000
40456  -39.248  -36.573  10.641 0.0000000000
40458  -39.308  -36.239  10.567 0.0000000000
40459  -39.711  -36.314  10.005 0.0000000000
40460  -40.027  -36.570  9.700 0.0000000000
40463  -40.015  -35.953  9.530 0.0000000000
40464  -40.377  -36.209  9.162 0.0000000000
40465  -40.824  -36.560  8.917 0.0000000000
40470  -40.754  -35.795  8.538 0.0000000000
40471  -41.115  -36.213  8.448 0.0000000000
40472  -41.982  -36.251  7.898 0.0000000000
40473  -42.647  -36.709  7.924 0.0000000000
40477  -42.345  -35.823  7.420 0.0000000000
40478  -42.998  -36.299  7.443 0.0000000000
40479  -43.968  -36.425  7.015 0.0000000000
40480  -44.579  -36.947  7.051 0.0000000000
40486  -44.436  -35.995  6.803 0.0000000000
40487  -45.017  -36.638  6.861 0.0000000000
40488  -45.983  -36.508  6.668 0.0000000000
40489  -47.124  -36.605  6.613 0.0000000000
40490  -48.293  -36.677  6.652 0.0000000000
40491  -49.032  -36.998  6.688 0.0000000000
40502  -48.347  -36.232  6.509 0.0000000000
40503  -49.119  -36.581  6.519 0.0000000000
40504  -50.341  -36.772  6.257 0.0000000000
41206  -45.767  -37.847  29.801 0.0000000000
41207  -46.576  -38.117  30.502 0.0000000000
41223  -43.913  -37.119  28.854 0.0000000000
41224  -44.843  -37.518  29.300 0.0000000000
41225  -46.443  -37.281  29.116 0.0000000000
41226  -48.247  -37.686  29.761 0.0000000000
41242  -42.505  -36.633  27.501 0.0000000000
41243  -43.221  -36.808  28.269 0.0000000000
41244  -44.437  -36.529  28.470 0.0000000000
41245  -45.361  -36.975  28.656 0.0000000000
41251  -42.357  -36.189  26.603 0.0000000000
41252  -43.034  -36.024  27.356 0.0000000000
41253  -43.763  -36.032  27.851 0.0000000000
41262  -42.409  -36.197  24.838 0.0000000000
41263  -42.293  -36.123  25.573 0.0000000000
41271  -42.515  -35.979  23.982 0.0000000000
41272  -42.514  -35.908  24.780 0.0000000000
41278  -42.200  -35.938  23.037 0.0000000000
41284  -41.673  -35.870  22.434 0.0000000000
41291  -40.627  -36.287  21.362 0.0000000000
41292  -41.148  -35.981  21.880 0.0000000000
41300  -39.682  -37.350  20.715 0.0000000000
41301  -40.149  -36.778  20.945 0.0000000000
41317  -39.721  -37.485  20.456 0.0000000000
41318  -40.315  -36.941  20.643 0.0000000000
41334  -39.741  -37.746  20.127 0.0000000000
41335  -40.445  -37.163  20.430 0.0000000000
41336  -44.407  -37.376  20.402 0.0000000000
41347  -39.874  -37.913  19.936 0.0000000000
41348  -40.577  -37.493  20.273 0.0000000000
41349  -40.896  -37.663  20.113 0.0000000000
41350  -41.341  -37.823  19.978 0.0000000000
41351  -42.025  -38.018  19.962 0.0000000000
41352  -42.845  -38.210  20.211 0.0000000000
41353  -43.931  -38.119  20.402 0.0000000000
41364  -38.366  -37.749  17.318 0.0000000000
41365  -38.546  -37.686  17.158 0.0000000000
41377  -37.898  -37.438  16.596 0.0000000000
41378  -38.195  -37.444  16.727 0.0000000000
41379  -38.731  -37.398  16.673 0.0000000000
41380  -39.313  -37.416  16.561 0.0000000000
41381  -40.001  -37.559  16.378 0.0000000000
41391  -37.921  -37.216  16.153 0.0000000000
41392  -38.374  -36.821  15.784 0.0000000000
41393  -38.888  -36.833  15.953 0.0000000000
41394  -39.478  -36.794  15.859 0.0000000000
41395  -40.241  -36.798  15.641 0.0000000000
41403  -37.974  -36.873  15.328 0.0000000000
41404  -38.360  -36.510  14.861 0.0000000000
41415  -38.185  -36.635  14.389 0.0000000000
41416  -38.449  -36.462  14.420 0.0000000000
41428  -38.415  -36.508  13.345 0.0000000000
41429  -38.800  -36.170  12.770 0.0000000000
41445  -38.363  -36.670  12.857 0.0000000000
41446  -38.711  -36.363  12.324 0.0000000000
41457  -38.976  -36.233  11.468 0.0000000000
41463  -39.237  -36.055  10.860 0.0000000000
41464  -39.665  -35.933  10.274 0.0000000000
41467  -39.928  -35.836  9.741 0.0000000000
41468  -40.304  -35.662  9.287 0.0000000000
41471  -40.663  -35.489  8.637 0.0000000000
41472  -41.050  -35.429  8.001 0.0000000000
41473  -41.412  -35.796  7.914 0.0000000000
41477  -41.263  -35.104  7.644 0.0000000000
41478  -41.748  -35.374  7.473 0.0000000000
41479  -42.743  -35.424  6.943 0.0000000000
41480  -43.341  -35.889  6.980 0.0000000000
41490  -43.064  -35.050  6.613 0.0000000000
41491  -43.734  -35.399  6.662 0.0000000000
41492  -45.020  -35.600  6.540 0.0000000000
41493  -46.271  -35.562  6.392 0.0000000000
41494  -47.424  -35.944  6.469 0.0000000000
41495  -48.007  -36.107  6.493 0.0000000000
41507  -46.318  -35.018  6.159 0.0000000000
41508  -46.895  -35.176  6.164 0.0000000000
41509  -48.057  -35.624  6.196 0.0000000000
41510  -49.233  -35.740  6.068 0.0000000000
42166  -46.933  -36.748  28.354 0.0000000000
42167  -48.046  -37.051  28.605 0.0000000000
42190  -44.572  -35.832  27.797 0.0000000000
42191  -45.822  -36.281  28.042 0.0000000000
42192  -47.467  -36.507  27.699 0.0000000000
42212  -42.602  -35.760  25.870 0.0000000000
42213  -43.031  -35.556  26.481 0.0000000000
42214  -43.940  -35.385  27.190 0.0000000000
42215  -45.170  -35.426  27.270 0.0000000000
42216  -46.418  -35.708  26.920 0.0000000000
42232  -42.666  -35.689  25.148 0.0000000000
42233  -43.107  -35.334  25.474 0.0000000000
42234  -43.797  -35.120  26.170 0.0000000000
42235  -44.867  -34.982  26.644 0.0000000000
42236  -45.614  -35.197  26.796 0.0000000000
42246  -42.496  -35.675  23.478 0.0000000000
42247  -42.743  -35.434  24.236 0.0000000000
42248  -42.907  -35.383  24.885 0.0000000000
42257  -42.194  -35.567  22.858 0.0000000000
42258  -42.576  -35.340  23.358 0.0000000000
42259  -47.531  -36.474  23.603 0.0000000000
42270  -41.699  -35.476  22.229 0.0000000000
42271  -42.325  -35.115  22.724 0.0000000000
42272  -47.325  -36.313  23.306 0.0000000000
42273  -47.631  -36.519  23.591 0.0000000000
42282  -40.610  -36.155  21.147 0.0000000000
42283  -41.173  -35.693  21.453 0.0000000000
42284  -41.952  -35.058  21.956 0.0000000000
42285  -46.991  -35.973  23.125 0.0000000000
42286  -47.275  -36.247  23.075 0.0000000000
42295  -40.670  -36.163  20.915 0.0000000000
42296  -41.240  -35.686  20.861 0.0000000000
42297  -45.992  -35.655  21.817 0.0000000000
42298  -46.663  -35.993  22.324 0.0000000000
42310  -40.866  -36.326  20.636 0.0000000000
42311  -41.364  -35.880  20.536 0.0000000000
42312  -44.755  -35.698  20.741 0.0000000000
42313  -45.476  -35.787  21.299 0.0000000000
42327  -41.041  -36.547  20.485 0.0000000000
42328  -41.442  -36.090  20.335 0.0000000000
42329  -41.697  -36.077  20.160 0.0000000000
42330  -42.137  -36.045  20.004 0.0000000000
42331  -42.905  -36.074  19.929 0.0000000000
42332  -44.190  -36.383  20.401 0.0000000000
42333  -45.495  -36.643  20.949 0.0000000000
42342  -41.091  -36.621  20.417 0.0000000000
42343  -41.276  -36.713  20.341 0.0000000000
42344  -41.598  -36.765  20.129 0.0000000000
42345  -42.161  -36.854  19.972 0.0000000000
42346  -42.967  -37.035  19.875 0.0000000000
42347  -43.512  -37.395  20.091 0.0000000000
42377  -38.700  -36.526  15.542 0.0000000000
42378  -39.041  -36.352  15.391 0.0000000000
42379  -39.655  -36.159  15.190 0.0000000000
42385  -38.693  -36.341  15.077 0.0000000000
42386  -39.183  -35.985  14.648 0.0000000000
42387  -39.832  -35.607  14.408 0.0000000000
42396  -38.485  -36.417  14.200 0.0000000000
42397  -38.729  -36.167  14.222 0.0000000000
42398  -39.409  -35.538  13.631 0.0000000000
42399  -40.022  -35.193  13.634 0.0000000000
42411  -38.535  -36.322  13.854 0.0000000000
42412  -38.937  -35.905  13.147 0.0000000000
42413  -39.428  -35.466  12.838 0.0000000000
42430  -39.070  -35.888  12.256 0.0000000000
42431  -39.444  -35.549  12.255 0.0000000000
42446  -39.158  -35.916  11.557 0.0000000000
42447  -39.570  -35.584  11.507 0.0000000000
42457  -39.211  -35.940  11.137 0.0000000000
42458  -39.683  -35.679  10.726 0.0000000000
42461  -40.239  -35.511  9.736 0.0000000000
42462  -40.684  -35.165  8.865 0.0000000000
42464  -41.020  -34.911  8.074 0.0000000000
42465  -41.076  -34.999  7.764 0.0000000000
42467  -41.241  -34.580  7.783 0.0000000000
42468  -41.457  -34.733  7.527 0.0000000000
42469  -42.312  -34.616  6.834 0.0000000000
42470  -42.778  -34.890  6.646 0.0000000000
42479  -42.715  -34.150  6.457 0.0000000000
42480  -43.135  -34.502  6.374 0.0000000000
42481  -44.273  -34.403  6.112 0.0000000000
42482  -45.457  -34.805  6.158 0.0000000000
42483  -46.031  -34.945  6.151 0.0000000000
42491  -44.480  -33.742  5.796 0.0000000000
42492  -45.091  -33.956  5.882 0.0000000000
42493  -46.148  -34.392  5.982 0.0000000000
42494  -47.282  -34.506  5.945 0.0000000000
42495  -48.383  -34.711  5.919 0.0000000000
43084  -46.438  -35.432  26.525 0.0000000000
43085  -46.884  -35.763  26.393 0.0000000000
43105  -43.312  -35.142  25.159 0.0000000000
43106  -43.682  -35.041  25.344 0.0000000000
43107  -44.674  -34.953  25.705 0.0000000000
43108  -46.135  -35.204  26.162 0.0000000000
43109  -47.611  -36.074  25.741 0.0000000000
43128  -42.946  -35.089  24.158 0.0000000000
43129  -43.263  -35.081  24.629 0.0000000000
43130  -44.282  -34.900  24.799 0.0000000000
43131  -45.529  -35.067  25.005 0.0000000000
43132  -46.903  -35.562  25.049 0.0000000000
43151  -42.953  -34.960  23.552 0.0000000000
43152  -43.866  -34.771  23.877 0.0000000000
43153  -44.995  -34.937  24.088 0.0000000000
43154  -46.253  -35.390  24.198 0.0000000000
43155  -47.467  -36.175  24.195 0.0000000000
43168  -42.688  -34.757  22.442 0.0000000000
43169  -43.516  -34.634  22.882 0.0000000000
43170  -44.540  -34.766  23.175 0.0000000000
43171  -45.683  -35.226  23.377 0.0000000000
43172  -46.833  -35.834  23.497 0.0000000000
43182  -41.771  -35.179  21.224 0.0000000000
43183  -42.437  -34.771  21.596 0.0000000000
43184  -43.224  -34.548  21.957 0.0000000000
43185  -44.163  -34.645  22.260 0.0000000000
43186  -45.211  -35.016  22.517 0.0000000000
43187  -46.355  -35.643  22.779 0.0000000000
43188  -46.703  -35.883  22.557 0.0000000000
43197  -41.754  -35.398  20.706 0.0000000000
43198  -42.304  -35.023  20.930 0.0000000000
43199  -42.999  -34.752  21.162 0.0000000000
43200  -43.851  -34.744  21.405 0.0000000000
43201  -44.769  -34.944  21.716 0.0000000000
43202  -45.748  -35.443  21.989 0.0000000000
43203  -46.371  -35.708  22.364 0.0000000000
43211  -41.782  -35.634  20.471 0.0000000000
43212  -42.205  -35.374  20.505 0.0000000000
43213  -42.817  -35.082  20.559 0.0000000000
43214  -43.562  -35.048  20.723 0.0000000000
43215  -44.477  -35.287  20.909 0.0000000000
43216  -45.105  -35.297  21.443 0.0000000000
43228  -41.756  -35.825  20.316 0.0000000000
43229  -42.010  -35.675  20.223 0.0000000000
43230  -42.564  -35.531  20.177 0.0000000000
43231  -43.346  -35.470  20.243 0.0000000000
43232  -43.924  -35.421  20.433 0.0000000000
43280  -39.753  -35.196  13.284 0.0000000000
43281  -40.043  -34.979  13.026 0.0000000000
43282  -40.342  -34.922  12.692 0.0000000000
43289  -39.700  -35.179  12.912 0.0000000000
43290  -40.072  -34.986  12.451 0.0000000000
43291  -40.684  -34.887  12.153 0.0000000000
43303  -39.760  -35.173  12.273 0.0000000000
43304  -40.293  -35.005  11.693 0.0000000000
43305  -40.952  -34.835  11.148 0.0000000000
43318  -39.938  -35.197  11.516 0.0000000000
43319  -40.672  -34.933  10.667 0.0000000000
43320  -41.395  -34.607  10.194 0.0000000000
43333  -40.157  -35.248  10.722 0.0000000000
43334  -40.841  -34.956  9.870 0.0000000000
43341  -40.413  -35.317  10.056 0.0000000000
43342  -40.890  -34.909  9.202 0.0000000000
43345  -41.112  -34.622  8.372 0.0000000000
43346  -41.388  -34.347  7.965 0.0000000000
43349  -41.171  -34.495  7.996 0.0000000000
43350  -41.523  -34.319  7.650 0.0000000000
43351  -41.982  -34.170  7.158 0.0000000000
43360  -42.552  -33.917  6.639 0.0000000000
43361  -43.033  -33.734  6.128 0.0000000000
43362  -43.526  -33.894  5.972 0.0000000000
43372  -43.483  -33.445  5.856 0.0000000000
43373  -43.978  -33.499  5.751 0.0000000000
43374  -44.687  -33.185  5.615 0.0000000000
43375  -45.618  -33.329  5.691 0.0000000000
43376  -46.647  -33.472  5.777 0.0000000000
44241  -41.338  -34.540  9.607 0.0000000000
44242  -41.891  -34.037  9.367 0.0000000000
44243  -42.688  -33.791  9.186 0.0000000000
44253  -41.273  -34.307  9.039 0.0000000000
44254  -41.829  -33.859  8.822 0.0000000000
44255  -42.489  -33.474  8.633 0.0000000000
44267  -41.383  -34.334  8.483 0.0000000000
44268  -41.816  -33.826  8.297 0.0000000000
44269  -42.555  -33.277  8.058 0.0000000000
44270  -43.054  -33.003  8.078 0.0000000000
44273  -41.406  -34.303  8.199 0.0000000000
44274  -41.728  -33.988  7.802 0.0000000000
44275  -42.430  -33.438  7.589 0.0000000000
44278  -41.887  -34.007  7.396 0.0000000000
44279  -42.442  -33.599  7.033 0.0000000000
44285  -42.979  -33.373  6.378 0.0000000000
44286  -43.418  -33.055  5.914 0.0000000000
44287  -43.768  -32.634  5.834 0.0000000000
44300  -43.682  -33.171  5.734 0.0000000000
44301  -44.032  -32.796  5.615 0.0000000000
44302  -44.625  -32.564  5.514 0.0000000000
44303  -45.228  -32.578  5.473 0.0000000000
45269  -43.629  -32.585  7.890 0.0000000000
45270  -44.260  -32.459  8.008 0.0000000000
45281  -43.037  -32.918  7.404 0.0000000000
45282  -43.431  -32.569  7.546 0.0000000000
45283  -44.195  -31.853  7.455 0.0000000000
45289  -43.021  -32.922  6.971 0.0000000000
45290  -43.631  -32.191  6.942 0.0000000000
45291  -43.875  -31.981  7.193 0.0000000000
45293  -43.131  -32.981  6.490 0.0000000000
45294  -43.577  -32.464  6.502 0.0000000000
45298  -43.251  -32.975  6.173 0.0000000000
45299  -43.564  -32.593  6.067 0.0000000000
45300  -44.197  -32.185  5.817 0.0000000000
45301  -44.730  -31.720  5.810 0.0000000000
45316  -44.423  -32.371  5.629 0.0000000000
45317  -44.918  -32.003  5.568 0.0000000000
46311  -44.529  -31.300  7.176 0.0000000000
46312  -44.874  -31.197  7.313 0.0000000000
46319  -44.039  -31.691  6.665 0.0000000000
46320  -44.328  -31.409  6.902 0.0000000000
46321  -44.871  -30.966  7.035 0.0000000000
46324  -43.957  -31.847  6.419 0.0000000000
46325  -44.387  -31.447  6.471 0.0000000000
46329  -43.918  -32.079  6.124 0.0000000000
46330  -44.527  -31.514  6.072 0.0000000000
47258  -44.563  -31.103  6.751 0.0000000000
47259  -44.841  -30.929  6.763 0.0000000000
47266  -44.658  -31.070  6.538 0.0000000000
47273  -44.755  -31.084  6.307 0.0000000000
