#!ascii label  , from subject Yale_0050553 vox2ras=TkReg
1574
103348  21.481  27.644  -1.571 0.0000000000
103349  21.281  27.616  -1.669 0.0000000000
103356  21.100  27.473  -1.688 0.0000000000
103357  20.700  27.037  -2.435 0.0000000000
103358  20.044  26.808  -3.413 0.0000000000
103359  19.611  26.348  -3.735 0.0000000000
103365  20.879  26.933  -2.732 0.0000000000
104016  22.084  28.151  -0.360 0.0000000000
104017  21.656  28.222  -0.721 0.0000000000
104018  21.778  28.142  -1.056 0.0000000000
104030  22.355  28.507  -0.526 0.0000000000
104031  22.040  28.298  -0.717 0.0000000000
104032  21.323  27.881  -1.192 0.0000000000
104033  21.213  27.537  -1.895 0.0000000000
104034  20.987  27.193  -2.475 0.0000000000
104035  20.408  27.024  -2.866 0.0000000000
104044  22.611  28.339  -0.645 0.0000000000
104045  22.291  28.076  -1.128 0.0000000000
104046  21.426  27.708  -1.698 0.0000000000
104047  20.525  26.963  -2.540 0.0000000000
104048  20.275  26.860  -2.773 0.0000000000
104049  19.656  26.444  -3.529 0.0000000000
104059  21.705  28.398  -2.020 0.0000000000
104060  22.020  28.012  -2.319 0.0000000000
104071  21.940  28.272  -2.771 0.0000000000
104786  23.155  29.811  1.598 0.0000000000
104787  22.934  29.583  1.409 0.0000000000
104788  22.555  29.200  1.064 0.0000000000
104789  22.485  28.824  0.729 0.0000000000
104803  23.284  29.713  0.924 0.0000000000
104804  23.126  29.614  1.094 0.0000000000
104805  22.624  28.699  0.323 0.0000000000
104806  22.370  28.491  0.145 0.0000000000
104807  21.987  28.428  -0.176 0.0000000000
104808  21.921  28.213  -1.015 0.0000000000
104819  23.417  29.299  0.433 0.0000000000
104820  22.895  28.674  -0.083 0.0000000000
104821  22.551  28.403  -0.167 0.0000000000
104822  21.692  28.027  -1.211 0.0000000000
104823  21.436  27.864  -1.842 0.0000000000
104824  20.692  27.379  -2.892 0.0000000000
104832  23.278  28.945  -0.464 0.0000000000
104833  22.720  28.444  -1.036 0.0000000000
104834  22.147  28.354  -1.534 0.0000000000
104835  19.911  26.774  -3.847 0.0000000000
104844  22.922  29.125  -1.645 0.0000000000
104845  22.476  28.502  -2.247 0.0000000000
104846  22.022  28.407  -1.861 0.0000000000
105626  23.986  29.752  2.986 0.0000000000
105627  23.657  29.785  2.900 0.0000000000
105628  23.095  29.562  2.656 0.0000000000
105629  22.866  29.364  2.086 0.0000000000
105643  24.083  30.004  2.374 0.0000000000
105644  23.744  30.027  2.382 0.0000000000
105645  22.984  29.677  1.982 0.0000000000
105646  22.622  29.345  1.604 0.0000000000
105647  22.311  29.076  0.944 0.0000000000
105648  22.087  28.955  0.154 0.0000000000
105661  24.029  30.338  1.109 0.0000000000
105662  23.598  30.027  1.250 0.0000000000
105663  23.359  29.927  1.542 0.0000000000
105664  21.898  28.726  -0.195 0.0000000000
105665  22.205  28.199  -1.050 0.0000000000
105678  24.294  29.937  0.400 0.0000000000
105679  23.807  29.467  0.060 0.0000000000
105680  21.660  27.915  -2.304 0.0000000000
105681  20.914  27.477  -3.265 0.0000000000
105694  24.134  29.903  -0.611 0.0000000000
105695  23.188  29.658  -0.871 0.0000000000
105714  23.031  29.723  -1.671 0.0000000000
106438  23.271  30.998  3.331 0.0000000000
106439  23.526  30.437  3.363 0.0000000000
106440  23.502  30.268  3.181 0.0000000000
106456  23.894  30.803  3.120 0.0000000000
106457  23.737  30.268  3.038 0.0000000000
106458  23.492  29.842  3.163 0.0000000000
106459  23.111  29.701  2.851 0.0000000000
106460  22.707  29.463  1.968 0.0000000000
106476  24.987  31.410  2.045 0.0000000000
106477  24.395  31.267  2.179 0.0000000000
106478  24.036  30.462  2.673 0.0000000000
106479  24.171  30.018  2.910 0.0000000000
106480  22.577  29.245  0.980 0.0000000000
106481  22.295  29.103  -0.125 0.0000000000
106495  24.673  31.255  1.382 0.0000000000
106496  24.006  30.707  1.619 0.0000000000
106497  24.080  30.113  2.172 0.0000000000
106498  21.937  28.525  -1.479 0.0000000000
106512  24.892  31.257  0.280 0.0000000000
106513  24.420  30.648  0.839 0.0000000000
106514  21.381  28.301  -2.542 0.0000000000
106515  20.969  27.810  -3.326 0.0000000000
106531  24.545  30.557  -0.213 0.0000000000
107292  23.640  32.069  4.145 0.0000000000
107293  23.350  31.691  4.163 0.0000000000
107294  23.323  31.405  3.967 0.0000000000
107295  23.476  31.059  3.848 0.0000000000
107314  23.941  32.517  3.780 0.0000000000
107315  23.539  32.013  3.711 0.0000000000
107316  23.456  31.352  3.769 0.0000000000
107317  23.242  31.058  3.549 0.0000000000
107318  23.238  30.592  3.132 0.0000000000
107319  23.041  30.416  2.712 0.0000000000
107339  24.272  32.855  2.987 0.0000000000
107340  23.932  32.343  3.305 0.0000000000
107341  23.510  31.694  3.338 0.0000000000
107342  23.283  31.389  3.412 0.0000000000
107343  23.135  29.796  2.494 0.0000000000
107344  23.145  29.803  1.819 0.0000000000
107345  23.283  29.880  1.208 0.0000000000
107362  25.922  32.250  2.200 0.0000000000
107363  25.025  31.915  2.334 0.0000000000
107364  23.974  31.913  2.677 0.0000000000
107365  23.653  31.603  2.949 0.0000000000
107366  22.765  29.409  0.826 0.0000000000
107367  22.858  29.686  0.463 0.0000000000
107378  25.657  32.569  1.275 0.0000000000
107379  25.362  31.754  1.817 0.0000000000
107380  22.850  28.957  -0.995 0.0000000000
107392  25.325  31.876  0.784 0.0000000000
107393  22.332  28.591  -2.138 0.0000000000
107394  21.787  28.240  -2.737 0.0000000000
107405  21.207  28.320  -3.426 0.0000000000
108070  24.586  32.762  5.342 0.0000000000
108071  24.210  32.592  5.408 0.0000000000
108072  24.050  32.339  5.336 0.0000000000
108073  23.858  32.220  5.260 0.0000000000
108074  23.859  32.267  5.029 0.0000000000
108084  24.589  33.434  4.658 0.0000000000
108085  24.277  32.998  4.553 0.0000000000
108086  24.079  32.410  4.784 0.0000000000
108087  23.824  32.128  4.783 0.0000000000
108088  23.473  31.895  4.713 0.0000000000
108089  23.337  31.760  4.361 0.0000000000
108090  23.377  31.597  3.744 0.0000000000
108104  24.578  33.459  4.014 0.0000000000
108105  24.135  33.154  4.088 0.0000000000
108106  23.836  32.606  4.159 0.0000000000
108107  23.468  30.843  3.725 0.0000000000
108108  23.130  30.949  3.275 0.0000000000
108120  25.590  33.711  3.324 0.0000000000
108121  24.652  33.534  3.423 0.0000000000
108122  24.106  33.180  3.576 0.0000000000
108123  23.104  30.353  2.321 0.0000000000
108124  23.527  30.028  1.604 0.0000000000
108133  26.828  33.725  2.105 0.0000000000
108134  26.348  32.966  2.582 0.0000000000
108135  25.442  32.799  2.649 0.0000000000
108136  23.428  29.986  0.766 0.0000000000
108144  26.293  33.074  1.730 0.0000000000
108145  23.239  29.736  -0.421 0.0000000000
108154  22.625  29.341  -1.763 0.0000000000
108155  22.370  28.538  -2.389 0.0000000000
108162  22.022  29.647  -3.035 0.0000000000
108163  21.778  28.697  -2.549 0.0000000000
108775  28.049  35.430  7.221 0.0000000000
108776  27.806  35.223  7.106 0.0000000000
108777  27.373  35.011  7.000 0.0000000000
108785  28.252  35.362  7.160 0.0000000000
108786  28.033  35.220  7.124 0.0000000000
108787  27.348  34.879  6.794 0.0000000000
108788  26.683  34.379  6.703 0.0000000000
108789  25.911  33.808  6.768 0.0000000000
108790  25.346  33.664  6.809 0.0000000000
108795  41.188  33.096  6.604 0.0000000000
108796  40.877  33.186  6.702 0.0000000000
108797  28.516  35.129  6.936 0.0000000000
108798  28.275  35.054  6.999 0.0000000000
108799  27.505  34.836  6.589 0.0000000000
108800  26.828  34.167  6.378 0.0000000000
108801  26.134  33.585  6.332 0.0000000000
108802  25.422  33.311  6.390 0.0000000000
108803  24.831  33.280  6.511 0.0000000000
108804  24.359  33.158  6.333 0.0000000000
108805  24.164  33.113  6.160 0.0000000000
108814  41.396  32.787  6.203 0.0000000000
108815  40.423  33.017  6.423 0.0000000000
108816  39.486  33.420  6.520 0.0000000000
108817  38.748  33.859  6.825 0.0000000000
108818  28.385  35.027  6.615 0.0000000000
108819  27.696  34.986  6.227 0.0000000000
108820  27.009  34.407  5.932 0.0000000000
108821  26.272  33.543  5.869 0.0000000000
108822  25.457  33.043  5.777 0.0000000000
108823  24.856  32.839  5.924 0.0000000000
108824  24.434  32.757  5.919 0.0000000000
108825  24.296  32.710  5.813 0.0000000000
108826  24.213  32.686  5.584 0.0000000000
108838  38.492  34.219  6.512 0.0000000000
108839  28.055  34.970  5.970 0.0000000000
108840  27.230  34.859  5.259 0.0000000000
108841  26.327  33.836  5.276 0.0000000000
108842  25.569  33.237  5.274 0.0000000000
108843  24.997  32.889  5.165 0.0000000000
108844  24.059  32.399  4.962 0.0000000000
108845  23.561  32.057  4.172 0.0000000000
108857  27.860  34.647  3.784 0.0000000000
108858  27.195  34.566  4.394 0.0000000000
108859  26.113  34.394  4.497 0.0000000000
108860  25.225  33.882  4.516 0.0000000000
108861  23.359  31.734  3.147 0.0000000000
108875  27.959  34.680  3.009 0.0000000000
108876  27.402  34.138  3.467 0.0000000000
108877  26.259  34.121  3.911 0.0000000000
108878  25.348  33.750  4.003 0.0000000000
108879  23.907  30.934  2.118 0.0000000000
108880  23.673  30.347  1.844 0.0000000000
108892  27.398  34.320  2.528 0.0000000000
108893  26.860  33.538  3.052 0.0000000000
108894  24.323  30.870  0.731 0.0000000000
108895  23.826  30.356  1.249 0.0000000000
108906  24.073  30.970  -0.525 0.0000000000
108907  23.634  30.445  0.148 0.0000000000
108916  24.189  31.997  -2.120 0.0000000000
108917  23.889  31.011  -1.641 0.0000000000
108918  23.570  30.250  -1.203 0.0000000000
108932  22.859  30.332  -2.158 0.0000000000
109421  29.356  35.914  9.308 0.0000000000
109422  29.103  35.796  9.057 0.0000000000
109426  37.444  34.975  9.907 0.0000000000
109427  37.041  35.617  10.150 0.0000000000
109428  36.963  36.120  10.309 0.0000000000
109429  30.052  36.397  9.267 0.0000000000
109430  29.661  36.009  8.923 0.0000000000
109431  29.034  35.732  8.443 0.0000000000
109432  28.411  35.348  7.550 0.0000000000
109433  27.890  35.291  7.257 0.0000000000
109434  27.058  34.961  6.909 0.0000000000
109435  26.116  34.488  6.976 0.0000000000
109436  25.570  34.198  7.154 0.0000000000
109446  40.966  33.963  7.144 0.0000000000
109447  40.799  33.940  7.434 0.0000000000
109448  40.164  33.959  7.920 0.0000000000
109449  39.194  34.126  8.452 0.0000000000
109450  38.155  34.525  9.051 0.0000000000
109451  37.468  35.040  9.400 0.0000000000
109452  37.356  36.328  9.958 0.0000000000
109453  30.838  36.981  8.583 0.0000000000
109454  30.287  36.456  8.619 0.0000000000
109455  29.426  35.724  8.056 0.0000000000
109456  28.557  35.504  7.393 0.0000000000
109457  28.420  35.220  7.333 0.0000000000
109458  26.231  34.293  6.871 0.0000000000
109459  25.677  34.011  7.046 0.0000000000
109460  25.100  33.872  7.065 0.0000000000
109461  24.561  33.864  7.003 0.0000000000
109468  41.672  33.577  5.893 0.0000000000
109469  41.488  33.624  6.482 0.0000000000
109470  41.008  33.397  6.764 0.0000000000
109471  40.015  33.573  7.423 0.0000000000
109472  38.884  33.963  8.047 0.0000000000
109473  38.073  34.474  8.422 0.0000000000
109474  37.618  35.449  8.788 0.0000000000
109475  37.607  37.171  9.190 0.0000000000
109476  31.422  36.963  7.912 0.0000000000
109477  30.966  36.749  8.033 0.0000000000
109478  30.069  35.861  7.686 0.0000000000
109479  28.943  35.227  7.181 0.0000000000
109480  28.555  35.280  7.246 0.0000000000
109481  24.558  33.565  6.748 0.0000000000
109482  24.243  33.574  6.618 0.0000000000
109483  24.116  33.380  6.230 0.0000000000
109490  41.592  33.004  6.159 0.0000000000
109491  41.465  33.054  6.401 0.0000000000
109492  39.476  33.583  7.205 0.0000000000
109493  38.742  33.940  7.473 0.0000000000
109494  38.106  34.609  7.611 0.0000000000
109495  37.949  36.317  8.044 0.0000000000
109496  37.763  37.781  8.557 0.0000000000
109497  31.505  36.711  7.552 0.0000000000
109498  30.884  35.915  7.250 0.0000000000
109499  29.887  35.418  6.800 0.0000000000
109500  28.864  35.104  6.314 0.0000000000
109501  24.091  33.106  5.727 0.0000000000
109509  38.203  35.198  7.083 0.0000000000
109510  38.180  36.404  6.926 0.0000000000
109511  31.524  36.472  6.690 0.0000000000
109512  30.827  35.554  6.300 0.0000000000
109513  29.732  35.018  5.880 0.0000000000
109514  28.380  34.777  5.319 0.0000000000
109515  27.695  35.015  4.699 0.0000000000
109516  24.278  32.706  5.129 0.0000000000
109517  23.762  32.349  4.813 0.0000000000
109525  31.843  35.911  5.804 0.0000000000
109526  30.821  35.362  5.182 0.0000000000
109527  29.573  34.768  4.579 0.0000000000
109528  28.379  34.905  4.236 0.0000000000
109529  27.744  34.868  4.303 0.0000000000
109530  23.915  32.725  4.696 0.0000000000
109531  23.649  32.233  3.874 0.0000000000
109543  32.619  36.465  4.062 0.0000000000
109544  31.944  36.311  4.485 0.0000000000
109545  30.422  35.938  4.030 0.0000000000
109546  29.211  35.356  3.494 0.0000000000
109547  28.388  34.919  3.467 0.0000000000
109548  23.857  31.887  2.729 0.0000000000
109558  32.485  36.520  3.627 0.0000000000
109563  25.076  32.077  0.847 0.0000000000
109564  24.649  31.786  1.315 0.0000000000
109575  25.218  32.098  0.215 0.0000000000
109576  24.787  31.534  -0.165 0.0000000000
109588  25.009  33.102  -1.659 0.0000000000
109589  25.009  32.528  -1.333 0.0000000000
109590  24.564  31.511  -1.271 0.0000000000
109607  24.953  33.156  -2.061 0.0000000000
110049  35.598  36.778  11.997 0.0000000000
110050  34.940  36.725  12.377 0.0000000000
110051  34.256  36.559  12.576 0.0000000000
110052  33.650  36.565  12.649 0.0000000000
110053  33.322  36.753  12.626 0.0000000000
110061  36.653  36.168  11.142 0.0000000000
110062  36.147  36.669  11.404 0.0000000000
110063  35.456  36.920  11.850 0.0000000000
110064  34.735  36.943  12.127 0.0000000000
110065  33.981  37.034  12.319 0.0000000000
110066  33.489  36.871  12.462 0.0000000000
110074  38.183  35.053  10.035 0.0000000000
110075  37.563  35.160  10.385 0.0000000000
110076  37.042  35.626  10.740 0.0000000000
110077  36.480  36.190  10.987 0.0000000000
110078  35.879  36.934  11.282 0.0000000000
110079  35.194  37.452  11.658 0.0000000000
110080  34.453  37.589  11.820 0.0000000000
110081  29.513  36.290  10.063 0.0000000000
110082  29.079  35.847  9.470 0.0000000000
110083  28.980  35.951  8.686 0.0000000000
110084  28.701  35.764  8.115 0.0000000000
110085  28.507  35.654  7.907 0.0000000000
110093  39.752  34.851  8.965 0.0000000000
110094  38.920  34.859  9.475 0.0000000000
110095  38.065  34.839  9.927 0.0000000000
110096  37.435  34.999  10.246 0.0000000000
110097  36.974  35.561  10.505 0.0000000000
110098  36.734  36.837  10.677 0.0000000000
110099  35.473  37.949  10.961 0.0000000000
110100  34.869  37.975  11.480 0.0000000000
110101  30.465  37.816  9.666 0.0000000000
110102  30.097  36.862  9.724 0.0000000000
110103  29.780  36.257  9.618 0.0000000000
110104  29.003  35.639  8.912 0.0000000000
110105  28.811  35.603  8.509 0.0000000000
110106  28.344  35.419  8.035 0.0000000000
110107  27.923  35.348  7.529 0.0000000000
110108  26.834  34.925  6.996 0.0000000000
110109  25.742  34.387  7.078 0.0000000000
110117  40.917  34.488  6.968 0.0000000000
110118  40.679  34.373  7.661 0.0000000000
110119  40.240  34.415  8.271 0.0000000000
110120  39.493  34.482  8.753 0.0000000000
110121  38.584  34.600  9.257 0.0000000000
110122  37.885  34.750  9.734 0.0000000000
110123  36.703  37.977  9.916 0.0000000000
110124  36.224  38.004  10.487 0.0000000000
110125  31.604  38.146  9.011 0.0000000000
110126  30.849  37.401  9.063 0.0000000000
110127  30.358  36.909  9.285 0.0000000000
110128  24.965  34.223  7.108 0.0000000000
110129  24.335  34.106  6.926 0.0000000000
110130  24.257  34.285  6.704 0.0000000000
110135  41.373  33.989  5.733 0.0000000000
110136  41.098  34.037  6.886 0.0000000000
110137  37.062  38.329  9.064 0.0000000000
110138  33.076  38.218  7.916 0.0000000000
110139  31.819  37.573  8.127 0.0000000000
110140  31.144  37.453  8.532 0.0000000000
110141  24.095  33.763  6.597 0.0000000000
110142  24.117  33.881  6.355 0.0000000000
110148  37.887  37.664  7.645 0.0000000000
110149  37.173  38.541  8.148 0.0000000000
110150  33.324  37.645  6.852 0.0000000000
110151  32.349  37.116  7.249 0.0000000000
110152  24.229  33.491  5.688 0.0000000000
110161  33.457  37.150  5.947 0.0000000000
110162  32.571  36.715  6.323 0.0000000000
110163  24.461  32.975  4.948 0.0000000000
110172  33.836  38.132  4.633 0.0000000000
110173  33.500  36.912  5.049 0.0000000000
110174  32.846  36.379  5.406 0.0000000000
110175  23.809  33.026  3.724 0.0000000000
110176  23.918  32.257  3.118 0.0000000000
110188  33.151  36.815  4.006 0.0000000000
110189  33.013  36.411  4.731 0.0000000000
110190  24.358  33.085  2.372 0.0000000000
110191  24.176  32.329  2.497 0.0000000000
110204  25.061  32.607  0.960 0.0000000000
110205  24.338  32.569  1.781 0.0000000000
110218  25.557  33.544  -0.722 0.0000000000
110219  25.467  32.774  -0.304 0.0000000000
110233  25.274  33.470  -1.841 0.0000000000
110234  25.378  33.025  -1.065 0.0000000000
110700  34.874  36.627  12.947 0.0000000000
110701  34.501  36.567  13.115 0.0000000000
110702  33.827  36.523  13.295 0.0000000000
110703  33.126  36.632  13.379 0.0000000000
110704  32.340  36.762  13.370 0.0000000000
110705  31.644  36.937  13.279 0.0000000000
110715  36.370  36.507  11.344 0.0000000000
110716  35.988  36.694  11.593 0.0000000000
110717  35.119  36.715  12.551 0.0000000000
110718  34.409  36.502  12.842 0.0000000000
110719  33.746  36.449  12.945 0.0000000000
110720  33.058  36.667  12.868 0.0000000000
110721  32.035  37.064  12.641 0.0000000000
110722  31.279  37.237  12.825 0.0000000000
110727  37.243  35.858  10.857 0.0000000000
110728  36.878  36.104  11.073 0.0000000000
110729  36.440  36.465  11.247 0.0000000000
110730  33.524  37.157  12.253 0.0000000000
110731  32.968  37.190  12.265 0.0000000000
110732  31.883  37.545  11.743 0.0000000000
110733  29.700  37.151  11.382 0.0000000000
110734  29.422  36.867  11.299 0.0000000000
110735  29.040  36.536  11.000 0.0000000000
110740  39.272  35.528  9.429 0.0000000000
110741  38.801  35.362  9.639 0.0000000000
110742  37.587  35.612  10.362 0.0000000000
110743  37.257  35.538  10.656 0.0000000000
110744  33.646  37.545  11.866 0.0000000000
110745  32.769  37.873  11.411 0.0000000000
110746  31.448  38.316  11.087 0.0000000000
110747  30.645  38.270  10.998 0.0000000000
110748  29.907  37.223  10.992 0.0000000000
110749  29.242  36.315  10.580 0.0000000000
110750  28.850  36.081  10.087 0.0000000000
110751  28.912  35.979  9.015 0.0000000000
110752  28.786  35.846  8.488 0.0000000000
110759  40.219  35.392  8.659 0.0000000000
110760  39.815  35.358  9.091 0.0000000000
110761  39.395  35.060  9.357 0.0000000000
110762  35.013  38.657  10.693 0.0000000000
110763  34.132  38.393  11.139 0.0000000000
110764  32.577  38.636  10.666 0.0000000000
110765  31.172  38.475  10.359 0.0000000000
110766  30.225  37.582  10.312 0.0000000000
110767  29.878  36.761  10.160 0.0000000000
110768  28.306  35.710  7.747 0.0000000000
110769  27.489  35.269  7.330 0.0000000000
110770  26.467  34.776  7.071 0.0000000000
110771  25.733  34.718  6.984 0.0000000000
110778  40.765  34.946  7.006 0.0000000000
110779  40.531  35.127  8.039 0.0000000000
110780  40.288  34.814  8.516 0.0000000000
110781  36.191  38.624  9.825 0.0000000000
110782  35.691  38.817  10.157 0.0000000000
110783  32.265  38.358  9.824 0.0000000000
110784  31.166  38.296  9.598 0.0000000000
110785  25.512  34.523  7.081 0.0000000000
110786  25.010  34.610  7.096 0.0000000000
110787  24.566  34.606  6.833 0.0000000000
110792  40.931  34.876  5.827 0.0000000000
110793  36.255  38.892  9.522 0.0000000000
110794  35.197  38.944  9.144 0.0000000000
110795  34.104  38.928  8.625 0.0000000000
110796  32.829  38.806  8.974 0.0000000000
110797  24.328  34.533  6.465 0.0000000000
110803  36.216  38.899  8.648 0.0000000000
110804  35.071  39.263  8.114 0.0000000000
110805  34.120  38.714  7.549 0.0000000000
110806  24.228  34.305  5.975 0.0000000000
110814  34.738  39.545  6.846 0.0000000000
110815  34.111  38.230  6.436 0.0000000000
110816  24.466  33.879  5.432 0.0000000000
110826  33.705  38.061  5.628 0.0000000000
110827  24.648  33.468  4.774 0.0000000000
110839  25.539  33.665  3.253 0.0000000000
110840  24.998  33.788  3.450 0.0000000000
110851  25.076  34.284  2.314 0.0000000000
110852  24.981  33.757  1.684 0.0000000000
110864  26.140  35.077  -0.569 0.0000000000
110865  25.933  34.389  0.214 0.0000000000
110866  25.668  33.311  0.314 0.0000000000
110881  26.103  35.175  -1.280 0.0000000000
110882  25.453  34.683  -1.627 0.0000000000
111316  30.413  37.332  14.889 0.0000000000
111317  30.335  37.495  14.828 0.0000000000
111327  33.089  37.026  14.182 0.0000000000
111328  32.485  36.947  14.433 0.0000000000
111329  31.790  36.790  14.553 0.0000000000
111330  31.180  36.820  14.502 0.0000000000
111331  30.709  37.171  14.543 0.0000000000
111332  30.393  37.501  14.549 0.0000000000
111342  35.170  36.927  12.764 0.0000000000
111343  34.679  36.816  13.203 0.0000000000
111344  33.848  36.835  13.657 0.0000000000
111345  33.141  36.798  13.808 0.0000000000
111346  32.434  36.784  13.947 0.0000000000
111347  31.700  36.753  13.921 0.0000000000
111348  31.027  37.286  13.525 0.0000000000
111349  30.385  37.740  13.562 0.0000000000
111350  30.021  38.022  13.043 0.0000000000
111356  36.796  36.621  11.203 0.0000000000
111357  36.211  36.689  11.408 0.0000000000
111358  35.439  36.818  12.161 0.0000000000
111359  35.061  36.711  12.790 0.0000000000
111360  31.202  37.533  12.151 0.0000000000
111361  30.674  37.551  12.434 0.0000000000
111362  30.226  37.807  12.497 0.0000000000
111363  29.591  37.719  12.320 0.0000000000
111364  28.829  37.396  11.848 0.0000000000
111369  37.558  36.225  10.204 0.0000000000
111370  37.215  36.104  10.834 0.0000000000
111371  36.833  36.373  11.187 0.0000000000
111372  31.008  38.092  11.573 0.0000000000
111373  30.567  37.809  11.817 0.0000000000
111374  29.932  37.546  11.701 0.0000000000
111375  29.339  37.160  11.671 0.0000000000
111376  28.714  36.793  11.047 0.0000000000
111377  28.416  36.816  10.517 0.0000000000
111382  39.079  35.975  9.520 0.0000000000
111383  38.121  35.913  9.981 0.0000000000
111384  37.574  35.905  10.309 0.0000000000
111385  30.860  38.370  11.303 0.0000000000
111386  30.525  37.960  11.383 0.0000000000
111387  30.203  37.659  11.488 0.0000000000
111388  28.615  36.106  10.045 0.0000000000
111389  28.678  36.277  9.510 0.0000000000
111390  28.716  35.851  8.273 0.0000000000
111395  40.017  35.827  8.492 0.0000000000
111396  39.649  35.945  9.133 0.0000000000
111397  34.553  38.931  10.384 0.0000000000
111398  33.585  38.782  10.369 0.0000000000
111399  32.929  38.660  10.213 0.0000000000
111400  28.218  35.519  7.466 0.0000000000
111401  27.188  35.175  7.225 0.0000000000
111402  26.293  34.899  7.020 0.0000000000
111403  25.535  34.898  6.962 0.0000000000
111408  40.544  35.613  6.676 0.0000000000
111409  40.362  35.690  7.721 0.0000000000
111410  34.674  39.131  9.762 0.0000000000
111411  33.935  39.061  9.920 0.0000000000
111412  33.233  38.626  9.828 0.0000000000
111413  24.989  35.027  6.909 0.0000000000
111414  24.690  35.034  6.570 0.0000000000
111420  34.475  39.135  9.241 0.0000000000
111421  33.960  38.940  9.357 0.0000000000
111422  33.517  38.844  9.533 0.0000000000
111423  24.461  34.988  6.142 0.0000000000
111428  24.555  34.679  5.676 0.0000000000
111437  24.889  34.122  5.092 0.0000000000
111448  25.653  33.953  3.997 0.0000000000
111449  25.130  33.829  4.313 0.0000000000
111458  26.086  34.317  2.879 0.0000000000
111459  25.741  33.791  3.382 0.0000000000
111460  25.529  33.813  3.821 0.0000000000
111471  25.984  35.154  1.317 0.0000000000
111472  25.495  34.684  1.858 0.0000000000
111485  26.264  35.132  0.070 0.0000000000
111486  25.862  34.942  0.861 0.0000000000
111499  26.085  35.687  -1.058 0.0000000000
111500  25.992  35.854  -2.320 0.0000000000
111946  32.359  37.639  15.270 0.0000000000
111947  31.982  37.446  15.403 0.0000000000
111948  31.336  37.260  15.477 0.0000000000
111949  30.657  37.199  15.208 0.0000000000
111950  30.273  37.580  15.052 0.0000000000
111961  33.372  37.252  14.175 0.0000000000
111962  32.655  37.301  14.851 0.0000000000
111963  31.907  36.978  15.044 0.0000000000
111964  31.244  36.825  15.018 0.0000000000
111965  30.891  36.837  14.880 0.0000000000
111966  30.258  37.702  14.745 0.0000000000
111967  30.224  37.894  14.431 0.0000000000
111974  35.185  37.178  12.767 0.0000000000
111975  34.836  37.234  13.173 0.0000000000
111976  34.092  37.368  13.755 0.0000000000
111977  30.303  37.795  14.209 0.0000000000
111978  30.061  38.025  13.591 0.0000000000
111979  29.519  38.049  12.960 0.0000000000
111985  36.656  36.879  11.116 0.0000000000
111986  36.310  37.051  11.464 0.0000000000
111987  35.556  37.156  12.169 0.0000000000
111988  29.711  38.052  12.793 0.0000000000
111989  29.013  37.863  12.152 0.0000000000
111990  28.425  37.787  11.640 0.0000000000
111996  37.512  36.461  10.113 0.0000000000
111997  37.003  36.678  10.402 0.0000000000
111998  28.540  37.418  11.610 0.0000000000
111999  28.345  37.371  11.060 0.0000000000
112005  38.901  36.439  9.489 0.0000000000
112006  38.074  36.629  9.693 0.0000000000
112007  37.407  37.480  9.996 0.0000000000
112008  28.434  36.892  10.209 0.0000000000
112009  28.816  36.221  9.193 0.0000000000
112014  39.762  36.561  8.175 0.0000000000
112015  39.223  36.624  8.952 0.0000000000
112016  38.474  37.220  9.043 0.0000000000
112017  28.741  35.728  8.055 0.0000000000
112018  27.907  35.407  7.377 0.0000000000
112019  26.969  35.057  7.177 0.0000000000
112020  26.124  34.760  6.978 0.0000000000
112026  40.417  36.120  6.583 0.0000000000
112027  40.158  36.434  7.117 0.0000000000
112028  28.440  35.385  7.713 0.0000000000
112029  27.607  35.318  7.240 0.0000000000
112030  26.639  34.898  7.044 0.0000000000
112031  25.566  35.231  6.743 0.0000000000
112032  24.973  35.408  6.665 0.0000000000
112039  25.161  35.647  6.447 0.0000000000
112040  24.870  35.516  6.236 0.0000000000
112046  24.757  35.366  5.900 0.0000000000
112051  25.683  34.680  5.149 0.0000000000
112052  25.199  34.895  5.359 0.0000000000
112061  26.519  34.285  4.122 0.0000000000
112062  26.078  34.396  4.429 0.0000000000
112063  25.412  34.030  4.552 0.0000000000
112073  26.570  34.117  3.743 0.0000000000
112074  26.087  34.065  3.775 0.0000000000
112086  26.997  35.871  1.196 0.0000000000
112087  26.499  35.458  1.909 0.0000000000
112088  23.173  38.599  -0.889 0.0000000000
112089  22.815  38.636  -0.926 0.0000000000
112101  26.845  36.233  0.412 0.0000000000
112102  26.188  35.967  0.092 0.0000000000
112103  23.719  38.033  -1.122 0.0000000000
112112  26.537  36.705  -0.715 0.0000000000
112113  26.358  36.649  -1.636 0.0000000000
112114  25.266  36.943  -1.724 0.0000000000
112545  32.114  38.041  15.514 0.0000000000
112546  31.483  37.934  15.715 0.0000000000
112547  30.828  37.867  15.647 0.0000000000
112548  30.329  37.928  15.280 0.0000000000
112549  30.076  37.986  14.922 0.0000000000
112550  30.107  38.127  14.726 0.0000000000
112555  33.259  37.846  14.476 0.0000000000
112556  32.636  37.986  15.108 0.0000000000
112557  30.157  37.917  14.680 0.0000000000
112558  30.227  38.051  14.251 0.0000000000
112563  35.016  37.594  12.761 0.0000000000
112564  34.474  37.866  13.427 0.0000000000
112565  33.845  38.057  13.949 0.0000000000
112566  29.871  38.048  13.341 0.0000000000
112567  29.331  38.066  12.485 0.0000000000
112572  36.506  37.369  11.076 0.0000000000
112573  35.593  37.598  11.420 0.0000000000
112574  35.210  37.660  12.155 0.0000000000
112575  28.697  38.171  11.807 0.0000000000
112576  28.217  38.074  11.333 0.0000000000
112582  36.743  37.893  10.402 0.0000000000
112583  36.105  38.021  10.904 0.0000000000
112584  28.299  37.688  10.663 0.0000000000
112590  37.766  37.905  9.259 0.0000000000
112591  37.124  38.146  9.789 0.0000000000
112592  28.603  36.992  9.837 0.0000000000
112593  28.915  36.249  8.970 0.0000000000
112599  39.488  37.478  7.567 0.0000000000
112600  38.734  37.588  8.323 0.0000000000
112601  38.052  37.526  8.506 0.0000000000
112602  29.250  36.586  8.389 0.0000000000
112603  28.918  35.829  8.305 0.0000000000
112610  29.624  36.388  7.824 0.0000000000
112611  28.494  35.730  7.409 0.0000000000
112612  27.300  35.057  7.002 0.0000000000
112613  26.235  35.196  6.684 0.0000000000
112614  25.579  35.652  6.409 0.0000000000
112619  29.558  36.154  7.403 0.0000000000
112620  29.272  35.756  7.477 0.0000000000
112621  25.238  35.853  6.091 0.0000000000
112622  24.889  35.730  6.017 0.0000000000
112628  25.427  35.694  5.725 0.0000000000
112629  25.053  35.622  5.843 0.0000000000
112634  26.504  34.634  5.132 0.0000000000
112635  25.730  35.064  5.333 0.0000000000
112636  25.252  35.485  5.578 0.0000000000
112642  26.659  34.517  4.365 0.0000000000
112643  26.398  34.551  4.867 0.0000000000
112644  20.894  41.938  0.364 0.0000000000
112645  20.620  42.177  0.489 0.0000000000
112654  27.525  35.510  2.687 0.0000000000
112655  26.890  35.036  3.231 0.0000000000
112656  21.362  40.836  -0.245 0.0000000000
112671  27.475  36.910  1.261 0.0000000000
112672  27.217  36.023  1.451 0.0000000000
112673  26.985  35.511  2.342 0.0000000000
112674  23.130  39.221  -0.677 0.0000000000
112675  22.067  39.611  -0.627 0.0000000000
112686  27.131  37.640  0.650 0.0000000000
112687  26.719  37.389  0.062 0.0000000000
112688  25.857  38.150  -1.098 0.0000000000
112689  24.800  38.219  -1.148 0.0000000000
112698  26.717  36.886  -0.467 0.0000000000
112699  26.568  37.236  -1.251 0.0000000000
112700  25.969  37.399  -1.470 0.0000000000
113092  32.407  38.856  15.280 0.0000000000
113093  31.745  38.732  15.599 0.0000000000
113094  31.081  38.650  15.677 0.0000000000
113095  30.493  38.626  15.461 0.0000000000
113096  30.131  38.529  15.097 0.0000000000
113097  30.052  38.357  14.813 0.0000000000
113103  33.108  38.794  14.137 0.0000000000
113104  32.898  38.580  14.866 0.0000000000
113105  30.195  38.171  14.456 0.0000000000
113111  34.936  37.972  12.402 0.0000000000
113112  34.507  38.480  12.721 0.0000000000
113113  33.889  38.652  13.530 0.0000000000
113114  30.196  38.038  13.700 0.0000000000
113115  29.834  38.058  12.770 0.0000000000
113121  35.256  38.434  10.822 0.0000000000
113122  34.718  38.292  11.617 0.0000000000
113123  34.451  38.897  12.089 0.0000000000
113124  29.097  38.454  11.991 0.0000000000
113125  28.504  38.588  11.423 0.0000000000
113132  36.439  38.655  9.707 0.0000000000
113133  35.927  38.637  10.333 0.0000000000
113134  28.316  38.445  10.969 0.0000000000
113142  37.308  38.731  8.605 0.0000000000
113143  36.907  38.673  9.154 0.0000000000
113144  28.580  38.017  10.156 0.0000000000
113145  28.901  36.991  9.456 0.0000000000
113156  37.967  38.393  8.177 0.0000000000
113157  29.277  37.637  9.233 0.0000000000
113158  29.053  36.537  8.903 0.0000000000
113167  31.120  38.909  8.767 0.0000000000
113168  30.250  37.949  8.521 0.0000000000
113169  28.590  35.212  7.169 0.0000000000
113170  27.961  35.088  6.909 0.0000000000
113171  26.731  35.001  6.627 0.0000000000
113172  25.992  35.576  6.457 0.0000000000
113177  33.273  38.281  7.238 0.0000000000
113178  33.166  39.293  8.205 0.0000000000
113179  32.035  38.796  8.424 0.0000000000
113180  30.642  36.998  7.390 0.0000000000
113181  29.194  35.478  6.995 0.0000000000
113182  28.194  35.033  6.559 0.0000000000
113183  26.209  35.552  6.321 0.0000000000
113184  25.796  35.810  6.194 0.0000000000
113191  31.997  37.875  7.403 0.0000000000
113192  32.257  37.170  6.717 0.0000000000
113193  26.374  35.522  5.712 0.0000000000
113194  25.967  35.761  5.880 0.0000000000
113200  26.690  35.048  5.429 0.0000000000
113201  25.954  35.424  5.541 0.0000000000
113202  20.549  43.116  1.565 0.0000000000
113203  20.499  43.115  1.766 0.0000000000
113204  20.565  43.111  2.000 0.0000000000
113210  27.877  35.330  4.287 0.0000000000
113211  27.478  34.990  4.630 0.0000000000
113212  21.187  42.667  0.634 0.0000000000
113213  20.804  42.786  0.880 0.0000000000
113214  20.499  42.742  1.014 0.0000000000
113215  20.484  42.887  1.488 0.0000000000
113222  28.107  36.539  3.060 0.0000000000
113223  27.913  35.897  3.525 0.0000000000
113224  27.284  35.219  3.789 0.0000000000
113225  21.514  42.293  0.160 0.0000000000
113226  21.436  41.608  -0.127 0.0000000000
113227  20.550  42.388  0.704 0.0000000000
113238  27.950  37.014  2.409 0.0000000000
113239  27.703  36.167  2.200 0.0000000000
113240  22.511  41.042  -0.452 0.0000000000
113241  22.039  40.496  -0.554 0.0000000000
113249  27.454  37.952  1.192 0.0000000000
113250  26.838  38.459  0.154 0.0000000000
113251  25.896  38.959  -0.604 0.0000000000
113252  24.310  39.638  -0.613 0.0000000000
113671  32.465  39.604  15.227 0.0000000000
113672  32.108  39.576  15.446 0.0000000000
113673  31.459  39.516  15.534 0.0000000000
113674  30.786  39.486  15.455 0.0000000000
113675  30.271  39.366  15.107 0.0000000000
113676  30.044  38.872  14.909 0.0000000000
113682  32.821  39.601  14.055 0.0000000000
113683  32.750  39.582  14.790 0.0000000000
113684  30.200  39.325  14.826 0.0000000000
113685  30.366  38.510  14.185 0.0000000000
113692  33.720  39.269  12.883 0.0000000000
113693  33.159  39.669  13.481 0.0000000000
113694  30.364  38.286  12.954 0.0000000000
113695  30.031  38.348  12.022 0.0000000000
113703  34.681  38.981  10.829 0.0000000000
113704  34.283  39.406  11.381 0.0000000000
113705  34.150  39.476  12.313 0.0000000000
113706  29.154  38.939  11.209 0.0000000000
113707  28.490  38.825  11.123 0.0000000000
113713  35.731  39.210  9.657 0.0000000000
113714  35.078  39.464  10.063 0.0000000000
113715  34.609  39.794  10.666 0.0000000000
113716  29.537  39.089  10.264 0.0000000000
113717  28.740  38.762  10.683 0.0000000000
113723  36.808  39.301  8.554 0.0000000000
113724  36.150  39.636  8.929 0.0000000000
113725  35.435  39.879  9.274 0.0000000000
113726  30.006  39.312  9.539 0.0000000000
113727  29.181  38.776  9.885 0.0000000000
113739  31.294  39.154  8.922 0.0000000000
113740  30.947  39.320  9.387 0.0000000000
113741  29.963  38.769  9.283 0.0000000000
113750  31.798  39.290  8.575 0.0000000000
113751  31.655  39.081  9.247 0.0000000000
113752  30.694  39.021  8.972 0.0000000000
113753  27.219  34.965  6.496 0.0000000000
113754  26.558  35.270  6.359 0.0000000000
113758  33.642  40.390  7.575 0.0000000000
113759  32.808  39.748  8.558 0.0000000000
113760  32.188  39.176  8.910 0.0000000000
113761  30.836  35.770  6.252 0.0000000000
113762  29.021  35.116  6.133 0.0000000000
113763  27.682  35.015  6.158 0.0000000000
113764  26.445  35.559  6.117 0.0000000000
113765  25.987  35.920  6.069 0.0000000000
113771  34.524  42.296  6.448 0.0000000000
113772  29.796  34.991  5.471 0.0000000000
113773  28.421  34.924  5.599 0.0000000000
113774  26.850  35.128  5.821 0.0000000000
113775  26.183  35.778  6.019 0.0000000000
113776  20.608  43.277  3.506 0.0000000000
113777  20.560  43.209  3.795 0.0000000000
113778  20.527  43.081  3.959 0.0000000000
113785  30.017  35.032  5.058 0.0000000000
113786  29.143  34.795  4.966 0.0000000000
113787  27.846  35.019  5.208 0.0000000000
113788  20.715  43.469  2.060 0.0000000000
113789  20.494  43.273  2.155 0.0000000000
113790  20.636  43.262  2.709 0.0000000000
113791  20.589  43.263  2.947 0.0000000000
113792  20.566  43.212  2.757 0.0000000000
113799  28.479  35.062  4.375 0.0000000000
113800  28.348  35.107  4.826 0.0000000000
113801  21.240  43.066  0.825 0.0000000000
113802  20.815  43.125  1.488 0.0000000000
113803  20.561  43.076  1.917 0.0000000000
113812  29.691  37.868  2.911 0.0000000000
113813  28.552  36.766  3.224 0.0000000000
113814  28.337  36.040  3.920 0.0000000000
113815  22.265  42.392  -0.052 0.0000000000
113826  29.241  38.987  2.307 0.0000000000
113827  28.132  38.555  2.092 0.0000000000
113828  24.485  41.129  -0.258 0.0000000000
113829  23.456  41.232  -0.326 0.0000000000
113838  27.085  39.175  0.649 0.0000000000
113839  26.174  39.649  -0.230 0.0000000000
113840  25.064  40.082  -0.489 0.0000000000
113841  24.263  40.500  -0.391 0.0000000000
114260  32.461  40.348  15.116 0.0000000000
114261  31.910  40.332  15.363 0.0000000000
114262  31.234  40.352  15.380 0.0000000000
114263  30.644  40.279  15.106 0.0000000000
114264  30.394  40.074  14.897 0.0000000000
114269  32.627  40.425  13.874 0.0000000000
114270  32.653  40.390  14.699 0.0000000000
114271  30.693  39.373  14.255 0.0000000000
114272  30.924  38.683  13.120 0.0000000000
114278  33.466  40.466  12.596 0.0000000000
114279  32.906  40.502  13.226 0.0000000000
114280  30.853  38.442  11.864 0.0000000000
114281  30.408  38.516  11.905 0.0000000000
114290  34.431  40.849  11.081 0.0000000000
114291  33.984  40.351  11.813 0.0000000000
114292  30.967  38.456  10.873 0.0000000000
114293  30.110  38.877  11.403 0.0000000000
114300  35.372  40.821  9.482 0.0000000000
114301  34.903  40.783  10.233 0.0000000000
114302  31.322  38.632  10.219 0.0000000000
114303  30.235  39.164  10.496 0.0000000000
114311  35.691  40.808  8.755 0.0000000000
114312  31.155  39.068  9.733 0.0000000000
114313  30.451  39.279  9.502 0.0000000000
114324  31.228  39.622  9.429 0.0000000000
114325  30.535  39.762  9.144 0.0000000000
114326  30.106  40.682  9.007 0.0000000000
114334  31.210  39.674  8.977 0.0000000000
114335  30.766  40.217  8.693 0.0000000000
114336  30.055  40.940  8.638 0.0000000000
114341  33.062  40.825  8.009 0.0000000000
114342  32.029  40.435  8.019 0.0000000000
114343  30.885  40.889  8.355 0.0000000000
114344  30.285  41.132  8.133 0.0000000000
114345  21.214  42.901  5.359 0.0000000000
114346  21.028  42.663  5.430 0.0000000000
114347  20.617  42.292  5.516 0.0000000000
114353  20.547  43.932  3.804 0.0000000000
114354  20.834  43.230  4.330 0.0000000000
114355  20.703  42.694  4.735 0.0000000000
114356  20.420  42.539  4.858 0.0000000000
114357  20.115  42.620  4.763 0.0000000000
114364  30.157  35.076  4.856 0.0000000000
114365  20.764  43.701  3.076 0.0000000000
114366  20.635  43.394  3.054 0.0000000000
114367  20.541  43.165  4.143 0.0000000000
114368  20.536  43.223  3.860 0.0000000000
114375  29.605  35.233  4.455 0.0000000000
114376  21.188  43.832  1.828 0.0000000000
114384  31.862  37.281  3.541 0.0000000000
114385  29.946  36.328  3.660 0.0000000000
114386  28.818  36.012  4.108 0.0000000000
114387  22.005  43.542  0.689 0.0000000000
114398  33.530  39.409  3.523 0.0000000000
114399  31.039  39.310  2.401 0.0000000000
114400  28.564  40.272  1.758 0.0000000000
114401  27.020  41.188  0.655 0.0000000000
114402  25.436  41.682  0.148 0.0000000000
114403  23.552  42.545  0.427 0.0000000000
114411  27.316  39.975  1.251 0.0000000000
114412  26.474  40.428  0.174 0.0000000000
114413  25.495  40.613  -0.249 0.0000000000
114815  32.516  41.009  14.995 0.0000000000
114816  32.299  40.985  15.118 0.0000000000
114817  31.833  41.031  15.150 0.0000000000
114818  31.206  40.990  15.044 0.0000000000
114819  30.727  40.759  14.970 0.0000000000
114826  32.523  41.213  13.642 0.0000000000
114827  32.580  41.126  14.474 0.0000000000
114828  31.226  41.099  14.825 0.0000000000
114829  31.377  40.274  14.260 0.0000000000
114830  31.463  39.208  13.353 0.0000000000
114837  33.090  41.478  12.311 0.0000000000
114838  32.742  41.340  12.955 0.0000000000
114839  32.197  39.552  12.652 0.0000000000
114840  31.664  38.884  12.118 0.0000000000
114849  34.367  41.870  11.074 0.0000000000
114850  33.607  41.658  11.642 0.0000000000
114851  32.609  39.180  11.219 0.0000000000
114852  31.786  38.737  10.759 0.0000000000
114860  35.020  41.866  9.575 0.0000000000
114861  34.726  42.138  10.377 0.0000000000
114862  32.904  39.234  9.941 0.0000000000
114863  32.045  39.015  9.686 0.0000000000
114874  33.435  39.948  8.272 0.0000000000
114875  33.096  39.756  8.747 0.0000000000
114876  31.649  40.114  9.259 0.0000000000
114877  30.234  40.450  9.118 0.0000000000
114878  29.133  41.476  9.329 0.0000000000
114879  28.109  42.395  9.408 0.0000000000
114892  33.072  40.258  8.349 0.0000000000
114893  32.216  40.111  8.239 0.0000000000
114894  31.609  40.314  8.286 0.0000000000
114895  29.880  40.816  9.145 0.0000000000
114896  29.036  41.648  9.084 0.0000000000
114897  27.314  42.932  9.260 0.0000000000
114898  26.761  43.515  9.196 0.0000000000
114906  29.517  41.648  8.260 0.0000000000
114907  28.390  42.649  8.593 0.0000000000
114908  27.498  43.684  8.987 0.0000000000
114909  20.099  43.237  6.745 0.0000000000
114910  19.572  43.018  6.875 0.0000000000
114916  30.875  41.832  7.659 0.0000000000
114917  29.360  42.842  7.916 0.0000000000
114918  28.353  43.790  8.464 0.0000000000
114919  21.212  43.863  5.594 0.0000000000
114920  21.301  43.196  5.918 0.0000000000
114921  20.777  42.874  6.240 0.0000000000
114922  19.677  42.495  6.047 0.0000000000
114923  18.975  42.567  5.877 0.0000000000
114931  20.613  44.205  4.516 0.0000000000
114932  21.162  43.251  5.286 0.0000000000
114933  19.875  42.341  5.224 0.0000000000
114934  19.643  42.820  5.199 0.0000000000
114935  19.363  43.117  5.023 0.0000000000
114942  21.206  44.401  3.115 0.0000000000
114943  20.657  43.435  3.796 0.0000000000
114944  20.468  43.363  4.387 0.0000000000
114951  21.761  44.567  1.650 0.0000000000
114960  24.081  44.033  1.197 0.0000000000
114961  22.923  44.085  1.173 0.0000000000
114972  34.777  42.162  4.107 0.0000000000
114973  33.892  41.493  3.432 0.0000000000
114974  32.090  41.235  2.772 0.0000000000
114975  30.081  41.576  1.791 0.0000000000
114976  28.068  42.148  0.988 0.0000000000
114977  26.390  42.519  0.580 0.0000000000
114978  24.871  43.132  0.819 0.0000000000
114979  23.748  43.421  0.925 0.0000000000
115342  32.547  41.437  14.820 0.0000000000
115343  32.385  41.594  14.789 0.0000000000
115344  32.129  41.533  14.713 0.0000000000
115345  31.570  41.333  14.855 0.0000000000
115351  32.739  41.956  13.509 0.0000000000
115352  32.563  41.981  14.189 0.0000000000
115353  32.614  41.912  14.681 0.0000000000
115354  32.541  41.730  14.144 0.0000000000
115355  32.307  41.139  14.164 0.0000000000
115356  32.540  40.457  13.090 0.0000000000
115365  33.238  42.261  12.242 0.0000000000
115366  32.964  42.269  12.794 0.0000000000
115367  32.998  39.980  11.692 0.0000000000
115378  34.492  42.879  11.044 0.0000000000
115379  33.663  42.833  11.585 0.0000000000
115380  33.507  39.689  10.413 0.0000000000
115388  34.908  43.490  10.206 0.0000000000
115389  34.217  40.183  8.639 0.0000000000
115390  33.886  39.812  9.308 0.0000000000
115391  26.994  42.858  9.651 0.0000000000
115392  26.444  43.125  9.950 0.0000000000
115404  33.739  40.278  8.201 0.0000000000
115405  33.894  39.870  8.588 0.0000000000
115406  30.808  41.002  8.397 0.0000000000
115407  29.467  41.594  8.825 0.0000000000
115408  28.267  42.223  9.481 0.0000000000
115409  26.565  43.095  9.694 0.0000000000
115410  25.228  43.847  9.822 0.0000000000
115411  24.630  44.223  9.809 0.0000000000
115422  33.028  40.877  8.027 0.0000000000
115423  32.249  40.659  7.983 0.0000000000
115424  31.691  40.533  8.146 0.0000000000
115425  26.589  43.200  9.420 0.0000000000
115426  26.097  43.623  9.392 0.0000000000
115427  24.985  44.213  9.493 0.0000000000
115437  26.537  44.102  9.058 0.0000000000
115438  25.650  44.425  9.075 0.0000000000
115439  21.326  44.605  6.952 0.0000000000
115440  20.737  43.824  7.211 0.0000000000
115441  19.793  43.740  7.283 0.0000000000
115451  30.562  43.446  7.582 0.0000000000
115452  29.029  44.291  7.646 0.0000000000
115453  27.628  45.066  8.556 0.0000000000
115454  26.326  44.716  8.955 0.0000000000
115455  20.701  45.223  5.224 0.0000000000
115456  21.357  44.225  6.275 0.0000000000
115457  21.257  43.604  6.626 0.0000000000
115458  19.202  43.300  7.108 0.0000000000
115459  18.909  43.241  6.384 0.0000000000
115460  18.589  43.619  6.361 0.0000000000
115471  33.091  42.935  7.345 0.0000000000
115472  30.497  45.410  7.194 0.0000000000
115473  28.612  45.371  7.172 0.0000000000
115474  21.212  45.417  3.865 0.0000000000
115475  18.836  42.762  5.822 0.0000000000
115476  18.921  43.247  5.688 0.0000000000
115485  32.708  45.454  6.674 0.0000000000
115486  21.653  45.498  2.602 0.0000000000
115496  34.872  43.818  5.882 0.0000000000
115497  34.529  45.275  5.553 0.0000000000
115498  22.504  45.333  1.950 0.0000000000
115507  34.836  42.776  4.908 0.0000000000
115508  28.826  44.881  1.432 0.0000000000
115509  27.771  44.845  1.312 0.0000000000
115510  25.594  44.566  1.279 0.0000000000
115511  23.767  45.197  1.448 0.0000000000
115521  34.580  42.918  4.329 0.0000000000
115522  34.066  42.657  3.636 0.0000000000
115523  32.949  42.593  2.860 0.0000000000
115524  31.241  42.970  2.116 0.0000000000
115525  29.102  43.716  1.519 0.0000000000
115526  27.135  43.559  0.894 0.0000000000
115527  25.928  43.415  0.901 0.0000000000
115882  32.663  42.071  14.532 0.0000000000
115883  32.480  41.891  14.565 0.0000000000
115892  33.198  42.970  12.940 0.0000000000
115893  33.019  42.725  13.606 0.0000000000
115894  32.785  42.498  14.023 0.0000000000
115895  32.560  42.338  14.124 0.0000000000
115896  32.596  41.857  13.023 0.0000000000
115897  32.708  41.058  13.193 0.0000000000
115909  33.858  43.458  12.017 0.0000000000
115910  33.528  42.887  12.552 0.0000000000
115911  33.725  41.495  11.452 0.0000000000
115912  32.985  40.923  12.161 0.0000000000
115926  34.669  44.406  10.423 0.0000000000
115927  34.377  43.856  11.314 0.0000000000
115928  34.319  41.099  10.518 0.0000000000
115929  33.889  40.464  10.771 0.0000000000
115945  34.498  40.693  9.507 0.0000000000
115946  34.150  40.001  9.968 0.0000000000
115947  28.453  42.547  8.671 0.0000000000
115948  27.936  42.672  9.351 0.0000000000
115949  26.445  43.364  10.234 0.0000000000
115950  25.466  43.919  10.797 0.0000000000
115951  24.762  44.228  10.876 0.0000000000
115966  34.397  41.054  8.289 0.0000000000
115967  31.103  42.294  7.714 0.0000000000
115968  30.589  41.842  7.887 0.0000000000
115969  29.157  42.066  8.397 0.0000000000
115970  28.714  42.141  8.848 0.0000000000
115971  25.990  43.400  10.199 0.0000000000
115972  25.318  43.742  10.308 0.0000000000
115973  24.469  44.339  10.265 0.0000000000
115982  33.630  41.527  7.801 0.0000000000
115983  32.107  41.756  7.695 0.0000000000
115984  31.496  41.085  7.960 0.0000000000
115985  24.363  44.672  9.722 0.0000000000
115994  25.005  45.039  9.302 0.0000000000
115995  21.337  45.754  7.099 0.0000000000
115996  20.789  45.184  7.498 0.0000000000
115997  19.938  44.641  8.004 0.0000000000
115998  19.169  44.688  8.187 0.0000000000
116008  27.234  46.485  8.266 0.0000000000
116009  26.173  45.552  8.896 0.0000000000
116010  20.718  46.655  5.203 0.0000000000
116011  21.203  45.758  6.380 0.0000000000
116012  19.291  44.054  7.797 0.0000000000
116013  18.849  44.214  7.597 0.0000000000
116014  18.583  44.179  6.957 0.0000000000
116024  29.711  46.871  7.146 0.0000000000
116025  28.448  46.718  7.408 0.0000000000
116026  21.374  47.351  3.877 0.0000000000
116027  21.204  46.789  4.195 0.0000000000
116028  18.698  44.164  6.272 0.0000000000
116036  33.321  46.599  5.660 0.0000000000
116037  32.474  46.622  5.940 0.0000000000
116038  30.560  46.698  6.402 0.0000000000
116039  21.510  47.313  3.608 0.0000000000
116040  21.650  46.626  3.184 0.0000000000
116050  34.783  44.181  5.251 0.0000000000
116051  34.520  44.909  5.000 0.0000000000
116052  33.639  46.124  5.151 0.0000000000
116053  22.122  46.390  2.469 0.0000000000
116064  34.650  43.786  4.849 0.0000000000
116065  33.804  44.343  4.278 0.0000000000
116066  29.962  45.721  2.257 0.0000000000
116067  29.046  45.775  1.850 0.0000000000
116068  26.961  46.183  1.724 0.0000000000
116069  24.932  46.253  1.828 0.0000000000
116070  23.277  46.351  2.325 0.0000000000
116079  34.082  43.397  4.178 0.0000000000
116080  33.166  43.624  3.538 0.0000000000
116081  32.027  43.805  2.769 0.0000000000
116082  30.487  44.882  2.184 0.0000000000
116083  29.360  44.884  1.621 0.0000000000
116470  33.158  43.620  12.702 0.0000000000
116471  33.104  43.470  12.972 0.0000000000
116472  33.087  43.308  13.391 0.0000000000
116473  32.986  43.139  13.548 0.0000000000
116474  33.024  42.760  13.305 0.0000000000
116488  33.926  44.135  11.978 0.0000000000
116489  33.666  43.827  12.372 0.0000000000
116490  32.985  43.367  12.967 0.0000000000
116491  33.318  42.788  12.008 0.0000000000
116508  34.306  44.998  10.637 0.0000000000
116509  34.184  44.601  11.464 0.0000000000
116510  34.406  42.071  10.354 0.0000000000
116511  25.496  44.991  11.807 0.0000000000
116512  25.225  45.084  11.807 0.0000000000
116513  24.710  45.345  11.608 0.0000000000
116533  34.861  42.042  8.817 0.0000000000
116534  28.479  43.546  8.447 0.0000000000
116535  28.062  43.267  8.827 0.0000000000
116536  26.904  43.742  10.155 0.0000000000
116537  25.780  44.605  11.274 0.0000000000
116538  24.954  44.637  11.400 0.0000000000
116539  24.272  45.156  11.051 0.0000000000
116540  24.043  45.837  10.767 0.0000000000
116554  34.457  42.366  7.733 0.0000000000
116555  30.590  42.728  8.154 0.0000000000
116556  29.287  43.171  8.186 0.0000000000
116557  28.680  42.629  8.435 0.0000000000
116558  24.012  45.363  10.215 0.0000000000
116559  24.230  46.354  10.372 0.0000000000
116566  33.205  43.229  7.275 0.0000000000
116567  31.087  43.460  7.847 0.0000000000
116568  29.818  44.036  8.227 0.0000000000
116569  24.523  45.619  9.667 0.0000000000
116570  24.425  46.243  9.929 0.0000000000
116576  32.852  44.064  7.069 0.0000000000
116577  32.225  44.045  7.256 0.0000000000
116578  25.603  46.455  9.280 0.0000000000
116579  24.946  46.529  9.637 0.0000000000
116580  21.087  46.567  7.400 0.0000000000
116581  20.413  46.041  8.056 0.0000000000
116582  19.484  45.630  8.268 0.0000000000
116583  18.811  45.248  8.180 0.0000000000
116589  27.250  47.728  7.469 0.0000000000
116590  26.855  47.214  8.620 0.0000000000
116591  20.672  47.575  5.608 0.0000000000
116592  21.137  47.016  6.752 0.0000000000
116593  18.588  45.086  7.733 0.0000000000
116594  18.638  45.118  6.952 0.0000000000
116600  28.651  47.677  6.593 0.0000000000
116601  27.868  48.230  7.103 0.0000000000
116602  21.491  47.898  3.787 0.0000000000
116603  21.082  47.942  4.580 0.0000000000
116611  32.189  46.863  5.100 0.0000000000
116612  30.232  46.869  5.284 0.0000000000
116613  29.227  47.771  5.975 0.0000000000
116614  22.103  47.729  3.149 0.0000000000
116615  21.974  47.029  2.732 0.0000000000
116623  33.389  45.648  4.219 0.0000000000
116624  32.107  46.580  4.175 0.0000000000
116625  29.979  47.428  4.106 0.0000000000
116626  28.551  47.855  3.791 0.0000000000
116627  23.214  47.753  3.003 0.0000000000
116628  22.494  47.103  2.666 0.0000000000
116638  32.723  44.668  3.686 0.0000000000
116639  31.864  45.555  3.565 0.0000000000
116640  30.415  46.268  2.913 0.0000000000
116641  28.311  47.321  2.878 0.0000000000
116642  26.089  47.160  2.675 0.0000000000
116643  24.306  47.280  2.710 0.0000000000
116644  23.224  47.169  2.620 0.0000000000
116651  32.387  44.171  3.286 0.0000000000
116652  31.731  44.735  3.076 0.0000000000
116653  31.126  45.428  2.898 0.0000000000
117028  33.569  44.076  12.585 0.0000000000
117029  33.353  43.998  12.800 0.0000000000
117030  33.201  43.843  13.003 0.0000000000
117031  33.117  43.794  13.224 0.0000000000
117048  33.969  44.733  11.809 0.0000000000
117049  33.806  44.933  11.978 0.0000000000
117050  33.625  44.767  12.172 0.0000000000
117051  33.564  44.563  12.300 0.0000000000
117052  33.452  44.016  12.134 0.0000000000
117053  33.947  43.599  10.865 0.0000000000
117069  34.169  45.616  10.699 0.0000000000
117070  33.986  45.409  11.171 0.0000000000
117071  34.015  45.423  11.548 0.0000000000
117072  34.790  43.335  9.510 0.0000000000
117073  26.068  45.649  11.568 0.0000000000
117074  25.603  45.542  11.768 0.0000000000
117075  25.019  46.013  11.656 0.0000000000
117076  24.491  46.362  11.320 0.0000000000
117077  24.455  47.091  11.146 0.0000000000
117092  34.849  43.326  8.316 0.0000000000
117093  28.113  44.260  8.505 0.0000000000
117094  27.057  44.396  9.620 0.0000000000
117095  26.365  44.985  10.985 0.0000000000
117096  26.020  45.141  11.607 0.0000000000
117097  24.110  45.947  11.075 0.0000000000
117098  24.327  46.766  10.871 0.0000000000
117106  34.312  43.682  7.437 0.0000000000
117107  28.888  44.483  7.753 0.0000000000
117108  24.751  47.334  10.381 0.0000000000
117115  33.667  44.197  6.990 0.0000000000
117116  31.338  45.006  7.704 0.0000000000
117117  30.045  44.786  8.016 0.0000000000
117118  24.943  47.141  10.057 0.0000000000
117119  20.843  48.744  6.805 0.0000000000
117120  20.575  48.142  7.613 0.0000000000
117121  20.212  47.907  7.786 0.0000000000
117127  33.026  44.414  6.950 0.0000000000
117128  32.381  44.604  7.146 0.0000000000
117129  25.961  47.824  9.340 0.0000000000
117130  25.154  46.997  9.830 0.0000000000
117131  21.082  48.318  6.743 0.0000000000
117132  20.790  47.428  7.620 0.0000000000
117133  20.018  47.110  8.117 0.0000000000
117134  19.065  46.427  8.054 0.0000000000
117135  18.907  46.810  7.883 0.0000000000
117141  26.952  48.862  7.517 0.0000000000
117142  26.586  48.116  8.702 0.0000000000
117143  21.502  49.382  4.850 0.0000000000
117144  20.798  48.564  5.879 0.0000000000
117145  18.659  45.697  8.070 0.0000000000
117146  18.722  46.213  7.629 0.0000000000
117153  27.857  48.778  6.455 0.0000000000
117154  27.409  49.213  6.654 0.0000000000
117155  22.205  48.602  3.588 0.0000000000
117156  21.954  49.172  3.924 0.0000000000
117161  28.795  47.803  5.197 0.0000000000
117162  27.903  48.833  5.599 0.0000000000
117163  27.565  49.375  5.999 0.0000000000
117164  23.306  48.858  3.471 0.0000000000
117165  22.568  49.140  3.661 0.0000000000
117174  29.261  47.798  4.670 0.0000000000
117175  27.915  48.446  4.351 0.0000000000
117176  25.921  48.458  3.922 0.0000000000
117177  24.438  48.215  3.413 0.0000000000
117188  27.917  47.921  3.664 0.0000000000
117189  26.952  48.000  3.425 0.0000000000
117190  25.474  47.798  3.326 0.0000000000
117578  33.841  45.888  11.299 0.0000000000
117579  33.780  45.648  11.605 0.0000000000
117580  33.743  45.427  11.727 0.0000000000
117581  33.927  45.162  11.348 0.0000000000
117582  34.160  44.427  11.211 0.0000000000
117583  25.251  47.907  11.622 0.0000000000
117584  25.080  48.221  11.568 0.0000000000
117594  33.947  46.248  10.551 0.0000000000
117595  33.930  45.928  11.076 0.0000000000
117596  34.149  45.615  10.618 0.0000000000
117597  34.537  44.804  10.213 0.0000000000
117598  26.311  46.278  11.123 0.0000000000
117599  25.844  46.583  11.577 0.0000000000
117600  25.358  46.818  11.679 0.0000000000
117601  24.954  47.541  11.553 0.0000000000
117602  24.691  47.751  11.274 0.0000000000
117615  34.926  44.319  8.981 0.0000000000
117616  27.957  45.724  8.116 0.0000000000
117617  27.031  45.411  9.123 0.0000000000
117618  26.691  45.377  10.399 0.0000000000
117619  24.593  47.720  10.989 0.0000000000
117623  34.683  44.551  8.081 0.0000000000
117624  29.030  45.599  7.463 0.0000000000
117625  24.988  48.178  10.580 0.0000000000
117628  34.060  44.833  7.306 0.0000000000
117629  31.088  46.211  7.473 0.0000000000
117630  30.260  45.981  7.726 0.0000000000
117631  26.213  49.748  8.870 0.0000000000
117632  25.770  48.715  9.749 0.0000000000
117633  21.041  49.967  6.196 0.0000000000
117634  20.629  49.313  6.736 0.0000000000
117635  20.320  48.733  7.397 0.0000000000
117636  19.923  48.569  7.559 0.0000000000
117640  33.273  45.205  6.978 0.0000000000
117641  32.180  45.636  7.138 0.0000000000
117642  26.345  49.300  8.822 0.0000000000
117643  25.647  47.917  9.673 0.0000000000
117644  21.236  49.936  5.982 0.0000000000
117645  19.964  47.953  7.779 0.0000000000
117646  19.592  47.759  7.825 0.0000000000
117647  19.182  47.384  7.847 0.0000000000
117651  26.691  49.619  7.093 0.0000000000
117652  26.545  49.920  7.445 0.0000000000
117653  22.626  50.844  4.773 0.0000000000
117654  21.584  50.120  5.497 0.0000000000
117659  26.813  50.006  6.484 0.0000000000
117660  25.348  50.863  5.133 0.0000000000
117661  23.023  50.633  4.158 0.0000000000
117668  27.330  49.533  5.244 0.0000000000
117669  26.747  49.781  5.364 0.0000000000
117670  24.609  49.847  4.295 0.0000000000
117671  23.047  49.693  3.772 0.0000000000
117680  27.206  49.313  5.015 0.0000000000
117681  26.266  49.338  4.492 0.0000000000
117682  24.835  48.943  3.997 0.0000000000
118091  33.744  46.217  10.978 0.0000000000
118092  33.819  46.428  11.055 0.0000000000
118093  33.609  46.281  11.228 0.0000000000
118094  33.656  46.024  11.186 0.0000000000
118095  25.695  48.607  11.495 0.0000000000
118096  25.441  48.540  11.538 0.0000000000
118097  25.123  48.908  11.593 0.0000000000
118098  24.988  49.371  11.673 0.0000000000
118110  33.652  46.589  10.615 0.0000000000
118111  33.591  47.091  10.587 0.0000000000
118112  33.444  46.962  10.777 0.0000000000
118113  33.543  46.404  10.664 0.0000000000
118114  34.290  46.152  10.045 0.0000000000
118115  26.292  47.840  9.646 0.0000000000
118116  26.275  47.533  10.500 0.0000000000
118117  25.975  47.865  11.411 0.0000000000
118118  25.611  47.526  11.600 0.0000000000
118119  25.011  48.588  11.561 0.0000000000
118120  24.943  48.976  11.499 0.0000000000
118129  34.689  45.668  9.025 0.0000000000
118130  27.655  47.015  8.011 0.0000000000
118131  26.759  46.937  8.950 0.0000000000
118132  26.519  46.239  10.082 0.0000000000
118133  25.008  49.083  10.930 0.0000000000
118136  34.381  45.825  7.774 0.0000000000
118137  28.522  46.919  7.628 0.0000000000
118138  25.790  49.905  9.919 0.0000000000
118141  33.617  46.122  7.142 0.0000000000
118142  30.387  46.693  6.926 0.0000000000
118143  29.594  47.030  7.247 0.0000000000
118144  26.337  50.161  8.450 0.0000000000
118145  26.005  50.662  8.475 0.0000000000
118146  21.201  50.420  6.375 0.0000000000
118147  20.670  50.084  6.679 0.0000000000
118148  20.247  49.562  7.202 0.0000000000
118149  19.896  48.973  7.517 0.0000000000
118152  32.609  46.825  7.045 0.0000000000
118153  31.320  47.080  6.759 0.0000000000
118154  26.049  50.736  7.523 0.0000000000
118155  24.862  51.956  6.477 0.0000000000
118156  22.269  51.475  6.003 0.0000000000
118157  19.702  48.334  7.540 0.0000000000
118163  24.861  51.563  5.722 0.0000000000
118164  22.854  51.824  4.977 0.0000000000
118165  21.973  50.823  5.718 0.0000000000
118170  23.490  51.359  4.897 0.0000000000
118171  22.910  51.401  4.558 0.0000000000
118605  25.734  49.591  11.345 0.0000000000
118606  25.502  49.365  11.462 0.0000000000
118607  25.142  49.684  11.810 0.0000000000
118608  25.023  50.041  11.902 0.0000000000
118609  24.949  50.343  11.883 0.0000000000
118610  24.899  51.133  11.753 0.0000000000
118621  33.584  48.026  10.528 0.0000000000
118622  33.612  47.542  10.145 0.0000000000
118623  34.293  46.869  9.542 0.0000000000
118624  26.304  48.554  10.181 0.0000000000
118625  26.030  49.123  11.063 0.0000000000
118626  25.878  48.746  11.397 0.0000000000
118627  25.009  50.321  11.370 0.0000000000
118628  25.207  51.495  11.205 0.0000000000
118632  33.815  47.767  9.688 0.0000000000
118633  34.192  47.225  8.566 0.0000000000
118634  27.357  47.911  8.350 0.0000000000
118635  26.458  48.487  9.028 0.0000000000
118636  25.668  50.947  10.477 0.0000000000
118637  25.304  52.065  10.627 0.0000000000
118639  33.879  46.936  7.143 0.0000000000
118640  27.987  47.891  7.295 0.0000000000
118641  25.252  51.493  8.944 0.0000000000
118642  25.162  52.013  9.859 0.0000000000
118645  33.012  47.684  6.812 0.0000000000
118646  30.047  47.501  5.642 0.0000000000
118647  28.698  47.822  6.385 0.0000000000
118648  25.434  52.001  7.588 0.0000000000
118649  21.886  51.485  6.526 0.0000000000
118650  20.864  50.915  6.878 0.0000000000
118651  20.457  50.151  7.624 0.0000000000
118652  20.102  49.594  7.596 0.0000000000
118656  32.021  47.247  5.561 0.0000000000
118657  30.971  47.343  4.921 0.0000000000
118658  24.369  52.245  6.652 0.0000000000
118659  23.281  52.626  6.201 0.0000000000
119079  25.019  51.522  12.303 0.0000000000
119080  25.030  51.711  12.453 0.0000000000
119081  25.041  51.873  12.514 0.0000000000
119093  25.551  50.249  11.395 0.0000000000
119094  25.198  50.452  11.919 0.0000000000
119095  25.000  50.824  12.166 0.0000000000
119096  24.937  51.044  12.228 0.0000000000
119097  25.034  51.565  12.246 0.0000000000
119098  25.044  51.972  11.860 0.0000000000
119111  25.966  49.714  9.874 0.0000000000
119112  25.861  50.357  10.785 0.0000000000
119113  25.320  52.405  11.275 0.0000000000
119121  27.303  49.087  7.804 0.0000000000
119122  26.295  49.707  8.768 0.0000000000
119123  25.392  52.805  10.681 0.0000000000
119126  28.246  48.835  5.934 0.0000000000
119127  25.354  52.953  9.058 0.0000000000
119128  25.280  52.712  10.065 0.0000000000
119133  29.370  48.272  5.154 0.0000000000
119134  25.311  52.744  7.743 0.0000000000
119135  23.602  52.753  6.952 0.0000000000
119136  21.970  52.314  6.846 0.0000000000
119137  20.975  51.667  7.324 0.0000000000
119138  20.557  50.860  8.176 0.0000000000
119150  25.047  52.378  7.276 0.0000000000
119151  24.398  52.527  7.026 0.0000000000
119587  25.060  51.944  12.551 0.0000000000
119588  25.046  52.075  12.775 0.0000000000
119589  25.009  52.290  12.842 0.0000000000
119590  24.776  52.280  12.990 0.0000000000
119598  25.572  51.467  11.039 0.0000000000
119599  24.984  51.340  11.727 0.0000000000
119600  25.046  51.362  12.168 0.0000000000
119601  25.095  51.992  12.422 0.0000000000
119602  25.129  52.209  12.523 0.0000000000
119611  25.769  50.781  8.991 0.0000000000
119612  25.571  51.135  9.922 0.0000000000
119613  25.105  52.608  11.971 0.0000000000
119619  27.410  50.080  6.486 0.0000000000
119620  26.742  50.492  8.051 0.0000000000
119621  25.391  53.157  11.192 0.0000000000
119627  25.555  53.943  8.910 0.0000000000
119628  25.314  53.512  9.970 0.0000000000
119629  23.336  54.561  7.175 0.0000000000
119630  22.745  54.155  7.327 0.0000000000
119631  21.944  53.755  7.471 0.0000000000
119641  25.543  53.765  8.212 0.0000000000
119642  24.767  53.632  7.599 0.0000000000
119643  23.362  53.679  7.243 0.0000000000
119644  21.948  53.020  7.287 0.0000000000
119645  20.994  52.569  7.821 0.0000000000
119646  20.502  51.599  8.766 0.0000000000
120081  25.127  52.609  12.950 0.0000000000
120082  24.979  52.548  13.195 0.0000000000
120083  24.673  52.523  13.349 0.0000000000
120084  24.302  52.404  13.446 0.0000000000
120089  25.670  52.530  10.915 0.0000000000
120090  25.208  52.300  11.667 0.0000000000
120091  25.178  52.215  12.315 0.0000000000
120092  24.352  52.471  12.978 0.0000000000
120093  23.987  53.032  12.924 0.0000000000
120101  25.396  51.991  9.151 0.0000000000
120102  25.247  52.238  10.044 0.0000000000
120103  25.053  53.299  12.136 0.0000000000
120104  24.583  54.024  12.332 0.0000000000
120111  26.143  51.731  8.346 0.0000000000
120112  25.003  54.231  10.816 0.0000000000
120113  24.787  54.706  11.679 0.0000000000
120119  25.589  54.599  8.370 0.0000000000
120120  25.494  54.597  9.236 0.0000000000
120121  23.271  55.137  7.069 0.0000000000
120122  22.508  54.849  7.132 0.0000000000
120123  21.460  54.090  7.670 0.0000000000
120124  20.863  53.367  8.749 0.0000000000
120137  25.383  54.469  7.941 0.0000000000
120138  24.608  54.509  7.612 0.0000000000
120139  23.857  54.959  7.208 0.0000000000
120140  20.761  52.644  8.767 0.0000000000
120534  24.991  53.152  13.447 0.0000000000
120535  24.526  53.006  13.740 0.0000000000
120536  23.864  52.756  13.969 0.0000000000
120537  23.245  52.711  13.879 0.0000000000
120538  22.504  52.952  13.815 0.0000000000
120544  25.327  53.375  11.382 0.0000000000
120545  25.195  53.202  12.179 0.0000000000
120546  25.222  53.165  12.976 0.0000000000
120547  23.253  52.729  13.451 0.0000000000
120548  22.982  53.469  13.207 0.0000000000
120556  25.387  53.179  9.356 0.0000000000
120557  25.370  53.348  10.319 0.0000000000
120558  24.048  54.887  12.268 0.0000000000
120565  25.824  52.998  8.486 0.0000000000
120566  25.212  55.458  9.445 0.0000000000
120567  24.698  55.368  10.879 0.0000000000
120574  25.620  54.929  8.084 0.0000000000
120575  25.565  55.401  8.383 0.0000000000
120576  23.310  55.618  7.145 0.0000000000
120577  22.737  55.186  7.477 0.0000000000
120578  21.534  54.796  7.844 0.0000000000
120591  25.338  54.966  7.974 0.0000000000
120592  24.662  55.397  7.722 0.0000000000
120593  23.910  55.843  7.259 0.0000000000
120945  24.597  53.784  13.868 0.0000000000
120946  23.817  53.568  14.185 0.0000000000
120947  22.976  53.268  14.529 0.0000000000
120948  22.262  53.385  14.261 0.0000000000
120949  21.741  53.644  13.798 0.0000000000
120959  24.959  54.201  11.835 0.0000000000
120960  25.096  54.025  12.838 0.0000000000
120961  24.999  53.913  13.470 0.0000000000
120962  22.204  54.764  13.108 0.0000000000
120963  22.344  55.835  12.676 0.0000000000
120971  25.465  54.397  9.702 0.0000000000
120972  25.010  54.346  10.760 0.0000000000
120973  23.792  56.220  11.525 0.0000000000
120974  23.078  56.601  12.095 0.0000000000
120982  25.683  54.312  8.633 0.0000000000
120983  25.272  55.993  8.778 0.0000000000
120984  24.708  56.467  9.409 0.0000000000
120995  24.908  56.138  8.199 0.0000000000
120996  23.932  56.308  7.777 0.0000000000
120997  22.968  55.582  7.923 0.0000000000
120998  21.712  55.029  8.167 0.0000000000
121012  24.225  56.029  7.678 0.0000000000
121013  23.978  56.155  7.470 0.0000000000
121327  24.029  54.535  14.213 0.0000000000
121328  23.109  54.212  14.774 0.0000000000
121329  22.218  54.130  14.824 0.0000000000
121330  21.512  54.349  14.321 0.0000000000
121331  20.980  54.722  13.744 0.0000000000
121342  24.526  55.121  12.357 0.0000000000
121343  24.850  54.862  13.338 0.0000000000
121344  24.677  54.709  13.810 0.0000000000
121345  21.199  55.481  13.170 0.0000000000
121346  22.131  56.328  12.622 0.0000000000
121356  25.322  55.583  10.107 0.0000000000
121357  25.037  55.380  11.275 0.0000000000
121358  24.265  56.982  10.218 0.0000000000
121359  23.535  56.897  10.999 0.0000000000
121368  24.101  56.799  9.184 0.0000000000
121369  23.758  56.686  9.274 0.0000000000
121379  23.758  56.486  8.278 0.0000000000
121380  23.196  56.052  8.168 0.0000000000
121703  23.612  55.396  14.592 0.0000000000
121704  22.563  55.224  14.897 0.0000000000
121705  21.576  55.286  14.837 0.0000000000
121706  20.916  55.514  14.245 0.0000000000
121707  20.672  55.857  13.683 0.0000000000
121720  24.710  55.818  13.678 0.0000000000
121721  24.419  55.624  14.126 0.0000000000
121722  21.023  56.293  13.070 0.0000000000
121723  22.401  56.716  12.377 0.0000000000
121737  23.690  56.916  10.765 0.0000000000
121746  23.873  56.724  9.032 0.0000000000
122097  23.302  56.480  14.593 0.0000000000
122098  22.143  56.508  14.784 0.0000000000
122099  21.105  56.591  14.640 0.0000000000
122100  20.591  56.698  14.055 0.0000000000
122101  20.509  56.837  13.481 0.0000000000
122117  24.251  56.624  14.314 0.0000000000
122118  21.251  57.032  12.874 0.0000000000
122119  22.928  56.895  12.025 0.0000000000
122132  23.894  56.913  10.362 0.0000000000
122520  20.984  57.803  14.235 0.0000000000
122521  20.716  57.694  13.704 0.0000000000
122522  20.825  57.576  13.223 0.0000000000
122539  21.758  57.692  12.545 0.0000000000
126608  35.032  41.225  5.128 0.0000000000
126609  34.295  39.594  5.576 0.0000000000
126610  32.971  37.476  6.555 0.0000000000
126611  34.402  43.144  6.920 0.0000000000
126612  35.123  41.586  4.968 0.0000000000
126613  34.740  43.292  6.676 0.0000000000
126614  35.356  41.552  5.048 0.0000000000
126615  35.117  41.948  4.694 0.0000000000
126616  34.462  43.811  6.787 0.0000000000
126617  35.036  42.729  5.946 0.0000000000
126618  35.163  41.952  5.353 0.0000000000
126619  32.934  37.105  5.790 0.0000000000
126620  33.346  37.761  4.714 0.0000000000
126621  34.396  41.167  4.671 0.0000000000
126622  33.695  38.003  5.363 0.0000000000
126623  34.147  44.486  6.818 0.0000000000
126624  34.586  44.302  6.905 0.0000000000
126625  34.547  44.432  6.649 0.0000000000
126626  30.795  35.968  4.500 0.0000000000
126627  31.053  35.556  5.198 0.0000000000
126628  34.066  45.598  6.167 0.0000000000
126629  32.237  36.479  4.686 0.0000000000
