#!ascii label  , from subject Yale_0050561 vox2ras=TkReg
1214
81602  -33.727  -1.474  12.208 0.0000000000
81608  -33.231  -0.335  12.281 0.0000000000
81609  -34.673  -1.294  11.648 0.0000000000
81610  -36.404  -1.398  11.312 0.0000000000
81611  -37.924  -1.204  11.247 0.0000000000
81614  -33.801  0.053  11.713 0.0000000000
81615  -35.067  -0.246  10.952 0.0000000000
81616  -36.598  -1.086  10.324 0.0000000000
81617  -37.560  -0.914  10.329 0.0000000000
81621  -35.980  -0.519  10.020 0.0000000000
81622  -36.433  -0.889  9.722 0.0000000000
82476  -32.527  0.991  12.245 0.0000000000
82477  -38.662  -0.284  11.088 0.0000000000
82481  -33.522  1.038  11.481 0.0000000000
82482  -34.379  0.617  10.860 0.0000000000
82483  -36.966  -0.858  9.798 0.0000000000
82484  -37.566  -0.601  9.677 0.0000000000
82488  -34.027  1.250  10.893 0.0000000000
82489  -35.028  0.454  10.231 0.0000000000
82490  -36.359  -0.451  9.368 0.0000000000
82491  -37.164  -0.420  9.149 0.0000000000
83443  -32.257  1.866  12.086 0.0000000000
83450  -32.855  2.017  11.196 0.0000000000
83451  -38.187  -0.123  9.009 0.0000000000
83452  -38.462  -0.124  9.674 0.0000000000
83456  -34.088  1.774  10.487 0.0000000000
83457  -35.189  0.896  9.301 0.0000000000
83458  -36.978  -0.046  8.628 0.0000000000
83459  -37.600  -0.311  9.239 0.0000000000
83463  -35.811  0.941  8.613 0.0000000000
83464  -36.362  0.677  8.250 0.0000000000
84479  -32.855  2.689  11.788 0.0000000000
84487  -32.685  2.752  10.740 0.0000000000
84488  -38.679  -0.010  9.288 0.0000000000
84489  -39.173  0.963  10.421 0.0000000000
84494  -33.747  2.513  10.005 0.0000000000
84495  -34.820  2.269  9.332 0.0000000000
84496  -38.214  0.196  8.802 0.0000000000
84497  -38.728  0.693  8.695 0.0000000000
84502  -35.727  1.852  8.618 0.0000000000
84503  -37.066  0.761  7.963 0.0000000000
84504  -38.092  0.831  7.868 0.0000000000
85461  -33.296  3.755  11.533 0.0000000000
85470  -32.851  3.756  10.359 0.0000000000
85471  -32.849  3.970  9.606 0.0000000000
85478  -33.453  3.295  9.635 0.0000000000
85479  -33.881  3.390  9.007 0.0000000000
85480  -39.825  1.587  10.245 0.0000000000
85481  -40.187  2.152  10.255 0.0000000000
85486  -35.374  2.653  8.058 0.0000000000
85487  -37.132  1.467  7.454 0.0000000000
85488  -39.118  1.290  8.282 0.0000000000
85489  -40.123  2.229  9.535 0.0000000000
85493  -36.065  2.660  7.351 0.0000000000
85494  -37.262  2.028  6.850 0.0000000000
85495  -39.001  1.812  7.369 0.0000000000
85496  -39.624  2.300  7.464 0.0000000000
85500  -37.811  2.317  6.494 0.0000000000
85501  -38.823  2.364  6.678 0.0000000000
85502  -39.743  2.607  6.994 0.0000000000
86521  -33.581  5.114  11.606 0.0000000000
86531  -33.048  5.100  10.310 0.0000000000
86532  -32.910  4.512  9.391 0.0000000000
86542  -32.887  5.475  9.772 0.0000000000
86543  -33.497  4.711  8.854 0.0000000000
86544  -40.420  3.468  11.340 0.0000000000
86545  -41.128  4.544  11.491 0.0000000000
86546  -42.659  5.572  11.672 0.0000000000
86547  -43.957  6.360  12.210 0.0000000000
86554  -34.905  4.333  8.146 0.0000000000
86555  -39.780  2.013  8.539 0.0000000000
86556  -40.424  3.122  9.558 0.0000000000
86557  -41.541  4.539  9.846 0.0000000000
86558  -42.560  5.929  10.573 0.0000000000
86565  -35.901  3.914  7.367 0.0000000000
86566  -36.794  3.357  6.563 0.0000000000
86567  -39.928  2.308  8.180 0.0000000000
86568  -40.504  3.052  8.119 0.0000000000
86569  -41.529  4.214  8.207 0.0000000000
86574  -37.667  3.153  5.959 0.0000000000
86575  -39.001  2.938  6.105 0.0000000000
86576  -40.487  3.328  6.786 0.0000000000
86577  -41.695  4.302  7.006 0.0000000000
86581  -38.250  3.581  5.481 0.0000000000
86582  -39.439  3.697  5.378 0.0000000000
86583  -40.843  3.965  5.808 0.0000000000
86584  -41.858  4.720  6.077 0.0000000000
86591  -40.097  4.336  4.862 0.0000000000
86592  -41.029  4.773  5.115 0.0000000000
86593  -41.901  5.283  5.426 0.0000000000
87617  -33.284  6.240  11.693 0.0000000000
87626  -33.282  6.687  11.208 0.0000000000
87633  -33.209  6.298  9.666 0.0000000000
87634  -33.607  6.067  8.665 0.0000000000
87635  -43.728  6.483  11.285 0.0000000000
87636  -44.925  7.420  12.013 0.0000000000
87637  -45.696  8.090  12.346 0.0000000000
87642  -34.570  5.825  7.888 0.0000000000
87643  -42.324  5.611  9.422 0.0000000000
87644  -43.418  6.913  10.281 0.0000000000
87645  -44.484  7.390  11.053 0.0000000000
87651  -35.827  5.305  7.309 0.0000000000
87652  -36.713  4.801  6.519 0.0000000000
87653  -42.321  5.408  8.187 0.0000000000
87654  -43.042  6.630  9.154 0.0000000000
87661  -37.360  4.446  5.535 0.0000000000
87662  -42.576  5.363  7.053 0.0000000000
87663  -43.122  6.473  8.053 0.0000000000
87670  -38.259  4.494  4.973 0.0000000000
87671  -39.225  4.661  4.169 0.0000000000
87672  -42.781  5.527  6.119 0.0000000000
87673  -43.461  6.347  6.927 0.0000000000
87677  -40.235  5.009  3.948 0.0000000000
87678  -41.375  5.783  4.452 0.0000000000
87679  -42.618  5.943  5.302 0.0000000000
87680  -43.498  6.399  5.983 0.0000000000
87684  -41.771  6.495  3.984 0.0000000000
87685  -42.509  6.477  4.557 0.0000000000
87686  -43.318  6.590  5.225 0.0000000000
88657  -34.172  7.992  12.077 0.0000000000
88665  -34.309  7.688  10.871 0.0000000000
88666  -33.708  6.881  9.530 0.0000000000
88667  -45.254  8.102  11.255 0.0000000000
88668  -45.798  8.899  11.888 0.0000000000
88669  -46.346  9.549  12.475 0.0000000000
88674  -35.011  8.137  10.698 0.0000000000
88675  -34.598  7.592  9.458 0.0000000000
88676  -43.866  7.586  9.726 0.0000000000
88677  -44.823  8.298  10.437 0.0000000000
88678  -45.498  9.031  11.131 0.0000000000
88683  -34.822  7.177  7.764 0.0000000000
88684  -35.564  6.676  6.856 0.0000000000
88685  -43.843  7.551  8.906 0.0000000000
88686  -44.578  8.495  9.587 0.0000000000
88691  -36.593  6.095  6.084 0.0000000000
88692  -44.135  7.433  7.819 0.0000000000
88693  -44.635  8.722  8.702 0.0000000000
88701  -37.398  5.558  5.016 0.0000000000
88702  -38.248  5.517  4.123 0.0000000000
88703  -44.037  7.387  6.762 0.0000000000
88704  -44.440  8.791  7.659 0.0000000000
88711  -39.607  6.077  3.617 0.0000000000
88712  -40.468  5.754  3.643 0.0000000000
88713  -43.767  7.369  5.823 0.0000000000
88714  -44.198  8.602  6.575 0.0000000000
88721  -40.267  7.191  3.464 0.0000000000
88722  -40.960  6.874  3.372 0.0000000000
88723  -42.221  7.137  3.987 0.0000000000
88724  -43.222  7.458  4.881 0.0000000000
88725  -43.780  8.517  5.674 0.0000000000
88729  -41.141  8.148  3.310 0.0000000000
88730  -41.737  8.148  3.809 0.0000000000
88731  -42.540  8.430  4.512 0.0000000000
88732  -43.107  8.773  5.126 0.0000000000
89673  -34.617  8.763  12.182 0.0000000000
89674  -45.831  9.768  11.420 0.0000000000
89675  -46.450  10.914  11.940 0.0000000000
89680  -35.093  8.608  11.372 0.0000000000
89681  -35.402  8.580  10.530 0.0000000000
89682  -45.012  9.198  10.092 0.0000000000
89683  -45.563  10.377  10.665 0.0000000000
89684  -46.550  11.994  10.975 0.0000000000
89687  -35.711  8.506  9.355 0.0000000000
89688  -35.860  8.012  8.070 0.0000000000
89689  -45.001  9.800  9.595 0.0000000000
89690  -45.464  11.371  9.571 0.0000000000
89693  -36.057  8.750  8.686 0.0000000000
89694  -35.991  8.043  7.272 0.0000000000
89695  -44.972  10.722  8.617 0.0000000000
89696  -45.601  11.731  8.935 0.0000000000
89701  -36.698  7.220  5.317 0.0000000000
89702  -37.508  6.220  4.436 0.0000000000
89703  -44.574  10.367  7.329 0.0000000000
89707  -37.194  8.018  4.878 0.0000000000
89708  -37.991  7.130  3.950 0.0000000000
89709  -44.114  9.905  6.254 0.0000000000
89718  -39.652  7.997  3.074 0.0000000000
89719  -40.536  7.510  2.921 0.0000000000
89720  -43.698  9.537  5.407 0.0000000000
89730  -40.009  8.576  1.868 0.0000000000
89731  -40.786  8.379  2.212 0.0000000000
89732  -41.810  8.601  3.096 0.0000000000
89733  -42.698  9.054  3.920 0.0000000000
89734  -43.147  9.265  4.761 0.0000000000
89742  -41.494  9.092  1.699 0.0000000000
89743  -42.014  9.100  2.212 0.0000000000
89744  -42.854  9.213  2.850 0.0000000000
90681  -45.069  14.670  13.950 0.0000000000
90690  -34.189  9.904  12.465 0.0000000000
90691  -34.850  9.357  11.928 0.0000000000
90694  -43.232  14.517  13.596 0.0000000000
90695  -44.581  14.910  13.183 0.0000000000
90696  -45.871  15.082  12.716 0.0000000000
90697  -46.582  14.912  12.361 0.0000000000
90698  -47.410  12.785  11.303 0.0000000000
90699  -48.127  13.212  11.621 0.0000000000
90703  -34.534  9.961  11.846 0.0000000000
90704  -35.198  9.446  11.193 0.0000000000
90705  -35.863  9.046  10.385 0.0000000000
90706  -46.564  12.452  10.049 0.0000000000
90707  -47.161  12.997  10.634 0.0000000000
90710  -35.522  9.528  10.491 0.0000000000
90711  -36.034  9.313  9.634 0.0000000000
90712  -46.204  13.206  8.659 0.0000000000
90713  -46.338  12.613  8.958 0.0000000000
90716  -36.066  9.125  8.426 0.0000000000
90717  -36.129  8.762  7.615 0.0000000000
90718  -43.785  14.307  7.793 0.0000000000
90719  -44.536  14.193  7.744 0.0000000000
90720  -45.570  13.598  7.606 0.0000000000
90721  -45.859  12.429  7.905 0.0000000000
90722  -45.868  11.958  8.517 0.0000000000
90727  -35.420  8.950  7.357 0.0000000000
90728  -35.928  8.437  6.536 0.0000000000
90729  -44.140  13.825  7.069 0.0000000000
90730  -45.041  13.318  6.825 0.0000000000
90731  -45.450  12.479  6.663 0.0000000000
90732  -45.143  11.295  6.413 0.0000000000
90736  -35.075  9.040  6.073 0.0000000000
90737  -36.248  8.856  5.190 0.0000000000
90738  -37.307  8.498  4.474 0.0000000000
90739  -44.503  13.043  6.102 0.0000000000
90740  -45.048  12.467  5.887 0.0000000000
90741  -45.108  11.613  5.540 0.0000000000
90742  -44.740  10.539  5.323 0.0000000000
90748  -36.396  9.149  3.830 0.0000000000
90749  -38.012  9.095  3.459 0.0000000000
90750  -44.758  12.546  5.389 0.0000000000
90751  -44.929  11.906  4.760 0.0000000000
90752  -44.801  10.866  4.467 0.0000000000
90753  -44.295  9.906  4.468 0.0000000000
90760  -39.298  9.389  1.720 0.0000000000
90761  -40.134  8.947  1.347 0.0000000000
90762  -44.656  11.211  3.789 0.0000000000
90763  -43.940  10.110  3.363 0.0000000000
90764  -43.650  9.584  4.098 0.0000000000
90771  -39.824  9.401  0.805 0.0000000000
90772  -40.954  9.560  1.265 0.0000000000
90773  -42.234  9.784  1.752 0.0000000000
90774  -42.963  9.805  2.387 0.0000000000
90780  -41.406  10.405  1.319 0.0000000000
90781  -41.947  10.285  1.466 0.0000000000
91621  -47.094  14.691  12.112 0.0000000000
91622  -47.571  14.442  12.344 0.0000000000
91628  -32.933  10.684  11.960 0.0000000000
91629  -34.004  10.337  11.956 0.0000000000
91633  -42.820  14.680  12.749 0.0000000000
91634  -44.305  15.177  12.304 0.0000000000
91635  -45.518  15.232  12.100 0.0000000000
91636  -46.650  14.729  11.630 0.0000000000
91637  -47.653  13.914  11.390 0.0000000000
91642  -33.053  11.014  11.154 0.0000000000
91643  -34.096  10.498  11.183 0.0000000000
91644  -34.927  9.932  10.782 0.0000000000
91648  -42.382  14.710  11.792 0.0000000000
91649  -44.085  15.243  11.196 0.0000000000
91650  -45.877  14.990  10.805 0.0000000000
91651  -47.361  13.842  10.273 0.0000000000
91652  -47.443  13.465  10.829 0.0000000000
91655  -33.755  10.868  10.375 0.0000000000
91656  -34.667  10.275  9.952 0.0000000000
91657  -35.647  9.769  9.067 0.0000000000
91660  -41.869  14.586  10.762 0.0000000000
91661  -43.672  15.084  10.079 0.0000000000
91662  -45.383  14.869  9.625 0.0000000000
91663  -46.713  13.873  9.174 0.0000000000
91664  -46.863  13.275  9.576 0.0000000000
91668  -34.410  10.319  8.722 0.0000000000
91669  -35.351  9.754  8.092 0.0000000000
91671  -41.229  14.348  9.922 0.0000000000
91672  -43.144  14.629  8.822 0.0000000000
91673  -44.873  14.619  8.636 0.0000000000
91674  -46.089  13.906  8.457 0.0000000000
91675  -46.472  13.403  8.501 0.0000000000
91679  -33.819  10.490  7.365 0.0000000000
91680  -34.443  9.668  6.619 0.0000000000
91681  -40.650  14.286  9.496 0.0000000000
91682  -41.816  14.328  8.334 0.0000000000
91683  -43.147  14.236  7.550 0.0000000000
91686  -34.168  10.936  6.175 0.0000000000
91687  -34.753  10.087  5.048 0.0000000000
91688  -35.766  9.742  4.152 0.0000000000
91689  -42.479  14.007  7.101 0.0000000000
91690  -43.413  13.548  6.405 0.0000000000
91695  -35.872  10.739  4.207 0.0000000000
91696  -36.334  10.146  2.831 0.0000000000
91697  -37.914  10.108  2.284 0.0000000000
91698  -44.089  12.633  4.909 0.0000000000
91699  -44.557  11.876  3.892 0.0000000000
91704  -37.264  10.676  1.591 0.0000000000
91705  -38.375  10.419  1.313 0.0000000000
91706  -43.990  12.145  3.622 0.0000000000
91707  -44.076  11.325  2.871 0.0000000000
91708  -43.520  10.435  2.382 0.0000000000
91712  -38.141  10.930  0.793 0.0000000000
91713  -39.179  10.401  0.513 0.0000000000
91714  -40.024  10.290  1.106 0.0000000000
91715  -43.032  10.772  1.776 0.0000000000
91716  -42.972  10.217  2.030 0.0000000000
91721  -39.919  10.870  0.607 0.0000000000
91722  -40.875  10.757  1.093 0.0000000000
91723  -41.956  10.925  1.394 0.0000000000
92555  -29.730  11.680  11.947 0.0000000000
92556  -30.648  11.005  12.056 0.0000000000
92561  -30.132  12.564  11.142 0.0000000000
92562  -30.895  11.455  11.450 0.0000000000
92563  -31.843  11.199  11.486 0.0000000000
92569  -30.140  13.012  10.818 0.0000000000
92570  -30.407  12.740  10.323 0.0000000000
92571  -31.831  11.501  10.599 0.0000000000
92572  -33.173  11.099  10.620 0.0000000000
92578  -30.338  13.281  9.568 0.0000000000
92579  -31.076  12.874  9.194 0.0000000000
92580  -33.009  11.482  9.545 0.0000000000
92581  -33.944  10.943  9.185 0.0000000000
92587  -31.209  13.296  8.385 0.0000000000
92588  -32.084  12.740  8.006 0.0000000000
92589  -33.372  11.365  8.283 0.0000000000
92593  -32.439  12.970  7.146 0.0000000000
92594  -33.166  12.115  6.701 0.0000000000
92595  -39.973  14.249  9.896 0.0000000000
92596  -40.768  14.290  8.616 0.0000000000
92600  -34.267  11.875  4.877 0.0000000000
92601  -35.079  11.154  4.345 0.0000000000
92602  -41.738  13.927  6.897 0.0000000000
92603  -42.550  13.672  6.508 0.0000000000
92607  -35.068  12.781  4.145 0.0000000000
92608  -35.797  11.990  3.118 0.0000000000
92609  -36.648  11.066  2.194 0.0000000000
92610  -42.133  13.528  5.368 0.0000000000
92611  -42.777  13.348  5.625 0.0000000000
92615  -36.786  12.899  2.081 0.0000000000
92616  -37.475  11.993  1.447 0.0000000000
92617  -42.364  13.455  4.728 0.0000000000
92618  -42.967  12.818  3.731 0.0000000000
92619  -43.744  12.071  3.017 0.0000000000
92622  -38.871  11.642  0.249 0.0000000000
92623  -39.758  11.412  0.074 0.0000000000
92624  -42.811  12.254  1.852 0.0000000000
92625  -43.419  11.848  2.281 0.0000000000
92629  -40.490  11.472  0.656 0.0000000000
92630  -41.778  11.726  1.065 0.0000000000
92631  -42.725  11.528  1.538 0.0000000000
93371  -29.019  13.359  11.995 0.0000000000
93376  -29.687  13.557  11.339 0.0000000000
93377  -30.085  14.261  11.242 0.0000000000
93382  -30.046  13.181  11.042 0.0000000000
93383  -30.071  13.721  10.751 0.0000000000
93388  -30.258  13.733  9.966 0.0000000000
93389  -30.537  13.750  9.309 0.0000000000
93394  -30.971  13.768  8.676 0.0000000000
93395  -31.494  13.806  8.033 0.0000000000
93400  -32.184  13.716  7.395 0.0000000000
93401  -32.844  13.546  6.629 0.0000000000
93403  -40.184  14.396  9.184 0.0000000000
93407  -33.571  13.292  5.639 0.0000000000
93408  -40.856  14.282  7.758 0.0000000000
93411  -34.658  13.534  4.745 0.0000000000
93412  -35.485  13.753  3.583 0.0000000000
93413  -41.431  13.862  5.986 0.0000000000
93414  -41.599  13.857  5.305 0.0000000000
93418  -36.062  13.845  1.971 0.0000000000
93419  -37.214  13.574  1.040 0.0000000000
93420  -41.959  13.615  5.160 0.0000000000
93421  -42.252  13.647  4.393 0.0000000000
93426  -38.534  13.060  0.028 0.0000000000
93427  -40.313  12.592  0.004 0.0000000000
93428  -42.169  12.892  1.778 0.0000000000
93433  -40.294  11.879  0.130 0.0000000000
93434  -40.985  12.106  0.643 0.0000000000
94187  -29.213  14.576  12.671 0.0000000000
94193  -29.697  14.667  12.106 0.0000000000
94194  -30.169  14.904  11.657 0.0000000000
94199  -30.655  14.780  11.360 0.0000000000
94200  -31.282  14.959  11.100 0.0000000000
94205  -30.583  14.290  10.607 0.0000000000
94206  -31.162  14.518  10.139 0.0000000000
94207  -32.089  14.868  9.745 0.0000000000
94212  -31.084  14.260  9.180 0.0000000000
94213  -31.911  14.685  8.722 0.0000000000
94218  -32.255  14.791  7.820 0.0000000000
94219  -33.020  14.770  7.167 0.0000000000
94220  -39.821  14.408  9.666 0.0000000000
94221  -40.413  14.431  8.520 0.0000000000
94224  -33.607  14.812  6.143 0.0000000000
94225  -34.137  15.386  5.332 0.0000000000
94226  -40.829  14.198  7.087 0.0000000000
94230  -34.176  14.411  5.276 0.0000000000
94231  -34.839  15.136  4.242 0.0000000000
94232  -41.238  14.007  5.869 0.0000000000
94233  -41.865  13.895  4.798 0.0000000000
94237  -35.939  15.204  2.508 0.0000000000
94238  -36.820  15.228  0.928 0.0000000000
94239  -38.411  15.581  0.268 0.0000000000
94240  -42.595  13.615  3.147 0.0000000000
94246  -38.018  14.414  0.076 0.0000000000
94247  -39.882  14.497  -0.274 0.0000000000
94248  -41.953  13.819  0.923 0.0000000000
95035  -43.796  12.841  22.895 0.0000000000
95036  -44.575  13.170  22.071 0.0000000000
95037  -44.956  13.503  21.445 0.0000000000
95043  -43.784  12.582  21.293 0.0000000000
95044  -44.535  13.118  21.020 0.0000000000
95045  -44.929  13.492  20.762 0.0000000000
95053  -43.305  12.449  19.786 0.0000000000
95054  -44.238  12.934  20.229 0.0000000000
95055  -44.664  13.291  20.445 0.0000000000
95091  -29.846  15.797  12.722 0.0000000000
95097  -30.311  15.903  12.273 0.0000000000
95098  -30.843  15.976  11.951 0.0000000000
95104  -31.380  15.996  11.568 0.0000000000
95105  -31.914  15.820  11.137 0.0000000000
95111  -32.409  15.807  10.488 0.0000000000
95112  -32.978  15.954  9.735 0.0000000000
95118  -33.362  16.284  8.553 0.0000000000
95119  -33.996  17.190  8.147 0.0000000000
95121  -39.935  14.840  9.266 0.0000000000
95125  -32.837  15.589  7.516 0.0000000000
95126  -33.432  16.500  6.715 0.0000000000
95127  -34.107  17.402  5.831 0.0000000000
95128  -39.589  14.466  9.941 0.0000000000
95129  -39.986  14.566  9.146 0.0000000000
95133  -34.065  15.822  5.950 0.0000000000
95134  -34.471  16.734  5.068 0.0000000000
95138  -35.738  16.799  2.996 0.0000000000
95139  -41.435  14.129  5.436 0.0000000000
95143  -36.418  16.164  1.697 0.0000000000
95148  -42.126  15.502  0.970 0.0000000000
95149  -42.748  14.363  2.825 0.0000000000
95916  -43.352  14.205  23.594 0.0000000000
95917  -44.352  13.990  22.975 0.0000000000
95918  -45.100  14.000  22.227 0.0000000000
95924  -45.538  13.966  21.178 0.0000000000
95925  -46.064  14.316  20.979 0.0000000000
95932  -43.929  12.955  19.053 0.0000000000
95933  -45.112  13.551  19.863 0.0000000000
95934  -45.976  14.149  20.466 0.0000000000
95942  -43.312  13.262  17.778 0.0000000000
95943  -44.560  13.540  18.400 0.0000000000
95982  -30.107  17.057  12.460 0.0000000000
95983  -30.444  17.131  11.934 0.0000000000
95990  -30.885  17.236  11.462 0.0000000000
95991  -31.553  17.221  10.994 0.0000000000
95992  -32.022  17.587  10.536 0.0000000000
95998  -32.359  16.741  10.921 0.0000000000
95999  -32.781  17.166  10.282 0.0000000000
96005  -33.658  17.342  9.516 0.0000000000
96006  -34.211  17.614  8.629 0.0000000000
96010  -34.279  17.822  7.695 0.0000000000
96648  -41.484  16.128  24.564 0.0000000000
96649  -42.305  16.065  24.324 0.0000000000
96650  -43.105  15.979  24.112 0.0000000000
96654  -42.784  15.335  24.041 0.0000000000
96655  -43.860  15.351  23.637 0.0000000000
96656  -44.839  15.100  22.917 0.0000000000
96657  -45.681  14.965  22.169 0.0000000000
96658  -46.515  15.290  21.770 0.0000000000
96659  -47.165  15.622  21.347 0.0000000000
96665  -46.177  14.511  21.453 0.0000000000
96666  -46.685  14.653  20.900 0.0000000000
96667  -47.609  15.399  20.457 0.0000000000
96671  -45.431  13.873  18.902 0.0000000000
96672  -46.527  14.369  19.461 0.0000000000
96673  -48.178  15.387  19.095 0.0000000000
96674  -49.090  15.976  18.418 0.0000000000
96686  -43.870  13.935  17.125 0.0000000000
96687  -45.457  14.174  17.826 0.0000000000
96688  -47.096  14.829  17.976 0.0000000000
96689  -48.473  15.486  17.761 0.0000000000
96690  -49.531  16.175  17.536 0.0000000000
96704  -42.867  14.832  16.285 0.0000000000
96705  -44.402  14.545  16.378 0.0000000000
96706  -46.014  14.786  16.707 0.0000000000
96707  -47.537  15.294  16.800 0.0000000000
96708  -48.912  15.802  16.594 0.0000000000
96709  -49.781  16.534  16.659 0.0000000000
96720  -43.296  15.354  15.658 0.0000000000
96721  -44.879  15.240  15.694 0.0000000000
96722  -46.497  15.408  15.786 0.0000000000
96723  -47.981  15.648  15.742 0.0000000000
96724  -48.896  16.097  15.637 0.0000000000
96746  -40.692  16.226  12.149 0.0000000000
96747  -41.476  16.509  10.940 0.0000000000
96753  -30.787  18.625  9.942 0.0000000000
96754  -31.726  18.383  9.923 0.0000000000
96756  -40.754  16.225  10.646 0.0000000000
96757  -41.579  16.727  9.727 0.0000000000
96761  -30.973  19.142  9.289 0.0000000000
96762  -31.985  18.800  9.206 0.0000000000
96763  -40.295  15.741  10.126 0.0000000000
96764  -40.986  16.375  9.224 0.0000000000
96765  -42.070  16.618  8.343 0.0000000000
96769  -32.810  18.866  8.534 0.0000000000
96770  -33.689  18.738  7.873 0.0000000000
96775  -33.638  19.031  6.915 0.0000000000
97388  -41.726  16.558  25.467 0.0000000000
97389  -42.721  16.487  25.304 0.0000000000
97390  -43.489  16.425  24.987 0.0000000000
97396  -41.071  16.403  24.927 0.0000000000
97397  -41.980  16.437  24.747 0.0000000000
97398  -42.868  16.351  24.516 0.0000000000
97399  -43.943  16.336  24.202 0.0000000000
97400  -45.064  16.299  23.992 0.0000000000
97401  -46.088  16.335  23.775 0.0000000000
97402  -47.107  16.541  23.316 0.0000000000
97403  -47.746  16.830  22.661 0.0000000000
97406  -44.586  15.902  23.507 0.0000000000
97407  -45.335  15.959  23.059 0.0000000000
97408  -46.163  16.145  22.606 0.0000000000
97409  -47.014  16.329  22.173 0.0000000000
97410  -47.924  16.824  21.475 0.0000000000
97411  -48.722  17.629  20.708 0.0000000000
97416  -48.475  16.515  20.141 0.0000000000
97417  -49.444  17.350  19.756 0.0000000000
97423  -49.056  16.384  19.191 0.0000000000
97424  -49.828  17.100  18.495 0.0000000000
97433  -50.316  17.292  17.209 0.0000000000
97441  -49.492  16.476  15.989 0.0000000000
97442  -50.218  17.457  15.977 0.0000000000
97443  -50.219  18.334  15.574 0.0000000000
97452  -42.354  15.982  15.126 0.0000000000
97453  -43.832  15.689  14.883 0.0000000000
97454  -45.503  15.684  14.816 0.0000000000
97455  -47.179  15.787  14.785 0.0000000000
97456  -48.501  16.091  14.790 0.0000000000
97457  -49.360  16.876  15.080 0.0000000000
97458  -49.778  18.021  15.076 0.0000000000
97459  -50.081  18.794  15.099 0.0000000000
97467  -42.916  16.172  14.177 0.0000000000
97468  -44.609  16.004  13.858 0.0000000000
97469  -46.365  16.177  13.812 0.0000000000
97470  -48.054  16.187  13.742 0.0000000000
97471  -49.141  16.651  13.840 0.0000000000
97472  -49.543  17.748  14.184 0.0000000000
97473  -49.775  18.660  14.462 0.0000000000
97474  -49.924  19.214  14.647 0.0000000000
97483  -41.997  16.374  13.515 0.0000000000
97484  -43.772  16.365  12.722 0.0000000000
97485  -45.715  16.434  12.736 0.0000000000
97486  -47.499  16.454  12.703 0.0000000000
97487  -48.916  16.669  12.730 0.0000000000
97488  -49.668  17.407  12.996 0.0000000000
97489  -49.864  18.726  13.441 0.0000000000
97490  -49.860  19.295  14.241 0.0000000000
97491  -49.842  19.397  14.482 0.0000000000
97499  -41.143  16.325  13.132 0.0000000000
97500  -42.305  16.530  11.829 0.0000000000
97501  -43.966  16.744  11.321 0.0000000000
97502  -45.384  16.567  11.464 0.0000000000
97503  -47.049  16.612  11.603 0.0000000000
97504  -48.491  16.894  11.747 0.0000000000
97505  -49.460  17.768  11.889 0.0000000000
97506  -49.862  18.095  12.559 0.0000000000
97513  -42.385  16.915  10.172 0.0000000000
97514  -43.540  17.096  10.332 0.0000000000
97515  -45.227  17.332  10.125 0.0000000000
97516  -46.779  17.084  10.525 0.0000000000
97517  -48.191  17.271  10.837 0.0000000000
97518  -49.012  17.508  11.203 0.0000000000
97523  -31.015  19.817  8.806 0.0000000000
97524  -31.743  19.854  8.396 0.0000000000
97525  -42.536  17.141  8.884 0.0000000000
97526  -43.386  17.364  9.165 0.0000000000
97527  -44.497  17.607  9.175 0.0000000000
97531  -32.395  19.999  7.851 0.0000000000
97532  -33.091  20.280  7.294 0.0000000000
97533  -43.100  16.826  7.715 0.0000000000
97534  -43.615  17.266  8.017 0.0000000000
97535  -44.411  17.599  8.125 0.0000000000
97540  -33.614  20.737  6.622 0.0000000000
97541  -44.092  16.922  6.729 0.0000000000
97542  -44.622  17.452  7.011 0.0000000000
97546  -35.061  21.989  5.337 0.0000000000
97547  -35.804  20.399  4.717 0.0000000000
97548  -44.482  17.116  5.245 0.0000000000
97549  -44.715  17.274  6.150 0.0000000000
97553  -43.780  18.784  2.596 0.0000000000
97558  -41.245  20.110  0.203 0.0000000000
97565  -41.417  19.838  0.146 0.0000000000
97566  -42.032  19.594  0.381 0.0000000000
97567  -42.480  19.042  0.834 0.0000000000
97573  -41.680  19.097  0.545 0.0000000000
97574  -42.076  18.563  0.671 0.0000000000
98138  -42.921  17.936  28.954 0.0000000000
98146  -42.370  16.793  27.905 0.0000000000
98147  -43.789  17.123  28.348 0.0000000000
98148  -45.157  17.272  27.622 0.0000000000
98149  -46.181  17.299  27.193 0.0000000000
98150  -47.015  17.501  27.113 0.0000000000
98156  -41.489  16.590  26.456 0.0000000000
98157  -42.618  16.333  26.586 0.0000000000
98158  -43.938  16.356  26.312 0.0000000000
98159  -45.335  16.547  26.146 0.0000000000
98160  -46.707  16.731  26.228 0.0000000000
98161  -48.123  17.317  26.309 0.0000000000
98162  -49.553  18.139  25.481 0.0000000000
98163  -50.069  18.859  24.980 0.0000000000
98167  -44.272  16.402  25.214 0.0000000000
98168  -44.856  16.343  24.850 0.0000000000
98169  -45.896  16.337  25.022 0.0000000000
98170  -47.161  16.552  24.831 0.0000000000
98171  -48.627  17.098  23.980 0.0000000000
98172  -49.854  18.457  24.017 0.0000000000
98176  -48.378  17.173  22.512 0.0000000000
98177  -49.359  18.001  22.104 0.0000000000
98180  -49.532  18.501  20.396 0.0000000000
98189  -50.269  18.381  19.231 0.0000000000
98201  -50.794  18.407  17.996 0.0000000000
98208  -50.808  18.671  16.561 0.0000000000
98209  -50.574  18.322  15.947 0.0000000000
98216  -50.714  19.316  16.094 0.0000000000
98217  -50.601  18.999  15.684 0.0000000000
98224  -50.209  19.433  15.030 0.0000000000
98231  -49.872  19.563  13.069 0.0000000000
98232  -49.928  20.045  13.824 0.0000000000
98233  -49.951  19.618  14.506 0.0000000000
98241  -34.784  21.392  11.197 0.0000000000
98242  -49.608  18.837  11.461 0.0000000000
98243  -49.853  19.134  12.261 0.0000000000
98244  -49.869  20.304  12.790 0.0000000000
98251  -32.158  21.442  9.718 0.0000000000
98252  -34.300  21.480  10.462 0.0000000000
98253  -45.999  17.698  9.391 0.0000000000
98254  -46.712  17.693  9.581 0.0000000000
98255  -48.088  17.772  9.767 0.0000000000
98256  -49.221  18.549  10.624 0.0000000000
98257  -49.686  20.219  11.296 0.0000000000
98258  -49.816  20.261  12.118 0.0000000000
98266  -30.782  20.318  8.916 0.0000000000
98267  -31.595  20.784  8.666 0.0000000000
98268  -33.299  21.888  8.960 0.0000000000
98269  -33.766  22.670  8.555 0.0000000000
98270  -45.627  17.791  8.942 0.0000000000
98271  -46.637  17.982  8.741 0.0000000000
98272  -47.682  18.497  8.887 0.0000000000
98273  -48.691  19.327  9.345 0.0000000000
98274  -49.545  20.643  9.864 0.0000000000
98281  -31.988  20.531  8.199 0.0000000000
98282  -32.794  21.238  7.884 0.0000000000
98283  -33.460  22.533  7.928 0.0000000000
98284  -45.390  17.904  8.050 0.0000000000
98285  -46.353  18.297  7.993 0.0000000000
98286  -47.322  18.979  7.959 0.0000000000
98287  -48.173  19.929  8.370 0.0000000000
98288  -48.854  20.805  8.878 0.0000000000
98295  -33.040  21.328  7.084 0.0000000000
98296  -33.640  22.281  6.839 0.0000000000
98297  -45.315  18.044  6.982 0.0000000000
98298  -46.247  18.691  7.019 0.0000000000
98299  -46.845  19.068  7.383 0.0000000000
98304  -34.540  22.819  5.735 0.0000000000
98305  -35.727  22.743  4.987 0.0000000000
98306  -37.225  22.295  4.170 0.0000000000
98307  -44.462  18.129  4.780 0.0000000000
98308  -45.090  18.083  5.593 0.0000000000
98309  -45.912  18.874  6.050 0.0000000000
98314  -38.931  20.400  2.595 0.0000000000
98315  -40.591  21.239  2.121 0.0000000000
98316  -44.223  18.000  4.336 0.0000000000
98317  -44.532  19.202  3.727 0.0000000000
98318  -45.294  19.598  5.217 0.0000000000
98322  -40.226  19.904  1.119 0.0000000000
98323  -41.199  20.541  0.813 0.0000000000
98324  -41.979  20.764  0.390 0.0000000000
98325  -43.384  19.848  1.962 0.0000000000
98331  -41.478  20.225  0.150 0.0000000000
98332  -41.966  20.385  0.083 0.0000000000
98333  -42.610  19.917  0.688 0.0000000000
98906  -43.720  20.242  29.023 0.0000000000
98907  -44.957  18.815  28.567 0.0000000000
98908  -46.006  18.295  27.948 0.0000000000
98909  -46.628  17.913  27.608 0.0000000000
98914  -43.855  21.573  27.942 0.0000000000
98915  -44.605  20.816  28.184 0.0000000000
98916  -45.723  19.880  28.264 0.0000000000
98917  -47.142  18.815  27.767 0.0000000000
98918  -48.858  18.976  26.916 0.0000000000
98919  -50.307  19.557  25.858 0.0000000000
98920  -50.920  20.391  25.656 0.0000000000
98923  -50.449  19.454  24.444 0.0000000000
98924  -50.902  20.212  24.876 0.0000000000
98928  -50.404  19.888  22.746 0.0000000000
98929  -50.780  20.104  23.976 0.0000000000
98931  -49.924  19.705  20.933 0.0000000000
98938  -49.162  22.240  18.003 0.0000000000
98939  -50.075  21.065  18.859 0.0000000000
98940  -50.091  19.684  19.708 0.0000000000
98956  -45.393  23.183  16.883 0.0000000000
98957  -47.168  23.095  16.953 0.0000000000
98958  -48.798  22.333  17.295 0.0000000000
98959  -50.057  21.177  17.878 0.0000000000
98960  -50.693  19.735  18.637 0.0000000000
98970  -44.893  23.061  16.451 0.0000000000
98971  -46.698  23.185  16.443 0.0000000000
98972  -48.411  22.513  16.616 0.0000000000
98973  -49.859  21.390  16.918 0.0000000000
98974  -50.833  19.940  17.400 0.0000000000
98983  -42.834  22.788  15.973 0.0000000000
98984  -44.485  22.987  15.836 0.0000000000
98985  -46.312  23.171  15.804 0.0000000000
98986  -48.055  22.750  15.914 0.0000000000
98987  -49.522  21.756  16.048 0.0000000000
98988  -50.548  20.187  16.209 0.0000000000
98989  -50.612  19.558  15.884 0.0000000000
98998  -42.175  23.490  14.992 0.0000000000
98999  -44.083  23.313  14.974 0.0000000000
99000  -45.997  23.266  14.921 0.0000000000
99001  -47.822  23.073  15.050 0.0000000000
99002  -49.190  22.146  15.181 0.0000000000
99003  -50.043  20.908  15.347 0.0000000000
99004  -50.426  19.855  15.487 0.0000000000
99012  -42.464  24.328  14.236 0.0000000000
99013  -43.620  24.022  13.773 0.0000000000
99014  -45.668  23.678  13.804 0.0000000000
99015  -47.659  23.359  13.894 0.0000000000
99016  -48.964  22.386  14.144 0.0000000000
99017  -49.767  21.215  14.433 0.0000000000
99018  -50.068  20.171  14.771 0.0000000000
99023  -34.755  21.657  11.800 0.0000000000
99024  -44.037  24.400  12.876 0.0000000000
99025  -45.155  24.236  12.731 0.0000000000
99026  -47.523  23.954  12.240 0.0000000000
99027  -49.095  22.737  12.808 0.0000000000
99028  -49.724  21.406  13.373 0.0000000000
99031  -35.449  22.246  10.466 0.0000000000
99032  -36.595  23.570  9.309 0.0000000000
99033  -37.214  24.664  8.882 0.0000000000
99034  -48.335  24.086  10.974 0.0000000000
99035  -49.393  22.816  10.802 0.0000000000
99036  -49.757  21.377  12.193 0.0000000000
99040  -34.924  21.694  9.997 0.0000000000
99041  -35.519  22.280  9.283 0.0000000000
99042  -37.052  23.843  8.663 0.0000000000
99043  -37.706  24.204  8.140 0.0000000000
99044  -49.099  22.212  9.041 0.0000000000
99049  -34.160  22.906  8.242 0.0000000000
99050  -35.886  22.863  8.327 0.0000000000
99051  -37.029  23.730  7.995 0.0000000000
99052  -47.179  19.582  7.400 0.0000000000
99053  -47.654  20.295  7.474 0.0000000000
99054  -48.465  21.782  7.776 0.0000000000
99059  -34.159  23.162  7.319 0.0000000000
99060  -35.288  23.739  6.815 0.0000000000
99061  -36.794  24.149  6.294 0.0000000000
99062  -46.437  19.335  6.286 0.0000000000
99063  -46.937  19.974  6.668 0.0000000000
99064  -47.399  21.700  6.866 0.0000000000
99065  -47.830  22.553  7.168 0.0000000000
99070  -34.398  23.297  6.391 0.0000000000
99071  -35.494  23.515  5.760 0.0000000000
99072  -37.315  23.852  4.674 0.0000000000
99073  -39.088  23.752  3.836 0.0000000000
99074  -46.157  20.125  5.738 0.0000000000
99075  -46.530  21.617  5.886 0.0000000000
99076  -47.008  22.492  6.292 0.0000000000
99081  -38.559  22.820  3.637 0.0000000000
99082  -40.436  22.671  2.783 0.0000000000
99083  -42.324  22.580  2.101 0.0000000000
99084  -43.803  21.578  2.423 0.0000000000
99085  -45.573  21.408  4.440 0.0000000000
99086  -46.409  22.436  4.992 0.0000000000
99091  -41.469  21.636  1.822 0.0000000000
99092  -42.286  21.261  1.116 0.0000000000
99093  -42.697  20.686  1.033 0.0000000000
99098  -42.223  20.711  0.443 0.0000000000
99099  -42.352  20.483  0.386 0.0000000000
99641  -43.078  21.840  28.364 0.0000000000
99657  -42.950  22.478  27.375 0.0000000000
99658  -43.767  22.168  27.045 0.0000000000
99659  -44.770  21.581  27.274 0.0000000000
99660  -46.067  20.941  27.685 0.0000000000
99661  -47.573  20.526  27.646 0.0000000000
99662  -49.188  20.599  27.103 0.0000000000
99663  -50.558  21.060  26.313 0.0000000000
99664  -50.915  21.690  26.284 0.0000000000
99676  -51.216  21.110  25.267 0.0000000000
99677  -51.210  21.510  25.948 0.0000000000
99681  -51.000  21.564  22.095 0.0000000000
99682  -51.053  21.079  23.732 0.0000000000
99685  -49.177  23.043  18.712 0.0000000000
99686  -49.872  22.197  19.532 0.0000000000
99687  -50.305  21.359  20.797 0.0000000000
99695  -45.121  23.464  17.660 0.0000000000
99696  -46.723  23.546  17.608 0.0000000000
99697  -48.269  23.204  18.004 0.0000000000
99698  -49.550  22.169  18.750 0.0000000000
99699  -50.036  21.024  19.774 0.0000000000
99719  -46.019  23.392  17.215 0.0000000000
99720  -47.703  23.069  17.431 0.0000000000
99749  -40.846  24.202  14.530 0.0000000000
99750  -41.800  24.552  14.266 0.0000000000
99759  -39.988  25.675  13.608 0.0000000000
99760  -41.098  25.345  13.554 0.0000000000
99761  -42.285  24.964  13.391 0.0000000000
99762  -43.296  24.666  12.834 0.0000000000
99767  -35.002  22.475  11.830 0.0000000000
99768  -40.365  26.131  12.592 0.0000000000
99769  -41.290  25.970  12.410 0.0000000000
99770  -42.576  25.396  12.018 0.0000000000
99771  -44.135  24.710  11.937 0.0000000000
99772  -45.945  24.567  11.413 0.0000000000
99773  -47.443  24.483  10.895 0.0000000000
99777  -35.797  23.105  10.739 0.0000000000
99778  -36.360  24.397  9.558 0.0000000000
99779  -37.727  25.313  9.190 0.0000000000
99780  -37.750  26.741  8.949 0.0000000000
99781  -43.443  25.319  11.099 0.0000000000
99782  -44.777  25.089  10.606 0.0000000000
99783  -46.592  25.046  9.962 0.0000000000
99784  -48.141  24.359  9.852 0.0000000000
99785  -48.717  23.499  9.180 0.0000000000
99789  -37.743  25.504  8.768 0.0000000000
99790  -38.055  25.981  8.392 0.0000000000
99791  -39.655  25.333  8.428 0.0000000000
99792  -40.853  25.607  8.150 0.0000000000
99793  -47.378  25.074  8.909 0.0000000000
99794  -47.980  24.486  8.298 0.0000000000
99795  -48.521  23.313  8.062 0.0000000000
99800  -38.454  24.407  7.728 0.0000000000
99801  -40.022  24.941  7.370 0.0000000000
99802  -41.785  25.580  7.011 0.0000000000
99803  -43.525  25.534  6.393 0.0000000000
99804  -44.902  25.520  6.170 0.0000000000
99805  -47.364  24.638  6.742 0.0000000000
99806  -47.741  24.274  7.142 0.0000000000
99807  -48.096  23.060  7.271 0.0000000000
99811  -38.607  24.512  6.082 0.0000000000
99812  -40.440  24.895  5.835 0.0000000000
99813  -42.318  25.121  5.422 0.0000000000
99814  -44.093  25.159  5.263 0.0000000000
99815  -45.701  24.998  5.673 0.0000000000
99816  -46.960  24.440  6.233 0.0000000000
99817  -47.514  23.103  6.596 0.0000000000
99818  -47.867  22.944  7.007 0.0000000000
99822  -39.223  24.106  4.992 0.0000000000
99823  -40.922  24.135  4.317 0.0000000000
99824  -42.992  24.391  4.203 0.0000000000
99825  -44.627  24.283  4.439 0.0000000000
99826  -45.940  23.887  5.016 0.0000000000
99827  -46.741  23.011  5.618 0.0000000000
99828  -47.115  22.858  6.176 0.0000000000
99832  -42.056  23.550  3.188 0.0000000000
99833  -43.558  23.406  3.170 0.0000000000
99834  -44.959  23.001  3.997 0.0000000000
99835  -46.127  22.849  4.745 0.0000000000
99836  -46.460  22.801  5.080 0.0000000000
100395  -49.405  22.586  27.208 0.0000000000
100396  -49.884  22.821  27.353 0.0000000000
100404  -42.480  23.053  26.014 0.0000000000
100405  -43.417  22.893  26.066 0.0000000000
100406  -44.738  22.419  26.629 0.0000000000
100407  -46.056  22.042  27.135 0.0000000000
100408  -47.540  21.831  27.401 0.0000000000
100409  -49.023  21.974  27.040 0.0000000000
100410  -50.424  22.271  26.764 0.0000000000
100411  -51.157  22.098  26.054 0.0000000000
100427  -42.132  23.511  25.414 0.0000000000
100428  -51.478  22.084  24.420 0.0000000000
100429  -51.381  21.928  25.447 0.0000000000
100437  -48.855  24.432  19.063 0.0000000000
100438  -49.580  24.087  19.501 0.0000000000
100439  -50.839  22.947  20.737 0.0000000000
100440  -51.679  22.576  22.766 0.0000000000
100445  -45.517  24.279  18.444 0.0000000000
100446  -48.046  24.198  18.544 0.0000000000
100447  -49.696  23.188  19.411 0.0000000000
100448  -50.193  22.427  20.062 0.0000000000
100455  -46.142  23.885  17.989 0.0000000000
100456  -47.274  23.744  17.956 0.0000000000
100511  -39.030  26.589  12.500 0.0000000000
100512  -39.648  26.789  12.261 0.0000000000
100515  -35.100  23.248  11.585 0.0000000000
100516  -36.083  23.917  10.256 0.0000000000
100517  -38.070  26.903  11.791 0.0000000000
100518  -38.312  27.095  11.139 0.0000000000
100519  -38.860  27.273  11.103 0.0000000000
100520  -40.075  26.940  11.401 0.0000000000
100521  -41.346  26.095  11.212 0.0000000000
100522  -42.433  25.619  10.878 0.0000000000
100525  -36.690  25.043  9.553 0.0000000000
100526  -37.761  25.840  9.395 0.0000000000
100527  -38.044  27.141  9.734 0.0000000000
100528  -38.716  27.032  9.789 0.0000000000
100529  -40.266  26.310  10.213 0.0000000000
100530  -41.678  25.841  10.045 0.0000000000
100531  -43.399  25.617  9.883 0.0000000000
100532  -45.201  25.421  9.271 0.0000000000
100533  -46.486  25.392  8.762 0.0000000000
100537  -39.510  26.137  9.165 0.0000000000
100538  -40.665  25.841  9.175 0.0000000000
100539  -42.230  25.819  8.629 0.0000000000
100540  -44.068  25.566  8.429 0.0000000000
100541  -45.681  25.565  7.994 0.0000000000
100542  -47.062  25.332  7.813 0.0000000000
100543  -47.541  24.814  7.406 0.0000000000
100547  -43.248  25.650  7.541 0.0000000000
100548  -44.655  25.682  7.161 0.0000000000
100549  -46.098  25.526  6.783 0.0000000000
100550  -47.237  25.001  6.841 0.0000000000
100551  -47.563  24.752  7.101 0.0000000000
100556  -46.651  25.043  6.423 0.0000000000
100557  -47.008  24.921  6.494 0.0000000000
101073  -47.981  23.261  27.828 0.0000000000
101074  -49.089  23.285  27.710 0.0000000000
101075  -50.266  23.293  27.397 0.0000000000
101081  -43.558  23.445  25.675 0.0000000000
101082  -44.679  23.167  26.287 0.0000000000
101083  -45.937  22.904  26.958 0.0000000000
101084  -47.369  22.795  27.535 0.0000000000
101085  -48.558  22.733  27.437 0.0000000000
101086  -51.281  23.036  26.097 0.0000000000
101087  -51.412  22.369  25.712 0.0000000000
101100  -41.287  23.953  24.819 0.0000000000
101101  -42.360  23.751  25.284 0.0000000000
101102  -51.160  24.388  21.997 0.0000000000
101103  -51.931  24.073  22.842 0.0000000000
101104  -51.920  23.320  24.192 0.0000000000
101105  -51.640  22.516  25.208 0.0000000000
101116  -47.399  25.168  19.251 0.0000000000
101117  -48.680  24.771  19.496 0.0000000000
101118  -50.388  24.380  20.703 0.0000000000
101119  -51.480  23.656  21.953 0.0000000000
101120  -51.961  23.427  22.882 0.0000000000
101126  -46.338  24.822  18.943 0.0000000000
101127  -47.617  24.808  19.000 0.0000000000
101182  -32.057  22.881  12.014 0.0000000000
101183  -33.662  23.615  11.806 0.0000000000
101184  -34.728  23.610  11.414 0.0000000000
101186  -37.814  26.764  11.509 0.0000000000
101189  -34.708  24.293  10.572 0.0000000000
101190  -35.926  24.547  9.918 0.0000000000
101191  -37.577  25.943  9.618 0.0000000000
101192  -38.319  26.741  10.210 0.0000000000
101193  -38.206  27.053  9.959 0.0000000000
101197  -37.894  26.118  9.519 0.0000000000
101198  -38.407  26.758  9.579 0.0000000000
101199  -37.858  27.201  9.891 0.0000000000
101741  -49.918  25.202  28.026 0.0000000000
101742  -50.404  25.231  27.413 0.0000000000
101754  -46.562  24.344  28.136 0.0000000000
101755  -47.835  24.177  28.233 0.0000000000
101756  -49.399  24.398  28.165 0.0000000000
101757  -50.684  24.390  27.206 0.0000000000
101762  -43.601  24.129  25.567 0.0000000000
101763  -44.652  24.026  26.347 0.0000000000
101764  -45.917  23.913  27.420 0.0000000000
101765  -47.086  23.631  27.881 0.0000000000
101766  -51.498  24.394  25.494 0.0000000000
101777  -41.468  24.434  24.834 0.0000000000
101778  -42.543  24.262  25.210 0.0000000000
101779  -48.942  25.529  21.001 0.0000000000
101780  -50.232  25.132  21.692 0.0000000000
101781  -51.503  24.922  22.640 0.0000000000
101782  -51.713  24.586  23.866 0.0000000000
101793  -45.113  25.275  19.508 0.0000000000
101794  -46.344  25.402  19.421 0.0000000000
101795  -48.020  25.565  19.811 0.0000000000
101796  -49.225  25.100  20.554 0.0000000000
101801  -45.226  24.975  19.276 0.0000000000
101840  -30.211  23.580  11.357 0.0000000000
101847  -29.681  24.527  10.177 0.0000000000
101848  -31.121  23.984  10.613 0.0000000000
101849  -32.718  24.228  10.649 0.0000000000
101850  -33.925  24.525  10.362 0.0000000000
101855  -30.562  24.785  9.294 0.0000000000
101856  -31.793  24.876  9.180 0.0000000000
101857  -33.372  25.095  9.051 0.0000000000
101858  -35.071  25.157  8.965 0.0000000000
101859  -37.048  26.405  8.979 0.0000000000
101860  -37.640  26.359  9.183 0.0000000000
102450  -48.620  26.063  28.742 0.0000000000
102451  -49.383  26.077  28.430 0.0000000000
102452  -50.146  25.950  27.671 0.0000000000
102464  -46.700  25.257  28.475 0.0000000000
102465  -48.033  25.482  28.628 0.0000000000
102466  -49.145  25.412  28.513 0.0000000000
102467  -50.861  25.563  26.454 0.0000000000
102474  -42.336  25.533  25.421 0.0000000000
102475  -43.364  25.227  25.933 0.0000000000
102476  -44.566  25.166  27.292 0.0000000000
102477  -45.661  25.125  28.131 0.0000000000
102478  -50.994  26.304  22.700 0.0000000000
102479  -51.356  26.044  23.509 0.0000000000
102480  -51.428  25.572  24.655 0.0000000000
102490  -40.645  25.304  24.730 0.0000000000
102491  -41.747  25.202  25.115 0.0000000000
102492  -42.690  24.843  25.357 0.0000000000
102493  -46.995  26.012  19.873 0.0000000000
102494  -48.101  25.919  20.528 0.0000000000
102495  -49.698  25.941  21.851 0.0000000000
102496  -51.114  25.688  22.527 0.0000000000
102497  -51.491  25.357  23.417 0.0000000000
102509  -45.766  25.744  19.722 0.0000000000
102510  -47.060  25.843  19.712 0.0000000000
102558  -28.840  25.429  9.571 0.0000000000
102559  -29.817  25.168  9.078 0.0000000000
102563  -29.703  25.723  8.971 0.0000000000
102564  -30.801  25.626  8.828 0.0000000000
102565  -32.564  25.995  8.426 0.0000000000
102566  -34.186  25.983  8.306 0.0000000000
102567  -35.645  26.474  8.222 0.0000000000
102572  -33.666  26.741  8.241 0.0000000000
102573  -34.665  26.980  8.197 0.0000000000
103220  -47.669  27.022  29.031 0.0000000000
103221  -48.548  26.943  28.853 0.0000000000
103222  -49.630  26.987  28.112 0.0000000000
103223  -50.429  26.759  26.912 0.0000000000
103233  -45.454  27.142  28.612 0.0000000000
103234  -46.545  26.823  28.778 0.0000000000
103235  -47.895  26.461  28.894 0.0000000000
103236  -51.041  27.166  24.777 0.0000000000
103237  -51.044  26.764  25.354 0.0000000000
103246  -41.313  26.747  25.890 0.0000000000
103247  -42.086  26.465  25.969 0.0000000000
103248  -43.484  26.523  27.134 0.0000000000
103249  -44.884  26.611  28.341 0.0000000000
103250  -45.886  25.909  28.487 0.0000000000
103251  -50.411  26.573  22.356 0.0000000000
103252  -51.188  26.944  23.703 0.0000000000
103253  -51.295  26.325  24.307 0.0000000000
103265  -39.752  26.295  25.029 0.0000000000
103266  -40.975  26.366  25.490 0.0000000000
103267  -41.768  25.889  25.397 0.0000000000
103268  -46.522  25.989  19.777 0.0000000000
103269  -47.575  26.064  20.137 0.0000000000
103270  -48.951  26.407  21.332 0.0000000000
103281  -45.685  26.055  19.769 0.0000000000
103331  -28.239  27.012  10.380 0.0000000000
103332  -29.308  27.464  10.307 0.0000000000
103338  -28.185  26.121  10.020 0.0000000000
103339  -29.188  26.412  9.479 0.0000000000
103340  -30.400  27.447  9.557 0.0000000000
103341  -31.594  28.003  9.019 0.0000000000
103346  -30.223  26.300  8.864 0.0000000000
103347  -31.383  26.776  8.672 0.0000000000
103348  -32.873  27.667  8.517 0.0000000000
103349  -34.002  28.162  8.507 0.0000000000
103355  -34.014  27.486  8.367 0.0000000000
104004  -47.609  27.847  29.109 0.0000000000
104005  -48.768  28.139  28.579 0.0000000000
104006  -50.053  27.985  27.268 0.0000000000
104007  -50.608  27.309  26.129 0.0000000000
104020  -44.226  28.419  28.578 0.0000000000
104021  -45.064  28.011  28.683 0.0000000000
104022  -46.547  28.567  29.041 0.0000000000
104023  -50.718  27.735  25.288 0.0000000000
104024  -50.780  27.272  25.606 0.0000000000
104034  -38.934  27.935  26.314 0.0000000000
104035  -39.499  27.818  26.487 0.0000000000
104036  -40.886  27.404  26.499 0.0000000000
104037  -42.407  27.764  27.303 0.0000000000
104038  -43.801  27.934  28.286 0.0000000000
104039  -44.530  27.516  28.451 0.0000000000
104040  -50.281  27.049  22.393 0.0000000000
104041  -51.005  27.872  23.231 0.0000000000
104051  -37.620  27.299  25.252 0.0000000000
104052  -38.819  27.525  25.733 0.0000000000
104053  -40.077  27.065  25.765 0.0000000000
104054  -40.621  26.940  25.850 0.0000000000
104055  -46.802  26.016  19.796 0.0000000000
104056  -47.906  26.159  20.315 0.0000000000
104057  -49.430  26.972  21.482 0.0000000000
104058  -50.592  27.992  22.244 0.0000000000
104065  -46.246  26.199  19.727 0.0000000000
104066  -48.034  26.315  20.186 0.0000000000
104067  -48.981  26.948  20.743 0.0000000000
104119  -28.827  28.024  11.466 0.0000000000
104120  -29.999  28.701  10.849 0.0000000000
104132  -31.120  28.643  9.776 0.0000000000
104133  -32.420  29.048  9.380 0.0000000000
104139  -33.572  28.782  8.715 0.0000000000
104770  -46.722  30.105  29.021 0.0000000000
104771  -47.421  29.491  28.998 0.0000000000
104772  -49.022  29.376  27.897 0.0000000000
104773  -50.040  29.134  26.469 0.0000000000
104785  -41.737  29.917  28.422 0.0000000000
104786  -42.422  29.846  28.535 0.0000000000
104787  -44.001  29.315  28.705 0.0000000000
104788  -46.044  29.761  28.921 0.0000000000
104789  -46.651  29.307  29.105 0.0000000000
104790  -50.574  29.005  24.862 0.0000000000
104798  -36.865  28.760  26.794 0.0000000000
104799  -37.379  28.750  26.876 0.0000000000
104800  -38.583  28.446  26.939 0.0000000000
104801  -39.956  28.808  27.558 0.0000000000
104802  -41.436  29.220  28.033 0.0000000000
104803  -42.842  28.770  28.299 0.0000000000
104804  -43.491  28.682  28.455 0.0000000000
104805  -50.770  28.983  23.398 0.0000000000
104813  -36.733  28.259  26.260 0.0000000000
104814  -37.934  28.117  26.069 0.0000000000
104815  -38.406  28.022  26.161 0.0000000000
104816  -49.921  27.534  21.404 0.0000000000
104817  -50.690  28.672  21.949 0.0000000000
104820  -46.966  26.238  19.582 0.0000000000
104821  -48.264  26.486  19.844 0.0000000000
104822  -49.856  27.413  20.441 0.0000000000
104823  -51.161  28.713  20.545 0.0000000000
104828  -48.756  26.588  19.060 0.0000000000
104829  -50.550  27.426  19.131 0.0000000000
105560  -46.201  31.444  28.599 0.0000000000
105561  -46.701  30.897  28.717 0.0000000000
105562  -48.225  30.716  28.092 0.0000000000
105563  -49.302  30.371  26.881 0.0000000000
105564  -49.975  29.891  25.802 0.0000000000
105577  -39.702  31.138  28.414 0.0000000000
105578  -40.270  31.053  28.420 0.0000000000
105579  -41.551  30.635  28.523 0.0000000000
105580  -43.304  31.006  28.629 0.0000000000
105581  -45.390  31.182  28.589 0.0000000000
105582  -46.001  30.638  28.739 0.0000000000
105583  -49.637  30.574  25.847 0.0000000000
105584  -50.251  30.128  24.749 0.0000000000
105596  -36.571  29.399  27.274 0.0000000000
105597  -37.795  29.842  27.800 0.0000000000
105598  -39.228  30.355  28.306 0.0000000000
105599  -40.521  29.954  28.323 0.0000000000
105600  -41.123  29.945  28.347 0.0000000000
105601  -50.597  29.997  23.379 0.0000000000
105608  -35.920  28.702  26.668 0.0000000000
105609  -36.400  28.734  26.751 0.0000000000
105610  -50.743  30.041  22.099 0.0000000000
105613  -50.991  30.109  20.707 0.0000000000
106264  -46.515  32.002  28.424 0.0000000000
106265  -47.685  31.971  27.933 0.0000000000
106266  -48.753  31.467  26.962 0.0000000000
106267  -49.271  30.978  26.308 0.0000000000
106279  -37.787  32.558  28.170 0.0000000000
106280  -38.817  32.458  28.250 0.0000000000
106281  -39.780  31.972  28.344 0.0000000000
106282  -41.107  32.165  28.249 0.0000000000
106283  -42.579  32.277  28.344 0.0000000000
106284  -44.245  32.420  28.162 0.0000000000
106285  -45.814  32.708  28.017 0.0000000000
106286  -47.054  32.896  27.649 0.0000000000
106287  -48.192  32.698  26.333 0.0000000000
106288  -49.507  31.322  25.345 0.0000000000
106289  -50.212  30.711  24.320 0.0000000000
106300  -35.864  31.400  27.910 0.0000000000
106301  -37.115  31.155  28.129 0.0000000000
106302  -38.245  31.306  28.276 0.0000000000
106303  -38.985  31.521  28.357 0.0000000000
106304  -44.250  34.248  25.142 0.0000000000
106305  -45.471  34.037  25.128 0.0000000000
106306  -46.992  33.932  24.984 0.0000000000
106307  -48.236  33.338  24.708 0.0000000000
106308  -49.351  32.247  24.248 0.0000000000
106309  -50.237  31.068  23.657 0.0000000000
106318  -43.536  34.182  24.264 0.0000000000
106319  -44.818  33.856  24.063 0.0000000000
106320  -46.293  33.680  23.912 0.0000000000
106321  -47.934  33.573  23.558 0.0000000000
106322  -49.206  32.669  22.958 0.0000000000
106323  -50.247  31.405  22.402 0.0000000000
106327  -45.580  33.302  22.814 0.0000000000
106328  -47.046  33.230  22.737 0.0000000000
106329  -48.582  32.808  21.975 0.0000000000
106330  -50.146  31.490  20.960 0.0000000000
107041  -39.657  33.417  27.581 0.0000000000
107042  -40.744  33.330  27.507 0.0000000000
107043  -42.060  33.484  27.474 0.0000000000
107044  -43.561  33.452  27.339 0.0000000000
107045  -45.081  33.421  27.244 0.0000000000
107046  -46.452  33.488  27.143 0.0000000000
107047  -47.258  33.308  26.893 0.0000000000
107058  -40.499  34.074  26.269 0.0000000000
107059  -41.609  34.156  26.141 0.0000000000
107060  -43.088  34.290  25.940 0.0000000000
107061  -44.541  33.991  26.203 0.0000000000
107062  -46.003  33.921  26.201 0.0000000000
107063  -47.261  33.646  26.105 0.0000000000
107079  -42.341  34.223  24.527 0.0000000000
132487  -40.597  14.481  7.770 0.0000000000
132488  -40.966  14.245  6.501 0.0000000000
132489  -41.226  14.374  5.979 0.0000000000
132490  -40.412  14.878  8.225 0.0000000000
132491  -41.528  15.298  7.105 0.0000000000
132492  -40.961  14.665  6.771 0.0000000000
132493  -41.885  14.555  5.191 0.0000000000
132494  -40.147  15.252  9.268 0.0000000000
132495  -40.748  15.892  8.715 0.0000000000
132496  -40.356  19.263  0.605 0.0000000000
132497  -34.617  18.474  5.324 0.0000000000
132498  -34.501  18.177  6.446 0.0000000000
132499  -33.968  19.775  5.772 0.0000000000
132500  -35.098  18.259  4.028 0.0000000000
132501  -44.197  16.481  4.850 0.0000000000
132502  -43.897  16.210  4.567 0.0000000000
132503  -42.107  14.072  4.291 0.0000000000
132504  -41.682  17.593  0.545 0.0000000000
132505  -43.326  15.471  3.892 0.0000000000
132506  -41.604  16.121  7.979 0.0000000000
132507  -34.402  21.421  5.872 0.0000000000
132508  -36.617  18.618  3.081 0.0000000000
132509  -43.324  16.177  6.264 0.0000000000
132510  -39.767  19.106  0.872 0.0000000000
132511  -40.495  18.955  0.583 0.0000000000
132512  -43.134  16.808  1.706 0.0000000000
132513  -43.828  17.412  3.414 0.0000000000
132514  -39.905  16.524  -0.076 0.0000000000
132515  -40.075  18.024  0.515 0.0000000000
132516  -41.007  18.567  0.488 0.0000000000
132517  -42.143  18.006  0.729 0.0000000000
132518  -42.640  17.937  1.064 0.0000000000
132519  -37.921  17.358  1.265 0.0000000000
132520  -40.785  19.648  0.473 0.0000000000
132521  -40.915  19.172  0.479 0.0000000000
132522  -43.301  17.638  1.831 0.0000000000
132523  -43.090  18.641  1.631 0.0000000000
132524  -41.271  19.145  0.473 0.0000000000
132525  -41.578  18.609  0.558 0.0000000000
132526  -42.585  18.535  1.003 0.0000000000
132527  -41.085  19.491  0.335 0.0000000000
132528  -41.775  18.752  0.601 0.0000000000
