#!ascii label  , from subject Yale_0050561 vox2ras=TkReg
2085
31392  -47.758  -49.635  17.910 0.0000000000
31393  -49.275  -50.002  17.280 0.0000000000
31394  -50.953  -50.347  16.636 0.0000000000
31395  -52.117  -50.716  16.649 0.0000000000
32361  -44.117  -48.631  17.911 0.0000000000
32379  -44.253  -48.670  16.930 0.0000000000
32380  -44.946  -48.978  17.591 0.0000000000
32382  -53.083  -50.727  16.917 0.0000000000
32383  -54.355  -50.312  17.668 0.0000000000
32384  -55.301  -49.143  18.976 0.0000000000
32397  -44.183  -48.281  16.252 0.0000000000
32398  -45.054  -48.384  15.887 0.0000000000
32399  -46.383  -49.224  16.806 0.0000000000
32400  -48.107  -49.316  16.172 0.0000000000
32401  -49.592  -49.413  15.734 0.0000000000
32402  -50.800  -49.317  15.362 0.0000000000
32403  -52.113  -49.598  15.983 0.0000000000
32404  -53.638  -49.273  16.741 0.0000000000
32405  -54.860  -48.782  17.588 0.0000000000
32417  -44.415  -47.948  15.518 0.0000000000
32418  -44.818  -47.790  15.040 0.0000000000
33373  -55.030  -47.421  21.043 0.0000000000
33374  -56.184  -46.761  20.345 0.0000000000
33385  -55.813  -47.746  19.943 0.0000000000
33386  -56.411  -46.861  19.701 0.0000000000
33401  -43.477  -48.526  16.959 0.0000000000
33402  -56.035  -47.399  19.166 0.0000000000
33403  -56.284  -46.366  18.946 0.0000000000
33414  -43.334  -47.529  15.918 0.0000000000
33415  -43.901  -47.953  15.846 0.0000000000
33416  -46.241  -48.304  15.017 0.0000000000
33417  -47.417  -48.488  14.926 0.0000000000
33418  -48.732  -48.432  14.837 0.0000000000
33419  -49.977  -48.296  14.752 0.0000000000
33420  -51.329  -47.888  14.838 0.0000000000
33421  -52.635  -47.667  16.041 0.0000000000
33422  -54.022  -47.349  17.100 0.0000000000
33423  -55.765  -47.132  18.081 0.0000000000
33424  -56.114  -46.004  18.360 0.0000000000
33438  -43.293  -46.837  14.800 0.0000000000
33439  -44.267  -47.449  14.628 0.0000000000
33440  -45.514  -47.793  14.071 0.0000000000
33441  -46.971  -47.806  13.458 0.0000000000
33442  -48.283  -47.612  13.547 0.0000000000
33443  -49.390  -47.331  13.991 0.0000000000
33444  -50.344  -47.167  14.215 0.0000000000
34424  -54.751  -45.955  21.663 0.0000000000
34425  -55.960  -45.811  21.010 0.0000000000
34443  -56.364  -45.654  19.841 0.0000000000
34454  -56.352  -45.142  18.589 0.0000000000
34460  -51.100  -46.250  14.019 0.0000000000
34461  -52.133  -46.196  14.891 0.0000000000
34462  -53.314  -45.931  16.143 0.0000000000
34463  -54.662  -45.667  17.309 0.0000000000
34464  -55.970  -45.483  17.893 0.0000000000
34475  -44.144  -46.419  13.423 0.0000000000
34476  -45.136  -46.909  13.019 0.0000000000
34477  -46.422  -46.962  12.441 0.0000000000
34478  -48.020  -46.361  12.097 0.0000000000
34479  -49.238  -46.302  12.994 0.0000000000
34480  -50.090  -46.171  13.601 0.0000000000
34484  -44.847  -46.214  12.375 0.0000000000
34485  -45.823  -46.118  11.829 0.0000000000
34486  -47.099  -45.779  11.415 0.0000000000
34487  -47.824  -45.331  11.357 0.0000000000
35421  -56.378  -44.001  22.231 0.0000000000
35422  -56.639  -44.006  21.871 0.0000000000
35440  -55.796  -44.528  21.889 0.0000000000
35441  -56.630  -44.386  20.842 0.0000000000
35466  -56.777  -44.182  19.337 0.0000000000
35477  -56.176  -43.318  17.671 0.0000000000
35478  -56.586  -43.874  18.074 0.0000000000
35487  -51.565  -44.770  14.247 0.0000000000
35488  -52.703  -44.556  15.190 0.0000000000
35489  -53.869  -44.304  16.472 0.0000000000
35490  -55.490  -44.095  17.474 0.0000000000
35491  -56.249  -44.657  17.917 0.0000000000
35506  -44.370  -45.984  12.441 0.0000000000
35507  -49.181  -44.823  12.465 0.0000000000
35508  -49.853  -44.819  13.406 0.0000000000
35509  -50.640  -45.059  13.724 0.0000000000
35519  -46.491  -45.074  10.862 0.0000000000
35520  -47.692  -44.523  10.742 0.0000000000
35521  -48.451  -44.663  11.480 0.0000000000
36463  -55.940  -43.744  22.496 0.0000000000
36464  -56.539  -43.475  22.166 0.0000000000
36486  -57.134  -43.370  21.375 0.0000000000
36508  -57.313  -43.228  20.043 0.0000000000
36517  -56.584  -42.663  17.784 0.0000000000
36518  -57.153  -42.915  18.689 0.0000000000
36527  -51.576  -43.134  15.140 0.0000000000
36528  -52.949  -42.964  15.860 0.0000000000
36529  -54.265  -42.833  16.769 0.0000000000
36530  -55.591  -42.699  17.343 0.0000000000
36545  -48.894  -43.300  12.336 0.0000000000
36546  -49.585  -43.326  13.395 0.0000000000
36547  -50.403  -43.487  14.316 0.0000000000
36561  -48.263  -43.200  11.367 0.0000000000
37553  -55.785  -42.706  22.823 0.0000000000
37554  -57.118  -42.336  22.007 0.0000000000
37555  -57.889  -41.492  21.063 0.0000000000
37574  -57.760  -42.358  20.613 0.0000000000
37575  -58.131  -41.270  19.763 0.0000000000
37588  -57.750  -42.052  19.260 0.0000000000
37589  -58.016  -41.005  18.680 0.0000000000
37592  -55.869  -41.611  17.537 0.0000000000
37593  -57.282  -41.493  18.064 0.0000000000
37594  -57.812  -40.772  18.263 0.0000000000
37597  -50.635  -41.860  15.234 0.0000000000
37598  -51.843  -41.697  15.884 0.0000000000
37599  -53.275  -41.572  16.388 0.0000000000
37600  -54.536  -41.608  17.124 0.0000000000
37609  -48.461  -41.918  12.433 0.0000000000
37610  -49.097  -41.920  13.409 0.0000000000
37611  -49.732  -41.958  14.420 0.0000000000
38650  -55.759  -40.906  23.364 0.0000000000
38651  -56.705  -40.747  23.496 0.0000000000
38652  -57.298  -40.306  23.255 0.0000000000
38659  -56.489  -41.654  23.131 0.0000000000
38660  -57.579  -40.818  22.305 0.0000000000
38669  -58.156  -40.406  20.426 0.0000000000
38677  -56.936  -39.729  18.145 0.0000000000
38678  -57.884  -39.821  18.295 0.0000000000
38679  -58.195  -40.181  18.917 0.0000000000
38682  -54.514  -39.934  17.394 0.0000000000
38683  -55.847  -40.312  17.807 0.0000000000
38684  -57.492  -40.369  18.058 0.0000000000
38685  -58.043  -40.418  18.337 0.0000000000
38688  -51.016  -40.454  15.860 0.0000000000
38689  -52.387  -40.382  16.319 0.0000000000
38690  -53.710  -40.326  16.848 0.0000000000
38691  -54.812  -40.762  17.491 0.0000000000
38693  -48.487  -40.631  13.631 0.0000000000
38694  -49.228  -40.686  14.425 0.0000000000
38695  -49.981  -40.640  15.101 0.0000000000
39683  -57.258  -39.299  23.923 0.0000000000
39684  -57.586  -39.025  23.714 0.0000000000
39691  -55.485  -40.042  23.577 0.0000000000
39692  -56.771  -39.882  23.873 0.0000000000
39693  -57.711  -39.538  23.049 0.0000000000
39701  -58.149  -39.491  21.284 0.0000000000
39711  -57.900  -38.678  18.873 0.0000000000
39712  -58.092  -39.095  19.423 0.0000000000
39722  -54.325  -38.622  17.610 0.0000000000
39723  -55.253  -39.108  18.103 0.0000000000
39724  -57.280  -39.032  18.708 0.0000000000
39725  -58.138  -39.465  18.612 0.0000000000
39728  -52.577  -38.539  16.756 0.0000000000
39729  -53.606  -38.893  17.127 0.0000000000
39730  -54.765  -39.550  17.650 0.0000000000
39732  -49.644  -38.718  15.054 0.0000000000
39733  -50.165  -39.182  15.409 0.0000000000
39734  -51.849  -38.977  16.423 0.0000000000
39735  -52.893  -39.573  16.593 0.0000000000
39739  -49.096  -39.145  14.609 0.0000000000
39740  -49.592  -39.868  14.875 0.0000000000
40600  -56.002  -38.447  24.561 0.0000000000
40601  -57.254  -38.627  24.360 0.0000000000
40602  -57.940  -38.567  23.465 0.0000000000
40616  -55.611  -39.207  24.095 0.0000000000
40617  -56.640  -39.165  24.261 0.0000000000
40618  -58.242  -38.488  21.986 0.0000000000
40629  -58.223  -38.379  20.464 0.0000000000
40638  -56.049  -37.777  19.235 0.0000000000
40639  -57.514  -38.295  19.292 0.0000000000
40640  -58.111  -38.355  19.668 0.0000000000
40651  -54.154  -38.000  17.806 0.0000000000
40652  -55.645  -38.369  18.721 0.0000000000
40653  -56.775  -38.330  18.868 0.0000000000
40659  -51.159  -37.318  16.724 0.0000000000
40660  -52.275  -37.928  16.997 0.0000000000
40661  -53.263  -37.973  17.246 0.0000000000
40667  -49.685  -37.955  15.233 0.0000000000
40668  -50.714  -38.058  16.105 0.0000000000
40669  -51.459  -38.039  16.567 0.0000000000
40677  -48.999  -38.105  14.809 0.0000000000
41436  -57.162  -37.112  25.312 0.0000000000
41437  -57.475  -37.186  25.121 0.0000000000
41447  -54.713  -37.408  24.644 0.0000000000
41448  -56.718  -37.489  25.152 0.0000000000
41449  -57.892  -37.687  24.318 0.0000000000
41465  -58.291  -37.603  22.701 0.0000000000
41484  -57.835  -36.763  20.402 0.0000000000
41485  -58.357  -37.184  20.880 0.0000000000
41499  -54.118  -36.265  18.670 0.0000000000
41500  -54.938  -36.691  19.082 0.0000000000
41501  -57.018  -36.999  19.969 0.0000000000
41502  -58.031  -37.772  19.897 0.0000000000
41516  -52.446  -36.243  17.895 0.0000000000
41517  -53.427  -36.495  18.181 0.0000000000
41518  -54.809  -37.472  18.616 0.0000000000
41524  -50.815  -36.378  16.684 0.0000000000
41525  -51.868  -36.511  17.470 0.0000000000
41526  -52.955  -37.354  17.531 0.0000000000
41528  -49.509  -36.518  15.370 0.0000000000
41529  -50.324  -36.929  16.009 0.0000000000
41535  -48.892  -37.301  14.922 0.0000000000
42306  -57.184  -36.586  25.555 0.0000000000
42307  -57.923  -36.670  24.698 0.0000000000
42314  -55.390  -36.646  25.302 0.0000000000
42315  -56.416  -36.740  25.553 0.0000000000
42316  -58.314  -36.793  23.374 0.0000000000
42325  -58.420  -36.754  22.102 0.0000000000
42340  -57.660  -36.253  20.684 0.0000000000
42341  -58.322  -36.274  21.371 0.0000000000
42357  -54.062  -35.719  18.872 0.0000000000
42358  -55.383  -35.981  19.745 0.0000000000
42359  -56.446  -35.978  20.357 0.0000000000
42371  -52.219  -35.788  18.024 0.0000000000
42372  -52.787  -35.341  18.515 0.0000000000
42381  -50.892  -35.644  16.956 0.0000000000
42382  -51.380  -35.294  17.536 0.0000000000
42386  -50.139  -35.514  16.099 0.0000000000
43212  -55.623  -34.921  25.932 0.0000000000
43213  -56.961  -35.360  26.220 0.0000000000
43214  -58.105  -35.436  25.302 0.0000000000
43215  -58.578  -34.704  24.752 0.0000000000
43224  -54.588  -35.577  25.414 0.0000000000
43225  -56.095  -36.024  25.805 0.0000000000
43226  -58.430  -35.889  23.791 0.0000000000
43227  -58.722  -35.022  23.985 0.0000000000
43237  -58.483  -35.934  22.349 0.0000000000
43238  -58.608  -35.211  22.810 0.0000000000
43247  -55.276  -34.416  20.116 0.0000000000
43248  -56.713  -35.107  20.721 0.0000000000
43249  -58.149  -35.371  21.315 0.0000000000
43250  -58.469  -35.300  22.063 0.0000000000
43266  -53.175  -34.608  18.990 0.0000000000
43267  -54.584  -34.965  19.500 0.0000000000
43268  -55.635  -35.315  20.150 0.0000000000
43283  -51.822  -34.802  18.234 0.0000000000
43284  -52.402  -34.721  18.662 0.0000000000
43301  -50.059  -34.059  16.405 0.0000000000
43302  -50.616  -34.583  16.844 0.0000000000
43303  -51.164  -34.450  17.594 0.0000000000
43312  -50.094  -34.608  16.274 0.0000000000
44160  -57.050  -33.417  26.515 0.0000000000
44161  -57.519  -33.574  26.528 0.0000000000
44162  -58.093  -33.638  26.264 0.0000000000
44167  -55.232  -33.914  25.742 0.0000000000
44168  -56.586  -34.035  26.307 0.0000000000
44169  -57.684  -34.411  26.192 0.0000000000
44170  -58.473  -34.118  25.416 0.0000000000
44181  -53.957  -34.249  25.404 0.0000000000
44182  -58.910  -34.147  24.086 0.0000000000
44189  -56.920  -33.379  21.455 0.0000000000
44190  -58.244  -33.796  21.817 0.0000000000
44191  -58.692  -34.366  22.870 0.0000000000
44197  -54.757  -33.333  20.075 0.0000000000
44198  -56.042  -33.920  20.882 0.0000000000
44199  -57.501  -34.400  21.362 0.0000000000
44200  -58.423  -34.710  21.919 0.0000000000
44209  -51.814  -33.152  18.668 0.0000000000
44210  -52.738  -33.535  19.124 0.0000000000
44211  -53.975  -33.919  19.503 0.0000000000
44223  -50.753  -33.227  17.554 0.0000000000
44224  -51.288  -33.756  18.083 0.0000000000
44225  -52.122  -34.115  18.705 0.0000000000
44245  -50.276  -33.449  16.946 0.0000000000
44246  -50.821  -33.875  17.369 0.0000000000
45198  -56.549  -33.034  26.225 0.0000000000
45199  -57.289  -32.864  26.590 0.0000000000
45200  -57.984  -32.888  26.520 0.0000000000
45206  -54.403  -33.093  25.284 0.0000000000
45207  -55.605  -33.090  25.660 0.0000000000
45208  -58.519  -32.993  25.774 0.0000000000
45220  -53.156  -33.014  24.986 0.0000000000
45221  -58.922  -33.130  24.423 0.0000000000
45227  -56.592  -32.504  21.451 0.0000000000
45228  -57.823  -32.826  21.746 0.0000000000
45229  -58.894  -33.259  22.776 0.0000000000
45236  -54.310  -32.390  20.058 0.0000000000
45237  -55.549  -32.692  20.779 0.0000000000
45245  -51.725  -32.308  18.631 0.0000000000
45246  -52.366  -32.585  19.099 0.0000000000
45247  -53.418  -32.780  19.531 0.0000000000
45257  -51.082  -32.613  18.089 0.0000000000
46341  -55.818  -31.625  25.599 0.0000000000
46342  -56.535  -32.041  26.186 0.0000000000
46343  -57.717  -32.037  26.712 0.0000000000
46344  -58.484  -32.044  26.285 0.0000000000
46357  -53.720  -31.517  25.140 0.0000000000
46358  -54.817  -31.870  25.337 0.0000000000
46359  -55.909  -32.516  25.744 0.0000000000
46360  -58.984  -31.971  24.933 0.0000000000
46374  -53.006  -31.830  24.921 0.0000000000
46375  -53.809  -32.440  25.033 0.0000000000
46376  -59.091  -32.199  23.323 0.0000000000
46387  -55.836  -31.743  21.141 0.0000000000
46388  -57.117  -31.887  21.674 0.0000000000
46389  -58.514  -32.144  22.104 0.0000000000
46401  -52.635  -31.091  19.342 0.0000000000
46402  -53.339  -31.596  19.640 0.0000000000
46403  -54.660  -31.641  20.390 0.0000000000
46413  -51.336  -31.660  18.347 0.0000000000
46414  -52.168  -31.598  19.057 0.0000000000
46415  -52.770  -32.132  19.326 0.0000000000
47406  -56.007  -31.010  25.789 0.0000000000
47407  -57.350  -31.089  26.703 0.0000000000
47408  -58.243  -31.085  26.576 0.0000000000
47409  -58.934  -31.114  25.892 0.0000000000
47419  -53.517  -30.874  25.284 0.0000000000
47420  -54.734  -30.681  25.566 0.0000000000
47421  -59.180  -31.013  24.780 0.0000000000
47426  -52.117  -30.677  24.767 0.0000000000
47427  -59.265  -31.226  23.685 0.0000000000
47436  -56.387  -30.979  21.321 0.0000000000
47437  -57.844  -31.148  21.770 0.0000000000
47438  -59.083  -31.316  22.390 0.0000000000
47452  -52.980  -30.586  19.591 0.0000000000
47453  -53.971  -30.690  20.178 0.0000000000
47454  -55.153  -30.858  20.735 0.0000000000
47469  -51.540  -30.812  18.588 0.0000000000
47470  -52.211  -30.629  19.146 0.0000000000
48463  -55.533  -29.880  25.864 0.0000000000
48464  -56.965  -30.050  26.646 0.0000000000
48465  -58.031  -30.116  26.935 0.0000000000
48466  -58.872  -30.087  26.316 0.0000000000
48467  -59.365  -29.679  25.493 0.0000000000
48482  -52.725  -29.677  25.239 0.0000000000
48483  -54.051  -29.809  25.725 0.0000000000
48484  -59.244  -30.352  25.225 0.0000000000
48485  -59.481  -29.793  24.485 0.0000000000
48500  -59.415  -30.445  24.072 0.0000000000
48501  -59.553  -29.932  23.510 0.0000000000
48518  -56.979  -30.126  21.279 0.0000000000
48519  -58.624  -30.414  21.821 0.0000000000
48520  -59.435  -30.375  22.844 0.0000000000
48521  -59.553  -30.000  23.081 0.0000000000
48537  -53.410  -29.659  19.974 0.0000000000
48538  -54.615  -29.951  20.596 0.0000000000
48539  -55.686  -30.249  20.971 0.0000000000
48557  -51.681  -29.802  18.899 0.0000000000
48558  -52.534  -29.937  19.364 0.0000000000
49593  -54.866  -28.889  26.065 0.0000000000
49594  -56.411  -28.992  26.432 0.0000000000
49595  -57.676  -29.130  27.060 0.0000000000
49596  -58.587  -29.143  26.806 0.0000000000
49597  -59.291  -29.086  26.038 0.0000000000
49610  -52.124  -28.458  25.366 0.0000000000
49611  -53.439  -28.780  25.889 0.0000000000
49612  -59.583  -29.097  24.852 0.0000000000
49621  -59.661  -29.341  23.747 0.0000000000
49632  -56.713  -29.170  20.816 0.0000000000
49633  -58.253  -29.569  21.289 0.0000000000
49634  -59.344  -29.754  22.030 0.0000000000
49635  -59.559  -29.725  22.952 0.0000000000
49649  -53.352  -28.531  19.930 0.0000000000
49650  -54.375  -29.010  20.390 0.0000000000
49651  -55.560  -29.489  20.791 0.0000000000
49666  -51.514  -28.693  19.033 0.0000000000
49667  -52.441  -29.094  19.463 0.0000000000
50691  -54.259  -27.953  26.325 0.0000000000
50692  -55.767  -27.992  26.394 0.0000000000
50693  -57.260  -28.148  26.961 0.0000000000
50694  -58.312  -28.230  27.153 0.0000000000
50695  -59.079  -28.216  26.517 0.0000000000
50705  -52.341  -27.353  25.636 0.0000000000
50706  -53.163  -27.757  26.022 0.0000000000
50707  -59.590  -28.255  25.346 0.0000000000
50715  -59.844  -28.534  23.971 0.0000000000
50727  -55.261  -27.923  20.067 0.0000000000
50728  -56.429  -28.437  20.313 0.0000000000
50729  -57.963  -28.870  20.745 0.0000000000
50730  -59.313  -29.054  21.523 0.0000000000
50731  -59.597  -29.046  22.775 0.0000000000
50745  -53.458  -27.556  19.799 0.0000000000
50746  -54.356  -28.089  20.131 0.0000000000
50747  -55.378  -28.637  20.456 0.0000000000
50756  -52.395  -28.047  19.511 0.0000000000
51793  -53.856  -27.335  26.451 0.0000000000
51794  -54.956  -26.937  26.689 0.0000000000
51795  -56.774  -27.215  26.805 0.0000000000
51796  -57.993  -27.400  27.166 0.0000000000
51797  -58.753  -27.356  26.931 0.0000000000
51801  -52.068  -26.508  25.543 0.0000000000
51802  -53.436  -26.614  26.250 0.0000000000
51803  -54.447  -26.203  26.718 0.0000000000
51804  -59.437  -27.281  26.026 0.0000000000
51811  -59.915  -27.446  24.481 0.0000000000
51826  -55.221  -27.604  19.888 0.0000000000
51827  -55.949  -27.759  19.782 0.0000000000
51828  -57.675  -28.302  20.078 0.0000000000
51829  -59.263  -28.448  20.810 0.0000000000
51830  -59.815  -28.044  22.545 0.0000000000
51843  -53.646  -26.968  19.617 0.0000000000
51844  -54.737  -27.304  19.710 0.0000000000
51845  -55.498  -27.405  19.609 0.0000000000
51855  -52.689  -26.861  19.232 0.0000000000
51856  -53.924  -26.592  19.367 0.0000000000
53050  -55.235  -26.016  26.735 0.0000000000
53051  -56.492  -26.292  26.655 0.0000000000
53052  -57.871  -26.646  26.997 0.0000000000
53053  -58.479  -26.911  27.098 0.0000000000
53058  -52.927  -25.598  25.748 0.0000000000
53059  -54.487  -25.318  26.541 0.0000000000
53060  -56.249  -25.392  26.589 0.0000000000
53061  -57.801  -25.689  26.817 0.0000000000
53062  -58.998  -26.300  26.831 0.0000000000
53070  -52.454  -24.884  25.291 0.0000000000
53071  -53.522  -24.693  25.858 0.0000000000
53072  -59.663  -26.250  25.403 0.0000000000
53088  -57.427  -27.768  19.481 0.0000000000
53089  -59.079  -27.954  19.780 0.0000000000
53090  -59.841  -27.374  21.142 0.0000000000
53091  -60.087  -26.392  23.207 0.0000000000
53101  -54.813  -26.705  19.026 0.0000000000
53102  -56.159  -27.283  19.082 0.0000000000
53103  -58.443  -27.336  18.768 0.0000000000
53104  -59.623  -26.776  19.760 0.0000000000
53105  -60.125  -26.171  21.159 0.0000000000
53119  -54.049  -26.196  18.311 0.0000000000
53120  -55.896  -26.606  18.129 0.0000000000
53121  -57.469  -27.030  18.046 0.0000000000
54224  -55.980  -24.523  26.456 0.0000000000
54225  -57.546  -24.652  26.705 0.0000000000
54226  -58.970  -25.049  26.827 0.0000000000
54227  -59.317  -25.542  26.122 0.0000000000
54235  -53.212  -24.043  25.499 0.0000000000
54236  -54.765  -23.709  26.194 0.0000000000
54237  -56.910  -23.664  26.477 0.0000000000
54238  -58.734  -23.819  26.778 0.0000000000
54239  -59.681  -24.675  25.154 0.0000000000
54252  -52.842  -23.419  25.065 0.0000000000
54253  -53.746  -23.405  25.641 0.0000000000
54254  -60.201  -24.800  22.301 0.0000000000
54263  -58.764  -26.850  17.591 0.0000000000
54264  -59.635  -26.377  18.249 0.0000000000
54265  -60.132  -25.266  19.596 0.0000000000
54278  -55.683  -26.467  16.754 0.0000000000
54279  -57.845  -26.694  16.633 0.0000000000
54280  -59.720  -26.192  16.582 0.0000000000
54281  -60.073  -25.352  17.607 0.0000000000
54296  -57.394  -26.399  14.831 0.0000000000
54297  -59.178  -26.008  15.043 0.0000000000
54298  -60.115  -25.362  15.418 0.0000000000
55226  -55.048  -22.962  26.083 0.0000000000
55227  -56.136  -22.734  26.174 0.0000000000
55228  -58.101  -22.728  26.473 0.0000000000
55229  -59.398  -22.899  25.776 0.0000000000
55240  -54.374  -22.623  25.512 0.0000000000
55241  -56.160  -21.790  25.903 0.0000000000
55242  -60.128  -22.953  23.739 0.0000000000
55250  -60.193  -23.453  20.785 0.0000000000
55260  -60.204  -25.010  16.437 0.0000000000
55261  -60.358  -23.780  17.676 0.0000000000
55274  -58.783  -25.506  13.497 0.0000000000
55275  -59.982  -24.889  14.202 0.0000000000
55276  -60.306  -24.157  15.448 0.0000000000
55277  -60.403  -23.178  15.965 0.0000000000
55296  -59.442  -24.143  13.161 0.0000000000
55297  -60.070  -23.425  14.095 0.0000000000
55298  -60.308  -23.409  15.124 0.0000000000
55319  -59.597  -23.364  13.219 0.0000000000
56279  -57.529  -21.923  26.235 0.0000000000
56280  -58.909  -21.741  26.203 0.0000000000
56281  -59.726  -21.894  25.156 0.0000000000
56289  -53.467  -22.062  24.361 0.0000000000
56290  -55.095  -21.186  25.044 0.0000000000
56291  -57.634  -20.894  25.836 0.0000000000
56292  -59.566  -20.873  25.427 0.0000000000
56293  -60.119  -21.378  24.027 0.0000000000
56300  -54.719  -20.542  23.864 0.0000000000
56301  -60.247  -21.928  22.024 0.0000000000
56309  -60.393  -22.116  19.510 0.0000000000
56321  -55.966  -20.705  16.488 0.0000000000
56322  -56.968  -20.680  16.237 0.0000000000
56323  -58.920  -20.966  16.071 0.0000000000
56324  -60.227  -21.855  16.960 0.0000000000
56341  -59.450  -22.143  14.637 0.0000000000
56342  -60.208  -22.814  15.234 0.0000000000
56363  -59.401  -22.857  13.425 0.0000000000
57362  -56.474  -19.734  24.998 0.0000000000
57363  -58.981  -19.703  25.495 0.0000000000
57364  -60.079  -20.236  24.338 0.0000000000
57365  -60.308  -20.721  22.952 0.0000000000
57370  -53.867  -20.232  23.120 0.0000000000
57371  -55.001  -20.008  23.779 0.0000000000
57372  -59.944  -20.308  20.680 0.0000000000
57373  -60.099  -21.046  21.103 0.0000000000
57379  -59.039  -19.974  18.784 0.0000000000
57380  -59.939  -20.416  19.007 0.0000000000
57381  -60.268  -21.029  19.108 0.0000000000
57392  -54.573  -20.219  17.295 0.0000000000
57393  -55.943  -20.416  17.209 0.0000000000
57394  -57.968  -20.468  17.450 0.0000000000
57395  -59.635  -20.693  17.634 0.0000000000
57396  -60.173  -20.955  18.099 0.0000000000
58350  -56.572  -18.576  24.318 0.0000000000
58351  -58.347  -18.731  25.035 0.0000000000
58352  -60.177  -19.123  24.047 0.0000000000
58353  -60.356  -19.991  23.457 0.0000000000
58358  -53.421  -19.278  22.743 0.0000000000
58359  -55.040  -19.364  23.628 0.0000000000
58360  -60.404  -19.292  21.954 0.0000000000
58361  -60.347  -20.023  22.429 0.0000000000
58366  -57.441  -18.968  19.591 0.0000000000
58367  -58.772  -19.305  20.010 0.0000000000
58368  -59.674  -19.759  20.344 0.0000000000
58375  -54.439  -19.697  17.657 0.0000000000
58376  -55.715  -19.539  18.298 0.0000000000
58377  -57.337  -19.805  18.648 0.0000000000
59291  -56.457  -17.859  24.091 0.0000000000
59292  -57.767  -17.763  24.942 0.0000000000
59293  -59.323  -17.836  24.878 0.0000000000
59298  -52.846  -18.133  22.599 0.0000000000
59299  -54.909  -18.021  23.478 0.0000000000
59300  -60.424  -17.950  21.940 0.0000000000
59301  -60.452  -18.035  22.913 0.0000000000
59307  -57.745  -18.429  20.038 0.0000000000
59308  -59.626  -18.309  20.933 0.0000000000
59309  -60.142  -18.876  21.150 0.0000000000
59315  -55.037  -19.215  18.165 0.0000000000
59316  -56.419  -18.705  19.167 0.0000000000
59329  -53.969  -19.442  17.290 0.0000000000
59345  -53.486  -19.249  16.634 0.0000000000
60350  -56.524  -17.039  24.117 0.0000000000
60351  -58.351  -16.834  25.070 0.0000000000
60352  -59.680  -16.861  24.625 0.0000000000
60356  -53.481  -16.931  23.015 0.0000000000
60357  -54.956  -16.775  23.637 0.0000000000
60358  -60.422  -17.452  22.104 0.0000000000
60359  -60.313  -16.876  23.499 0.0000000000
60365  -58.106  -17.963  20.244 0.0000000000
60366  -60.029  -17.627  20.936 0.0000000000
60375  -55.305  -18.754  18.266 0.0000000000
60376  -56.642  -18.111  19.201 0.0000000000
60388  -54.560  -18.684  17.283 0.0000000000
60389  -55.858  -18.287  18.303 0.0000000000
60406  -52.922  -19.336  15.848 0.0000000000
60407  -53.647  -18.946  16.170 0.0000000000
60430  -52.591  -19.134  14.986 0.0000000000
60431  -53.193  -19.069  15.546 0.0000000000
60451  -52.022  -19.110  14.391 0.0000000000
60506  -51.060  -19.683  10.243 0.0000000000
60526  -50.633  -19.565  9.713 0.0000000000
61369  -57.270  -15.876  24.654 0.0000000000
61370  -58.764  -15.924  25.169 0.0000000000
61371  -59.690  -15.935  24.307 0.0000000000
61375  -52.246  -15.726  23.087 0.0000000000
61376  -54.247  -15.852  23.502 0.0000000000
61377  -55.799  -16.072  23.987 0.0000000000
61378  -60.349  -17.013  21.601 0.0000000000
61379  -60.375  -16.255  22.803 0.0000000000
61385  -57.867  -17.566  19.824 0.0000000000
61386  -59.807  -17.148  20.419 0.0000000000
61387  -60.381  -16.528  21.611 0.0000000000
61398  -57.259  -17.616  19.039 0.0000000000
61399  -58.315  -17.228  19.832 0.0000000000
61414  -54.931  -18.342  16.959 0.0000000000
61415  -55.976  -18.053  17.673 0.0000000000
61432  -54.352  -18.562  16.405 0.0000000000
61433  -55.309  -18.179  16.302 0.0000000000
61449  -52.957  -18.980  14.739 0.0000000000
61450  -53.711  -18.713  15.213 0.0000000000
61451  -55.125  -18.431  14.962 0.0000000000
61468  -51.984  -19.042  13.727 0.0000000000
61469  -52.616  -18.974  14.061 0.0000000000
61470  -54.308  -18.849  13.661 0.0000000000
61471  -55.855  -18.499  14.042 0.0000000000
61487  -52.005  -19.091  13.181 0.0000000000
61488  -53.081  -19.250  12.655 0.0000000000
61489  -54.606  -19.562  11.828 0.0000000000
61490  -55.568  -19.774  11.019 0.0000000000
61504  -52.076  -19.297  11.956 0.0000000000
61505  -53.281  -19.698  11.142 0.0000000000
61506  -54.576  -19.793  10.499 0.0000000000
61507  -55.909  -19.809  10.110 0.0000000000
61520  -52.131  -19.623  10.588 0.0000000000
61521  -53.355  -19.446  10.058 0.0000000000
61522  -54.786  -19.378  9.486 0.0000000000
61523  -56.114  -19.345  9.307 0.0000000000
61537  -50.441  -19.180  9.213 0.0000000000
61538  -51.795  -19.119  9.695 0.0000000000
61539  -53.425  -18.874  9.283 0.0000000000
61540  -54.474  -18.853  8.983 0.0000000000
61551  -50.256  -18.193  9.080 0.0000000000
62429  -56.996  -15.365  24.525 0.0000000000
62430  -57.715  -15.292  24.689 0.0000000000
62431  -58.845  -15.221  24.691 0.0000000000
62435  -52.069  -15.041  23.146 0.0000000000
62436  -53.175  -14.802  23.310 0.0000000000
62437  -55.997  -14.960  24.111 0.0000000000
62438  -57.836  -14.380  24.366 0.0000000000
62439  -59.626  -14.618  23.824 0.0000000000
62445  -52.684  -13.829  23.024 0.0000000000
62446  -60.089  -16.639  20.385 0.0000000000
62447  -60.425  -15.579  21.460 0.0000000000
62457  -57.802  -17.288  19.085 0.0000000000
62458  -59.084  -16.923  19.606 0.0000000000
62459  -60.380  -15.466  20.165 0.0000000000
62475  -57.508  -17.410  18.517 0.0000000000
62476  -58.696  -17.011  18.177 0.0000000000
62492  -57.097  -17.705  17.200 0.0000000000
62493  -58.941  -17.597  16.681 0.0000000000
62494  -59.882  -17.467  16.091 0.0000000000
62509  -56.937  -18.154  15.435 0.0000000000
62510  -58.982  -17.922  15.088 0.0000000000
62511  -60.207  -17.397  15.136 0.0000000000
62512  -60.521  -16.655  14.844 0.0000000000
62527  -55.855  -19.266  12.651 0.0000000000
62528  -57.566  -18.387  13.373 0.0000000000
62529  -59.476  -18.082  13.692 0.0000000000
62530  -60.309  -17.281  13.995 0.0000000000
62531  -60.607  -16.329  14.259 0.0000000000
62546  -55.739  -19.587  11.675 0.0000000000
62547  -56.960  -19.439  11.302 0.0000000000
62548  -58.800  -18.701  11.994 0.0000000000
62549  -60.053  -17.805  12.560 0.0000000000
62550  -60.484  -16.680  13.381 0.0000000000
62564  -57.241  -19.460  9.738 0.0000000000
62565  -58.427  -19.055  10.443 0.0000000000
62566  -59.433  -18.237  10.939 0.0000000000
62581  -55.554  -18.958  8.911 0.0000000000
62582  -56.981  -18.629  8.742 0.0000000000
62583  -58.414  -18.827  9.349 0.0000000000
62584  -58.995  -18.660  9.984 0.0000000000
62599  -51.136  -18.369  9.175 0.0000000000
62600  -52.223  -17.860  9.038 0.0000000000
62601  -53.720  -18.163  8.801 0.0000000000
62602  -55.028  -18.068  9.115 0.0000000000
62603  -55.921  -18.309  8.834 0.0000000000
62613  -50.643  -17.326  9.044 0.0000000000
62614  -51.298  -17.489  9.128 0.0000000000
63479  -54.457  -13.770  23.432 0.0000000000
63480  -56.332  -13.576  23.848 0.0000000000
63481  -57.943  -12.995  23.645 0.0000000000
63482  -59.747  -13.098  22.589 0.0000000000
63483  -59.656  -12.269  22.051 0.0000000000
63487  -51.694  -13.324  22.360 0.0000000000
63488  -53.552  -12.804  22.779 0.0000000000
63489  -55.346  -12.807  23.281 0.0000000000
63490  -56.566  -12.804  23.480 0.0000000000
63491  -60.458  -13.971  20.942 0.0000000000
63492  -60.042  -12.556  21.347 0.0000000000
63498  -52.447  -12.399  21.875 0.0000000000
63499  -60.212  -16.195  18.965 0.0000000000
63500  -60.470  -14.584  19.526 0.0000000000
63501  -60.421  -13.082  20.047 0.0000000000
63515  -60.025  -16.801  17.626 0.0000000000
63516  -60.347  -15.353  18.106 0.0000000000
63517  -60.500  -13.691  18.667 0.0000000000
63531  -60.034  -17.234  16.792 0.0000000000
63532  -60.363  -16.420  16.484 0.0000000000
63533  -60.490  -14.397  17.097 0.0000000000
63551  -60.495  -16.534  15.455 0.0000000000
63552  -60.635  -15.367  15.310 0.0000000000
63565  -60.743  -15.551  13.760 0.0000000000
63578  -60.056  -17.361  11.596 0.0000000000
63579  -60.437  -16.365  12.376 0.0000000000
63593  -59.817  -17.089  10.769 0.0000000000
63594  -60.165  -16.627  11.450 0.0000000000
63608  -57.443  -17.352  8.389 0.0000000000
63609  -58.369  -17.677  8.786 0.0000000000
63610  -59.231  -17.784  9.721 0.0000000000
63623  -52.169  -16.747  8.854 0.0000000000
63624  -53.050  -16.987  8.750 0.0000000000
63625  -54.449  -17.066  9.032 0.0000000000
63626  -56.084  -17.311  8.645 0.0000000000
63636  -50.252  -16.276  8.606 0.0000000000
63637  -51.335  -16.500  8.906 0.0000000000
64635  -57.703  -12.305  23.245 0.0000000000
64636  -58.351  -12.125  23.016 0.0000000000
64637  -59.183  -11.989  22.402 0.0000000000
64640  -53.980  -12.414  22.588 0.0000000000
64641  -54.710  -12.275  22.659 0.0000000000
64642  -56.722  -11.970  22.939 0.0000000000
64643  -58.173  -11.466  22.124 0.0000000000
64644  -59.346  -11.682  21.588 0.0000000000
64649  -53.813  -12.180  22.231 0.0000000000
64650  -55.013  -11.574  21.955 0.0000000000
64651  -56.646  -10.943  21.532 0.0000000000
64652  -58.429  -10.847  20.739 0.0000000000
64653  -59.903  -11.738  20.333 0.0000000000
64665  -53.505  -11.798  21.218 0.0000000000
64666  -54.878  -10.963  20.641 0.0000000000
64667  -56.578  -10.519  19.954 0.0000000000
64668  -58.101  -10.536  19.270 0.0000000000
64669  -60.294  -12.316  19.169 0.0000000000
64681  -53.146  -11.600  19.775 0.0000000000
64682  -54.766  -10.889  18.976 0.0000000000
64683  -56.713  -10.299  18.345 0.0000000000
64684  -58.155  -10.308  18.306 0.0000000000
64685  -60.444  -12.654  17.816 0.0000000000
64702  -55.045  -11.180  17.330 0.0000000000
64703  -56.697  -10.344  17.031 0.0000000000
64704  -60.571  -13.014  16.118 0.0000000000
64716  -53.705  -12.082  16.301 0.0000000000
64717  -55.735  -10.952  15.964 0.0000000000
64718  -56.960  -10.186  16.364 0.0000000000
64719  -60.871  -13.891  14.422 0.0000000000
64732  -54.446  -11.653  15.486 0.0000000000
64733  -55.305  -11.239  15.445 0.0000000000
64734  -60.838  -14.590  12.824 0.0000000000
64748  -59.662  -16.540  10.087 0.0000000000
64749  -60.253  -15.566  11.132 0.0000000000
64765  -57.090  -16.221  8.353 0.0000000000
64766  -58.197  -16.365  8.479 0.0000000000
64767  -59.212  -16.256  9.191 0.0000000000
64768  -59.685  -15.661  10.082 0.0000000000
64784  -52.275  -15.678  8.668 0.0000000000
64785  -53.733  -15.905  8.774 0.0000000000
64786  -55.227  -16.041  8.831 0.0000000000
64787  -56.220  -16.172  8.582 0.0000000000
64798  -50.711  -15.288  8.633 0.0000000000
64799  -51.396  -15.441  8.728 0.0000000000
65834  -59.330  -11.083  19.519 0.0000000000
65835  -59.963  -11.591  19.418 0.0000000000
65846  -59.008  -10.721  18.665 0.0000000000
65847  -59.972  -11.377  18.520 0.0000000000
65861  -57.699  -10.041  17.601 0.0000000000
65862  -59.036  -10.462  17.664 0.0000000000
65863  -60.210  -11.443  17.137 0.0000000000
65876  -57.886  -9.895  16.793 0.0000000000
65877  -59.369  -10.338  16.485 0.0000000000
65878  -60.314  -11.405  16.029 0.0000000000
65889  -56.398  -10.673  15.571 0.0000000000
65890  -57.569  -10.128  15.776 0.0000000000
65891  -59.804  -10.509  15.362 0.0000000000
65892  -60.630  -12.073  14.940 0.0000000000
65904  -53.669  -11.819  14.892 0.0000000000
65905  -55.963  -10.750  15.088 0.0000000000
65906  -58.630  -10.058  14.722 0.0000000000
65907  -60.368  -11.119  14.077 0.0000000000
65908  -60.811  -12.821  13.522 0.0000000000
65922  -54.497  -10.994  14.360 0.0000000000
65923  -56.171  -10.384  14.208 0.0000000000
65924  -60.594  -11.995  12.990 0.0000000000
65925  -60.743  -13.256  11.872 0.0000000000
65939  -57.097  -15.554  8.377 0.0000000000
65940  -57.655  -15.377  8.318 0.0000000000
65941  -58.874  -14.823  8.564 0.0000000000
65942  -59.841  -14.232  10.005 0.0000000000
65955  -52.298  -14.658  8.649 0.0000000000
65956  -53.147  -14.777  8.669 0.0000000000
65957  -54.579  -14.807  8.804 0.0000000000
65958  -56.481  -15.019  8.483 0.0000000000
65959  -57.955  -14.190  8.276 0.0000000000
65960  -58.833  -13.616  8.460 0.0000000000
65970  -50.182  -14.128  8.563 0.0000000000
65971  -51.434  -14.358  8.723 0.0000000000
67052  -57.850  -9.937  14.103 0.0000000000
67053  -59.626  -10.441  13.605 0.0000000000
67054  -60.314  -11.241  13.235 0.0000000000
67068  -55.346  -10.291  13.675 0.0000000000
67069  -57.270  -9.873  13.451 0.0000000000
67070  -59.155  -10.021  13.017 0.0000000000
67071  -60.379  -11.361  12.300 0.0000000000
67072  -60.438  -12.297  10.825 0.0000000000
67087  -59.473  -13.435  8.928 0.0000000000
67088  -59.989  -12.604  9.641 0.0000000000
67104  -52.545  -13.875  8.657 0.0000000000
67105  -53.776  -13.750  8.643 0.0000000000
67106  -55.333  -13.470  8.608 0.0000000000
67107  -57.061  -13.338  8.368 0.0000000000
67108  -58.383  -12.927  8.294 0.0000000000
67109  -59.226  -12.695  8.672 0.0000000000
67110  -59.631  -12.664  9.065 0.0000000000
67122  -50.650  -13.076  8.672 0.0000000000
67123  -51.848  -12.994  8.623 0.0000000000
67124  -53.117  -12.879  8.373 0.0000000000
67125  -54.230  -12.844  8.462 0.0000000000
68252  -56.413  -9.605  12.930 0.0000000000
68253  -58.572  -9.593  12.393 0.0000000000
68254  -60.086  -10.411  11.781 0.0000000000
68255  -60.451  -11.312  11.245 0.0000000000
68275  -57.484  -9.050  12.160 0.0000000000
68276  -59.039  -9.029  11.681 0.0000000000
68277  -59.838  -9.865  11.228 0.0000000000
68278  -60.297  -11.166  10.330 0.0000000000
68296  -55.094  -12.364  8.555 0.0000000000
68297  -56.318  -12.323  8.518 0.0000000000
68298  -57.722  -12.141  8.349 0.0000000000
68299  -59.033  -11.572  8.581 0.0000000000
68300  -59.749  -11.941  9.196 0.0000000000
68311  -51.200  -12.051  8.340 0.0000000000
68312  -52.533  -11.956  8.152 0.0000000000
68313  -54.119  -11.856  8.255 0.0000000000
68314  -55.690  -11.476  8.521 0.0000000000
68315  -57.167  -11.381  8.399 0.0000000000
68316  -58.175  -11.415  8.333 0.0000000000
69424  -58.481  -8.626  11.448 0.0000000000
69425  -59.830  -9.168  10.824 0.0000000000
69426  -59.986  -10.198  10.202 0.0000000000
69445  -59.649  -8.796  10.653 0.0000000000
69446  -59.714  -9.937  9.500 0.0000000000
69447  -59.818  -10.957  9.464 0.0000000000
69457  -50.599  -11.197  7.999 0.0000000000
69458  -51.858  -11.088  7.852 0.0000000000
69459  -53.445  -10.840  7.756 0.0000000000
69460  -55.017  -10.686  8.292 0.0000000000
69461  -56.649  -10.558  8.249 0.0000000000
69462  -58.519  -10.606  8.230 0.0000000000
69473  -51.276  -10.422  7.326 0.0000000000
69474  -52.560  -10.183  7.275 0.0000000000
69475  -53.661  -9.822  7.457 0.0000000000
70514  -57.010  -8.328  11.455 0.0000000000
70531  -58.454  -8.476  11.149 0.0000000000
70532  -59.736  -9.025  10.055 0.0000000000
70539  -54.522  -10.013  7.816 0.0000000000
70540  -55.878  -9.755  8.010 0.0000000000
70541  -57.868  -9.599  7.821 0.0000000000
70542  -59.476  -9.431  8.596 0.0000000000
70553  -50.856  -9.886  6.449 0.0000000000
70554  -52.032  -9.552  6.613 0.0000000000
70555  -53.186  -9.067  7.040 0.0000000000
70556  -54.750  -9.019  7.417 0.0000000000
70557  -56.636  -8.886  7.515 0.0000000000
70558  -57.953  -8.774  7.523 0.0000000000
71677  -57.280  -8.161  11.457 0.0000000000
71678  -59.127  -8.633  10.866 0.0000000000
71679  -60.038  -8.933  9.638 0.0000000000
71685  -58.971  -8.867  7.797 0.0000000000
71686  -59.781  -8.695  8.303 0.0000000000
71695  -51.629  -8.941  5.747 0.0000000000
71696  -52.650  -8.478  6.178 0.0000000000
71697  -53.853  -7.765  6.677 0.0000000000
71698  -55.678  -7.999  7.284 0.0000000000
71699  -57.333  -8.151  7.389 0.0000000000
71700  -58.648  -8.280  7.535 0.0000000000
71701  -59.323  -8.419  7.746 0.0000000000
71710  -51.209  -8.219  5.048 0.0000000000
71711  -52.332  -7.918  5.356 0.0000000000
71712  -52.963  -7.676  5.871 0.0000000000
72775  -55.985  -7.358  11.435 0.0000000000
72776  -58.027  -8.103  11.440 0.0000000000
72777  -59.606  -8.572  10.875 0.0000000000
72783  -59.850  -8.244  9.435 0.0000000000
72790  -54.112  -6.902  6.209 0.0000000000
72791  -55.042  -7.059  6.791 0.0000000000
72792  -56.589  -7.301  7.271 0.0000000000
72793  -58.187  -7.512  7.430 0.0000000000
72794  -59.593  -7.757  7.858 0.0000000000
72802  -50.740  -7.267  4.734 0.0000000000
72803  -51.947  -7.025  4.919 0.0000000000
72804  -53.239  -6.847  5.503 0.0000000000
73852  -55.089  -7.446  17.044 0.0000000000
73853  -56.006  -7.252  16.625 0.0000000000
73863  -55.706  -8.147  15.884 0.0000000000
73864  -56.521  -7.483  16.170 0.0000000000
73878  -55.204  -7.428  14.096 0.0000000000
73892  -54.944  -6.857  12.609 0.0000000000
73903  -55.287  -6.796  11.755 0.0000000000
73904  -56.681  -7.115  11.739 0.0000000000
73905  -58.513  -7.873  11.703 0.0000000000
73906  -59.787  -7.636  11.087 0.0000000000
73907  -60.120  -7.003  11.579 0.0000000000
73914  -60.084  -6.990  9.385 0.0000000000
73915  -60.192  -6.819  10.873 0.0000000000
73922  -54.364  -6.144  6.158 0.0000000000
73923  -55.801  -6.363  7.210 0.0000000000
73924  -57.480  -6.583  7.426 0.0000000000
73925  -58.863  -6.736  7.557 0.0000000000
73926  -59.702  -6.640  8.060 0.0000000000
73934  -49.220  -5.838  4.451 0.0000000000
73935  -50.100  -6.326  4.517 0.0000000000
73936  -51.516  -6.038  4.613 0.0000000000
73937  -52.689  -5.915  4.762 0.0000000000
73938  -53.477  -5.731  5.246 0.0000000000
74925  -54.296  -5.878  17.763 0.0000000000
74926  -55.704  -6.390  17.295 0.0000000000
74927  -56.864  -6.636  16.720 0.0000000000
74928  -57.435  -6.256  16.584 0.0000000000
74936  -52.953  -4.551  17.276 0.0000000000
74937  -56.463  -7.567  15.206 0.0000000000
74938  -57.276  -7.116  15.827 0.0000000000
74939  -57.689  -6.367  16.207 0.0000000000
74951  -51.880  -3.902  16.117 0.0000000000
74952  -56.158  -6.967  13.567 0.0000000000
74953  -57.523  -7.200  14.616 0.0000000000
74954  -58.312  -6.630  15.307 0.0000000000
74967  -56.037  -6.727  12.284 0.0000000000
74968  -57.472  -7.161  13.168 0.0000000000
74969  -58.982  -6.900  13.819 0.0000000000
74970  -59.940  -6.444  13.269 0.0000000000
74971  -60.144  -5.889  13.108 0.0000000000
74982  -56.128  -6.680  11.793 0.0000000000
74983  -57.114  -6.995  12.047 0.0000000000
74984  -58.779  -7.427  12.427 0.0000000000
74985  -59.747  -6.981  12.365 0.0000000000
74986  -60.255  -6.170  11.992 0.0000000000
74992  -59.028  -4.895  7.922 0.0000000000
74993  -59.923  -5.569  8.706 0.0000000000
74994  -60.322  -5.870  10.286 0.0000000000
75000  -50.803  -4.030  5.016 0.0000000000
75001  -52.076  -4.008  4.862 0.0000000000
75002  -53.128  -4.249  5.081 0.0000000000
75003  -53.935  -4.905  5.789 0.0000000000
75004  -55.203  -5.304  6.981 0.0000000000
75005  -56.793  -5.552  7.513 0.0000000000
75006  -58.281  -5.740  7.549 0.0000000000
75007  -59.248  -5.938  7.808 0.0000000000
75015  -49.057  -4.937  4.710 0.0000000000
75016  -49.972  -4.970  4.561 0.0000000000
75017  -51.139  -5.001  4.570 0.0000000000
75018  -52.351  -4.992  4.607 0.0000000000
75019  -53.167  -5.111  4.881 0.0000000000
75936  -55.294  -5.248  17.536 0.0000000000
75937  -56.398  -5.512  17.213 0.0000000000
75938  -57.355  -5.784  16.613 0.0000000000
75939  -57.720  -5.961  16.369 0.0000000000
75947  -54.275  -4.317  17.337 0.0000000000
75948  -55.744  -4.034  17.072 0.0000000000
75949  -57.174  -4.597  16.649 0.0000000000
75950  -58.545  -5.274  15.973 0.0000000000
75951  -59.272  -4.442  15.354 0.0000000000
75959  -51.310  -3.332  15.303 0.0000000000
75960  -52.868  -3.268  15.993 0.0000000000
75961  -54.515  -3.143  16.648 0.0000000000
75962  -59.357  -6.080  14.732 0.0000000000
75963  -59.739  -4.726  14.679 0.0000000000
75964  -60.055  -4.026  13.930 0.0000000000
75977  -50.599  -2.849  14.860 0.0000000000
75978  -51.650  -2.659  15.198 0.0000000000
75979  -59.705  -6.392  14.014 0.0000000000
75980  -60.004  -5.819  13.907 0.0000000000
75981  -60.141  -4.836  13.043 0.0000000000
75995  -59.412  -3.262  8.820 0.0000000000
75996  -59.674  -3.429  9.010 0.0000000000
75997  -60.342  -4.811  11.262 0.0000000000
76003  -53.789  -2.864  6.623 0.0000000000
76004  -54.587  -3.175  7.495 0.0000000000
76005  -55.948  -3.305  7.914 0.0000000000
76006  -57.422  -3.415  7.902 0.0000000000
76007  -58.686  -3.580  8.219 0.0000000000
76008  -59.642  -4.050  8.808 0.0000000000
76009  -60.153  -4.584  9.786 0.0000000000
76014  -49.104  -3.583  5.415 0.0000000000
76015  -49.767  -3.455  5.504 0.0000000000
76016  -50.641  -3.320  5.619 0.0000000000
76017  -51.651  -3.227  5.610 0.0000000000
76018  -52.967  -3.164  5.664 0.0000000000
76019  -53.842  -3.734  6.119 0.0000000000
76020  -54.911  -4.174  6.933 0.0000000000
76021  -56.312  -4.429  7.552 0.0000000000
76022  -57.816  -4.597  7.666 0.0000000000
76028  -48.329  -4.016  5.241 0.0000000000
76029  -48.965  -4.163  5.234 0.0000000000
76030  -49.787  -4.118  5.199 0.0000000000
76862  -56.853  -3.290  16.471 0.0000000000
76863  -58.048  -3.571  16.051 0.0000000000
76864  -59.073  -3.797  15.453 0.0000000000
76865  -59.510  -4.022  15.045 0.0000000000
76873  -53.983  -2.075  15.501 0.0000000000
76874  -55.779  -2.255  16.137 0.0000000000
76875  -57.471  -2.121  15.837 0.0000000000
76876  -58.783  -2.430  15.286 0.0000000000
76877  -59.689  -3.226  14.412 0.0000000000
76878  -60.076  -3.481  13.173 0.0000000000
76893  -49.737  -2.036  15.269 0.0000000000
76894  -51.017  -1.778  15.168 0.0000000000
76895  -52.397  -1.854  15.197 0.0000000000
76896  -60.113  -3.750  12.018 0.0000000000
76910  -58.241  -1.804  8.640 0.0000000000
76911  -59.011  -2.393  8.868 0.0000000000
76912  -59.725  -3.002  9.523 0.0000000000
76913  -60.108  -3.580  10.567 0.0000000000
76921  -52.490  -2.173  6.492 0.0000000000
76922  -53.278  -2.282  6.782 0.0000000000
76923  -54.289  -2.250  7.886 0.0000000000
76924  -55.629  -2.182  8.292 0.0000000000
76925  -57.276  -2.111  8.236 0.0000000000
76926  -58.162  -2.609  8.239 0.0000000000
76927  -59.788  -3.545  9.190 0.0000000000
76928  -59.935  -3.722  9.507 0.0000000000
76934  -48.946  -3.384  5.374 0.0000000000
76935  -49.744  -2.996  5.566 0.0000000000
76936  -50.701  -2.753  5.757 0.0000000000
76937  -51.652  -2.512  6.010 0.0000000000
76938  -52.379  -2.585  6.070 0.0000000000
76944  -47.899  -3.496  4.965 0.0000000000
76945  -48.590  -3.390  5.241 0.0000000000
76946  -49.181  -3.101  5.454 0.0000000000
77831  -55.110  -0.844  14.907 0.0000000000
77832  -56.757  -0.863  15.163 0.0000000000
77833  -58.168  -1.004  14.838 0.0000000000
77834  -59.186  -1.591  14.020 0.0000000000
77835  -59.832  -2.260  12.795 0.0000000000
77836  -60.025  -3.040  12.428 0.0000000000
77853  -48.924  -0.867  15.776 0.0000000000
77854  -50.128  -0.630  15.304 0.0000000000
77855  -51.577  -0.507  14.906 0.0000000000
77856  -53.324  -0.610  14.754 0.0000000000
77857  -59.702  -1.990  11.455 0.0000000000
77858  -59.950  -2.844  11.637 0.0000000000
77872  -57.980  -0.888  8.706 0.0000000000
77873  -58.637  -1.269  9.386 0.0000000000
77874  -59.424  -1.797  10.172 0.0000000000
77875  -59.818  -2.609  10.637 0.0000000000
77882  -52.291  -2.016  6.528 0.0000000000
77883  -53.179  -1.684  7.004 0.0000000000
77884  -54.192  -1.426  7.810 0.0000000000
77885  -55.461  -1.171  8.316 0.0000000000
77886  -56.956  -0.897  8.456 0.0000000000
77893  -50.120  -2.692  5.591 0.0000000000
77894  -50.857  -2.464  5.772 0.0000000000
77895  -51.822  -2.114  6.267 0.0000000000
77896  -52.703  -1.759  6.706 0.0000000000
77902  -48.114  -3.232  4.873 0.0000000000
77903  -48.759  -2.934  5.125 0.0000000000
77904  -49.623  -2.788  5.476 0.0000000000
77905  -50.342  -2.554  5.591 0.0000000000
77913  -48.218  -2.954  4.755 0.0000000000
77921  -47.766  -3.056  4.498 0.0000000000
78731  -49.056  1.510  16.314 0.0000000000
78732  -49.657  1.824  15.732 0.0000000000
78733  -50.092  1.973  15.190 0.0000000000
78734  -56.156  0.149  14.352 0.0000000000
78735  -57.382  0.136  14.089 0.0000000000
78736  -58.400  -0.373  13.375 0.0000000000
78737  -59.148  -1.120  12.600 0.0000000000
78738  -59.531  -1.586  12.095 0.0000000000
78749  -46.758  0.444  16.363 0.0000000000
78750  -48.343  0.588  16.384 0.0000000000
78751  -49.415  0.584  15.878 0.0000000000
78752  -50.377  1.015  14.707 0.0000000000
78753  -52.370  0.925  14.253 0.0000000000
78754  -54.670  0.779  13.951 0.0000000000
78755  -56.418  1.036  13.261 0.0000000000
78756  -57.597  0.761  12.497 0.0000000000
78757  -58.380  -0.102  11.412 0.0000000000
78758  -59.213  -1.187  11.397 0.0000000000
78767  -57.861  0.272  8.859 0.0000000000
78768  -58.271  -0.141  9.812 0.0000000000
78769  -58.758  -0.876  10.424 0.0000000000
78778  -53.323  -1.368  7.130 0.0000000000
78779  -54.190  -0.807  7.675 0.0000000000
78780  -55.381  -0.291  8.252 0.0000000000
78781  -56.788  0.181  8.529 0.0000000000
78788  -51.313  -2.191  5.953 0.0000000000
78789  -51.973  -1.921  6.313 0.0000000000
78790  -52.969  -1.455  6.806 0.0000000000
78791  -53.770  -0.895  7.353 0.0000000000
78797  -49.282  -2.554  5.106 0.0000000000
78798  -49.765  -2.478  5.315 0.0000000000
78799  -50.797  -2.226  5.682 0.0000000000
78800  -51.645  -1.945  6.139 0.0000000000
78806  -48.935  -2.565  4.827 0.0000000000
78807  -49.826  -2.170  4.965 0.0000000000
78808  -50.466  -1.995  5.360 0.0000000000
78815  -48.356  -2.504  4.224 0.0000000000
78816  -49.389  -2.152  4.503 0.0000000000
78825  -48.061  -2.298  3.568 0.0000000000
79626  -46.941  3.432  15.823 0.0000000000
79627  -47.708  3.169  16.132 0.0000000000
79628  -49.080  2.746  16.100 0.0000000000
79629  -50.381  2.973  15.316 0.0000000000
79630  -50.345  2.018  14.575 0.0000000000
79639  -46.190  2.248  15.984 0.0000000000
79640  -47.813  1.843  16.434 0.0000000000
79641  -48.627  1.691  16.466 0.0000000000
79642  -51.091  3.633  14.856 0.0000000000
79643  -51.297  2.480  13.958 0.0000000000
79644  -53.469  2.170  13.266 0.0000000000
79645  -55.505  2.098  12.696 0.0000000000
79646  -56.990  2.029  11.964 0.0000000000
79647  -57.779  1.413  10.703 0.0000000000
79648  -58.246  0.702  10.370 0.0000000000
79654  -57.722  1.437  9.145 0.0000000000
79655  -58.187  0.936  9.716 0.0000000000
79666  -54.452  -0.238  7.652 0.0000000000
79667  -55.342  0.489  8.049 0.0000000000
79668  -56.554  1.087  8.468 0.0000000000
79678  -52.413  -1.640  6.311 0.0000000000
79679  -53.080  -1.201  6.685 0.0000000000
79680  -54.081  -0.303  7.268 0.0000000000
79681  -54.912  0.498  7.762 0.0000000000
79688  -51.304  -1.730  5.447 0.0000000000
79689  -52.130  -1.597  5.847 0.0000000000
79690  -53.247  -0.901  6.335 0.0000000000
79691  -53.815  -0.372  6.863 0.0000000000
79698  -50.163  -1.686  4.527 0.0000000000
79699  -50.978  -1.507  4.930 0.0000000000
79700  -52.378  -1.207  5.113 0.0000000000
79701  -53.127  -0.937  5.674 0.0000000000
79708  -48.810  -1.774  3.610 0.0000000000
79709  -49.702  -1.543  3.983 0.0000000000
79710  -51.107  -1.061  4.102 0.0000000000
79711  -52.034  -0.974  4.469 0.0000000000
79719  -47.817  -1.764  2.708 0.0000000000
79720  -48.379  -1.590  3.053 0.0000000000
79721  -49.629  -0.742  3.237 0.0000000000
79722  -50.586  -0.691  3.653 0.0000000000
79730  -48.262  -0.831  2.384 0.0000000000
79731  -48.928  -0.743  2.786 0.0000000000
79741  -47.624  -1.035  1.930 0.0000000000
80631  -47.446  4.058  15.679 0.0000000000
80632  -48.640  4.420  15.692 0.0000000000
80633  -50.265  4.406  15.448 0.0000000000
80634  -50.918  3.993  15.140 0.0000000000
80641  -45.067  3.005  14.635 0.0000000000
80642  -46.447  4.107  15.220 0.0000000000
80643  -47.535  4.965  15.315 0.0000000000
80644  -50.605  5.188  14.980 0.0000000000
80645  -51.600  4.670  14.154 0.0000000000
80646  -52.673  3.197  12.559 0.0000000000
80647  -54.325  2.759  11.813 0.0000000000
80648  -56.127  2.742  11.394 0.0000000000
80649  -57.200  2.508  10.673 0.0000000000
80650  -57.506  2.034  10.000 0.0000000000
80658  -52.903  5.765  12.802 0.0000000000
80659  -52.937  4.271  12.139 0.0000000000
80660  -53.704  3.468  11.292 0.0000000000
80661  -55.241  3.263  10.632 0.0000000000
80662  -56.435  2.954  10.216 0.0000000000
80663  -57.027  2.336  9.285 0.0000000000
80671  -53.299  6.245  11.992 0.0000000000
80672  -53.487  5.188  11.383 0.0000000000
80673  -53.601  4.056  10.791 0.0000000000
80674  -54.233  3.587  10.333 0.0000000000
80675  -55.555  1.232  7.986 0.0000000000
80676  -56.245  1.772  8.417 0.0000000000
80685  -54.428  0.449  7.183 0.0000000000
80686  -55.103  1.268  7.735 0.0000000000
80687  -55.826  1.853  8.197 0.0000000000
80692  -53.826  -0.207  5.990 0.0000000000
80693  -54.209  0.365  6.672 0.0000000000
80694  -54.764  1.408  7.332 0.0000000000
80699  -52.995  -0.576  4.494 0.0000000000
80700  -53.698  -0.158  5.213 0.0000000000
80701  -54.406  1.049  6.100 0.0000000000
80702  -54.574  1.491  6.891 0.0000000000
80709  -51.583  -0.286  3.565 0.0000000000
80710  -52.556  -0.236  3.900 0.0000000000
80711  -53.688  0.604  4.475 0.0000000000
80712  -54.192  1.205  5.339 0.0000000000
80719  -50.305  0.016  2.893 0.0000000000
80720  -51.056  0.060  3.184 0.0000000000
80721  -52.581  0.633  3.207 0.0000000000
80722  -53.366  0.805  3.772 0.0000000000
80729  -48.684  -0.124  2.053 0.0000000000
80730  -49.630  0.099  2.369 0.0000000000
80731  -51.077  0.529  2.668 0.0000000000
80732  -51.861  0.659  2.887 0.0000000000
80741  -48.158  -0.109  1.433 0.0000000000
80742  -48.940  0.176  1.866 0.0000000000
80753  -47.703  0.088  0.393 0.0000000000
81626  -49.719  5.272  15.268 0.0000000000
81627  -50.277  5.309  15.190 0.0000000000
81633  -45.461  4.568  13.930 0.0000000000
81634  -46.926  5.759  14.402 0.0000000000
81635  -48.535  5.828  14.825 0.0000000000
81636  -50.434  6.090  14.578 0.0000000000
81637  -52.165  6.435  13.508 0.0000000000
81645  -46.190  6.026  12.428 0.0000000000
81646  -47.169  7.178  12.531 0.0000000000
81647  -55.901  3.201  9.717 0.0000000000
81648  -56.414  2.829  9.283 0.0000000000
81649  -56.552  2.424  8.875 0.0000000000
81657  -53.632  4.473  10.124 0.0000000000
81658  -54.064  3.779  9.653 0.0000000000
81659  -54.977  3.371  9.364 0.0000000000
81660  -55.822  2.896  8.928 0.0000000000
81661  -56.175  2.434  8.642 0.0000000000
81669  -53.839  6.116  10.115 0.0000000000
81670  -53.862  4.015  8.959 0.0000000000
81671  -54.506  3.158  8.564 0.0000000000
81672  -55.161  2.492  8.146 0.0000000000
81673  -55.680  2.265  8.317 0.0000000000
81680  -53.604  5.114  8.015 0.0000000000
81681  -53.925  4.214  7.954 0.0000000000
81682  -54.373  3.150  7.658 0.0000000000
81683  -54.746  2.386  7.530 0.0000000000
81689  -53.401  4.807  7.289 0.0000000000
81690  -53.700  4.153  6.951 0.0000000000
81691  -54.234  2.691  6.269 0.0000000000
81692  -54.575  2.208  6.844 0.0000000000
81700  -53.890  1.680  4.290 0.0000000000
81701  -54.179  1.875  4.983 0.0000000000
81709  -53.151  1.417  3.023 0.0000000000
81710  -53.620  1.635  3.518 0.0000000000
81716  -50.297  0.799  1.893 0.0000000000
81717  -51.088  1.059  2.233 0.0000000000
81718  -52.659  1.397  2.583 0.0000000000
81719  -53.495  1.829  3.007 0.0000000000
81728  -48.887  0.630  0.929 0.0000000000
81729  -49.565  0.693  1.414 0.0000000000
81730  -51.023  1.454  1.519 0.0000000000
81731  -52.287  1.875  2.034 0.0000000000
81738  -48.507  0.700  0.381 0.0000000000
81739  -49.432  1.294  0.446 0.0000000000
81740  -50.289  1.562  0.894 0.0000000000
81747  -47.846  0.628  -1.279 0.0000000000
81748  -48.209  0.832  -0.746 0.0000000000
81749  -48.950  1.348  -0.308 0.0000000000
81755  -48.221  1.191  -1.811 0.0000000000
81763  -48.090  1.309  -2.373 0.0000000000
82498  -47.819  6.565  14.277 0.0000000000
82499  -48.826  7.131  13.716 0.0000000000
82504  -47.384  6.747  13.678 0.0000000000
82505  -47.549  7.303  12.966 0.0000000000
82516  -53.923  6.462  8.718 0.0000000000
82523  -53.611  5.752  7.729 0.0000000000
82529  -45.728  6.663  9.787 0.0000000000
82530  -53.455  4.776  6.720 0.0000000000
82531  -53.901  3.506  5.821 0.0000000000
82532  -54.124  2.644  5.226 0.0000000000
82539  -44.293  5.705  7.363 0.0000000000
82540  -45.583  7.453  8.354 0.0000000000
82541  -53.692  4.073  5.545 0.0000000000
82542  -53.921  2.785  4.607 0.0000000000
82543  -54.110  2.278  4.718 0.0000000000
82551  -44.578  5.498  6.008 0.0000000000
82552  -45.576  7.803  6.701 0.0000000000
82553  -53.644  3.721  4.636 0.0000000000
82554  -53.633  2.526  3.592 0.0000000000
82560  -44.186  6.252  4.233 0.0000000000
82561  -53.273  3.111  3.238 0.0000000000
82562  -53.407  2.181  3.062 0.0000000000
82570  -51.111  2.003  0.929 0.0000000000
82571  -52.532  2.915  1.415 0.0000000000
82577  -49.462  1.856  -0.257 0.0000000000
82578  -50.585  2.418  0.001 0.0000000000
82579  -52.083  3.669  0.248 0.0000000000
82587  -48.509  1.691  -1.661 0.0000000000
82588  -49.022  2.364  -1.177 0.0000000000
82589  -49.990  3.330  -1.082 0.0000000000
82594  -48.083  2.520  -3.044 0.0000000000
82595  -48.247  2.559  -2.485 0.0000000000
82596  -48.775  3.132  -2.220 0.0000000000
82602  -47.658  2.820  -3.482 0.0000000000
82603  -47.885  2.275  -3.238 0.0000000000
82604  -48.082  1.829  -2.834 0.0000000000
83500  -53.419  4.580  5.543 0.0000000000
83506  -45.268  7.360  4.944 0.0000000000
83507  -53.386  5.577  5.819 0.0000000000
83512  -43.473  6.162  3.128 0.0000000000
83513  -44.068  7.839  2.957 0.0000000000
83514  -53.420  4.994  3.688 0.0000000000
83520  -43.138  6.910  1.541 0.0000000000
83521  -43.794  9.139  0.232 0.0000000000
83522  -53.157  5.083  1.691 0.0000000000
83523  -53.211  5.791  0.750 0.0000000000
83531  -51.118  3.630  -0.733 0.0000000000
83532  -52.058  4.871  -0.384 0.0000000000
83533  -52.713  6.016  -0.063 0.0000000000
83541  -49.216  3.720  -1.920 0.0000000000
83542  -50.404  4.427  -1.615 0.0000000000
83543  -51.062  5.319  -1.436 0.0000000000
83549  -47.861  3.464  -3.161 0.0000000000
83550  -47.874  4.095  -3.038 0.0000000000
83551  -48.387  4.042  -2.612 0.0000000000
83558  -47.390  3.938  -3.499 0.0000000000
83559  -47.453  3.682  -3.467 0.0000000000
83560  -47.491  4.069  -3.177 0.0000000000
84539  -45.300  8.733  4.159 0.0000000000
84540  -46.197  9.941  4.289 0.0000000000
84544  -44.857  9.613  2.638 0.0000000000
84545  -54.150  7.807  4.463 0.0000000000
84549  -43.253  8.180  -0.066 0.0000000000
84550  -53.854  6.817  2.065 0.0000000000
84551  -53.513  6.828  0.692 0.0000000000
84558  -43.164  8.661  -0.483 0.0000000000
84559  -51.754  5.964  -0.800 0.0000000000
84560  -52.853  6.960  -0.576 0.0000000000
84569  -47.860  5.319  -2.351 0.0000000000
84570  -48.900  5.015  -2.363 0.0000000000
84571  -50.053  5.610  -2.000 0.0000000000
84572  -50.838  6.064  -1.562 0.0000000000
84578  -47.131  4.918  -2.599 0.0000000000
84579  -47.502  5.008  -2.549 0.0000000000
84580  -48.128  4.827  -2.551 0.0000000000
84586  -47.290  4.464  -3.147 0.0000000000
84587  -46.957  5.209  -2.656 0.0000000000
84588  -46.888  5.465  -2.525 0.0000000000
84595  -47.087  4.832  -3.138 0.0000000000
84596  -46.838  5.471  -2.554 0.0000000000
84605  -46.677  4.697  -3.726 0.0000000000
85526  -45.903  10.734  3.655 0.0000000000
85530  -54.212  8.459  2.776 0.0000000000
85531  -54.266  8.615  1.883 0.0000000000
85535  -43.064  9.234  -1.098 0.0000000000
85536  -43.018  9.526  -1.444 0.0000000000
85537  -53.999  7.717  1.640 0.0000000000
85538  -53.696  8.213  0.484 0.0000000000
85542  -42.870  10.251  -2.026 0.0000000000
85543  -42.815  9.938  -1.927 0.0000000000
85544  -51.366  6.948  -1.279 0.0000000000
85545  -52.279  8.171  -0.954 0.0000000000
85553  -43.078  9.866  -1.519 0.0000000000
85554  -47.119  5.684  -1.929 0.0000000000
85555  -47.776  5.983  -1.852 0.0000000000
85556  -48.879  6.300  -1.973 0.0000000000
85557  -49.908  6.805  -1.771 0.0000000000
85564  -43.500  9.385  -0.496 0.0000000000
85565  -46.449  6.201  -2.064 0.0000000000
85566  -46.601  5.923  -2.061 0.0000000000
85574  -46.365  6.756  -1.895 0.0000000000
85575  -46.187  6.476  -1.833 0.0000000000
85582  -47.077  5.480  -2.937 0.0000000000
85583  -46.991  6.328  -2.171 0.0000000000
85589  -46.699  5.226  -3.809 0.0000000000
85590  -47.100  6.219  -2.520 0.0000000000
85597  -46.167  4.875  -4.915 0.0000000000
86620  -54.362  8.955  2.378 0.0000000000
86621  -53.705  9.495  1.933 0.0000000000
86627  -43.496  9.518  -0.878 0.0000000000
86628  -52.573  9.488  -0.088 0.0000000000
86634  -42.307  11.208  -3.676 0.0000000000
86635  -44.184  9.039  -0.474 0.0000000000
86636  -45.463  9.965  0.038 0.0000000000
86637  -50.307  8.053  -1.551 0.0000000000
86638  -51.229  9.083  -1.173 0.0000000000
86644  -42.200  11.957  -4.567 0.0000000000
86645  -45.440  7.765  -0.792 0.0000000000
86646  -45.902  6.516  -1.458 0.0000000000
86647  -47.873  7.102  -1.555 0.0000000000
86648  -48.627  7.128  -1.754 0.0000000000
86649  -49.158  7.735  -1.789 0.0000000000
86655  -43.841  9.648  -0.361 0.0000000000
86656  -43.672  10.016  -1.296 0.0000000000
86657  -45.620  8.426  -0.639 0.0000000000
86658  -45.453  6.573  -1.229 0.0000000000
86666  -46.862  7.541  -1.358 0.0000000000
86667  -46.190  8.160  -0.975 0.0000000000
86675  -47.349  7.347  -1.447 0.0000000000
86676  -46.451  7.811  -1.238 0.0000000000
86682  -46.890  5.565  -4.151 0.0000000000
86683  -47.346  6.495  -2.919 0.0000000000
86690  -46.598  5.392  -5.169 0.0000000000
86691  -47.356  6.181  -4.268 0.0000000000
86700  -46.491  5.231  -6.384 0.0000000000
86701  -47.215  5.923  -5.610 0.0000000000
86716  -46.476  5.274  -7.416 0.0000000000
86717  -47.187  5.772  -6.911 0.0000000000
86736  -46.784  5.856  -8.069 0.0000000000
87705  -51.875  11.098  1.202 0.0000000000
87706  -51.112  11.554  0.416 0.0000000000
87715  -50.644  10.362  -0.838 0.0000000000
87716  -51.102  11.315  -0.066 0.0000000000
87724  -45.198  9.146  -0.086 0.0000000000
87725  -46.061  10.856  -1.163 0.0000000000
87726  -48.707  8.726  -2.138 0.0000000000
87727  -49.827  9.181  -1.534 0.0000000000
87733  -44.892  8.235  -0.538 0.0000000000
87734  -46.295  9.241  -0.536 0.0000000000
87735  -47.654  8.619  -1.169 0.0000000000
87736  -48.143  7.792  -1.382 0.0000000000
87737  -48.587  8.001  -1.699 0.0000000000
87742  -44.244  10.272  -0.295 0.0000000000
87743  -44.267  10.060  -0.634 0.0000000000
87744  -45.066  9.261  -0.260 0.0000000000
87749  -44.028  10.126  -0.342 0.0000000000
87750  -44.491  10.363  -0.516 0.0000000000
87751  -45.154  9.152  -0.445 0.0000000000
87759  -47.506  8.041  -1.741 0.0000000000
87760  -46.823  8.647  -1.608 0.0000000000
87766  -47.867  7.660  -2.182 0.0000000000
87767  -48.011  8.560  -2.213 0.0000000000
87774  -48.068  7.194  -3.293 0.0000000000
87775  -48.642  8.334  -2.525 0.0000000000
87782  -48.009  6.743  -4.855 0.0000000000
87783  -48.790  7.864  -3.961 0.0000000000
87796  -47.833  6.392  -6.206 0.0000000000
87797  -48.549  7.308  -6.001 0.0000000000
87822  -47.782  6.718  -7.536 0.0000000000
87823  -48.342  7.333  -7.150 0.0000000000
87849  -46.532  6.872  -8.979 0.0000000000
87862  -45.898  7.575  -9.679 0.0000000000
88737  -49.325  12.701  4.581 0.0000000000
88738  -50.612  12.943  1.708 0.0000000000
88746  -51.393  11.981  1.996 0.0000000000
88747  -50.780  11.940  1.224 0.0000000000
88755  -49.452  11.172  -1.686 0.0000000000
88756  -50.354  11.698  -0.512 0.0000000000
88764  -48.433  9.431  -1.848 0.0000000000
88765  -48.748  10.023  -2.279 0.0000000000
88772  -46.997  10.072  -1.511 0.0000000000
88773  -47.513  9.662  -1.775 0.0000000000
88774  -47.449  9.788  -1.853 0.0000000000
88775  -48.248  8.807  -1.863 0.0000000000
88779  -47.299  9.721  -1.499 0.0000000000
88780  -47.168  10.079  -1.743 0.0000000000
88781  -47.266  9.859  -1.861 0.0000000000
88787  -44.342  10.455  -0.094 0.0000000000
88788  -44.645  10.643  -0.330 0.0000000000
88789  -45.000  10.371  -0.965 0.0000000000
88790  -47.101  10.106  -1.676 0.0000000000
88791  -47.352  10.085  -1.764 0.0000000000
88800  -44.520  10.633  -0.098 0.0000000000
88801  -46.646  9.679  -1.149 0.0000000000
88802  -47.361  9.344  -1.439 0.0000000000
88809  -47.676  9.593  -2.714 0.0000000000
88810  -47.872  10.016  -2.631 0.0000000000
88817  -48.782  9.494  -2.459 0.0000000000
88818  -49.453  11.042  -1.832 0.0000000000
88826  -49.189  9.284  -2.930 0.0000000000
88827  -49.645  10.116  -3.393 0.0000000000
88841  -49.529  8.772  -4.945 0.0000000000
88842  -49.824  9.695  -4.480 0.0000000000
88870  -48.196  7.440  -7.683 0.0000000000
88871  -48.729  8.142  -7.263 0.0000000000
88884  -47.580  7.990  -8.581 0.0000000000
88885  -48.231  8.578  -8.334 0.0000000000
88894  -45.408  8.293  -10.316 0.0000000000
88895  -46.356  8.196  -9.601 0.0000000000
88905  -44.954  8.936  -10.896 0.0000000000
89751  -49.316  12.397  1.148 0.0000000000
89752  -50.269  12.591  0.963 0.0000000000
89761  -48.321  12.160  -0.638 0.0000000000
89762  -49.842  12.530  -0.140 0.0000000000
89766  -48.051  10.519  -1.367 0.0000000000
89767  -48.285  10.921  -1.245 0.0000000000
89768  -49.309  11.836  -1.086 0.0000000000
89774  -48.149  10.014  -1.447 0.0000000000
89775  -48.391  10.024  -1.612 0.0000000000
89782  -47.601  9.731  -1.908 0.0000000000
89783  -47.764  9.521  -2.093 0.0000000000
89790  -47.485  10.060  -2.107 0.0000000000
89791  -47.433  9.864  -1.998 0.0000000000
89798  -44.603  10.629  -0.825 0.0000000000
89799  -45.275  10.654  -0.168 0.0000000000
89800  -47.175  10.128  -1.718 0.0000000000
89801  -47.332  10.227  -1.848 0.0000000000
89808  -44.832  11.114  -0.247 0.0000000000
89809  -45.781  11.105  -1.231 0.0000000000
89810  -46.861  9.837  -1.496 0.0000000000
89817  -47.537  9.959  -2.196 0.0000000000
89823  -49.971  12.172  -1.026 0.0000000000
89824  -50.708  12.374  -0.554 0.0000000000
89830  -49.984  11.478  -2.488 0.0000000000
89831  -50.436  12.091  -1.201 0.0000000000
89844  -49.948  9.603  -5.315 0.0000000000
89845  -49.972  10.497  -4.439 0.0000000000
89874  -49.687  9.404  -6.787 0.0000000000
89875  -50.122  10.157  -5.882 0.0000000000
89889  -47.709  9.257  -8.903 0.0000000000
89890  -48.646  9.266  -8.157 0.0000000000
89897  -46.101  9.310  -10.314 0.0000000000
89898  -46.930  9.182  -9.641 0.0000000000
89906  -44.927  9.567  -11.582 0.0000000000
89907  -45.450  9.550  -10.931 0.0000000000
89917  -44.906  10.081  -12.139 0.0000000000
90782  -47.025  12.836  -0.007 0.0000000000
90789  -46.786  12.041  -1.336 0.0000000000
90795  -47.375  11.162  -1.199 0.0000000000
90802  -47.654  9.915  -1.985 0.0000000000
90805  -47.326  10.285  -1.586 0.0000000000
90811  -45.335  11.936  -1.374 0.0000000000
90812  -46.505  12.172  -1.370 0.0000000000
90813  -47.392  11.284  -1.659 0.0000000000
90820  -45.925  12.516  -1.001 0.0000000000
90821  -49.775  13.044  -0.431 0.0000000000
90822  -50.719  13.381  0.972 0.0000000000
90830  -50.567  12.567  0.027 0.0000000000
90831  -50.938  12.915  0.192 0.0000000000
90838  -50.435  11.799  -2.754 0.0000000000
90839  -50.932  12.335  -1.405 0.0000000000
90851  -50.386  11.390  -3.844 0.0000000000
90852  -51.051  12.074  -3.160 0.0000000000
90874  -49.839  10.681  -7.035 0.0000000000
90875  -50.388  11.157  -5.581 0.0000000000
90876  -50.922  11.805  -4.580 0.0000000000
90897  -47.989  10.343  -8.931 0.0000000000
90898  -49.018  10.366  -8.143 0.0000000000
90906  -46.577  10.298  -10.299 0.0000000000
90907  -47.218  10.313  -9.653 0.0000000000
90914  -45.679  10.671  -11.665 0.0000000000
90915  -46.064  10.446  -10.944 0.0000000000
90921  -44.983  10.748  -12.517 0.0000000000
90922  -45.260  10.485  -12.104 0.0000000000
91749  -48.211  13.100  -0.020 0.0000000000
91750  -48.793  13.322  0.335 0.0000000000
91755  -45.855  12.884  -0.750 0.0000000000
91756  -47.208  13.720  -0.210 0.0000000000
91757  -49.595  13.960  0.968 0.0000000000
91758  -51.276  13.877  1.261 0.0000000000
91759  -52.156  14.203  0.842 0.0000000000
91767  -46.299  13.391  0.265 0.0000000000
91768  -51.914  13.162  -0.027 0.0000000000
91769  -52.690  13.790  -0.626 0.0000000000
91776  -52.136  12.740  -1.931 0.0000000000
91777  -52.768  13.548  -2.584 0.0000000000
91786  -51.946  12.700  -4.151 0.0000000000
91787  -52.617  13.547  -3.851 0.0000000000
91804  -49.115  11.630  -8.253 0.0000000000
91805  -49.967  11.960  -7.091 0.0000000000
91806  -50.852  12.218  -5.772 0.0000000000
91834  -47.746  11.631  -9.990 0.0000000000
91835  -48.347  11.300  -8.961 0.0000000000
91860  -46.605  11.372  -10.956 0.0000000000
91861  -47.054  11.180  -10.441 0.0000000000
91884  -46.017  11.743  -11.920 0.0000000000
91885  -46.262  11.521  -11.507 0.0000000000
91887  -45.266  11.743  -12.599 0.0000000000
91888  -45.627  11.470  -12.278 0.0000000000
91891  -44.842  11.503  -12.949 0.0000000000
91898  -44.297  11.343  -13.347 0.0000000000
92657  -48.992  16.177  1.562 0.0000000000
92658  -50.130  16.485  2.326 0.0000000000
92659  -50.890  16.861  2.811 0.0000000000
92664  -46.707  13.966  0.916 0.0000000000
92665  -48.161  15.035  1.206 0.0000000000
92666  -49.977  15.458  1.276 0.0000000000
92667  -51.632  15.654  2.056 0.0000000000
92675  -52.571  15.258  0.575 0.0000000000
92681  -52.926  14.914  -1.447 0.0000000000
92688  -51.462  14.072  -6.538 0.0000000000
92689  -52.204  13.976  -5.065 0.0000000000
92690  -52.783  14.491  -3.433 0.0000000000
92700  -49.316  13.048  -8.452 0.0000000000
92701  -50.411  13.333  -7.126 0.0000000000
92702  -51.394  13.133  -5.792 0.0000000000
92717  -47.721  12.971  -10.444 0.0000000000
92718  -48.384  12.652  -9.560 0.0000000000
92728  -46.524  12.408  -11.318 0.0000000000
92729  -46.992  12.655  -10.863 0.0000000000
92748  -45.892  12.448  -12.032 0.0000000000
92749  -46.138  12.705  -11.620 0.0000000000
92759  -45.177  12.414  -12.677 0.0000000000
92760  -45.524  12.687  -12.243 0.0000000000
92763  -44.617  12.600  -13.174 0.0000000000
92764  -44.786  12.419  -13.099 0.0000000000
92767  -44.213  12.179  -13.567 0.0000000000
92768  -44.204  11.811  -13.455 0.0000000000
92771  -43.631  12.096  -14.131 0.0000000000
93456  -49.721  18.664  3.314 0.0000000000
93457  -50.550  18.466  3.663 0.0000000000
93461  -48.863  16.670  3.016 0.0000000000
93462  -49.870  17.510  3.522 0.0000000000
93463  -51.305  17.552  2.969 0.0000000000
93464  -52.126  18.345  2.458 0.0000000000
93469  -47.050  14.888  1.548 0.0000000000
93470  -47.672  15.957  2.533 0.0000000000
93471  -52.327  16.978  1.769 0.0000000000
93472  -52.505  18.376  1.366 0.0000000000
93479  -52.756  16.924  -0.181 0.0000000000
93480  -52.502  18.535  0.142 0.0000000000
93487  -52.613  16.304  -2.711 0.0000000000
93494  -50.857  14.898  -7.527 0.0000000000
93495  -51.749  15.141  -6.275 0.0000000000
93496  -52.328  15.405  -4.645 0.0000000000
93502  -46.951  15.101  -9.515 0.0000000000
93503  -48.184  14.453  -9.524 0.0000000000
93504  -49.678  14.582  -8.495 0.0000000000
93514  -44.108  15.881  -9.374 0.0000000000
93515  -44.903  15.239  -9.637 0.0000000000
93516  -46.682  14.278  -10.117 0.0000000000
93517  -47.834  13.583  -10.104 0.0000000000
93527  -43.654  15.685  -10.059 0.0000000000
93528  -44.303  15.238  -10.036 0.0000000000
93529  -45.970  13.673  -10.853 0.0000000000
93530  -46.534  13.567  -10.704 0.0000000000
93543  -44.264  14.807  -10.780 0.0000000000
93544  -45.488  13.544  -11.501 0.0000000000
93545  -45.950  13.357  -11.403 0.0000000000
93560  -45.141  13.975  -12.085 0.0000000000
93561  -45.204  13.658  -12.103 0.0000000000
93562  -45.566  13.366  -12.031 0.0000000000
93565  -44.972  13.172  -12.858 0.0000000000
93566  -45.084  13.064  -12.685 0.0000000000
93569  -44.508  12.744  -13.433 0.0000000000
93572  -44.110  12.682  -14.122 0.0000000000
93573  -44.214  12.937  -14.529 0.0000000000
93578  -43.677  12.580  -14.728 0.0000000000
93579  -44.102  12.920  -15.066 0.0000000000
93580  -44.674  13.219  -15.365 0.0000000000
93584  -44.259  12.871  -15.504 0.0000000000
93585  -44.897  13.028  -15.876 0.0000000000
93586  -45.770  13.382  -16.437 0.0000000000
94286  -48.267  17.535  2.803 0.0000000000
94287  -49.137  18.132  3.476 0.0000000000
94288  -51.156  19.078  2.931 0.0000000000
94289  -52.198  19.452  2.128 0.0000000000
94293  -46.590  16.057  0.922 0.0000000000
94294  -47.239  16.801  2.099 0.0000000000
94295  -52.480  19.514  0.913 0.0000000000
94303  -52.348  18.320  -1.438 0.0000000000
94304  -52.236  19.356  -0.214 0.0000000000
94312  -51.498  17.396  -4.670 0.0000000000
94313  -51.901  17.766  -3.358 0.0000000000
94318  -47.586  17.260  -7.948 0.0000000000
94319  -49.212  16.889  -7.559 0.0000000000
94320  -50.760  16.328  -6.946 0.0000000000
94321  -51.618  16.338  -5.494 0.0000000000
94322  -52.126  16.619  -4.262 0.0000000000
94328  -44.408  17.900  -8.581 0.0000000000
94329  -45.623  16.934  -8.577 0.0000000000
94330  -47.041  16.110  -8.920 0.0000000000
94331  -48.680  15.876  -8.639 0.0000000000
94332  -50.014  15.772  -8.140 0.0000000000
94340  -34.977  16.760  -5.718 0.0000000000
94342  -43.334  18.036  -9.327 0.0000000000
94343  -43.995  16.878  -8.984 0.0000000000
94344  -45.230  16.091  -9.193 0.0000000000
94345  -46.239  15.655  -9.295 0.0000000000
94355  -43.186  17.092  -9.546 0.0000000000
94356  -43.651  16.484  -9.249 0.0000000000
94368  -43.714  15.594  -10.667 0.0000000000
94369  -43.466  16.083  -10.144 0.0000000000
94388  -44.407  14.790  -11.443 0.0000000000
94389  -44.093  14.940  -11.028 0.0000000000
94395  -44.946  14.160  -12.011 0.0000000000
94398  -45.174  13.439  -12.542 0.0000000000
94401  -44.915  13.224  -13.224 0.0000000000
94402  -44.903  13.393  -13.936 0.0000000000
94403  -45.600  13.680  -13.935 0.0000000000
94408  -44.567  13.254  -14.609 0.0000000000
94409  -45.470  13.557  -14.809 0.0000000000
94410  -46.651  13.865  -15.181 0.0000000000
94414  -45.329  13.378  -15.493 0.0000000000
94415  -46.629  13.914  -16.036 0.0000000000
94416  -47.962  15.512  -17.022 0.0000000000
94417  -48.534  16.456  -17.526 0.0000000000
94421  -46.460  13.821  -16.752 0.0000000000
94422  -47.448  14.802  -17.439 0.0000000000
94423  -48.406  16.473  -18.024 0.0000000000
94430  -44.513  19.148  -20.093 0.0000000000
94432  -48.388  16.526  -18.719 0.0000000000
95189  -48.834  18.757  3.046 0.0000000000
95194  -44.200  17.284  -0.325 0.0000000000
95195  -45.389  16.498  0.007 0.0000000000
95196  -46.118  18.018  1.136 0.0000000000
95197  -51.438  20.553  -0.105 0.0000000000
95198  -51.478  20.141  1.135 0.0000000000
95206  -51.027  19.888  -2.517 0.0000000000
95207  -51.751  20.011  -1.211 0.0000000000
95208  -52.092  20.095  0.153 0.0000000000
95213  -48.185  19.144  -5.717 0.0000000000
95214  -48.882  19.126  -5.329 0.0000000000
95215  -50.626  19.058  -4.203 0.0000000000
95216  -51.606  19.006  -2.570 0.0000000000
95222  -45.507  19.137  -7.095 0.0000000000
95223  -46.343  18.705  -7.243 0.0000000000
95224  -47.950  18.608  -6.446 0.0000000000
95225  -49.737  17.813  -6.097 0.0000000000
95226  -50.893  17.331  -5.594 0.0000000000
95234  -43.889  19.172  -7.956 0.0000000000
95235  -44.958  18.876  -7.579 0.0000000000
95236  -46.280  17.510  -8.094 0.0000000000
95241  -35.606  17.493  -5.587 0.0000000000
95243  -42.729  18.996  -8.668 0.0000000000
95244  -43.264  19.461  -8.696 0.0000000000
95252  -35.180  17.803  -6.192 0.0000000000
95253  -42.355  18.116  -9.267 0.0000000000
95265  -34.443  17.919  -6.977 0.0000000000
95266  -43.805  15.663  -10.888 0.0000000000
95267  -43.125  16.572  -9.961 0.0000000000
95283  -44.182  15.474  -11.240 0.0000000000
95284  -43.618  16.340  -10.500 0.0000000000
95289  -45.081  14.371  -11.965 0.0000000000
95295  -45.414  13.812  -12.426 0.0000000000
95296  -45.658  13.870  -12.652 0.0000000000
95298  -45.341  13.572  -13.062 0.0000000000
95299  -45.729  13.809  -13.236 0.0000000000
95300  -46.461  14.011  -13.775 0.0000000000
95301  -47.756  14.586  -14.179 0.0000000000
95302  -48.529  15.278  -14.778 0.0000000000
95306  -46.821  14.001  -14.633 0.0000000000
95307  -47.626  14.573  -15.250 0.0000000000
95308  -48.650  15.915  -15.800 0.0000000000
95309  -49.141  16.984  -16.836 0.0000000000
95313  -47.878  15.241  -16.210 0.0000000000
95314  -48.568  16.283  -16.917 0.0000000000
95315  -49.106  17.420  -18.058 0.0000000000
95316  -49.401  18.237  -18.931 0.0000000000
95323  -44.857  19.294  -20.061 0.0000000000
95324  -48.852  17.967  -19.020 0.0000000000
95325  -49.342  18.432  -19.225 0.0000000000
95333  -45.096  19.371  -20.040 0.0000000000
95334  -46.089  19.719  -20.096 0.0000000000
95335  -47.442  18.878  -19.220 0.0000000000
95340  -44.971  19.614  -20.152 0.0000000000
96067  -50.409  20.818  0.225 0.0000000000
96073  -49.594  21.644  -3.537 0.0000000000
96074  -50.158  20.912  -2.844 0.0000000000
96075  -50.997  20.544  -1.911 0.0000000000
96079  -47.389  20.753  -6.115 0.0000000000
96080  -47.982  20.097  -5.365 0.0000000000
96081  -49.338  20.738  -4.087 0.0000000000
96082  -49.972  20.118  -3.716 0.0000000000
96088  -44.625  22.042  -7.042 0.0000000000
96089  -45.513  20.251  -6.694 0.0000000000
96090  -46.821  19.833  -6.388 0.0000000000
96091  -47.446  19.734  -6.079 0.0000000000
96097  -37.519  19.527  -5.960 0.0000000000
96098  -37.718  18.593  -5.417 0.0000000000
96099  -42.376  22.000  -7.496 0.0000000000
96100  -43.609  20.929  -7.867 0.0000000000
96101  -44.496  20.369  -7.024 0.0000000000
96107  -36.494  18.923  -6.063 0.0000000000
96108  -36.562  18.370  -5.626 0.0000000000
96109  -42.096  20.848  -7.890 0.0000000000
96110  -42.807  20.973  -8.000 0.0000000000
96125  -36.865  19.254  -7.087 0.0000000000
96126  -39.365  20.275  -8.073 0.0000000000
96127  -41.269  19.711  -8.181 0.0000000000
96143  -35.769  18.886  -7.865 0.0000000000
96144  -38.447  19.824  -8.062 0.0000000000
96145  -41.173  19.289  -9.019 0.0000000000
96156  -44.142  16.058  -10.844 0.0000000000
96157  -43.373  17.053  -9.592 0.0000000000
96161  -44.848  15.261  -11.672 0.0000000000
96162  -45.113  16.146  -11.044 0.0000000000
96163  -46.356  15.948  -11.169 0.0000000000
96166  -45.314  14.435  -12.045 0.0000000000
96167  -45.675  14.564  -12.090 0.0000000000
96168  -46.607  15.156  -11.835 0.0000000000
96169  -47.985  15.414  -12.193 0.0000000000
96170  -48.868  15.913  -12.429 0.0000000000
96173  -45.852  14.094  -12.660 0.0000000000
96174  -46.278  14.367  -12.752 0.0000000000
96175  -47.467  14.687  -12.996 0.0000000000
96176  -48.976  15.870  -13.785 0.0000000000
96177  -49.662  16.922  -14.505 0.0000000000
96180  -49.032  15.991  -14.984 0.0000000000
96181  -49.540  17.043  -15.686 0.0000000000
96184  -49.618  18.049  -17.658 0.0000000000
96185  -49.613  18.461  -18.760 0.0000000000
96190  -45.346  19.640  -20.036 0.0000000000
96191  -46.546  19.919  -19.739 0.0000000000
96192  -48.251  19.657  -19.513 0.0000000000
96193  -49.198  18.833  -19.486 0.0000000000
96194  -49.506  18.667  -19.137 0.0000000000
96200  -46.235  19.931  -20.083 0.0000000000
96201  -47.110  19.736  -19.438 0.0000000000
96202  -48.276  19.174  -19.137 0.0000000000
96838  -48.093  22.508  -3.729 0.0000000000
96842  -41.328  20.229  -2.491 0.0000000000
96843  -46.797  22.848  -5.817 0.0000000000
96844  -47.511  22.013  -5.441 0.0000000000
96845  -48.474  21.926  -4.639 0.0000000000
96846  -49.164  22.060  -3.912 0.0000000000
96850  -39.483  20.980  -4.857 0.0000000000
96851  -40.255  20.556  -4.000 0.0000000000
96852  -44.625  23.340  -6.321 0.0000000000
96853  -45.724  22.740  -6.268 0.0000000000
96854  -46.682  21.574  -6.140 0.0000000000
96860  -38.276  20.411  -6.122 0.0000000000
96861  -38.788  20.560  -5.672 0.0000000000
96862  -41.872  23.007  -6.399 0.0000000000
96863  -43.296  22.363  -6.182 0.0000000000
96869  -37.837  20.043  -6.283 0.0000000000
96870  -39.257  21.208  -6.397 0.0000000000
96871  -40.977  22.133  -6.790 0.0000000000
96885  -37.428  19.547  -6.576 0.0000000000
96886  -38.520  20.186  -6.987 0.0000000000
96887  -40.353  20.610  -7.198 0.0000000000
96897  -36.917  19.307  -7.966 0.0000000000
96898  -37.955  19.696  -8.013 0.0000000000
96899  -40.048  20.040  -8.400 0.0000000000
96908  -35.415  18.869  -8.682 0.0000000000
96909  -42.211  18.989  -8.869 0.0000000000
96916  -44.279  17.714  -9.700 0.0000000000
96917  -46.543  16.771  -10.533 0.0000000000
96918  -48.484  17.087  -10.973 0.0000000000
96919  -49.699  17.652  -11.536 0.0000000000
96920  -49.907  18.266  -11.752 0.0000000000
96922  -47.156  15.824  -11.379 0.0000000000
96923  -48.196  16.185  -11.559 0.0000000000
96924  -49.413  16.850  -12.639 0.0000000000
96925  -49.540  18.256  -12.879 0.0000000000
96928  -49.662  16.858  -13.895 0.0000000000
96929  -49.702  18.013  -14.814 0.0000000000
96932  -49.764  18.742  -17.149 0.0000000000
96937  -45.596  20.678  -20.194 0.0000000000
96938  -47.098  20.813  -20.097 0.0000000000
96939  -48.597  20.363  -19.669 0.0000000000
96940  -49.620  19.425  -18.950 0.0000000000
96941  -49.585  18.989  -19.095 0.0000000000
96947  -45.553  20.215  -19.643 0.0000000000
96948  -46.929  20.395  -19.476 0.0000000000
96949  -48.391  19.922  -19.752 0.0000000000
96950  -49.282  19.277  -19.594 0.0000000000
96951  -49.441  18.961  -19.282 0.0000000000
97614  -42.176  21.568  -1.833 0.0000000000
97615  -46.147  23.313  -5.266 0.0000000000
97616  -47.118  22.978  -4.841 0.0000000000
97617  -47.990  22.682  -4.802 0.0000000000
97623  -40.217  22.012  -4.625 0.0000000000
97624  -41.137  22.408  -3.443 0.0000000000
97625  -43.889  24.030  -5.641 0.0000000000
97626  -45.031  23.569  -5.402 0.0000000000
97631  -39.766  21.889  -5.312 0.0000000000
97632  -40.777  23.178  -5.375 0.0000000000
97633  -42.419  23.883  -5.629 0.0000000000
97643  -39.706  21.994  -5.810 0.0000000000
97644  -40.111  22.288  -6.058 0.0000000000
97661  -37.980  19.782  -7.762 0.0000000000
97662  -39.118  20.634  -7.960 0.0000000000
97663  -40.944  20.010  -7.990 0.0000000000
97669  -37.350  19.457  -8.106 0.0000000000
97670  -43.409  19.228  -8.831 0.0000000000
97671  -45.461  19.211  -9.422 0.0000000000
97672  -47.451  19.195  -10.092 0.0000000000
97673  -49.320  19.127  -10.647 0.0000000000
97674  -50.131  19.254  -11.137 0.0000000000
97682  -45.345  18.070  -9.550 0.0000000000
97683  -47.090  17.950  -10.066 0.0000000000
97684  -48.832  18.144  -10.769 0.0000000000
97685  -50.076  18.365  -11.130 0.0000000000
97686  -49.793  19.222  -12.316 0.0000000000
97691  -48.515  20.975  -15.778 0.0000000000
97692  -49.064  20.128  -14.830 0.0000000000
97695  -48.312  21.830  -17.729 0.0000000000
97696  -48.992  21.307  -17.050 0.0000000000
97697  -49.573  19.817  -16.916 0.0000000000
97702  -46.436  22.111  -19.311 0.0000000000
97703  -48.150  21.940  -18.669 0.0000000000
97704  -49.444  20.801  -18.401 0.0000000000
97705  -49.700  19.894  -18.416 0.0000000000
97711  -46.925  21.442  -19.938 0.0000000000
97712  -48.361  20.926  -19.328 0.0000000000
97713  -49.631  20.292  -19.113 0.0000000000
97714  -49.719  19.966  -18.954 0.0000000000
98376  -43.963  22.434  -0.892 0.0000000000
98381  -42.891  23.082  -2.904 0.0000000000
98382  -43.250  23.797  -4.597 0.0000000000
98383  -44.395  23.810  -4.861 0.0000000000
98388  -41.932  23.482  -4.260 0.0000000000
98389  -42.030  23.804  -5.019 0.0000000000
98418  -38.498  20.492  -7.720 0.0000000000
98419  -39.946  20.704  -7.178 0.0000000000
98420  -42.008  20.847  -7.917 0.0000000000
98421  -43.859  21.273  -8.089 0.0000000000
98427  -38.071  20.163  -7.866 0.0000000000
98428  -44.040  20.155  -8.543 0.0000000000
98429  -45.899  20.582  -9.087 0.0000000000
98430  -48.381  20.211  -9.986 0.0000000000
98431  -50.008  20.117  -10.603 0.0000000000
98432  -50.108  20.343  -11.829 0.0000000000
98440  -48.995  21.455  -14.792 0.0000000000
98441  -49.401  20.789  -13.928 0.0000000000
98448  -48.174  22.171  -16.497 0.0000000000
98449  -48.542  21.457  -15.670 0.0000000000
98450  -48.925  20.821  -14.838 0.0000000000
98457  -45.949  22.786  -18.014 0.0000000000
98458  -46.676  22.851  -17.979 0.0000000000
98459  -47.826  22.176  -17.354 0.0000000000
98460  -48.279  21.744  -16.616 0.0000000000
98471  -45.653  22.446  -18.351 0.0000000000
98472  -47.248  22.592  -18.588 0.0000000000
98473  -47.797  22.229  -18.393 0.0000000000
99185  -39.076  20.843  -7.009 0.0000000000
99186  -40.224  22.156  -6.937 0.0000000000
99187  -42.666  22.334  -7.419 0.0000000000
99188  -45.022  22.068  -7.786 0.0000000000
99189  -46.645  22.207  -8.738 0.0000000000
99190  -48.002  22.099  -9.278 0.0000000000
99195  -38.515  21.471  -7.309 0.0000000000
99196  -38.647  23.082  -6.990 0.0000000000
99197  -46.182  21.480  -8.810 0.0000000000
99198  -47.423  21.268  -9.325 0.0000000000
99199  -49.474  21.368  -10.028 0.0000000000
99200  -50.917  21.266  -11.089 0.0000000000
99206  -38.157  23.446  -7.589 0.0000000000
99207  -49.838  21.848  -14.357 0.0000000000
99208  -50.810  21.602  -12.803 0.0000000000
99217  -46.981  23.356  -17.378 0.0000000000
99218  -47.899  23.058  -16.835 0.0000000000
99219  -48.511  22.410  -16.107 0.0000000000
99220  -48.960  21.920  -15.231 0.0000000000
99231  -45.094  22.834  -17.872 0.0000000000
99232  -46.149  23.043  -17.860 0.0000000000
99233  -47.239  22.961  -17.415 0.0000000000
99234  -47.883  22.614  -16.815 0.0000000000
99244  -44.463  22.360  -17.775 0.0000000000
99245  -45.420  22.724  -17.938 0.0000000000
99923  -42.076  25.814  -7.344 0.0000000000
99924  -42.540  25.129  -7.928 0.0000000000
99932  -39.796  24.544  -6.903 0.0000000000
99933  -41.663  24.272  -7.003 0.0000000000
99934  -43.698  24.028  -7.678 0.0000000000
99935  -45.949  23.498  -8.199 0.0000000000
99936  -47.710  23.071  -8.297 0.0000000000
99942  -38.535  24.368  -7.406 0.0000000000
99943  -48.890  22.777  -9.638 0.0000000000
99944  -50.810  22.732  -10.818 0.0000000000
99945  -51.619  23.134  -11.076 0.0000000000
99952  -37.904  23.785  -8.196 0.0000000000
99953  -51.008  22.892  -13.968 0.0000000000
99954  -51.458  22.645  -11.934 0.0000000000
99955  -51.734  22.979  -11.227 0.0000000000
99962  -47.013  23.900  -17.534 0.0000000000
99963  -48.064  23.727  -17.110 0.0000000000
99964  -49.453  23.325  -16.619 0.0000000000
99965  -50.047  22.709  -15.502 0.0000000000
99974  -44.726  23.085  -17.932 0.0000000000
99975  -46.024  23.338  -17.895 0.0000000000
99981  -44.391  22.631  -17.702 0.0000000000
100659  -42.218  26.731  -8.022 0.0000000000
100660  -43.095  26.184  -7.967 0.0000000000
100661  -43.817  26.570  -8.559 0.0000000000
100668  -39.928  25.723  -7.660 0.0000000000
100669  -40.846  25.988  -7.857 0.0000000000
100670  -43.086  25.330  -8.731 0.0000000000
100671  -44.583  25.549  -8.627 0.0000000000
100672  -47.612  24.647  -8.198 0.0000000000
100673  -48.603  25.094  -8.913 0.0000000000
100681  -39.384  26.012  -7.359 0.0000000000
100682  -40.060  26.272  -7.522 0.0000000000
100683  -48.368  23.602  -9.034 0.0000000000
100684  -49.383  24.102  -9.661 0.0000000000
100685  -50.984  23.716  -10.929 0.0000000000
100694  -38.176  25.106  -8.947 0.0000000000
100695  -50.831  24.168  -14.307 0.0000000000
100696  -51.433  23.681  -12.812 0.0000000000
100697  -51.603  23.354  -11.496 0.0000000000
100702  -37.824  25.242  -10.357 0.0000000000
100703  -47.106  24.342  -17.691 0.0000000000
100704  -48.102  24.550  -17.616 0.0000000000
100705  -49.317  24.349  -16.829 0.0000000000
100706  -50.246  23.779  -15.559 0.0000000000
100713  -46.315  23.962  -17.942 0.0000000000
100714  -47.354  24.775  -18.032 0.0000000000
101313  -42.692  27.344  -7.904 0.0000000000
101314  -43.233  27.042  -7.881 0.0000000000
101315  -43.593  26.832  -8.064 0.0000000000
101322  -42.176  27.462  -7.950 0.0000000000
101323  -43.396  27.546  -7.847 0.0000000000
101324  -44.620  26.994  -7.797 0.0000000000
101325  -46.692  26.422  -8.140 0.0000000000
101326  -48.354  26.061  -8.369 0.0000000000
101334  -39.771  26.935  -7.802 0.0000000000
101335  -40.602  27.175  -7.705 0.0000000000
101336  -49.180  25.571  -9.533 0.0000000000
101337  -50.128  25.000  -10.489 0.0000000000
101346  -39.329  26.941  -8.822 0.0000000000
101347  -40.119  27.346  -8.335 0.0000000000
101348  -50.546  24.868  -14.288 0.0000000000
101349  -50.926  24.625  -13.340 0.0000000000
101350  -50.915  24.595  -11.849 0.0000000000
101359  -38.342  26.377  -10.631 0.0000000000
101360  -48.129  25.131  -17.796 0.0000000000
101361  -48.669  25.206  -17.152 0.0000000000
101362  -49.566  25.478  -15.447 0.0000000000
101363  -50.223  25.431  -13.746 0.0000000000
101364  -50.627  25.087  -12.848 0.0000000000
101373  -47.835  25.863  -17.723 0.0000000000
101374  -48.589  26.042  -16.670 0.0000000000
101982  -42.612  27.909  -7.786 0.0000000000
101983  -43.190  28.060  -7.914 0.0000000000
101984  -44.625  27.957  -8.291 0.0000000000
101985  -46.367  27.609  -8.198 0.0000000000
101986  -47.793  27.205  -8.250 0.0000000000
101995  -42.314  28.263  -8.210 0.0000000000
101996  -44.120  29.148  -9.049 0.0000000000
101997  -46.120  28.675  -8.896 0.0000000000
101998  -47.641  28.158  -8.814 0.0000000000
101999  -48.846  27.084  -9.604 0.0000000000
102000  -49.613  25.948  -10.121 0.0000000000
102011  -39.372  27.648  -10.351 0.0000000000
102012  -40.827  28.594  -9.624 0.0000000000
102013  -42.662  29.080  -9.420 0.0000000000
102014  -49.198  27.141  -11.684 0.0000000000
102015  -49.932  25.953  -10.946 0.0000000000
102025  -39.285  28.527  -12.433 0.0000000000
102026  -48.974  26.873  -15.134 0.0000000000
102027  -49.291  26.928  -13.844 0.0000000000
102028  -50.046  25.805  -12.463 0.0000000000
102037  -48.412  27.700  -16.222 0.0000000000
102038  -48.801  27.508  -14.939 0.0000000000
102072  -37.945  28.656  -15.196 0.0000000000
102709  -44.635  29.795  -10.533 0.0000000000
102710  -45.839  29.520  -10.271 0.0000000000
102711  -47.318  28.851  -9.895 0.0000000000
102712  -48.150  28.260  -9.603 0.0000000000
102723  -41.389  30.379  -12.138 0.0000000000
102724  -43.272  30.357  -10.809 0.0000000000
102725  -45.358  30.370  -11.900 0.0000000000
102726  -47.109  29.675  -11.875 0.0000000000
102727  -48.276  28.366  -10.796 0.0000000000
102736  -43.210  31.528  -12.817 0.0000000000
102737  -44.288  31.030  -12.326 0.0000000000
102738  -47.653  29.748  -13.670 0.0000000000
102739  -48.512  28.562  -12.701 0.0000000000
102747  -47.660  29.489  -15.099 0.0000000000
102748  -48.512  28.453  -14.447 0.0000000000
102765  -38.139  28.608  -14.811 0.0000000000
102781  -38.167  29.265  -15.686 0.0000000000
102782  -38.295  29.482  -15.166 0.0000000000
102783  -38.574  29.393  -14.485 0.0000000000
102798  -38.335  30.165  -15.789 0.0000000000
102811  -46.973  27.429  -18.682 0.0000000000
103496  -45.954  30.818  -12.922 0.0000000000
103497  -46.250  30.307  -12.613 0.0000000000
103506  -45.367  31.752  -13.692 0.0000000000
103507  -46.583  30.569  -13.271 0.0000000000
103521  -46.924  30.674  -14.481 0.0000000000
103554  -38.826  30.003  -14.697 0.0000000000
103570  -39.056  30.807  -15.154 0.0000000000
103571  -39.458  30.072  -13.951 0.0000000000
104342  -43.536  32.080  -14.050 0.0000000000
104356  -40.010  31.289  -14.745 0.0000000000
104357  -41.525  31.711  -14.245 0.0000000000
104358  -44.116  32.340  -15.643 0.0000000000
104375  -40.266  31.747  -15.803 0.0000000000
104378  -46.693  30.720  -16.540 0.0000000000
132220  -52.956  6.500  12.804 0.0000000000
132221  -52.774  7.010  12.301 0.0000000000
132222  -52.150  8.154  11.358 0.0000000000
132223  -51.129  7.456  13.205 0.0000000000
132224  -45.754  5.973  11.223 0.0000000000
132225  -46.187  7.037  11.111 0.0000000000
132226  -53.362  7.437  9.578 0.0000000000
132227  -49.700  8.127  12.526 0.0000000000
132228  -49.932  8.839  11.269 0.0000000000
132229  -52.323  8.633  9.381 0.0000000000
132230  -48.655  8.422  11.184 0.0000000000
132231  -53.689  7.124  8.516 0.0000000000
132232  -48.446  7.642  12.816 0.0000000000
132233  -47.960  7.750  11.924 0.0000000000
132234  -51.976  8.608  8.672 0.0000000000
132235  -50.134  9.497  9.495 0.0000000000
132236  -48.445  8.666  10.249 0.0000000000
132237  -53.819  6.708  7.668 0.0000000000
132238  -50.857  9.317  9.590 0.0000000000
132239  -50.613  9.536  8.685 0.0000000000
132240  -48.510  9.483  8.932 0.0000000000
132241  -53.336  5.322  6.438 0.0000000000
132242  -49.224  10.837  7.423 0.0000000000
132243  -47.284  9.094  7.573 0.0000000000
132244  -47.812  9.980  7.832 0.0000000000
132245  -53.377  7.221  7.706 0.0000000000
132246  -46.078  9.126  6.064 0.0000000000
132247  -47.195  10.263  6.101 0.0000000000
132248  -53.258  7.628  7.676 0.0000000000
132249  -47.653  9.578  7.659 0.0000000000
132250  -47.014  10.486  5.024 0.0000000000
132251  -52.853  8.751  7.370 0.0000000000
132252  -47.488  9.820  7.285 0.0000000000
132253  -47.451  11.359  5.891 0.0000000000
132254  -52.364  11.231  5.990 0.0000000000
132255  -49.146  12.445  5.340 0.0000000000
132256  -53.560  6.512  5.562 0.0000000000
132257  -48.093  12.314  4.969 0.0000000000
132258  -50.679  11.729  6.853 0.0000000000
132259  -50.048  12.016  5.694 0.0000000000
132260  -54.078  9.084  2.700 0.0000000000
132261  -53.707  9.738  3.779 0.0000000000
132262  -52.748  11.459  4.282 0.0000000000
132263  -47.009  12.335  4.137 0.0000000000
132264  -46.705  12.642  2.911 0.0000000000
132265  -45.947  12.564  1.624 0.0000000000
132266  -45.611  11.058  3.151 0.0000000000
132267  -45.704  12.396  0.763 0.0000000000
132268  -51.110  12.617  3.274 0.0000000000
132269  -52.663  10.757  2.976 0.0000000000
132270  -46.421  11.551  4.127 0.0000000000
132271  -46.985  13.162  2.351 0.0000000000
132272  -46.464  13.064  1.437 0.0000000000
132273  -45.402  10.552  3.079 0.0000000000
132274  -45.029  11.535  -0.401 0.0000000000
132275  -45.419  11.463  -0.180 0.0000000000
132276  -45.311  11.915  -1.103 0.0000000000
132277  -48.048  13.086  2.663 0.0000000000
132278  -45.629  11.584  -1.056 0.0000000000
132279  -46.139  10.976  -1.232 0.0000000000
132280  -45.359  11.263  1.524 0.0000000000
132281  -45.504  11.261  -0.729 0.0000000000
132282  -45.760  11.166  -1.161 0.0000000000
132283  -45.741  12.057  -1.019 0.0000000000
132284  -46.346  11.358  -0.758 0.0000000000
132285  -45.811  12.552  -0.113 0.0000000000
132286  -47.573  11.156  -1.555 0.0000000000
132287  -45.369  12.005  -0.730 0.0000000000
132288  -45.269  12.027  -0.163 0.0000000000
132289  -47.473  10.166  -1.416 0.0000000000
132290  -45.175  11.833  -0.751 0.0000000000
132291  -47.601  9.568  -1.432 0.0000000000
132459  -43.119  19.696  -0.948 0.0000000000
132461  -41.493  19.217  -2.216 0.0000000000
132464  -44.829  21.613  -0.227 0.0000000000
132465  -41.734  20.991  -1.931 0.0000000000
132466  -41.992  20.804  -1.771 0.0000000000
132467  -46.508  20.641  0.911 0.0000000000
132468  -47.424  21.648  0.541 0.0000000000
132469  -47.895  21.184  1.232 0.0000000000
132470  -45.889  22.158  -0.376 0.0000000000
132471  -45.531  23.095  -3.384 0.0000000000
132472  -49.382  20.186  1.897 0.0000000000
132473  -48.269  21.377  0.856 0.0000000000
132475  -47.839  19.047  2.107 0.0000000000
132478  -44.817  22.263  -0.318 0.0000000000
132479  -50.275  19.112  3.198 0.0000000000
132481  -51.211  19.747  2.155 0.0000000000
132483  -49.183  21.909  -3.094 0.0000000000
132485  -48.528  21.717  -1.001 0.0000000000
132486  -50.638  20.854  -1.088 0.0000000000
132544  -46.069  24.496  -18.571 0.0000000000
132548  -38.148  27.345  -13.326 0.0000000000
132549  -38.633  28.302  -14.018 0.0000000000
132550  -39.090  28.989  -13.486 0.0000000000
132552  -39.725  29.587  -13.250 0.0000000000
132553  -40.259  30.168  -13.196 0.0000000000
