#!ascii label  , from subject Yale_0050561 vox2ras=TkReg
707
31669  -43.757  -46.344  1.288 0.0000000000
31670  -44.876  -46.596  0.614 0.0000000000
31671  -46.133  -47.273  0.830 0.0000000000
31679  -45.179  -46.011  0.207 0.0000000000
31680  -45.726  -46.320  0.398 0.0000000000
31681  -46.616  -46.726  0.695 0.0000000000
32682  -43.184  -45.440  0.861 0.0000000000
32683  -44.041  -45.570  0.416 0.0000000000
32684  -44.819  -45.538  0.136 0.0000000000
32694  -45.514  -45.537  0.124 0.0000000000
32695  -46.382  -45.846  0.319 0.0000000000
32696  -47.681  -46.657  0.769 0.0000000000
33626  -44.488  -45.105  2.534 0.0000000000
33677  -42.762  -44.713  0.684 0.0000000000
33678  -43.551  -44.718  0.305 0.0000000000
33679  -44.398  -44.714  0.067 0.0000000000
33689  -45.205  -44.724  -0.011 0.0000000000
33690  -46.039  -44.840  0.000 0.0000000000
33691  -47.048  -45.129  0.164 0.0000000000
33692  -48.239  -45.433  0.342 0.0000000000
34638  -43.911  -44.296  2.598 0.0000000000
34639  -44.992  -44.159  2.469 0.0000000000
34640  -46.124  -44.052  2.226 0.0000000000
34696  -43.232  -43.994  0.386 0.0000000000
34697  -44.114  -43.932  0.162 0.0000000000
34698  -44.942  -43.928  -0.031 0.0000000000
34713  -45.704  -43.949  -0.181 0.0000000000
34714  -46.600  -44.018  -0.175 0.0000000000
34715  -47.652  -44.194  -0.059 0.0000000000
34716  -48.814  -44.403  -0.022 0.0000000000
35676  -43.409  -43.703  2.573 0.0000000000
35677  -44.433  -43.509  2.468 0.0000000000
35678  -45.465  -43.307  2.376 0.0000000000
35679  -46.688  -42.997  2.120 0.0000000000
35693  -43.037  -43.356  2.399 0.0000000000
35694  -43.974  -43.092  2.329 0.0000000000
35695  -44.907  -42.874  2.300 0.0000000000
35696  -45.827  -42.715  2.145 0.0000000000
35697  -46.418  -42.547  2.075 0.0000000000
35723  -42.994  -43.460  0.713 0.0000000000
35724  -43.908  -43.327  0.438 0.0000000000
35725  -44.986  -43.189  0.155 0.0000000000
35726  -45.770  -42.917  -0.044 0.0000000000
35739  -45.490  -43.366  -0.108 0.0000000000
35740  -46.218  -43.127  -0.249 0.0000000000
35741  -47.215  -43.165  -0.263 0.0000000000
35742  -48.294  -43.322  -0.215 0.0000000000
35743  -49.410  -43.493  -0.151 0.0000000000
35744  -50.519  -43.656  0.149 0.0000000000
36686  -47.676  -42.317  2.069 0.0000000000
36696  -43.643  -42.859  2.118 0.0000000000
36697  -44.497  -42.646  2.100 0.0000000000
36698  -45.375  -42.537  2.034 0.0000000000
36699  -46.313  -42.420  1.896 0.0000000000
36700  -46.995  -42.343  1.965 0.0000000000
36706  -43.398  -42.749  1.881 0.0000000000
36707  -44.280  -42.529  1.901 0.0000000000
36708  -44.946  -42.440  1.921 0.0000000000
36721  -44.051  -42.539  0.933 0.0000000000
36722  -44.767  -42.462  0.879 0.0000000000
36729  -43.577  -42.960  0.800 0.0000000000
36730  -44.848  -42.687  0.594 0.0000000000
36731  -46.024  -42.463  0.130 0.0000000000
36732  -46.774  -42.021  0.032 0.0000000000
36733  -51.499  -42.575  0.922 0.0000000000
36734  -52.422  -42.714  1.770 0.0000000000
36744  -46.203  -42.652  -0.109 0.0000000000
36745  -46.904  -42.317  -0.143 0.0000000000
36746  -47.936  -42.429  -0.235 0.0000000000
36747  -48.992  -42.559  -0.240 0.0000000000
36748  -50.069  -42.718  -0.107 0.0000000000
36749  -51.019  -42.871  0.424 0.0000000000
36750  -51.956  -43.259  1.318 0.0000000000
37758  -47.614  -42.031  1.923 0.0000000000
37759  -48.324  -41.576  2.382 0.0000000000
37763  -45.416  -42.401  1.914 0.0000000000
37764  -46.047  -42.375  1.812 0.0000000000
37765  -47.407  -42.048  1.947 0.0000000000
37766  -48.397  -41.471  2.179 0.0000000000
37770  -43.502  -42.617  1.683 0.0000000000
37771  -44.064  -42.521  1.678 0.0000000000
37772  -45.339  -42.362  1.680 0.0000000000
37773  -46.594  -42.246  1.778 0.0000000000
37774  -47.321  -42.152  1.826 0.0000000000
37777  -43.623  -42.578  1.488 0.0000000000
37778  -44.459  -42.429  1.424 0.0000000000
37779  -45.424  -42.319  1.284 0.0000000000
37784  -43.904  -42.515  1.229 0.0000000000
37785  -44.666  -42.404  1.098 0.0000000000
37786  -45.664  -42.300  0.831 0.0000000000
37787  -46.528  -42.117  0.496 0.0000000000
37788  -53.466  -41.376  2.793 0.0000000000
37793  -45.995  -42.345  0.454 0.0000000000
37794  -46.822  -41.964  0.266 0.0000000000
37795  -47.483  -41.640  0.095 0.0000000000
37796  -48.434  -41.352  0.120 0.0000000000
37797  -49.430  -41.306  0.158 0.0000000000
37798  -50.462  -41.466  0.382 0.0000000000
37799  -51.443  -41.918  1.081 0.0000000000
37800  -52.974  -41.928  2.487 0.0000000000
37807  -47.825  -41.819  -0.073 0.0000000000
37808  -48.680  -41.822  -0.120 0.0000000000
37809  -49.739  -41.913  -0.145 0.0000000000
37810  -50.663  -42.139  0.175 0.0000000000
37811  -51.107  -42.321  0.505 0.0000000000
38803  -48.826  -40.410  2.934 0.0000000000
38807  -48.536  -41.266  2.244 0.0000000000
38808  -48.768  -40.827  2.556 0.0000000000
38811  -46.345  -42.261  1.684 0.0000000000
38812  -47.206  -42.153  1.601 0.0000000000
38813  -47.983  -41.797  1.932 0.0000000000
38818  -46.296  -42.250  1.444 0.0000000000
38819  -47.241  -42.065  1.263 0.0000000000
38820  -47.710  -41.771  1.035 0.0000000000
38821  -53.598  -39.833  2.895 0.0000000000
38822  -54.979  -40.604  3.255 0.0000000000
38827  -46.305  -42.219  1.120 0.0000000000
38828  -46.922  -41.992  0.808 0.0000000000
38829  -47.852  -41.584  0.743 0.0000000000
38830  -48.569  -41.104  0.809 0.0000000000
38831  -49.230  -40.628  1.010 0.0000000000
38832  -50.020  -40.249  1.027 0.0000000000
38833  -51.068  -40.229  1.316 0.0000000000
38834  -52.609  -40.588  2.442 0.0000000000
38835  -53.896  -41.107  2.911 0.0000000000
38841  -47.142  -41.803  0.420 0.0000000000
38842  -47.707  -41.572  0.354 0.0000000000
38843  -48.414  -41.233  0.470 0.0000000000
38844  -49.239  -40.923  0.578 0.0000000000
38845  -50.227  -40.809  0.681 0.0000000000
38846  -51.238  -41.007  1.187 0.0000000000
38847  -51.980  -41.321  1.768 0.0000000000
39852  -49.069  -39.532  3.291 0.0000000000
39857  -48.988  -40.236  2.675 0.0000000000
39858  -48.925  -39.975  2.934 0.0000000000
39861  -48.085  -41.701  1.727 0.0000000000
39862  -48.844  -40.756  2.174 0.0000000000
39863  -49.252  -40.047  2.236 0.0000000000
39868  -47.748  -41.931  1.514 0.0000000000
39869  -48.269  -41.477  1.473 0.0000000000
39870  -49.185  -40.322  1.884 0.0000000000
39871  -49.494  -39.820  1.903 0.0000000000
39872  -52.730  -39.035  2.440 0.0000000000
39873  -54.412  -39.212  3.281 0.0000000000
39874  -56.276  -39.604  4.037 0.0000000000
39879  -48.144  -41.518  1.078 0.0000000000
39880  -48.619  -41.097  1.221 0.0000000000
39881  -49.371  -40.267  1.546 0.0000000000
39882  -49.942  -39.852  1.535 0.0000000000
39883  -50.740  -39.542  1.478 0.0000000000
39884  -51.688  -39.540  1.741 0.0000000000
40798  -49.119  -39.161  3.323 0.0000000000
40799  -49.238  -38.904  3.484 0.0000000000
40804  -49.156  -39.659  2.771 0.0000000000
40805  -49.184  -39.201  3.090 0.0000000000
40806  -49.256  -38.812  3.248 0.0000000000
40809  -49.122  -39.997  2.592 0.0000000000
40810  -49.367  -39.395  2.599 0.0000000000
40811  -49.638  -38.721  2.551 0.0000000000
40816  -49.391  -39.675  2.232 0.0000000000
40817  -49.716  -39.118  2.225 0.0000000000
40818  -50.320  -38.378  1.968 0.0000000000
40819  -51.156  -37.997  1.867 0.0000000000
40820  -52.262  -37.899  2.176 0.0000000000
40821  -53.764  -38.017  2.870 0.0000000000
40822  -55.572  -38.361  3.570 0.0000000000
40827  -49.627  -39.607  1.924 0.0000000000
40828  -49.904  -39.342  1.902 0.0000000000
40829  -50.523  -38.909  1.727 0.0000000000
40830  -51.486  -38.728  1.741 0.0000000000
41658  -49.504  -38.452  3.662 0.0000000000
41670  -49.285  -38.795  3.196 0.0000000000
41671  -49.457  -38.497  3.270 0.0000000000
41672  -50.134  -37.561  3.278 0.0000000000
41678  -49.373  -38.800  2.996 0.0000000000
41679  -49.677  -38.352  2.835 0.0000000000
41680  -50.248  -37.634  2.741 0.0000000000
41681  -50.710  -37.363  2.552 0.0000000000
41682  -51.296  -37.042  2.496 0.0000000000
41683  -56.004  -36.538  3.428 0.0000000000
41690  -49.872  -38.306  2.540 0.0000000000
41691  -50.229  -37.985  2.344 0.0000000000
41692  -50.866  -37.582  2.200 0.0000000000
41693  -51.843  -37.191  2.332 0.0000000000
41694  -53.056  -37.165  2.705 0.0000000000
41695  -55.068  -37.001  3.349 0.0000000000
41696  -56.731  -37.832  4.129 0.0000000000
42508  -50.673  -36.973  3.008 0.0000000000
42518  -50.637  -37.161  2.741 0.0000000000
42519  -51.123  -36.851  2.798 0.0000000000
42520  -52.271  -36.569  2.960 0.0000000000
42530  -52.566  -36.808  2.719 0.0000000000
42531  -53.514  -36.607  3.072 0.0000000000
42532  -54.605  -36.524  3.531 0.0000000000
51147  -49.856  -26.604  -9.861 0.0000000000
51148  -50.332  -26.465  -9.790 0.0000000000
51149  -51.473  -26.157  -9.810 0.0000000000
52225  -49.779  -26.082  -9.474 0.0000000000
52226  -50.643  -25.598  -9.199 0.0000000000
52227  -51.947  -25.446  -9.319 0.0000000000
52228  -53.653  -25.591  -9.367 0.0000000000
52255  -49.280  -26.505  -9.824 0.0000000000
53421  -49.695  -24.522  -7.762 0.0000000000
53422  -50.073  -24.481  -7.900 0.0000000000
53423  -50.968  -24.346  -8.241 0.0000000000
53440  -48.982  -25.615  -9.006 0.0000000000
53441  -49.230  -25.594  -8.995 0.0000000000
53442  -49.757  -24.870  -8.233 0.0000000000
53443  -50.844  -24.881  -8.584 0.0000000000
53444  -52.333  -24.718  -8.871 0.0000000000
53470  -49.059  -26.376  -9.726 0.0000000000
54566  -49.274  -24.134  -7.345 0.0000000000
54567  -49.569  -24.266  -7.494 0.0000000000
54568  -50.458  -23.906  -7.684 0.0000000000
54569  -51.961  -23.748  -8.249 0.0000000000
54583  -48.945  -25.122  -8.561 0.0000000000
54584  -49.215  -24.415  -7.729 0.0000000000
54585  -49.485  -24.498  -7.701 0.0000000000
54586  -53.352  -24.206  -8.800 0.0000000000
54604  -48.762  -24.983  -8.696 0.0000000000
54624  -48.822  -25.450  -9.512 0.0000000000
55551  -48.757  -23.181  -7.223 0.0000000000
55552  -49.164  -23.572  -7.140 0.0000000000
55553  -49.942  -23.219  -7.264 0.0000000000
55554  -51.144  -22.874  -7.546 0.0000000000
55555  -52.777  -22.504  -8.096 0.0000000000
55572  -48.678  -23.942  -7.762 0.0000000000
55573  -48.889  -23.826  -7.352 0.0000000000
55585  -48.306  -23.356  -8.086 0.0000000000
55586  -48.539  -24.179  -8.391 0.0000000000
55604  -48.329  -23.427  -8.313 0.0000000000
55605  -48.617  -24.428  -9.002 0.0000000000
56615  -48.656  -22.450  -7.093 0.0000000000
56616  -48.956  -22.383  -6.997 0.0000000000
56617  -49.608  -22.237  -6.977 0.0000000000
56618  -50.568  -21.881  -7.138 0.0000000000
56619  -51.939  -21.393  -7.451 0.0000000000
56639  -48.496  -22.654  -7.294 0.0000000000
56648  -48.146  -22.742  -7.812 0.0000000000
56649  -48.303  -22.864  -7.707 0.0000000000
56661  -48.071  -22.823  -8.026 0.0000000000
56662  -48.353  -23.155  -8.403 0.0000000000
56680  -48.634  -23.712  -9.083 0.0000000000
56681  -48.958  -23.971  -9.691 0.0000000000
57679  -51.017  -19.128  -6.549 0.0000000000
57686  -48.722  -21.353  -7.020 0.0000000000
57687  -49.453  -20.997  -6.869 0.0000000000
57688  -50.255  -20.792  -6.796 0.0000000000
57689  -51.355  -20.313  -6.886 0.0000000000
57707  -48.205  -21.370  -7.416 0.0000000000
57708  -48.302  -21.913  -7.323 0.0000000000
57720  -48.001  -22.044  -7.679 0.0000000000
57721  -48.168  -22.063  -7.491 0.0000000000
57738  -48.015  -22.171  -8.053 0.0000000000
57739  -48.318  -22.432  -8.467 0.0000000000
57760  -48.801  -22.720  -8.867 0.0000000000
57761  -49.178  -22.830  -9.296 0.0000000000
57776  -49.544  -22.690  -9.470 0.0000000000
57777  -49.954  -23.002  -9.955 0.0000000000
58661  -50.075  -17.690  -5.860 0.0000000000
58662  -50.720  -17.864  -6.142 0.0000000000
58684  -48.390  -19.678  -7.040 0.0000000000
58685  -48.653  -19.839  -6.934 0.0000000000
58686  -49.484  -19.190  -6.535 0.0000000000
58687  -50.119  -19.661  -6.569 0.0000000000
58698  -48.272  -20.288  -7.219 0.0000000000
58699  -48.397  -20.978  -7.232 0.0000000000
58708  -48.112  -20.794  -7.495 0.0000000000
58709  -48.017  -20.657  -7.695 0.0000000000
58725  -47.996  -21.373  -7.794 0.0000000000
58726  -48.087  -21.177  -8.119 0.0000000000
58727  -48.393  -20.985  -8.485 0.0000000000
58744  -48.420  -21.757  -8.540 0.0000000000
58745  -48.858  -21.646  -8.782 0.0000000000
58746  -49.154  -21.152  -8.907 0.0000000000
58764  -49.319  -21.961  -9.046 0.0000000000
58765  -49.713  -21.654  -9.130 0.0000000000
58766  -50.515  -21.913  -9.405 0.0000000000
59619  -49.299  -17.499  -5.418 0.0000000000
59620  -49.960  -16.947  -5.062 0.0000000000
59650  -48.515  -19.147  -6.807 0.0000000000
59651  -49.011  -18.210  -6.141 0.0000000000
59652  -49.574  -17.967  -6.031 0.0000000000
59666  -48.295  -19.431  -7.040 0.0000000000
59674  -48.160  -19.828  -7.229 0.0000000000
59675  -48.057  -19.962  -7.409 0.0000000000
59691  -48.070  -20.006  -7.714 0.0000000000
59692  -48.286  -20.144  -8.174 0.0000000000
59704  -48.738  -20.392  -8.633 0.0000000000
59705  -49.329  -20.416  -8.900 0.0000000000
59722  -50.068  -20.637  -9.106 0.0000000000
59723  -51.160  -20.933  -9.321 0.0000000000
59724  -52.090  -20.690  -9.692 0.0000000000
60658  -49.691  -16.484  -4.467 0.0000000000
60677  -49.164  -17.135  -5.092 0.0000000000
60678  -49.792  -16.631  -4.646 0.0000000000
60696  -48.388  -18.617  -6.595 0.0000000000
60697  -48.429  -17.751  -5.827 0.0000000000
60715  -48.206  -19.065  -7.014 0.0000000000
60716  -48.129  -18.144  -6.477 0.0000000000
60723  -48.114  -19.470  -7.228 0.0000000000
60724  -48.100  -18.977  -7.216 0.0000000000
60738  -48.219  -19.156  -7.747 0.0000000000
60739  -48.533  -19.304  -8.271 0.0000000000
60751  -49.016  -19.451  -8.672 0.0000000000
60752  -49.654  -19.628  -8.877 0.0000000000
60767  -50.481  -19.784  -8.996 0.0000000000
60768  -51.530  -19.838  -9.291 0.0000000000
60769  -52.885  -20.031  -9.876 0.0000000000
60770  -53.599  -19.671  -9.989 0.0000000000
61661  -50.082  -15.704  -3.401 0.0000000000
61664  -49.502  -16.260  -4.205 0.0000000000
61665  -50.245  -15.786  -3.626 0.0000000000
61676  -48.556  -16.974  -5.035 0.0000000000
61690  -48.076  -17.368  -5.715 0.0000000000
61708  -47.936  -17.536  -6.156 0.0000000000
61715  -48.017  -17.935  -6.681 0.0000000000
61727  -48.148  -18.226  -7.261 0.0000000000
61728  -48.439  -18.384  -7.826 0.0000000000
61742  -48.888  -18.552  -8.292 0.0000000000
61743  -49.457  -18.781  -8.607 0.0000000000
61744  -50.043  -18.470  -8.545 0.0000000000
61761  -50.013  -19.062  -8.798 0.0000000000
61762  -50.872  -18.920  -8.745 0.0000000000
61763  -52.032  -19.019  -9.179 0.0000000000
61764  -53.236  -18.967  -9.638 0.0000000000
61765  -54.437  -18.822  -9.785 0.0000000000
61779  -54.112  -19.466  -10.026 0.0000000000
62736  -50.022  -15.570  -3.200 0.0000000000
62747  -49.595  -15.726  -3.630 0.0000000000
62748  -49.693  -15.427  -3.245 0.0000000000
62762  -48.820  -16.287  -4.468 0.0000000000
62778  -48.264  -16.773  -5.162 0.0000000000
62795  -47.955  -17.064  -5.756 0.0000000000
62804  -47.902  -17.272  -6.329 0.0000000000
62805  -48.055  -17.146  -6.671 0.0000000000
62814  -48.054  -17.584  -6.830 0.0000000000
62815  -48.405  -17.412  -7.283 0.0000000000
62816  -49.098  -17.230  -7.675 0.0000000000
62824  -48.803  -17.837  -7.901 0.0000000000
62825  -49.609  -17.839  -8.112 0.0000000000
62826  -50.741  -17.937  -8.266 0.0000000000
62827  -51.870  -17.681  -8.339 0.0000000000
62828  -52.889  -17.565  -8.660 0.0000000000
62843  -51.556  -18.351  -8.643 0.0000000000
62844  -52.475  -18.219  -8.970 0.0000000000
62845  -53.726  -18.035  -9.207 0.0000000000
62846  -54.978  -18.182  -9.479 0.0000000000
63776  -49.053  -15.776  -3.948 0.0000000000
63777  -49.406  -15.346  -3.433 0.0000000000
63794  -48.596  -16.207  -4.682 0.0000000000
63795  -48.878  -15.662  -4.171 0.0000000000
63820  -48.243  -16.571  -5.344 0.0000000000
63821  -48.579  -15.979  -4.905 0.0000000000
63843  -48.000  -16.788  -5.986 0.0000000000
63844  -48.412  -16.256  -5.671 0.0000000000
63862  -47.957  -16.930  -6.389 0.0000000000
63863  -48.376  -16.611  -6.523 0.0000000000
63871  -49.040  -16.628  -7.183 0.0000000000
63872  -50.026  -16.793  -7.496 0.0000000000
63873  -50.914  -16.606  -7.240 0.0000000000
63881  -50.370  -17.418  -7.831 0.0000000000
63882  -51.243  -17.037  -7.695 0.0000000000
63883  -52.568  -16.950  -8.145 0.0000000000
63884  -54.135  -17.083  -8.651 0.0000000000
63885  -55.930  -16.625  -9.144 0.0000000000
63898  -54.495  -17.672  -9.144 0.0000000000
63899  -55.421  -17.491  -9.301 0.0000000000
64920  -49.755  -14.936  -2.935 0.0000000000
64932  -49.226  -15.128  -3.703 0.0000000000
64951  -48.988  -15.397  -4.475 0.0000000000
64977  -48.926  -15.628  -5.271 0.0000000000
64978  -49.365  -15.514  -5.671 0.0000000000
65010  -48.905  -15.938  -6.037 0.0000000000
65011  -49.632  -15.709  -6.204 0.0000000000
65012  -50.236  -15.753  -6.463 0.0000000000
65028  -49.098  -16.165  -6.620 0.0000000000
65029  -49.784  -16.156  -6.848 0.0000000000
65030  -50.971  -16.066  -6.780 0.0000000000
65031  -52.054  -15.819  -7.094 0.0000000000
65032  -52.982  -15.491  -7.551 0.0000000000
65033  -53.983  -15.466  -7.735 0.0000000000
65042  -51.452  -16.380  -7.240 0.0000000000
65043  -52.234  -16.299  -7.597 0.0000000000
65044  -53.430  -16.199  -7.952 0.0000000000
65045  -54.989  -15.891  -8.373 0.0000000000
66082  -50.193  -14.541  -2.643 0.0000000000
66094  -49.649  -14.624  -3.305 0.0000000000
66095  -50.202  -14.153  -2.984 0.0000000000
66105  -49.384  -14.810  -4.074 0.0000000000
66106  -49.918  -14.303  -3.700 0.0000000000
66117  -49.326  -15.042  -4.864 0.0000000000
66118  -49.819  -14.512  -4.485 0.0000000000
66132  -49.377  -15.273  -5.330 0.0000000000
66133  -50.116  -15.050  -5.405 0.0000000000
66134  -51.372  -14.886  -5.648 0.0000000000
66135  -51.988  -14.773  -5.827 0.0000000000
66170  -50.176  -15.486  -6.087 0.0000000000
66171  -50.874  -15.462  -6.127 0.0000000000
66172  -51.826  -15.111  -6.181 0.0000000000
66173  -52.553  -14.658  -6.682 0.0000000000
66174  -53.182  -14.153  -7.176 0.0000000000
66203  -51.398  -15.561  -6.423 0.0000000000
66204  -51.942  -15.421  -6.677 0.0000000000
66205  -52.709  -14.978  -7.173 0.0000000000
66206  -53.905  -14.573  -7.533 0.0000000000
66207  -55.382  -14.540  -7.811 0.0000000000
66208  -56.595  -13.995  -8.797 0.0000000000
66230  -54.855  -15.143  -7.835 0.0000000000
66231  -56.010  -14.999  -8.518 0.0000000000
66255  -51.219  -12.982  -11.930 0.0000000000
66256  -51.526  -13.156  -11.802 0.0000000000
66282  -50.941  -13.343  -12.608 0.0000000000
66283  -51.120  -13.396  -12.387 0.0000000000
67244  -50.831  -13.787  -2.688 0.0000000000
67250  -50.535  -13.799  -3.318 0.0000000000
67251  -50.815  -13.684  -3.716 0.0000000000
67259  -50.365  -14.050  -4.037 0.0000000000
67260  -50.984  -13.817  -4.270 0.0000000000
67270  -50.437  -14.323  -4.638 0.0000000000
67271  -51.227  -14.320  -4.956 0.0000000000
67272  -52.186  -14.342  -5.480 0.0000000000
67273  -53.042  -13.850  -5.944 0.0000000000
67274  -53.727  -13.513  -6.419 0.0000000000
67297  -52.404  -14.417  -6.150 0.0000000000
67298  -53.082  -13.846  -6.735 0.0000000000
67299  -54.449  -13.791  -7.007 0.0000000000
67300  -56.163  -13.064  -7.669 0.0000000000
67301  -57.044  -12.645  -8.099 0.0000000000
67326  -54.879  -14.234  -7.400 0.0000000000
67327  -55.852  -13.863  -7.760 0.0000000000
67328  -57.478  -13.062  -8.653 0.0000000000
67351  -53.589  -11.960  -10.920 0.0000000000
67352  -54.926  -11.674  -11.444 0.0000000000
67372  -51.114  -12.006  -11.799 0.0000000000
67373  -51.367  -12.456  -11.701 0.0000000000
67374  -52.071  -12.657  -11.252 0.0000000000
67375  -53.077  -12.780  -11.063 0.0000000000
67407  -50.991  -12.769  -12.389 0.0000000000
67408  -51.059  -12.642  -12.029 0.0000000000
68430  -51.390  -13.559  -2.449 0.0000000000
68431  -51.933  -13.226  -2.397 0.0000000000
68442  -51.140  -13.464  -2.873 0.0000000000
68443  -51.583  -13.151  -3.010 0.0000000000
68448  -51.038  -13.475  -3.302 0.0000000000
68449  -51.431  -13.371  -3.663 0.0000000000
68450  -51.865  -13.279  -3.937 0.0000000000
68452  -51.540  -13.524  -4.164 0.0000000000
68453  -52.108  -13.446  -4.336 0.0000000000
68454  -52.746  -13.460  -4.653 0.0000000000
68455  -53.472  -13.203  -4.904 0.0000000000
68463  -51.544  -13.782  -4.522 0.0000000000
68464  -52.126  -13.898  -4.846 0.0000000000
68465  -52.891  -13.651  -5.259 0.0000000000
68466  -53.994  -13.251  -5.634 0.0000000000
68467  -55.114  -12.985  -5.975 0.0000000000
68468  -56.393  -12.756  -6.366 0.0000000000
68477  -54.455  -13.311  -6.348 0.0000000000
68478  -55.655  -13.269  -6.670 0.0000000000
68479  -57.105  -12.380  -7.511 0.0000000000
68480  -58.440  -11.883  -8.291 0.0000000000
68481  -60.100  -12.067  -8.593 0.0000000000
68500  -57.733  -12.346  -8.365 0.0000000000
68501  -59.154  -12.424  -8.889 0.0000000000
68524  -51.760  -10.747  -11.293 0.0000000000
68525  -52.010  -10.878  -11.110 0.0000000000
68526  -52.857  -11.195  -10.816 0.0000000000
68527  -54.140  -11.079  -10.873 0.0000000000
68528  -55.575  -10.878  -11.400 0.0000000000
68529  -57.240  -11.105  -11.206 0.0000000000
68545  -51.315  -11.365  -11.693 0.0000000000
68546  -51.560  -11.170  -11.434 0.0000000000
68547  -51.960  -11.764  -11.068 0.0000000000
68548  -52.644  -12.112  -10.863 0.0000000000
68567  -51.087  -11.628  -11.902 0.0000000000
68583  -50.983  -12.056  -12.347 0.0000000000
69583  -52.409  -12.773  -2.567 0.0000000000
69595  -52.059  -12.912  -3.265 0.0000000000
69596  -52.932  -12.414  -2.912 0.0000000000
69599  -51.924  -13.118  -3.671 0.0000000000
69600  -52.496  -12.896  -3.817 0.0000000000
69601  -53.796  -12.348  -3.555 0.0000000000
69602  -54.654  -12.402  -3.814 0.0000000000
69604  -52.617  -13.196  -4.308 0.0000000000
69605  -53.244  -12.954  -4.330 0.0000000000
69606  -54.667  -12.731  -4.607 0.0000000000
69607  -55.757  -12.514  -4.765 0.0000000000
69615  -54.859  -12.915  -5.421 0.0000000000
69616  -56.021  -12.580  -5.462 0.0000000000
69617  -57.804  -11.662  -6.910 0.0000000000
69628  -58.106  -11.772  -7.729 0.0000000000
69629  -59.410  -11.552  -8.050 0.0000000000
69641  -53.979  -9.426  -10.461 0.0000000000
69642  -55.383  -9.182  -10.948 0.0000000000
69643  -57.149  -9.355  -11.037 0.0000000000
69644  -59.120  -9.750  -10.905 0.0000000000
69669  -51.888  -10.199  -11.220 0.0000000000
69670  -52.567  -10.211  -10.896 0.0000000000
69671  -53.522  -10.271  -10.750 0.0000000000
69672  -54.724  -10.141  -10.980 0.0000000000
69673  -56.303  -10.070  -11.272 0.0000000000
69674  -58.012  -10.440  -10.802 0.0000000000
69695  -51.487  -10.622  -11.582 0.0000000000
69696  -51.632  -10.493  -11.404 0.0000000000
69710  -51.182  -10.920  -11.915 0.0000000000
69711  -51.236  -10.481  -11.963 0.0000000000
69723  -51.052  -11.575  -12.296 0.0000000000
70704  -54.556  -12.188  -3.436 0.0000000000
70710  -55.180  -12.411  -4.030 0.0000000000
70711  -56.236  -12.070  -4.381 0.0000000000
70722  -56.295  -12.334  -4.929 0.0000000000
70723  -57.186  -11.748  -5.491 0.0000000000
70735  -54.326  -7.789  -9.395 0.0000000000
70736  -55.251  -7.662  -9.874 0.0000000000
70737  -57.006  -7.749  -10.258 0.0000000000
70749  -51.906  -8.515  -10.586 0.0000000000
70750  -52.216  -8.553  -10.404 0.0000000000
70751  -53.086  -8.786  -10.044 0.0000000000
70752  -54.358  -8.371  -9.964 0.0000000000
70753  -56.145  -8.425  -10.566 0.0000000000
70754  -58.005  -8.893  -10.191 0.0000000000
70779  -51.580  -9.056  -11.133 0.0000000000
70780  -51.817  -8.955  -10.968 0.0000000000
70781  -52.416  -9.321  -10.777 0.0000000000
70782  -53.077  -9.583  -10.603 0.0000000000
70804  -51.617  -9.481  -11.289 0.0000000000
70805  -51.690  -9.949  -11.339 0.0000000000
70822  -51.525  -9.940  -11.450 0.0000000000
70823  -51.447  -9.975  -11.660 0.0000000000
70834  -51.422  -9.999  -11.908 0.0000000000
71876  -52.729  -7.384  -8.951 0.0000000000
71877  -53.065  -7.498  -8.736 0.0000000000
71878  -54.195  -7.204  -8.781 0.0000000000
71893  -51.871  -8.193  -10.263 0.0000000000
71894  -52.512  -7.778  -9.428 0.0000000000
71895  -53.494  -8.000  -9.246 0.0000000000
71896  -54.017  -7.897  -9.223 0.0000000000
71922  -51.534  -8.806  -11.048 0.0000000000
71923  -51.498  -8.176  -10.495 0.0000000000
71949  -51.565  -9.201  -11.181 0.0000000000
71950  -51.330  -8.285  -10.803 0.0000000000
71968  -51.578  -9.523  -11.406 0.0000000000
71969  -51.596  -9.013  -11.340 0.0000000000
71982  -51.727  -9.257  -11.783 0.0000000000
72994  -52.052  -6.777  -8.772 0.0000000000
72995  -52.637  -7.042  -8.590 0.0000000000
72996  -53.304  -7.019  -8.106 0.0000000000
73009  -51.811  -7.374  -9.643 0.0000000000
73010  -52.204  -7.212  -9.106 0.0000000000
73024  -51.451  -7.593  -10.244 0.0000000000
73047  -51.145  -7.562  -10.428 0.0000000000
73048  -51.300  -7.663  -10.552 0.0000000000
73068  -51.277  -7.516  -10.654 0.0000000000
73069  -51.304  -7.813  -10.786 0.0000000000
73083  -51.638  -8.233  -11.408 0.0000000000
73084  -52.096  -8.188  -11.729 0.0000000000
73094  -51.958  -8.727  -11.808 0.0000000000
74078  -52.751  -5.780  -7.436 0.0000000000
74103  -51.992  -6.305  -8.467 0.0000000000
74104  -52.466  -6.275  -7.960 0.0000000000
74105  -52.967  -6.608  -7.746 0.0000000000
74116  -51.740  -6.566  -9.033 0.0000000000
74128  -51.604  -6.965  -9.696 0.0000000000
74147  -51.310  -7.416  -10.224 0.0000000000
74148  -51.476  -7.180  -10.179 0.0000000000
74171  -51.346  -7.421  -10.454 0.0000000000
74172  -51.483  -7.216  -10.471 0.0000000000
74187  -51.626  -7.381  -10.909 0.0000000000
74188  -52.149  -7.510  -11.405 0.0000000000
75187  -52.192  -6.005  -8.165 0.0000000000
75188  -52.537  -5.476  -7.707 0.0000000000
75202  -51.947  -5.943  -8.474 0.0000000000
75203  -52.364  -5.352  -8.179 0.0000000000
75215  -51.624  -6.234  -9.280 0.0000000000
75216  -51.762  -5.853  -9.465 0.0000000000
75225  -51.615  -6.508  -9.944 0.0000000000
75226  -51.934  -5.893  -9.945 0.0000000000
75244  -51.798  -6.696  -10.426 0.0000000000
75245  -52.375  -6.189  -10.529 0.0000000000
75246  -53.062  -6.173  -10.867 0.0000000000
75267  -52.075  -6.932  -10.871 0.0000000000
75268  -52.648  -6.788  -11.164 0.0000000000
76195  -52.624  -4.809  -7.644 0.0000000000
76213  -52.041  -5.589  -8.645 0.0000000000
76214  -52.549  -4.725  -8.271 0.0000000000
76225  -51.962  -5.531  -8.973 0.0000000000
76226  -52.300  -5.151  -9.246 0.0000000000
76236  -52.555  -5.221  -9.973 0.0000000000
76237  -53.089  -5.009  -10.151 0.0000000000
76250  -52.892  -5.562  -10.493 0.0000000000
77100  -52.954  -3.870  -8.127 0.0000000000
77120  -52.783  -4.301  -8.714 0.0000000000
77121  -53.052  -3.676  -8.457 0.0000000000
77137  -52.825  -4.430  -9.335 0.0000000000
77138  -53.228  -4.171  -9.396 0.0000000000
77152  -52.950  -4.552  -9.832 0.0000000000
77153  -53.648  -4.412  -9.779 0.0000000000
77154  -54.631  -4.280  -9.587 0.0000000000
77165  -54.469  -4.792  -10.066 0.0000000000
77166  -55.545  -4.448  -10.160 0.0000000000
78039  -53.394  -3.175  -8.054 0.0000000000
78056  -53.034  -3.909  -8.843 0.0000000000
78057  -53.384  -3.272  -8.625 0.0000000000
78071  -53.206  -3.864  -9.051 0.0000000000
78072  -53.703  -3.520  -9.070 0.0000000000
78073  -54.330  -3.136  -9.178 0.0000000000
78088  -54.258  -3.819  -9.253 0.0000000000
78089  -55.266  -3.503  -9.314 0.0000000000
78109  -56.453  -3.277  -10.070 0.0000000000
78110  -56.883  -3.032  -11.086 0.0000000000
78956  -53.979  -2.432  -8.259 0.0000000000
78973  -53.915  -2.682  -8.739 0.0000000000
78974  -54.408  -2.333  -8.894 0.0000000000
78995  -54.150  -2.769  -9.011 0.0000000000
78996  -54.994  -2.497  -9.132 0.0000000000
79014  -56.117  -2.295  -9.827 0.0000000000
79034  -56.741  -1.896  -11.156 0.0000000000
79035  -57.060  -2.415  -11.603 0.0000000000
79048  -56.640  -1.092  -12.471 0.0000000000
79049  -57.161  -1.993  -12.293 0.0000000000
79059  -56.429  -0.675  -13.239 0.0000000000
79901  -56.055  -1.783  -9.614 0.0000000000
79916  -56.504  -1.135  -10.770 0.0000000000
79917  -56.431  -0.549  -10.988 0.0000000000
79927  -56.300  -0.511  -11.995 0.0000000000
79931  -55.332  0.505  -13.311 0.0000000000
79932  -55.716  0.082  -13.054 0.0000000000
79936  -55.529  0.633  -13.733 0.0000000000
79937  -56.414  -0.099  -14.056 0.0000000000
79950  -55.752  0.667  -14.761 0.0000000000
80923  -56.221  -0.132  -11.755 0.0000000000
80932  -55.462  0.933  -13.198 0.0000000000
80933  -55.600  0.537  -12.883 0.0000000000
80936  -55.400  0.916  -13.439 0.0000000000
80937  -55.414  0.490  -13.099 0.0000000000
80940  -55.200  1.411  -14.528 0.0000000000
80948  -55.682  1.294  -16.053 0.0000000000
81897  -55.928  0.580  -12.306 0.0000000000
81909  -55.442  1.205  -13.460 0.0000000000
81910  -55.538  1.446  -13.380 0.0000000000
81916  -54.910  1.961  -14.232 0.0000000000
81917  -55.049  2.079  -14.058 0.0000000000
81920  -53.250  3.260  -15.796 0.0000000000
81921  -54.141  2.460  -15.425 0.0000000000
81924  -53.461  3.119  -16.377 0.0000000000
81925  -54.590  2.192  -16.746 0.0000000000
81935  -53.797  2.751  -17.405 0.0000000000
82759  -55.485  1.915  -13.607 0.0000000000
82772  -54.553  2.689  -14.490 0.0000000000
82773  -54.999  2.323  -14.100 0.0000000000
82778  -53.188  3.417  -15.484 0.0000000000
82779  -53.866  2.983  -14.865 0.0000000000
82782  -51.897  4.130  -16.592 0.0000000000
82783  -52.480  3.719  -16.208 0.0000000000
82788  -51.870  4.020  -16.943 0.0000000000
82789  -52.685  3.550  -17.051 0.0000000000
82798  -51.946  3.994  -17.642 0.0000000000
82799  -52.973  3.221  -18.148 0.0000000000
82808  -51.007  4.458  -18.737 0.0000000000
82809  -51.701  4.099  -18.514 0.0000000000
82810  -52.818  3.250  -19.155 0.0000000000
82818  -51.120  4.327  -19.040 0.0000000000
82819  -51.855  3.926  -19.509 0.0000000000
83733  -54.298  3.063  -14.401 0.0000000000
83734  -54.989  2.702  -14.096 0.0000000000
83745  -53.155  3.665  -15.169 0.0000000000
83746  -53.724  3.385  -14.750 0.0000000000
83751  -51.950  4.241  -16.346 0.0000000000
83752  -52.516  3.959  -15.708 0.0000000000
83758  -51.250  4.707  -17.291 0.0000000000
83759  -51.492  4.444  -16.997 0.0000000000
83766  -51.145  4.705  -17.626 0.0000000000
83767  -51.401  4.359  -17.548 0.0000000000
83776  -50.944  4.608  -18.344 0.0000000000
83777  -51.424  4.309  -17.965 0.0000000000
83788  -50.658  4.751  -19.228 0.0000000000
83789  -51.026  4.467  -19.531 0.0000000000
83799  -50.626  4.829  -20.073 0.0000000000
84751  -54.353  3.308  -14.342 0.0000000000
84752  -54.887  3.600  -14.207 0.0000000000
84770  -53.231  3.805  -14.957 0.0000000000
84771  -53.659  3.971  -14.627 0.0000000000
84772  -54.297  4.214  -14.454 0.0000000000
84782  -52.101  4.414  -15.988 0.0000000000
84783  -52.699  4.195  -15.290 0.0000000000
84784  -52.952  4.498  -15.019 0.0000000000
84789  -51.322  4.709  -17.070 0.0000000000
84790  -51.547  4.747  -16.749 0.0000000000
84793  -51.127  4.955  -17.402 0.0000000000
84794  -51.230  5.054  -17.070 0.0000000000
84799  -50.773  5.106  -18.256 0.0000000000
84809  -50.309  5.287  -19.263 0.0000000000
84822  -50.183  5.258  -20.057 0.0000000000
85797  -53.990  4.661  -14.546 0.0000000000
85810  -52.264  4.555  -15.727 0.0000000000
85811  -52.546  4.849  -15.473 0.0000000000
85812  -53.312  5.029  -14.876 0.0000000000
85815  -51.962  4.939  -16.172 0.0000000000
85816  -52.313  5.409  -15.915 0.0000000000
85819  -51.160  5.233  -17.363 0.0000000000
85820  -51.431  5.302  -16.906 0.0000000000
85823  -50.949  5.403  -18.005 0.0000000000
86870  -52.857  5.551  -15.450 0.0000000000
86881  -51.954  5.581  -16.465 0.0000000000
86887  -51.195  5.576  -17.564 0.0000000000
132050  -52.821  -4.238  -7.380 0.0000000000
132054  -53.228  -3.583  -7.495 0.0000000000
