#!ascii label  , from subject Yale_0050561 vox2ras=TkReg
1359
84318  -38.043  7.088  25.916 0.0000000000
84319  -38.532  7.514  25.841 0.0000000000
84320  -39.130  7.868  25.893 0.0000000000
84321  -39.468  8.057  25.947 0.0000000000
84328  -34.803  6.385  26.218 0.0000000000
84329  -35.445  6.294  26.130 0.0000000000
84330  -36.147  6.301  26.023 0.0000000000
84331  -36.856  6.457  25.889 0.0000000000
84332  -37.587  6.731  25.817 0.0000000000
84333  -38.258  7.075  25.666 0.0000000000
84334  -38.810  7.523  25.582 0.0000000000
84335  -39.435  7.988  25.664 0.0000000000
84336  -39.813  8.183  25.607 0.0000000000
84341  -34.879  6.355  25.695 0.0000000000
84342  -35.439  6.238  25.748 0.0000000000
84343  -36.056  6.244  25.720 0.0000000000
84344  -36.703  6.386  25.633 0.0000000000
84345  -37.362  6.552  25.560 0.0000000000
84346  -37.997  6.795  25.486 0.0000000000
84347  -38.561  7.208  25.370 0.0000000000
84348  -39.139  7.580  25.372 0.0000000000
84349  -39.568  7.878  25.420 0.0000000000
84357  -35.036  6.516  25.028 0.0000000000
84358  -35.478  6.322  25.192 0.0000000000
84359  -36.022  6.246  25.306 0.0000000000
84360  -36.609  6.340  25.335 0.0000000000
84361  -37.220  6.444  25.330 0.0000000000
84362  -37.826  6.630  25.311 0.0000000000
84363  -38.372  6.951  25.268 0.0000000000
84364  -38.978  7.410  25.287 0.0000000000
84365  -39.365  7.629  25.274 0.0000000000
84374  -35.134  6.606  24.586 0.0000000000
84375  -35.493  6.480  24.449 0.0000000000
84376  -36.013  6.301  24.735 0.0000000000
84377  -36.552  6.299  24.941 0.0000000000
84378  -37.127  6.352  25.032 0.0000000000
84379  -37.696  6.492  25.099 0.0000000000
84380  -38.319  6.780  25.093 0.0000000000
84381  -38.647  7.078  25.193 0.0000000000
84386  -35.694  6.542  23.969 0.0000000000
84387  -36.057  6.447  24.009 0.0000000000
84388  -36.533  6.398  24.438 0.0000000000
84389  -37.025  6.385  24.655 0.0000000000
84390  -37.649  6.502  24.689 0.0000000000
84391  -38.013  6.568  24.940 0.0000000000
84394  -36.341  6.644  23.680 0.0000000000
84395  -36.603  6.571  23.915 0.0000000000
84396  -37.029  6.508  24.208 0.0000000000
84397  -37.321  6.503  24.438 0.0000000000
85289  -42.047  8.340  28.114 0.0000000000
85290  -42.767  8.211  28.363 0.0000000000
85291  -43.165  8.243  28.423 0.0000000000
85297  -33.453  7.191  27.262 0.0000000000
85298  -34.109  6.948  27.132 0.0000000000
85299  -34.852  6.850  26.817 0.0000000000
85300  -35.728  6.778  26.527 0.0000000000
85301  -36.678  6.766  26.346 0.0000000000
85302  -37.573  6.945  26.142 0.0000000000
85303  -38.307  7.466  26.054 0.0000000000
85304  -39.074  7.859  26.138 0.0000000000
85305  -39.890  8.006  26.377 0.0000000000
85306  -41.050  8.551  27.239 0.0000000000
85307  -42.193  8.362  27.771 0.0000000000
85308  -43.106  8.230  28.104 0.0000000000
85309  -43.404  8.382  28.033 0.0000000000
85316  -33.564  7.010  26.813 0.0000000000
85317  -34.125  6.703  26.745 0.0000000000
85318  -34.786  6.568  26.565 0.0000000000
85319  -35.524  6.488  26.359 0.0000000000
85320  -36.322  6.478  26.219 0.0000000000
85321  -37.009  6.600  26.093 0.0000000000
85322  -39.700  8.175  25.984 0.0000000000
85323  -40.224  8.485  26.116 0.0000000000
85324  -41.410  8.813  26.834 0.0000000000
85325  -42.649  8.541  27.411 0.0000000000
85326  -43.208  8.339  27.831 0.0000000000
85331  -33.853  6.985  26.268 0.0000000000
85332  -34.254  6.605  26.250 0.0000000000
85333  -40.146  8.326  25.650 0.0000000000
85334  -40.897  8.796  26.125 0.0000000000
85335  -41.766  8.954  26.600 0.0000000000
85341  -34.269  7.000  25.557 0.0000000000
85342  -34.482  6.656  25.570 0.0000000000
85343  -39.386  7.522  25.319 0.0000000000
85344  -39.830  7.800  25.474 0.0000000000
85345  -40.708  8.628  25.770 0.0000000000
85346  -41.310  8.907  26.154 0.0000000000
85354  -34.530  7.016  25.043 0.0000000000
85355  -34.879  6.850  24.590 0.0000000000
85356  -35.192  6.632  24.308 0.0000000000
85357  -38.679  6.991  24.945 0.0000000000
85358  -38.990  7.284  25.092 0.0000000000
85359  -39.725  7.899  25.237 0.0000000000
85360  -40.174  8.242  25.499 0.0000000000
85363  -35.181  6.989  23.883 0.0000000000
85364  -35.515  6.816  23.751 0.0000000000
85365  -35.826  6.614  23.758 0.0000000000
85366  -38.012  6.711  24.365 0.0000000000
85367  -38.360  6.813  24.670 0.0000000000
85368  -39.041  7.293  24.688 0.0000000000
85369  -39.403  7.509  24.970 0.0000000000
85373  -36.143  7.346  23.055 0.0000000000
85374  -36.179  6.871  23.415 0.0000000000
85375  -36.649  6.875  23.475 0.0000000000
85376  -37.094  6.820  23.698 0.0000000000
85377  -37.636  6.752  24.062 0.0000000000
85378  -38.325  7.153  24.047 0.0000000000
85379  -38.691  7.176  24.377 0.0000000000
85383  -36.470  7.735  22.746 0.0000000000
85384  -36.527  7.551  22.907 0.0000000000
85385  -36.733  7.416  23.066 0.0000000000
85386  -37.101  7.373  23.213 0.0000000000
85387  -37.593  7.303  23.478 0.0000000000
85388  -37.963  7.219  23.732 0.0000000000
86343  -42.462  8.849  28.847 0.0000000000
86344  -43.406  8.902  29.189 0.0000000000
86345  -44.440  8.980  29.433 0.0000000000
86346  -45.408  8.930  29.759 0.0000000000
86347  -45.975  8.816  29.918 0.0000000000
86351  -32.830  8.315  28.094 0.0000000000
86352  -33.604  8.130  27.993 0.0000000000
86353  -34.432  7.997  27.597 0.0000000000
86354  -35.248  7.896  26.947 0.0000000000
86355  -35.788  7.853  26.643 0.0000000000
86356  -38.620  7.937  26.354 0.0000000000
86357  -39.650  8.222  26.582 0.0000000000
86358  -40.678  8.481  27.126 0.0000000000
86359  -41.595  8.475  27.952 0.0000000000
86360  -42.584  8.433  28.647 0.0000000000
86361  -43.472  8.551  28.744 0.0000000000
86362  -44.613  8.853  29.128 0.0000000000
86363  -45.658  8.904  29.514 0.0000000000
86367  -32.211  8.195  27.669 0.0000000000
86368  -32.809  7.819  27.723 0.0000000000
86369  -33.469  7.553  27.669 0.0000000000
86370  -34.206  7.375  27.427 0.0000000000
86371  -35.015  7.307  26.922 0.0000000000
86372  -36.115  7.305  26.587 0.0000000000
86373  -37.246  7.158  26.379 0.0000000000
86374  -38.066  7.439  26.214 0.0000000000
86375  -38.860  7.880  26.266 0.0000000000
86376  -39.885  8.133  26.584 0.0000000000
86377  -40.541  8.361  26.977 0.0000000000
86378  -43.373  8.360  28.421 0.0000000000
86379  -43.812  8.634  28.430 0.0000000000
86380  -45.026  9.056  28.920 0.0000000000
86386  -31.757  8.515  27.166 0.0000000000
86387  -32.299  8.013  27.237 0.0000000000
86388  -32.857  7.551  27.288 0.0000000000
86389  -43.102  8.627  27.329 0.0000000000
86390  -43.524  8.609  27.787 0.0000000000
86391  -44.434  9.095  28.237 0.0000000000
86396  -31.813  8.458  26.987 0.0000000000
86397  -32.445  8.101  26.850 0.0000000000
86398  -33.063  7.484  26.839 0.0000000000
86399  -42.614  8.804  26.935 0.0000000000
86400  -43.442  9.009  27.290 0.0000000000
86401  -44.009  9.074  27.765 0.0000000000
86405  -32.895  8.013  26.610 0.0000000000
86406  -33.576  7.551  26.350 0.0000000000
86407  -41.149  8.750  25.874 0.0000000000
86408  -41.871  8.931  26.266 0.0000000000
86409  -42.793  8.928  26.771 0.0000000000
86417  -34.356  7.271  25.460 0.0000000000
86418  -34.812  7.201  24.650 0.0000000000
86419  -40.127  8.098  25.143 0.0000000000
86420  -40.686  8.534  25.449 0.0000000000
86421  -41.396  8.800  25.872 0.0000000000
86425  -35.252  7.270  23.834 0.0000000000
86426  -35.477  7.202  23.573 0.0000000000
86427  -39.288  7.562  24.484 0.0000000000
86428  -39.764  7.917  24.659 0.0000000000
86429  -40.347  8.261  25.021 0.0000000000
86433  -35.838  7.658  23.185 0.0000000000
86434  -35.914  7.434  23.131 0.0000000000
86435  -38.544  7.526  23.823 0.0000000000
86436  -39.006  7.658  24.037 0.0000000000
86437  -39.702  8.326  23.841 0.0000000000
86440  -36.231  7.949  22.724 0.0000000000
86441  -36.422  8.000  22.567 0.0000000000
86442  -36.670  8.065  22.522 0.0000000000
86443  -36.889  7.967  22.571 0.0000000000
86444  -37.126  7.955  22.656 0.0000000000
86445  -37.520  8.064  22.840 0.0000000000
86446  -38.264  7.942  23.339 0.0000000000
86447  -39.164  8.730  23.117 0.0000000000
86448  -39.718  8.845  23.379 0.0000000000
86451  -36.684  8.432  22.177 0.0000000000
86452  -36.761  8.422  21.948 0.0000000000
86453  -37.038  8.490  22.048 0.0000000000
86454  -37.370  8.517  22.071 0.0000000000
86455  -37.885  8.745  22.051 0.0000000000
86456  -38.605  8.934  22.429 0.0000000000
86457  -39.041  9.117  22.500 0.0000000000
86475  -36.789  8.349  21.295 0.0000000000
86476  -37.161  8.373  21.232 0.0000000000
86477  -37.639  8.494  21.259 0.0000000000
86478  -37.888  8.561  21.260 0.0000000000
87413  -45.469  9.953  30.456 0.0000000000
87430  -42.584  9.478  28.934 0.0000000000
87431  -43.459  9.409  29.367 0.0000000000
87432  -44.452  9.415  29.708 0.0000000000
87433  -45.417  9.271  30.168 0.0000000000
87434  -46.328  9.129  30.387 0.0000000000
87444  -31.593  9.549  28.073 0.0000000000
87445  -32.101  9.233  28.159 0.0000000000
87446  -32.963  9.092  28.231 0.0000000000
87447  -33.859  8.958  28.009 0.0000000000
87448  -34.780  8.819  27.467 0.0000000000
87449  -35.706  8.600  26.667 0.0000000000
87450  -36.754  8.588  26.342 0.0000000000
87451  -37.960  8.421  26.361 0.0000000000
87452  -39.259  8.638  26.492 0.0000000000
87453  -40.436  8.812  26.943 0.0000000000
87454  -41.521  8.936  28.067 0.0000000000
87455  -46.489  8.950  29.930 0.0000000000
87465  -31.091  9.577  27.667 0.0000000000
87466  -31.576  9.163  27.867 0.0000000000
87467  -32.264  8.480  28.019 0.0000000000
87468  -36.260  7.930  26.513 0.0000000000
87469  -37.043  7.716  26.447 0.0000000000
87470  -37.814  7.617  26.354 0.0000000000
87471  -46.280  9.035  29.352 0.0000000000
87478  -30.631  9.689  27.153 0.0000000000
87479  -31.114  9.289  27.383 0.0000000000
87480  -31.752  8.576  27.501 0.0000000000
87481  -45.700  9.463  28.714 0.0000000000
87482  -46.700  10.399  28.590 0.0000000000
87488  -30.845  9.428  27.052 0.0000000000
87489  -31.428  8.955  26.973 0.0000000000
87490  -31.979  8.521  26.831 0.0000000000
87491  -43.698  9.376  27.244 0.0000000000
87492  -44.650  9.959  27.692 0.0000000000
87493  -45.945  10.718  28.101 0.0000000000
87496  -31.864  8.852  26.750 0.0000000000
87497  -32.469  8.445  26.648 0.0000000000
87498  -33.274  8.125  26.423 0.0000000000
87499  -42.227  9.105  26.215 0.0000000000
87500  -43.068  9.355  26.594 0.0000000000
87501  -44.023  10.490  26.494 0.0000000000
87508  -34.168  7.804  25.957 0.0000000000
87509  -34.838  7.597  25.064 0.0000000000
87510  -41.044  8.791  25.316 0.0000000000
87511  -41.713  9.181  25.668 0.0000000000
87512  -42.904  10.342  25.503 0.0000000000
87513  -43.879  10.951  25.808 0.0000000000
87519  -35.331  7.614  24.072 0.0000000000
87520  -40.126  8.402  24.229 0.0000000000
87521  -40.756  8.779  24.684 0.0000000000
87522  -41.838  9.978  24.487 0.0000000000
87523  -42.489  10.522  24.785 0.0000000000
87526  -35.853  7.913  23.252 0.0000000000
87527  -40.190  8.885  23.725 0.0000000000
87528  -40.964  9.699  23.432 0.0000000000
87529  -41.580  10.143  23.727 0.0000000000
87532  -36.434  8.313  22.554 0.0000000000
87533  -36.650  8.398  22.403 0.0000000000
87534  -39.310  9.154  22.551 0.0000000000
87535  -39.911  9.279  22.729 0.0000000000
87536  -40.771  9.749  22.255 0.0000000000
87539  -36.575  8.686  22.010 0.0000000000
87540  -36.389  8.500  21.846 0.0000000000
87541  -36.463  8.390  21.635 0.0000000000
87542  -38.091  8.669  21.325 0.0000000000
87543  -38.459  8.879  21.487 0.0000000000
87544  -39.238  9.221  21.822 0.0000000000
87545  -40.192  9.511  21.497 0.0000000000
87546  -41.035  9.756  21.231 0.0000000000
87556  -36.167  8.474  21.224 0.0000000000
87557  -36.371  8.446  21.028 0.0000000000
87558  -36.809  8.407  20.561 0.0000000000
87559  -37.420  8.459  20.594 0.0000000000
87560  -38.100  8.658  20.775 0.0000000000
87561  -38.904  9.096  20.731 0.0000000000
87562  -39.731  9.358  20.671 0.0000000000
87563  -40.568  9.572  20.455 0.0000000000
87564  -41.336  9.828  20.279 0.0000000000
87578  -37.150  8.699  20.094 0.0000000000
87579  -37.714  8.920  20.016 0.0000000000
87580  -38.557  9.191  19.870 0.0000000000
87581  -39.367  9.353  19.909 0.0000000000
87582  -40.146  9.475  19.753 0.0000000000
87583  -40.959  9.635  19.520 0.0000000000
87584  -41.614  9.879  19.571 0.0000000000
87594  -39.125  9.435  19.326 0.0000000000
87595  -39.741  9.470  19.143 0.0000000000
87596  -40.463  9.548  18.968 0.0000000000
87597  -41.059  9.708  18.818 0.0000000000
88384  -39.230  7.425  37.353 0.0000000000
88385  -39.819  7.777  37.987 0.0000000000
88393  -38.410  7.007  36.540 0.0000000000
88400  -38.048  7.596  35.887 0.0000000000
88457  -42.881  10.268  28.738 0.0000000000
88458  -43.680  10.080  29.310 0.0000000000
88459  -44.603  10.047  29.862 0.0000000000
88468  -30.958  10.878  27.516 0.0000000000
88469  -31.443  10.299  27.817 0.0000000000
88470  -32.302  10.187  27.928 0.0000000000
88471  -33.213  10.057  27.846 0.0000000000
88472  -34.176  9.950  27.542 0.0000000000
88473  -35.177  9.830  26.975 0.0000000000
88474  -36.169  9.718  26.126 0.0000000000
88475  -37.413  9.596  26.085 0.0000000000
88476  -38.687  9.538  26.315 0.0000000000
88477  -39.940  9.563  26.622 0.0000000000
88478  -41.095  9.627  27.236 0.0000000000
88479  -42.044  9.809  28.117 0.0000000000
88487  -30.440  10.818  27.427 0.0000000000
88488  -30.897  10.274  27.615 0.0000000000
88489  -31.380  9.748  27.929 0.0000000000
88495  -29.875  10.938  27.152 0.0000000000
88496  -30.395  10.370  27.274 0.0000000000
88497  -30.875  9.816  27.519 0.0000000000
88506  -29.968  10.606  26.978 0.0000000000
88507  -30.389  9.997  26.852 0.0000000000
88508  -30.895  9.469  26.814 0.0000000000
88509  -44.847  10.934  27.043 0.0000000000
88510  -46.086  11.522  27.537 0.0000000000
88515  -30.705  9.823  26.566 0.0000000000
88516  -31.359  9.393  26.640 0.0000000000
88517  -32.195  9.101  26.525 0.0000000000
88518  -32.895  8.628  26.450 0.0000000000
88519  -44.824  11.764  26.265 0.0000000000
88525  -32.925  9.075  26.418 0.0000000000
88526  -33.767  8.541  26.269 0.0000000000
88527  -34.857  8.149  25.613 0.0000000000
88528  -42.864  10.810  24.900 0.0000000000
88529  -43.669  11.465  25.102 0.0000000000
88536  -35.553  7.981  24.488 0.0000000000
88537  -41.908  10.354  23.869 0.0000000000
88538  -42.585  10.811  24.141 0.0000000000
88539  -43.666  11.738  23.806 0.0000000000
88542  -36.001  8.148  23.356 0.0000000000
88543  -41.230  9.986  22.694 0.0000000000
88544  -41.821  10.349  23.097 0.0000000000
88545  -42.876  11.010  22.886 0.0000000000
88546  -43.828  11.769  22.522 0.0000000000
88549  -36.469  8.541  22.518 0.0000000000
88550  -41.497  10.033  22.032 0.0000000000
88551  -42.350  10.398  21.945 0.0000000000
88552  -43.301  10.882  21.708 0.0000000000
88553  -44.195  11.524  21.369 0.0000000000
88556  -36.447  8.951  21.706 0.0000000000
88557  -36.026  8.771  21.366 0.0000000000
88558  -41.804  10.126  21.047 0.0000000000
88559  -42.694  10.459  20.875 0.0000000000
88560  -43.664  10.876  20.658 0.0000000000
88561  -44.624  11.413  20.395 0.0000000000
88570  -35.850  9.159  20.955 0.0000000000
88571  -35.973  8.915  20.693 0.0000000000
88572  -36.350  8.736  20.241 0.0000000000
88573  -36.778  8.797  19.988 0.0000000000
88574  -42.082  10.181  20.095 0.0000000000
88575  -43.008  10.540  19.887 0.0000000000
88576  -44.026  11.097  19.718 0.0000000000
88577  -45.131  11.478  19.521 0.0000000000
88591  -36.189  9.205  19.884 0.0000000000
88592  -36.569  9.124  19.731 0.0000000000
88593  -37.187  9.218  19.465 0.0000000000
88594  -38.014  9.391  19.317 0.0000000000
88595  -38.668  9.479  19.124 0.0000000000
88596  -41.487  9.830  19.047 0.0000000000
88597  -42.248  10.195  19.128 0.0000000000
88598  -43.366  10.858  18.986 0.0000000000
88599  -44.627  11.438  18.837 0.0000000000
88600  -45.660  11.715  18.837 0.0000000000
88611  -37.694  9.674  18.908 0.0000000000
88612  -38.379  9.834  18.598 0.0000000000
88613  -39.218  9.695  18.616 0.0000000000
88614  -40.026  9.744  18.415 0.0000000000
88615  -40.760  9.880  18.324 0.0000000000
88616  -41.596  10.118  18.369 0.0000000000
88617  -42.633  10.745  18.239 0.0000000000
88618  -43.829  11.542  18.115 0.0000000000
88619  -44.873  11.951  18.107 0.0000000000
88629  -38.945  10.164  18.085 0.0000000000
88630  -39.603  10.202  17.839 0.0000000000
88631  -40.342  10.180  17.781 0.0000000000
88632  -41.103  10.347  17.663 0.0000000000
88633  -41.964  10.802  17.564 0.0000000000
88634  -43.000  11.615  17.399 0.0000000000
88635  -43.921  12.251  17.412 0.0000000000
88645  -40.014  10.577  17.393 0.0000000000
88646  -40.580  10.777  17.231 0.0000000000
88647  -41.357  11.114  17.075 0.0000000000
88648  -42.221  11.678  16.903 0.0000000000
88649  -43.011  12.358  16.713 0.0000000000
89316  -40.763  11.584  46.156 0.0000000000
89317  -42.362  11.192  46.098 0.0000000000
89328  -42.635  11.790  45.660 0.0000000000
89329  -43.768  10.845  44.915 0.0000000000
89330  -43.815  11.597  44.289 0.0000000000
89343  -43.841  10.099  43.126 0.0000000000
89344  -43.859  11.198  43.760 0.0000000000
89355  -42.963  9.571  42.034 0.0000000000
89361  -41.519  9.435  40.423 0.0000000000
89362  -42.418  9.963  41.216 0.0000000000
89373  -40.350  8.519  38.342 0.0000000000
89374  -40.927  9.183  39.258 0.0000000000
89387  -39.109  8.179  36.837 0.0000000000
89388  -39.862  8.910  37.574 0.0000000000
89389  -40.694  9.632  38.403 0.0000000000
89396  -38.691  8.590  36.172 0.0000000000
89397  -39.325  9.204  36.806 0.0000000000
89405  -38.005  8.467  35.421 0.0000000000
89461  -43.199  11.076  28.106 0.0000000000
89470  -30.182  12.308  27.487 0.0000000000
89471  -30.868  11.788  27.410 0.0000000000
89472  -31.682  11.585  27.362 0.0000000000
89473  -32.587  11.426  27.375 0.0000000000
89474  -33.552  11.288  27.242 0.0000000000
89475  -34.570  11.153  26.853 0.0000000000
89476  -35.678  10.985  26.385 0.0000000000
89477  -36.870  10.860  26.131 0.0000000000
89478  -38.087  10.791  25.823 0.0000000000
89479  -39.367  10.655  26.316 0.0000000000
89480  -40.574  10.614  26.709 0.0000000000
89481  -41.646  10.614  27.380 0.0000000000
89482  -42.486  10.572  27.938 0.0000000000
89489  -29.682  12.132  27.474 0.0000000000
89490  -30.226  11.514  27.448 0.0000000000
89491  -30.610  11.312  27.438 0.0000000000
89496  -29.250  12.316  27.365 0.0000000000
89497  -29.748  11.575  27.328 0.0000000000
89498  -30.106  11.244  27.378 0.0000000000
89506  -29.246  12.169  27.168 0.0000000000
89507  -29.622  11.448  26.938 0.0000000000
89508  -29.907  10.649  26.701 0.0000000000
89516  -29.755  11.079  26.507 0.0000000000
89517  -30.218  10.514  26.331 0.0000000000
89518  -30.935  9.993  26.277 0.0000000000
89519  -31.637  9.694  26.394 0.0000000000
89520  -44.664  12.201  25.419 0.0000000000
89526  -30.690  10.579  26.004 0.0000000000
89527  -31.420  10.280  26.171 0.0000000000
89528  -32.380  9.780  26.353 0.0000000000
89529  -33.466  9.413  26.343 0.0000000000
89530  -34.635  8.928  26.186 0.0000000000
89531  -44.712  12.475  24.648 0.0000000000
89541  -35.843  8.552  25.217 0.0000000000
89542  -36.600  8.725  24.292 0.0000000000
89549  -36.366  8.480  23.589 0.0000000000
89550  -36.709  8.716  23.660 0.0000000000
89556  -36.565  8.759  22.451 0.0000000000
89563  -36.455  9.234  21.624 0.0000000000
89575  -35.861  9.553  20.948 0.0000000000
89576  -35.770  9.623  20.366 0.0000000000
89592  -36.017  9.653  19.780 0.0000000000
89593  -36.643  9.762  19.258 0.0000000000
89594  -37.258  9.811  18.906 0.0000000000
89595  -45.528  12.000  18.342 0.0000000000
89611  -37.214  10.275  18.670 0.0000000000
89612  -37.775  10.246  18.424 0.0000000000
89613  -38.437  10.491  17.969 0.0000000000
89614  -44.608  12.336  17.607 0.0000000000
89628  -39.105  10.802  17.509 0.0000000000
89629  -39.621  10.760  17.346 0.0000000000
89630  -43.671  12.542  16.884 0.0000000000
89631  -44.813  13.121  16.686 0.0000000000
89644  -39.476  11.146  17.158 0.0000000000
89645  -39.964  11.314  16.913 0.0000000000
89646  -40.779  11.593  16.689 0.0000000000
89647  -41.603  12.086  16.495 0.0000000000
89648  -42.567  12.654  16.226 0.0000000000
89649  -43.880  13.332  15.938 0.0000000000
89661  -40.343  12.121  16.379 0.0000000000
89662  -41.011  12.518  16.054 0.0000000000
89663  -41.973  12.911  15.661 0.0000000000
89664  -43.066  13.440  15.294 0.0000000000
89665  -44.074  13.966  14.894 0.0000000000
90296  -34.682  12.253  43.299 0.0000000000
90297  -35.603  12.096  43.979 0.0000000000
90298  -37.160  11.915  44.453 0.0000000000
90299  -38.923  11.792  45.116 0.0000000000
90300  -40.414  12.009  45.568 0.0000000000
90301  -41.552  12.073  45.621 0.0000000000
90311  -33.568  12.325  41.895 0.0000000000
90312  -34.315  12.215  42.572 0.0000000000
90313  -35.575  11.980  43.118 0.0000000000
90314  -37.027  12.005  43.679 0.0000000000
90315  -38.584  12.127  44.305 0.0000000000
90316  -40.242  12.534  44.983 0.0000000000
90317  -42.166  12.674  45.247 0.0000000000
90318  -43.597  12.287  44.554 0.0000000000
90319  -43.920  12.042  43.790 0.0000000000
90333  -32.428  12.227  40.790 0.0000000000
90334  -33.138  12.192  41.311 0.0000000000
90335  -34.260  12.065  41.771 0.0000000000
90336  -35.483  12.018  42.244 0.0000000000
90337  -36.850  12.260  42.784 0.0000000000
90338  -38.412  12.705  43.442 0.0000000000
90339  -40.384  13.209  44.602 0.0000000000
90340  -41.403  13.386  44.881 0.0000000000
90341  -43.682  10.380  42.358 0.0000000000
90342  -43.868  11.444  42.688 0.0000000000
90354  -31.521  12.455  39.790 0.0000000000
90355  -32.122  12.188  40.278 0.0000000000
90356  -33.113  11.988  40.578 0.0000000000
90357  -34.196  11.982  40.898 0.0000000000
90358  -35.341  12.220  41.292 0.0000000000
90359  -36.643  12.736  41.775 0.0000000000
90360  -37.697  12.932  42.547 0.0000000000
90361  -43.344  10.629  41.689 0.0000000000
90362  -43.667  11.648  41.492 0.0000000000
90368  -30.888  12.801  38.818 0.0000000000
90369  -31.301  12.514  39.222 0.0000000000
90370  -32.186  12.044  39.525 0.0000000000
90371  -33.149  11.945  39.734 0.0000000000
90372  -34.131  12.092  39.946 0.0000000000
90373  -35.115  12.526  40.240 0.0000000000
90374  -35.969  12.919  40.690 0.0000000000
90375  -41.555  10.182  39.877 0.0000000000
90376  -42.573  11.069  40.533 0.0000000000
90377  -43.523  12.334  40.883 0.0000000000
90386  -30.811  13.053  38.414 0.0000000000
90387  -31.451  12.483  38.593 0.0000000000
90388  -32.306  12.119  38.769 0.0000000000
90389  -33.187  12.091  38.906 0.0000000000
90390  -34.029  12.421  38.961 0.0000000000
90391  -34.704  12.743  39.327 0.0000000000
90392  -41.621  10.978  39.176 0.0000000000
90393  -42.438  11.939  39.782 0.0000000000
90405  -30.439  13.509  37.810 0.0000000000
90406  -30.757  13.297  37.689 0.0000000000
90407  -31.588  12.821  37.886 0.0000000000
90408  -32.415  12.398  38.153 0.0000000000
90409  -33.125  12.452  38.245 0.0000000000
90410  -39.856  10.072  37.160 0.0000000000
90411  -40.836  10.726  37.873 0.0000000000
90418  -30.503  13.379  37.119 0.0000000000
90419  -30.875  13.286  37.221 0.0000000000
90420  -38.612  9.532  35.719 0.0000000000
90421  -39.364  10.359  36.410 0.0000000000
90422  -40.348  11.184  37.145 0.0000000000
90429  -38.319  9.754  35.220 0.0000000000
90430  -38.899  10.488  35.693 0.0000000000
90474  -29.240  13.707  28.789 0.0000000000
90475  -29.843  13.763  28.605 0.0000000000
90476  -30.593  13.735  28.413 0.0000000000
90477  -31.423  13.688  28.224 0.0000000000
90478  -32.363  13.626  28.074 0.0000000000
90479  -33.328  13.519  27.782 0.0000000000
90480  -33.885  13.398  27.586 0.0000000000
90494  -27.942  13.337  28.614 0.0000000000
90495  -28.354  13.406  28.448 0.0000000000
90496  -28.920  13.454  28.382 0.0000000000
90497  -29.631  13.339  27.934 0.0000000000
90498  -30.314  13.165  27.621 0.0000000000
90499  -31.097  12.968  27.374 0.0000000000
90500  -31.983  12.783  27.254 0.0000000000
90501  -32.941  12.618  27.179 0.0000000000
90502  -34.012  12.619  27.136 0.0000000000
90503  -35.186  12.177  26.929 0.0000000000
90504  -36.369  12.037  26.569 0.0000000000
90505  -37.583  12.018  26.030 0.0000000000
90506  -38.828  11.913  25.904 0.0000000000
90507  -40.063  11.800  26.272 0.0000000000
90508  -41.292  11.731  26.689 0.0000000000
90509  -42.559  11.644  27.365 0.0000000000
90512  -28.037  13.297  28.386 0.0000000000
90513  -28.583  13.293  28.026 0.0000000000
90514  -29.087  13.105  27.778 0.0000000000
90515  -29.611  12.734  27.597 0.0000000000
90517  -28.232  13.300  28.131 0.0000000000
90518  -28.810  13.134  27.758 0.0000000000
90519  -29.277  12.694  27.585 0.0000000000
90524  -28.311  13.351  27.910 0.0000000000
90525  -28.799  12.760  27.366 0.0000000000
90526  -29.294  12.055  26.951 0.0000000000
90534  -28.856  12.723  26.938 0.0000000000
90535  -29.452  11.945  26.567 0.0000000000
90536  -29.835  11.163  26.276 0.0000000000
90543  -29.734  11.948  26.148 0.0000000000
90544  -30.133  11.346  26.011 0.0000000000
90545  -31.046  11.007  25.868 0.0000000000
90546  -32.066  10.676  26.183 0.0000000000
90547  -33.075  10.263  26.332 0.0000000000
90548  -34.078  9.937  26.347 0.0000000000
90561  -35.416  9.582  26.265 0.0000000000
90562  -36.854  9.283  25.362 0.0000000000
90563  -37.466  9.669  24.886 0.0000000000
90575  -36.784  8.791  23.155 0.0000000000
90576  -37.108  8.991  23.664 0.0000000000
90577  -37.411  9.384  24.308 0.0000000000
90584  -36.706  9.010  22.337 0.0000000000
90585  -36.953  9.097  22.696 0.0000000000
90592  -36.363  9.520  21.521 0.0000000000
90602  -35.941  9.922  20.975 0.0000000000
90603  -35.870  10.107  20.347 0.0000000000
90618  -36.183  10.287  19.622 0.0000000000
90619  -36.413  10.237  19.257 0.0000000000
90634  -36.674  10.762  18.985 0.0000000000
90635  -37.000  10.673  18.679 0.0000000000
90636  -37.593  10.938  18.158 0.0000000000
90637  -38.042  10.836  17.922 0.0000000000
90649  -38.019  11.317  17.676 0.0000000000
90650  -38.486  11.257  17.424 0.0000000000
90662  -39.213  11.808  16.742 0.0000000000
90663  -39.846  12.170  16.354 0.0000000000
90664  -44.854  14.134  14.907 0.0000000000
90676  -39.555  12.628  15.932 0.0000000000
90677  -40.298  12.825  15.483 0.0000000000
90678  -41.390  13.242  15.093 0.0000000000
90679  -42.497  13.696  14.680 0.0000000000
90680  -43.694  14.280  14.318 0.0000000000
90692  -40.950  13.524  14.445 0.0000000000
90693  -41.968  14.027  14.038 0.0000000000
91269  -35.019  12.739  44.399 0.0000000000
91276  -33.990  12.835  43.064 0.0000000000
91277  -34.651  12.526  43.695 0.0000000000
91278  -35.473  12.272  44.348 0.0000000000
91285  -32.896  12.834  41.591 0.0000000000
91286  -33.601  12.615  42.290 0.0000000000
91287  -34.287  12.377  42.980 0.0000000000
91288  -41.916  13.448  44.840 0.0000000000
91289  -42.793  13.486  44.513 0.0000000000
91290  -43.892  12.992  44.015 0.0000000000
91291  -43.971  13.184  43.589 0.0000000000
91304  -31.802  12.820  40.515 0.0000000000
91305  -32.505  12.568  41.052 0.0000000000
91306  -33.206  12.407  41.597 0.0000000000
91307  -38.170  13.112  42.930 0.0000000000
91308  -39.119  13.533  43.613 0.0000000000
91309  -41.106  14.189  44.413 0.0000000000
91310  -42.318  14.251  44.284 0.0000000000
91311  -43.955  12.711  43.272 0.0000000000
91312  -43.908  13.344  43.085 0.0000000000
91328  -31.656  12.594  40.191 0.0000000000
91329  -32.155  12.319  40.578 0.0000000000
91330  -36.592  13.169  41.240 0.0000000000
91331  -37.647  13.753  42.229 0.0000000000
91332  -39.458  14.636  43.543 0.0000000000
91333  -40.429  14.990  43.984 0.0000000000
91334  -43.817  13.099  42.076 0.0000000000
91335  -43.810  13.682  42.719 0.0000000000
91342  -30.701  13.064  38.747 0.0000000000
91343  -31.068  12.759  39.466 0.0000000000
91344  -35.337  13.007  39.943 0.0000000000
91345  -36.200  13.719  40.559 0.0000000000
91346  -37.028  14.286  41.389 0.0000000000
91347  -43.098  12.426  40.134 0.0000000000
91348  -43.650  13.584  40.488 0.0000000000
91357  -29.641  13.998  37.452 0.0000000000
91358  -30.155  13.700  37.838 0.0000000000
91359  -34.322  12.827  38.730 0.0000000000
91360  -34.879  13.472  39.088 0.0000000000
91361  -35.540  14.085  39.807 0.0000000000
91362  -41.669  11.907  38.477 0.0000000000
91363  -42.669  13.222  39.257 0.0000000000
91364  -43.510  14.264  39.856 0.0000000000
91376  -29.040  14.299  36.650 0.0000000000
91377  -29.355  13.994  37.014 0.0000000000
91378  -29.919  13.646  37.173 0.0000000000
91379  -30.203  13.523  36.998 0.0000000000
91380  -31.904  12.888  37.692 0.0000000000
91381  -32.360  13.009  37.634 0.0000000000
91382  -33.507  13.313  37.917 0.0000000000
91383  -34.226  13.764  38.297 0.0000000000
91384  -41.429  12.749  37.876 0.0000000000
91385  -42.135  14.005  38.637 0.0000000000
91392  -28.979  14.377  36.302 0.0000000000
91393  -29.288  14.129  36.379 0.0000000000
91394  -29.727  13.905  36.398 0.0000000000
91395  -30.324  13.678  36.550 0.0000000000
91396  -31.258  13.511  36.869 0.0000000000
91397  -32.034  13.931  36.643 0.0000000000
91398  -32.808  13.946  37.022 0.0000000000
91399  -39.494  11.643  36.080 0.0000000000
91400  -40.253  12.174  36.823 0.0000000000
91408  -28.762  14.564  35.543 0.0000000000
91409  -29.144  14.425  35.535 0.0000000000
91410  -29.634  14.317  35.547 0.0000000000
91411  -30.243  14.248  35.565 0.0000000000
91412  -30.881  14.427  35.419 0.0000000000
91413  -31.428  14.377  35.774 0.0000000000
91414  -38.448  10.204  35.031 0.0000000000
91415  -39.038  11.104  35.368 0.0000000000
91420  -28.495  14.621  34.587 0.0000000000
91421  -28.931  14.614  34.461 0.0000000000
91422  -29.481  14.712  34.433 0.0000000000
91423  -30.007  14.804  34.348 0.0000000000
91424  -30.385  15.053  34.170 0.0000000000
91425  -38.609  10.364  34.859 0.0000000000
91426  -39.176  11.296  34.965 0.0000000000
91433  -27.474  14.331  32.727 0.0000000000
91434  -28.087  14.473  33.258 0.0000000000
91435  -28.880  14.567  33.211 0.0000000000
91436  -29.491  14.769  33.180 0.0000000000
91437  -30.029  14.982  33.129 0.0000000000
91438  -30.563  15.169  33.136 0.0000000000
91439  -38.865  10.481  34.649 0.0000000000
91440  -39.374  11.104  34.590 0.0000000000
91441  -39.868  11.568  34.420 0.0000000000
91447  -26.857  13.812  31.272 0.0000000000
91448  -27.438  14.047  31.910 0.0000000000
91449  -28.379  14.161  31.985 0.0000000000
91450  -29.157  14.301  31.988 0.0000000000
91451  -29.840  14.490  31.972 0.0000000000
91452  -30.494  14.719  31.970 0.0000000000
91453  -31.171  15.042  32.041 0.0000000000
91454  -31.679  15.255  31.865 0.0000000000
91464  -26.421  13.605  30.587 0.0000000000
91465  -26.768  13.587  30.564 0.0000000000
91466  -27.289  13.690  30.693 0.0000000000
91467  -28.024  13.806  30.801 0.0000000000
91468  -28.839  13.945  30.812 0.0000000000
91469  -29.585  14.172  30.798 0.0000000000
91470  -30.299  14.395  30.761 0.0000000000
91471  -31.013  14.729  30.690 0.0000000000
91472  -31.821  15.295  30.594 0.0000000000
91473  -32.461  15.379  30.024 0.0000000000
91476  -26.241  13.463  30.192 0.0000000000
91477  -26.671  13.356  29.945 0.0000000000
91478  -27.189  13.410  29.878 0.0000000000
91479  -27.794  13.551  29.847 0.0000000000
91480  -28.595  13.716  29.593 0.0000000000
91481  -29.350  13.917  29.681 0.0000000000
91482  -30.068  14.115  29.589 0.0000000000
91483  -30.847  14.232  29.482 0.0000000000
91484  -31.700  14.403  29.339 0.0000000000
91485  -32.779  14.593  29.121 0.0000000000
91486  -34.045  14.043  28.191 0.0000000000
91487  -35.170  14.148  27.968 0.0000000000
91488  -36.204  14.121  27.754 0.0000000000
91489  -36.812  14.142  27.635 0.0000000000
91504  -26.500  13.271  29.376 0.0000000000
91505  -27.272  13.251  29.139 0.0000000000
91506  -27.726  13.378  29.146 0.0000000000
91507  -28.217  13.553  29.038 0.0000000000
91508  -34.161  13.339  27.508 0.0000000000
91509  -34.698  13.283  27.340 0.0000000000
91510  -35.723  13.210  27.046 0.0000000000
91511  -37.054  13.358  27.013 0.0000000000
91512  -38.409  12.997  26.402 0.0000000000
91513  -39.594  12.928  26.166 0.0000000000
91514  -40.828  12.887  26.368 0.0000000000
91515  -42.091  12.878  26.741 0.0000000000
91524  -27.396  13.256  28.679 0.0000000000
91537  -29.016  12.744  26.674 0.0000000000
91540  -29.475  12.440  26.377 0.0000000000
91541  -29.923  12.167  26.056 0.0000000000
91542  -30.667  11.849  25.963 0.0000000000
91543  -31.669  11.564  26.029 0.0000000000
91544  -32.935  11.216  26.393 0.0000000000
91545  -33.601  10.574  26.388 0.0000000000
91548  -33.557  11.613  26.557 0.0000000000
91549  -34.404  10.912  26.661 0.0000000000
91550  -36.069  10.622  26.164 0.0000000000
91551  -37.504  10.379  25.646 0.0000000000
91552  -38.174  10.730  25.614 0.0000000000
91558  -37.553  9.457  23.473 0.0000000000
91559  -37.895  9.778  24.205 0.0000000000
91560  -38.281  10.385  24.651 0.0000000000
91562  -36.916  9.346  22.041 0.0000000000
91563  -37.333  9.445  22.414 0.0000000000
91564  -37.889  9.848  22.888 0.0000000000
91565  -38.323  10.124  23.512 0.0000000000
91567  -36.510  9.831  21.484 0.0000000000
91568  -36.932  9.809  21.704 0.0000000000
91570  -36.085  10.162  21.023 0.0000000000
91571  -36.096  10.376  20.443 0.0000000000
91579  -36.415  10.610  19.674 0.0000000000
91590  -36.788  11.021  18.930 0.0000000000
91591  -37.410  11.488  18.327 0.0000000000
91592  -37.436  11.250  18.169 0.0000000000
91599  -37.595  12.173  17.762 0.0000000000
91600  -37.843  11.951  17.492 0.0000000000
91601  -38.192  11.621  17.338 0.0000000000
91608  -38.249  12.802  16.419 0.0000000000
91609  -38.487  12.069  16.821 0.0000000000
91618  -38.344  13.240  15.703 0.0000000000
91619  -38.929  12.978  15.434 0.0000000000
91620  -39.655  12.973  15.263 0.0000000000
91630  -39.110  13.609  13.962 0.0000000000
91631  -40.028  13.487  14.158 0.0000000000
91632  -41.423  14.155  13.315 0.0000000000
91645  -38.961  13.714  13.036 0.0000000000
91646  -39.641  13.776  12.816 0.0000000000
91647  -40.856  14.245  12.425 0.0000000000
91658  -39.256  13.908  11.952 0.0000000000
91659  -40.371  14.251  11.444 0.0000000000
91670  -40.024  14.194  10.634 0.0000000000
92231  -34.570  13.278  43.946 0.0000000000
92238  -34.228  13.111  43.480 0.0000000000
92239  -34.627  12.927  44.027 0.0000000000
92246  -33.107  13.226  41.822 0.0000000000
92247  -33.706  13.237  42.617 0.0000000000
92248  -42.900  14.163  44.014 0.0000000000
92249  -43.521  13.645  43.912 0.0000000000
92250  -43.852  13.310  43.780 0.0000000000
92257  -31.888  13.152  40.651 0.0000000000
92258  -32.468  13.183  41.221 0.0000000000
92259  -41.075  15.216  43.955 0.0000000000
92260  -42.232  15.038  43.864 0.0000000000
92261  -43.291  14.441  43.430 0.0000000000
92262  -43.732  13.573  43.489 0.0000000000
92281  -30.880  13.359  39.433 0.0000000000
92282  -31.326  13.143  40.062 0.0000000000
92283  -37.515  14.863  41.898 0.0000000000
92284  -38.633  15.513  42.725 0.0000000000
92285  -40.161  15.704  43.496 0.0000000000
92286  -41.353  15.847  43.487 0.0000000000
92287  -43.616  14.457  42.577 0.0000000000
92288  -43.704  13.873  43.069 0.0000000000
92303  -30.148  13.836  38.206 0.0000000000
92304  -30.603  13.371  38.918 0.0000000000
92305  -31.029  12.983  39.675 0.0000000000
92306  -35.934  14.644  40.229 0.0000000000
92307  -36.719  15.290  41.166 0.0000000000
92308  -37.608  15.958  42.127 0.0000000000
92309  -43.617  14.730  41.471 0.0000000000
92318  -29.248  14.265  37.220 0.0000000000
92319  -29.742  14.032  37.689 0.0000000000
92320  -30.333  13.640  38.278 0.0000000000
92321  -34.521  14.256  38.629 0.0000000000
92322  -35.138  14.958  39.564 0.0000000000
92323  -36.090  15.529  40.280 0.0000000000
92324  -43.396  15.119  39.605 0.0000000000
92325  -43.584  15.060  40.417 0.0000000000
92335  -28.700  14.790  36.366 0.0000000000
92336  -29.042  14.349  36.866 0.0000000000
92337  -29.382  14.091  37.261 0.0000000000
92338  -33.180  14.214  37.204 0.0000000000
92339  -33.835  14.618  37.872 0.0000000000
92340  -34.489  15.202  38.703 0.0000000000
92341  -41.922  14.877  38.309 0.0000000000
92342  -42.847  15.107  38.931 0.0000000000
92350  -28.452  14.852  35.883 0.0000000000
92351  -28.850  14.596  36.317 0.0000000000
92352  -31.732  14.577  35.894 0.0000000000
92353  -32.526  14.693  36.411 0.0000000000
92354  -33.291  14.950  36.958 0.0000000000
92355  -40.205  12.951  36.488 0.0000000000
92356  -41.023  14.206  37.338 0.0000000000
92366  -27.974  14.837  35.272 0.0000000000
92367  -28.436  14.702  35.537 0.0000000000
92368  -30.753  14.897  34.704 0.0000000000
92369  -31.198  14.851  35.103 0.0000000000
92370  -31.798  15.192  35.380 0.0000000000
92371  -39.833  12.669  35.988 0.0000000000
92372  -40.610  14.117  36.623 0.0000000000
92379  -27.712  14.759  34.556 0.0000000000
92380  -28.097  14.636  34.610 0.0000000000
92381  -30.759  15.275  34.147 0.0000000000
92382  -31.312  15.532  34.315 0.0000000000
92383  -31.859  15.758  34.793 0.0000000000
92384  -39.765  12.554  35.498 0.0000000000
92385  -40.221  13.165  35.467 0.0000000000
92391  -26.779  14.466  32.796 0.0000000000
92392  -27.289  14.554  33.326 0.0000000000
92393  -27.976  14.575  33.954 0.0000000000
92394  -31.041  15.446  33.258 0.0000000000
92395  -31.484  15.830  33.281 0.0000000000
92396  -31.989  15.908  32.936 0.0000000000
92397  -39.684  12.220  35.021 0.0000000000
92398  -40.269  12.869  35.040 0.0000000000
92399  -40.998  13.428  35.112 0.0000000000
92402  -26.197  14.132  31.824 0.0000000000
92403  -26.600  14.200  32.122 0.0000000000
92404  -27.159  14.260  32.505 0.0000000000
92405  -31.402  15.440  32.579 0.0000000000
92406  -31.803  15.625  32.373 0.0000000000
92407  -32.466  15.687  32.134 0.0000000000
92408  -33.141  15.768  31.489 0.0000000000
92409  -33.774  15.870  31.132 0.0000000000
92410  -40.446  12.227  34.498 0.0000000000
92411  -41.283  13.023  34.717 0.0000000000
92418  -26.201  13.927  31.223 0.0000000000
92419  -26.509  13.808  31.127 0.0000000000
92420  -32.065  15.466  31.573 0.0000000000
92421  -32.579  15.571  30.809 0.0000000000
92422  -33.310  15.816  30.363 0.0000000000
92423  -34.222  15.790  30.120 0.0000000000
92424  -35.054  15.659  29.601 0.0000000000
92429  -32.905  15.442  29.864 0.0000000000
92430  -33.611  15.243  29.353 0.0000000000
92431  -34.595  15.147  28.868 0.0000000000
92432  -35.703  15.139  28.729 0.0000000000
92433  -36.777  14.785  28.290 0.0000000000
92434  -37.612  14.892  28.070 0.0000000000
92448  -37.267  14.261  27.657 0.0000000000
92449  -38.144  14.173  27.402 0.0000000000
92450  -39.173  13.879  26.780 0.0000000000
92451  -40.306  13.891  26.667 0.0000000000
92452  -41.589  14.000  26.830 0.0000000000
92485  -30.338  12.761  26.393 0.0000000000
92486  -31.326  12.651  26.378 0.0000000000
92487  -32.324  12.215  26.296 0.0000000000
92488  -33.097  12.025  26.500 0.0000000000
92490  -32.098  13.001  26.560 0.0000000000
92491  -32.883  12.798  26.643 0.0000000000
92492  -33.939  12.299  26.778 0.0000000000
92493  -35.400  11.962  26.684 0.0000000000
92494  -36.717  11.734  26.241 0.0000000000
92495  -37.768  11.539  25.698 0.0000000000
92496  -38.651  11.121  25.185 0.0000000000
92497  -39.294  11.146  24.421 0.0000000000
92498  -39.821  11.157  23.952 0.0000000000
92504  -38.858  10.480  23.866 0.0000000000
92505  -39.353  10.755  23.292 0.0000000000
92506  -39.876  11.072  23.088 0.0000000000
92510  -37.181  9.934  21.686 0.0000000000
92511  -37.622  10.026  21.771 0.0000000000
92512  -38.581  10.369  22.121 0.0000000000
92513  -39.398  10.860  22.368 0.0000000000
92514  -39.762  11.127  22.454 0.0000000000
92516  -36.273  10.326  21.038 0.0000000000
92517  -36.890  10.487  20.894 0.0000000000
92518  -37.759  10.516  20.937 0.0000000000
92519  -38.225  10.660  20.903 0.0000000000
92521  -36.289  10.426  20.658 0.0000000000
92522  -36.726  10.859  19.807 0.0000000000
92524  -37.181  11.228  18.801 0.0000000000
92533  -37.493  11.786  18.291 0.0000000000
92534  -37.543  12.358  17.874 0.0000000000
92540  -37.639  12.814  17.228 0.0000000000
92541  -37.844  12.884  16.771 0.0000000000
92549  -37.658  13.303  16.568 0.0000000000
92550  -37.949  13.397  16.044 0.0000000000
92557  -38.373  13.704  14.901 0.0000000000
92558  -38.753  13.579  14.523 0.0000000000
92564  -38.450  14.008  13.637 0.0000000000
92565  -38.674  13.807  13.793 0.0000000000
92573  -38.451  14.064  12.757 0.0000000000
92574  -38.641  13.871  12.829 0.0000000000
92582  -38.505  14.145  12.318 0.0000000000
92583  -38.720  14.048  12.001 0.0000000000
92590  -39.343  14.218  11.030 0.0000000000
93075  -34.477  13.472  43.600 0.0000000000
93081  -34.330  13.856  42.883 0.0000000000
93090  -32.873  13.762  41.170 0.0000000000
93091  -33.622  14.082  41.698 0.0000000000
93103  -31.658  13.659  40.012 0.0000000000
93104  -32.320  13.919  40.405 0.0000000000
93105  -42.824  15.301  43.339 0.0000000000
93106  -43.218  15.352  42.983 0.0000000000
93122  -30.671  13.789  38.933 0.0000000000
93123  -31.149  13.946  39.322 0.0000000000
93124  -39.563  16.397  42.963 0.0000000000
93125  -40.695  16.823  43.005 0.0000000000
93126  -42.386  16.224  43.002 0.0000000000
93127  -43.344  15.899  42.193 0.0000000000
93141  -29.747  14.246  37.880 0.0000000000
93142  -30.248  14.123  38.388 0.0000000000
93143  -37.393  16.407  41.655 0.0000000000
93144  -38.893  17.130  42.101 0.0000000000
93145  -40.560  17.633  42.330 0.0000000000
93146  -43.409  16.176  41.166 0.0000000000
93158  -29.035  14.535  37.000 0.0000000000
93159  -29.347  14.376  37.410 0.0000000000
93160  -35.886  15.950  39.815 0.0000000000
93161  -37.008  16.855  40.609 0.0000000000
93162  -38.354  17.677  41.190 0.0000000000
93163  -43.249  16.527  39.456 0.0000000000
93164  -43.464  16.339  40.235 0.0000000000
93167  -28.463  15.032  36.107 0.0000000000
93168  -28.832  14.786  36.578 0.0000000000
93169  -34.275  15.655  38.180 0.0000000000
93170  -35.387  16.497  38.874 0.0000000000
93171  -36.657  17.263  39.577 0.0000000000
93172  -42.019  16.404  38.152 0.0000000000
93173  -42.772  16.599  38.802 0.0000000000
93180  -27.966  15.054  35.538 0.0000000000
93181  -33.021  15.394  36.510 0.0000000000
93182  -33.828  16.234  37.071 0.0000000000
93183  -34.886  17.052  37.795 0.0000000000
93184  -41.501  15.983  37.428 0.0000000000
93196  -27.006  15.200  34.421 0.0000000000
93197  -27.414  15.040  34.710 0.0000000000
93198  -32.558  15.790  35.718 0.0000000000
93199  -33.070  16.730  35.486 0.0000000000
93200  -40.342  13.646  36.116 0.0000000000
93201  -41.128  15.250  36.707 0.0000000000
93207  -26.808  14.994  33.991 0.0000000000
93208  -27.091  14.785  33.827 0.0000000000
93209  -31.728  15.889  34.090 0.0000000000
93210  -32.278  16.246  34.460 0.0000000000
93211  -33.128  16.638  34.169 0.0000000000
93212  -40.441  13.823  35.925 0.0000000000
93213  -40.910  14.626  36.052 0.0000000000
93218  -26.079  14.822  32.754 0.0000000000
93219  -26.553  14.712  33.025 0.0000000000
93220  -26.928  14.647  33.401 0.0000000000
93221  -31.909  16.093  33.603 0.0000000000
93222  -32.491  16.271  33.223 0.0000000000
93223  -33.358  16.556  32.981 0.0000000000
93224  -33.979  16.542  32.476 0.0000000000
93225  -41.251  14.635  35.805 0.0000000000
93226  -41.815  14.748  35.615 0.0000000000
93227  -42.418  15.126  35.679 0.0000000000
93231  -26.105  14.464  32.165 0.0000000000
93232  -26.349  14.426  32.413 0.0000000000
93233  -32.957  16.133  32.338 0.0000000000
93234  -33.651  16.026  32.032 0.0000000000
93235  -34.480  16.192  31.553 0.0000000000
93236  -35.349  16.424  31.171 0.0000000000
93237  -36.116  16.891  30.948 0.0000000000
93238  -42.052  14.096  35.333 0.0000000000
93245  -34.980  15.979  30.495 0.0000000000
93246  -35.801  15.979  30.039 0.0000000000
93247  -36.859  16.615  30.051 0.0000000000
93248  -37.950  16.500  29.614 0.0000000000
93252  -36.505  15.570  29.222 0.0000000000
93253  -37.383  15.597  28.944 0.0000000000
93254  -38.620  15.605  28.303 0.0000000000
93255  -40.139  16.088  28.054 0.0000000000
93256  -41.413  16.360  27.760 0.0000000000
93265  -38.889  14.585  27.458 0.0000000000
93266  -39.668  14.803  27.428 0.0000000000
93267  -40.894  15.036  27.384 0.0000000000
93305  -30.749  13.555  26.463 0.0000000000
93307  -31.601  13.647  26.520 0.0000000000
93308  -32.479  13.666  26.543 0.0000000000
93309  -33.493  13.518  26.603 0.0000000000
93310  -34.741  13.284  26.754 0.0000000000
93311  -36.203  12.979  26.898 0.0000000000
93312  -37.441  12.651  26.424 0.0000000000
93313  -38.495  12.223  25.934 0.0000000000
93314  -39.319  11.774  25.624 0.0000000000
93315  -39.809  11.770  24.824 0.0000000000
93319  -40.517  11.569  23.999 0.0000000000
93320  -40.983  11.859  23.829 0.0000000000
93325  -39.106  10.854  21.514 0.0000000000
93326  -39.612  11.132  21.817 0.0000000000
93327  -40.262  11.268  22.554 0.0000000000
93328  -41.190  11.559  23.324 0.0000000000
93329  -41.684  11.752  23.260 0.0000000000
93331  -37.476  10.966  20.175 0.0000000000
93332  -37.952  11.073  20.127 0.0000000000
93333  -38.600  10.962  20.591 0.0000000000
93334  -39.250  11.206  20.762 0.0000000000
93335  -39.955  11.362  21.253 0.0000000000
93336  -40.809  11.583  21.970 0.0000000000
93337  -41.513  11.785  22.730 0.0000000000
93339  -37.356  11.294  19.437 0.0000000000
93340  -37.697  11.262  19.500 0.0000000000
93342  -37.444  11.506  18.619 0.0000000000
93351  -37.497  12.380  18.004 0.0000000000
93352  -37.567  12.557  17.830 0.0000000000
93357  -37.580  13.186  17.600 0.0000000000
93358  -37.608  13.099  17.387 0.0000000000
93365  -37.466  13.664  16.538 0.0000000000
93366  -37.638  13.605  16.200 0.0000000000
93372  -37.395  14.076  16.076 0.0000000000
93373  -37.740  13.954  15.643 0.0000000000
93378  -38.217  14.139  14.416 0.0000000000
93384  -38.392  14.198  13.350 0.0000000000
93390  -38.420  14.221  12.548 0.0000000000
93391  -38.592  14.227  11.938 0.0000000000
93396  -39.000  14.234  11.202 0.0000000000
93402  -39.574  14.344  10.305 0.0000000000
93915  -34.585  14.987  41.817 0.0000000000
93926  -33.242  14.720  40.404 0.0000000000
93927  -33.996  15.097  40.867 0.0000000000
93938  -31.884  14.650  39.370 0.0000000000
93939  -32.627  14.924  39.687 0.0000000000
93953  -30.618  14.596  38.595 0.0000000000
93954  -31.241  14.969  38.756 0.0000000000
93955  -41.716  17.502  42.269 0.0000000000
93956  -42.800  16.987  42.009 0.0000000000
93957  -43.210  16.601  41.700 0.0000000000
93965  -29.329  15.498  37.610 0.0000000000
93966  -29.865  14.885  37.965 0.0000000000
93967  -30.202  14.649  38.315 0.0000000000
93968  -39.292  18.078  41.248 0.0000000000
93969  -40.768  18.386  41.496 0.0000000000
93970  -42.532  18.021  41.280 0.0000000000
93971  -43.146  17.079  41.418 0.0000000000
93982  -29.081  15.052  37.127 0.0000000000
93983  -29.447  14.719  37.575 0.0000000000
93984  -37.347  17.826  39.920 0.0000000000
93985  -38.565  18.296  40.504 0.0000000000
93986  -39.857  18.647  40.879 0.0000000000
93987  -43.225  17.629  40.197 0.0000000000
93988  -43.292  17.150  40.855 0.0000000000
93992  -28.811  14.959  36.757 0.0000000000
93993  -35.643  17.606  38.125 0.0000000000
93994  -36.887  18.015  39.009 0.0000000000
93995  -37.968  18.504  39.734 0.0000000000
93996  -42.628  18.012  38.853 0.0000000000
93997  -42.998  17.871  39.419 0.0000000000
94002  -33.888  17.367  36.170 0.0000000000
94003  -34.845  17.859  37.166 0.0000000000
94004  -36.263  18.706  37.981 0.0000000000
94005  -42.269  18.092  38.359 0.0000000000
94016  -33.778  17.316  35.052 0.0000000000
94017  -34.696  18.046  35.909 0.0000000000
94018  -35.930  18.692  36.792 0.0000000000
94019  -42.151  17.748  37.843 0.0000000000
94029  -33.905  16.971  33.781 0.0000000000
94030  -34.872  17.583  34.479 0.0000000000
94031  -35.710  18.782  35.446 0.0000000000
94032  -41.920  17.036  37.166 0.0000000000
94033  -42.583  17.828  37.543 0.0000000000
94038  -26.412  15.139  33.659 0.0000000000
94039  -33.960  16.724  33.042 0.0000000000
94040  -34.735  16.997  32.868 0.0000000000
94041  -36.242  18.105  33.693 0.0000000000
94042  -37.205  18.467  33.274 0.0000000000
94043  -41.524  15.734  36.402 0.0000000000
94044  -42.147  16.669  36.646 0.0000000000
94045  -42.745  16.467  36.366 0.0000000000
94046  -43.325  17.273  36.786 0.0000000000
94051  -35.051  16.664  31.908 0.0000000000
94052  -35.759  17.135  32.057 0.0000000000
94053  -37.205  17.889  31.789 0.0000000000
94054  -38.227  18.270  31.665 0.0000000000
94055  -42.776  15.666  35.947 0.0000000000
94062  -37.694  17.064  30.560 0.0000000000
94063  -38.691  17.495  30.670 0.0000000000
94064  -40.158  17.881  30.290 0.0000000000
94065  -40.870  18.269  30.066 0.0000000000
94070  -38.669  16.611  29.399 0.0000000000
94071  -39.532  16.865  29.200 0.0000000000
94072  -40.962  17.556  28.907 0.0000000000
94120  -36.892  14.199  26.299 0.0000000000
94121  -38.217  13.272  26.302 0.0000000000
94122  -39.221  12.638  25.968 0.0000000000
94123  -39.661  12.238  25.592 0.0000000000
94127  -37.790  14.499  25.752 0.0000000000
94128  -38.937  13.870  25.738 0.0000000000
94129  -40.176  12.777  25.372 0.0000000000
94130  -41.245  12.379  24.118 0.0000000000
94131  -41.845  12.721  24.044 0.0000000000
94137  -41.607  11.914  23.474 0.0000000000
94138  -42.195  12.122  23.318 0.0000000000
94139  -43.080  12.402  23.125 0.0000000000
94141  -37.948  11.368  19.358 0.0000000000
94142  -38.272  11.428  19.393 0.0000000000
94143  -38.811  11.471  19.578 0.0000000000
94144  -39.498  11.475  19.896 0.0000000000
94145  -40.383  11.565  20.493 0.0000000000
94146  -41.637  11.751  21.346 0.0000000000
94147  -42.897  12.292  22.175 0.0000000000
94149  -37.686  11.621  18.490 0.0000000000
94150  -37.956  11.766  18.522 0.0000000000
94151  -38.438  11.936  18.464 0.0000000000
94152  -38.950  11.956  18.619 0.0000000000
94153  -39.728  11.835  18.995 0.0000000000
94154  -40.746  11.778  19.568 0.0000000000
94155  -41.667  11.878  19.848 0.0000000000
94157  -37.733  12.447  18.005 0.0000000000
94158  -37.882  12.874  17.777 0.0000000000
94167  -37.623  13.358  17.479 0.0000000000
94174  -37.512  13.687  17.341 0.0000000000
94175  -37.385  13.953  16.880 0.0000000000
94182  -37.302  14.229  16.307 0.0000000000
94188  -37.491  14.381  15.852 0.0000000000
94189  -37.905  14.445  15.060 0.0000000000
94195  -38.303  14.442  14.000 0.0000000000
94201  -38.346  14.431  12.983 0.0000000000
94208  -38.451  14.443  12.127 0.0000000000
94209  -38.857  14.431  11.295 0.0000000000
94214  -39.349  14.395  10.502 0.0000000000
94831  -33.831  15.860  40.102 0.0000000000
94832  -34.571  15.963  40.758 0.0000000000
94844  -32.311  15.770  39.251 0.0000000000
94845  -33.085  15.764  39.580 0.0000000000
94856  -30.077  16.341  38.512 0.0000000000
94857  -30.535  15.905  38.558 0.0000000000
94858  -31.472  16.023  38.919 0.0000000000
94864  -29.182  16.169  37.744 0.0000000000
94865  -29.764  16.116  38.142 0.0000000000
94866  -30.201  15.208  38.291 0.0000000000
94867  -41.125  18.839  41.023 0.0000000000
94868  -41.587  18.750  40.948 0.0000000000
94880  -39.666  18.981  40.475 0.0000000000
94881  -40.880  19.002  40.537 0.0000000000
94882  -42.331  18.617  40.138 0.0000000000
94889  -37.975  18.895  39.370 0.0000000000
94890  -39.286  19.303  39.750 0.0000000000
94891  -41.650  19.209  39.283 0.0000000000
94892  -42.579  18.629  39.410 0.0000000000
94896  -37.896  19.168  38.729 0.0000000000
94897  -39.734  19.940  38.416 0.0000000000
94898  -41.927  19.850  38.596 0.0000000000
94903  -37.574  19.263  37.609 0.0000000000
94904  -38.646  19.999  37.128 0.0000000000
94905  -42.361  19.222  38.110 0.0000000000
94906  -42.598  19.602  37.871 0.0000000000
94915  -37.160  19.172  36.313 0.0000000000
94916  -37.970  19.936  35.852 0.0000000000
94917  -42.635  18.577  37.825 0.0000000000
94918  -42.864  18.806  37.538 0.0000000000
94919  -43.220  19.004  37.078 0.0000000000
94920  -43.554  19.061  36.818 0.0000000000
94928  -36.762  19.323  35.161 0.0000000000
94929  -37.597  19.360  34.375 0.0000000000
94930  -38.258  19.422  33.763 0.0000000000
94931  -43.008  17.780  37.156 0.0000000000
94932  -43.356  17.974  37.060 0.0000000000
94940  -37.771  18.732  33.213 0.0000000000
94941  -38.491  18.967  32.728 0.0000000000
94942  -39.326  19.345  32.312 0.0000000000
94943  -40.142  19.811  32.010 0.0000000000
94951  -38.789  18.610  31.661 0.0000000000
94952  -39.607  18.777  31.253 0.0000000000
94953  -40.748  19.483  30.781 0.0000000000
94954  -41.784  19.681  30.374 0.0000000000
94963  -41.392  18.666  29.957 0.0000000000
94964  -42.106  18.435  29.533 0.0000000000
95024  -38.419  15.016  25.427 0.0000000000
95025  -39.693  14.505  25.363 0.0000000000
95026  -40.837  13.782  24.865 0.0000000000
95027  -41.584  13.356  24.373 0.0000000000
95028  -42.163  13.208  24.068 0.0000000000
95034  -42.845  13.145  23.570 0.0000000000
95042  -42.586  12.172  20.606 0.0000000000
95047  -38.128  12.833  17.792 0.0000000000
95048  -38.398  12.890  17.884 0.0000000000
95049  -38.822  13.034  17.948 0.0000000000
95050  -39.924  12.495  18.395 0.0000000000
95051  -41.043  12.256  18.781 0.0000000000
95052  -42.182  12.203  19.215 0.0000000000
95057  -37.802  13.516  17.495 0.0000000000
95058  -37.846  13.733  17.569 0.0000000000
95059  -37.985  13.925  17.632 0.0000000000
95060  -38.250  13.586  17.705 0.0000000000
95068  -37.646  13.874  17.468 0.0000000000
95069  -37.627  14.186  17.315 0.0000000000
95070  -37.787  14.150  17.489 0.0000000000
95077  -37.450  13.933  17.326 0.0000000000
95078  -37.442  14.166  17.153 0.0000000000
95085  -37.340  14.581  16.472 0.0000000000
95086  -37.390  15.016  16.191 0.0000000000
95092  -37.316  14.544  16.086 0.0000000000
95093  -37.562  14.859  15.726 0.0000000000
95099  -38.086  14.836  14.625 0.0000000000
95106  -38.356  14.768  13.539 0.0000000000
95113  -38.431  14.774  12.533 0.0000000000
95114  -38.759  14.783  11.574 0.0000000000
95120  -39.420  14.720  10.283 0.0000000000
95737  -32.354  17.325  39.740 0.0000000000
95738  -33.214  16.951  39.884 0.0000000000
95739  -34.228  16.906  40.298 0.0000000000
95752  -31.127  17.454  39.464 0.0000000000
95753  -31.834  16.888  39.367 0.0000000000
95754  -32.564  16.557  39.517 0.0000000000
95761  -29.216  17.361  38.825 0.0000000000
95762  -29.979  16.958  38.741 0.0000000000
95763  -30.826  16.911  38.936 0.0000000000
95764  -31.334  16.888  39.102 0.0000000000
95772  -28.923  16.802  38.119 0.0000000000
95773  -29.413  16.868  38.453 0.0000000000
95796  -39.879  20.583  37.736 0.0000000000
95797  -40.696  20.397  38.178 0.0000000000
95801  -39.348  20.639  36.673 0.0000000000
95802  -41.083  20.426  37.580 0.0000000000
95803  -42.130  20.100  37.747 0.0000000000
95811  -38.641  20.466  35.271 0.0000000000
95812  -40.060  21.146  35.943 0.0000000000
95813  -41.916  20.660  36.702 0.0000000000
95814  -42.874  20.191  36.848 0.0000000000
95815  -43.297  20.062  36.438 0.0000000000
95825  -38.396  19.897  34.404 0.0000000000
95826  -39.114  20.345  34.105 0.0000000000
95827  -40.848  21.301  34.650 0.0000000000
95828  -41.478  21.454  34.008 0.0000000000
95829  -43.885  19.941  36.210 0.0000000000
95838  -39.183  19.720  33.074 0.0000000000
95839  -39.861  20.424  33.070 0.0000000000
95840  -41.331  21.078  32.593 0.0000000000
95841  -43.005  21.393  32.506 0.0000000000
95847  -41.528  20.300  31.210 0.0000000000
95848  -42.449  20.531  31.451 0.0000000000
95907  -39.070  15.554  25.178 0.0000000000
95908  -40.422  15.237  24.805 0.0000000000
95909  -41.388  14.310  24.524 0.0000000000
95910  -41.865  13.804  24.331 0.0000000000
95913  -40.895  15.650  24.614 0.0000000000
95914  -41.337  15.216  24.510 0.0000000000
95915  -42.248  14.349  24.208 0.0000000000
95927  -38.621  13.828  17.682 0.0000000000
95928  -39.223  13.500  17.755 0.0000000000
95929  -40.268  13.096  17.893 0.0000000000
95930  -41.478  12.805  18.126 0.0000000000
95931  -42.756  12.653  18.475 0.0000000000
95936  -37.898  14.288  17.521 0.0000000000
95937  -38.170  14.215  17.575 0.0000000000
95938  -38.719  14.316  17.551 0.0000000000
95939  -39.554  14.124  17.479 0.0000000000
95940  -40.675  13.794  17.437 0.0000000000
95941  -41.952  13.447  17.500 0.0000000000
95952  -37.575  14.460  17.180 0.0000000000
95953  -37.768  14.551  17.311 0.0000000000
95954  -38.029  14.877  17.326 0.0000000000
95961  -37.511  14.620  16.975 0.0000000000
95962  -37.608  15.099  16.750 0.0000000000
95968  -37.414  15.002  16.500 0.0000000000
95969  -37.646  15.382  16.047 0.0000000000
95970  -38.136  15.720  15.507 0.0000000000
95977  -38.011  15.304  15.172 0.0000000000
95978  -38.534  15.637  14.722 0.0000000000
95984  -38.405  15.166  14.137 0.0000000000
95985  -38.869  15.498  13.602 0.0000000000
95993  -38.549  15.131  13.027 0.0000000000
95994  -39.032  15.453  12.375 0.0000000000
96000  -38.689  15.103  12.095 0.0000000000
96001  -39.348  15.257  11.055 0.0000000000
96476  -31.364  18.712  40.572 0.0000000000
96477  -32.438  18.188  40.423 0.0000000000
96478  -33.662  17.908  40.512 0.0000000000
96487  -30.166  18.451  40.064 0.0000000000
96488  -30.838  18.214  40.040 0.0000000000
96489  -31.652  17.863  39.881 0.0000000000
96495  -29.150  18.003  39.229 0.0000000000
96496  -29.682  17.893  39.430 0.0000000000
96497  -30.384  17.683  39.483 0.0000000000
96536  -42.073  21.165  35.916 0.0000000000
96537  -42.531  20.923  36.050 0.0000000000
96538  -42.974  20.656  36.215 0.0000000000
96548  -41.705  21.248  35.623 0.0000000000
96549  -42.041  21.368  34.953 0.0000000000
96550  -43.263  21.134  35.386 0.0000000000
96564  -41.836  21.478  33.843 0.0000000000
96565  -42.561  21.561  33.806 0.0000000000
96646  -39.629  16.028  24.973 0.0000000000
96647  -40.652  16.037  24.707 0.0000000000
96652  -41.225  15.808  24.519 0.0000000000
96653  -41.884  15.563  24.360 0.0000000000
96681  -38.368  14.814  17.415 0.0000000000
96682  -38.961  14.930  17.296 0.0000000000
96683  -39.917  14.809  17.079 0.0000000000
96684  -41.090  14.514  16.918 0.0000000000
96685  -42.423  14.116  16.853 0.0000000000
96699  -37.872  15.119  17.010 0.0000000000
96700  -38.364  15.290  16.961 0.0000000000
96701  -39.255  15.537  16.721 0.0000000000
96702  -40.325  15.471  16.517 0.0000000000
96703  -41.512  15.186  16.376 0.0000000000
96715  -37.952  15.485  16.494 0.0000000000
96716  -38.595  15.848  16.246 0.0000000000
96717  -39.733  16.134  15.856 0.0000000000
96718  -40.790  15.922  15.958 0.0000000000
96719  -41.923  15.662  15.800 0.0000000000
96729  -38.110  15.804  15.950 0.0000000000
96730  -38.802  15.967  15.385 0.0000000000
96731  -39.818  16.174  14.805 0.0000000000
96738  -39.269  15.867  14.245 0.0000000000
96739  -40.193  16.085  13.641 0.0000000000
96745  -39.632  15.765  12.971 0.0000000000
96755  -39.884  15.767  11.574 0.0000000000
97215  -30.545  19.445  40.810 0.0000000000
97216  -31.054  19.460  41.033 0.0000000000
97217  -32.010  19.374  41.186 0.0000000000
97218  -33.102  18.952  41.115 0.0000000000
97228  -30.212  19.144  40.522 0.0000000000
97229  -30.604  18.912  40.608 0.0000000000
97241  -29.724  18.685  39.934 0.0000000000
97450  -40.473  16.177  15.590 0.0000000000
97451  -41.187  16.152  15.404 0.0000000000
97465  -40.511  16.293  15.117 0.0000000000
97466  -41.542  16.311  14.642 0.0000000000
97482  -40.795  16.356  14.201 0.0000000000
97988  -30.352  19.597  40.781 0.0000000000
97989  -30.729  19.922  41.068 0.0000000000
97990  -31.670  20.305  41.419 0.0000000000
97998  -30.298  19.522  40.559 0.0000000000
97999  -30.699  20.241  40.978 0.0000000000
