#!ascii label  , from subject Yale_0050559 vox2ras=TkReg
1193
78221  -7.135  -35.122  75.712 0.0000000000
16606  -27.006  -26.784  62.447 0.0000000000
90389  -25.263  -22.308  59.991 0.0000000000
88481  -20.749  -23.749  69.639 0.0000000000
99877  -31.874  -11.334  52.412 0.0000000000
95014  -26.234  -17.610  54.883 0.0000000000
87473  -30.450  -25.238  70.350 0.0000000000
86497  -25.007  -25.814  66.543 0.0000000000
103139  -38.526  -7.104  58.830 0.0000000000
102342  -40.816  -7.920  54.313 0.0000000000
105798  -43.387  -4.068  53.481 0.0000000000
94086  -27.123  -17.959  62.964 0.0000000000
93210  -24.672  -18.952  57.856 0.0000000000
95928  -28.330  -16.460  59.570 0.0000000000
95995  -32.308  -15.862  56.583 0.0000000000
87483  -16.596  -25.533  68.828 0.0000000000
76552  -3.458  -37.448  78.928 0.0000000000
17278  -27.362  -25.044  61.264 0.0000000000
91280  -27.048  -20.441  66.568 0.0000000000
88525  -17.827  -23.996  65.220 0.0000000000
86627  -21.219  -25.372  61.963 0.0000000000
22548  -41.351  -6.566  46.239 0.0000000000
23729  -45.296  -3.166  51.403 0.0000000000
96027  -29.336  -15.839  52.745 0.0000000000
21379  -35.026  -10.225  58.628 0.0000000000
78309  -10.135  -34.636  70.409 0.0000000000
11855  1.775  -43.072  74.812 0.0000000000
102322  -39.982  -8.680  56.019 0.0000000000
94966  -27.822  -16.841  61.364 0.0000000000
83756  -15.439  -29.511  67.706 0.0000000000
77323  -5.399  -36.124  78.813 0.0000000000
84769  -27.910  -28.070  59.525 0.0000000000
16607  -27.531  -26.369  61.478 0.0000000000
89375  -18.827  -23.212  67.984 0.0000000000
88548  -19.223  -24.317  63.317 0.0000000000
88499  -20.889  -23.869  66.406 0.0000000000
86509  -26.072  -26.413  65.282 0.0000000000
86598  -24.314  -26.451  62.559 0.0000000000
15985  -26.062  -28.136  60.824 0.0000000000
89333  -20.134  -23.373  72.506 0.0000000000
90292  -18.274  -23.057  69.411 0.0000000000
100684  -37.703  -10.659  48.866 0.0000000000
102396  -39.386  -7.570  47.484 0.0000000000
106672  -44.371  -3.350  52.890 0.0000000000
94171  -25.299  -17.597  56.484 0.0000000000
95052  -27.900  -17.110  53.560 0.0000000000
98513  -34.458  -12.428  57.965 0.0000000000
80995  -14.035  -31.394  70.043 0.0000000000
80975  -13.157  -31.460  71.810 0.0000000000
79205  -12.116  -32.254  73.368 0.0000000000
14118  -11.557  -35.087  68.852 0.0000000000
72517  0.006  -41.718  73.996 0.0000000000
86491  -28.617  -25.753  66.136 0.0000000000
87512  -30.320  -24.549  65.356 0.0000000000
87477  -31.018  -24.749  69.379 0.0000000000
88441  -22.889  -24.598  72.157 0.0000000000
87490  -23.083  -24.719  67.786 0.0000000000
16884  -25.917  -25.461  70.412 0.0000000000
86463  -27.468  -25.840  69.054 0.0000000000
21944  -35.028  -9.206  55.681 0.0000000000
101496  -35.653  -9.866  53.265 0.0000000000
100633  -37.315  -10.158  50.919 0.0000000000
102370  -38.691  -7.605  50.419 0.0000000000
104089  -39.482  -6.009  50.246 0.0000000000
104930  -42.238  -5.694  54.289 0.0000000000
18816  -25.425  -19.892  61.830 0.0000000000
92271  -24.694  -20.053  59.036 0.0000000000
19129  -25.636  -18.537  61.104 0.0000000000
94150  -25.764  -16.992  58.460 0.0000000000
19761  -26.807  -16.599  57.908 0.0000000000
95989  -28.588  -16.508  55.164 0.0000000000
95966  -29.774  -16.561  58.003 0.0000000000
86454  -15.893  -25.490  70.694 0.0000000000
15349  -15.082  -30.144  68.391 0.0000000000
105833  -44.950  -4.037  45.585 0.0000000000
76547  -1.652  -38.173  79.662 0.0000000000
86662  -27.417  -26.629  59.692 0.0000000000
89453  -26.345  -22.620  61.346 0.0000000000
88550  -29.390  -23.720  64.149 0.0000000000
90350  -27.390  -21.986  63.451 0.0000000000
91327  -25.949  -20.651  62.540 0.0000000000
93121  -27.035  -19.113  65.640 0.0000000000
87533  -22.938  -25.196  64.157 0.0000000000
90234  -16.935  -22.402  72.239 0.0000000000
88495  -17.088  -24.582  66.607 0.0000000000
104948  -41.321  -4.839  48.901 0.0000000000
104953  -42.555  -4.602  47.670 0.0000000000
104959  -43.850  -4.482  46.221 0.0000000000
106685  -46.236  -3.484  49.171 0.0000000000
77426  -5.943  -35.558  71.157 0.0000000000
13787  -3.817  -36.071  74.219 0.0000000000
98557  -30.417  -13.308  52.619 0.0000000000
96934  -30.088  -15.452  54.376 0.0000000000
20939  -32.340  -12.565  55.964 0.0000000000
100586  -33.732  -10.303  56.485 0.0000000000
102308  -36.666  -7.938  59.725 0.0000000000
78261  -8.583  -34.692  72.547 0.0000000000
76602  -2.625  -37.962  75.724 0.0000000000
75015  -1.534  -39.665  76.407 0.0000000000
74145  0.955  -40.612  77.161 0.0000000000
13774  -5.498  -35.794  77.515 0.0000000000
84759  -27.022  -27.836  60.733 0.0000000000
16314  -27.421  -27.572  60.571 0.0000000000
86603  -27.692  -26.239  62.355 0.0000000000
88486  -19.870  -23.425  69.237 0.0000000000
89376  -19.149  -23.317  67.014 0.0000000000
88487  -20.773  -23.749  68.464 0.0000000000
86510  -26.846  -26.575  64.121 0.0000000000
86562  -26.175  -26.844  62.965 0.0000000000
84758  -26.596  -27.322  61.590 0.0000000000
83800  -26.565  -28.380  60.546 0.0000000000
88439  -21.460  -24.081  72.667 0.0000000000
17538  -21.155  -23.882  73.576 0.0000000000
17565  -20.058  -23.475  70.314 0.0000000000
89342  -19.373  -23.232  69.890 0.0000000000
17601  -25.331  -23.294  59.582 0.0000000000
89467  -25.053  -22.593  59.263 0.0000000000
94173  -25.708  -17.475  55.821 0.0000000000
19477  -25.737  -18.140  54.904 0.0000000000
19768  -26.893  -17.186  54.697 0.0000000000
14443  -13.586  -33.190  68.845 0.0000000000
80976  -13.534  -31.241  71.353 0.0000000000
79274  -13.254  -33.433  69.153 0.0000000000
14438  -12.601  -33.767  69.760 0.0000000000
78348  -12.363  -34.756  68.705 0.0000000000
87493  -30.012  -25.274  68.091 0.0000000000
87496  -30.722  -24.735  67.099 0.0000000000
87475  -30.851  -25.006  69.895 0.0000000000
87446  -23.829  -24.913  73.468 0.0000000000
17224  -24.334  -24.999  70.979 0.0000000000
86448  -25.666  -25.354  71.333 0.0000000000
87472  -29.648  -25.455  70.739 0.0000000000
16883  -27.601  -25.719  70.176 0.0000000000
86466  -28.593  -25.671  69.975 0.0000000000
86469  -27.974  -25.908  67.473 0.0000000000
22238  -37.071  -7.931  57.327 0.0000000000
101488  -35.955  -9.001  55.283 0.0000000000
102327  -37.104  -8.742  55.855 0.0000000000
101500  -40.297  -8.756  54.435 0.0000000000
21647  -38.230  -9.895  52.896 0.0000000000
101507  -38.607  -9.474  51.897 0.0000000000
101528  -38.039  -9.370  50.127 0.0000000000
21964  -39.169  -8.321  51.803 0.0000000000
104078  -40.443  -6.748  52.862 0.0000000000
103172  -41.709  -6.760  54.690 0.0000000000
93142  -25.989  -18.851  62.315 0.0000000000
93141  -25.403  -19.323  61.619 0.0000000000
94094  -26.307  -18.032  61.531 0.0000000000
19752  -28.227  -16.523  60.637 0.0000000000
19463  -26.144  -17.276  59.706 0.0000000000
94994  -26.411  -16.769  58.684 0.0000000000
95005  -25.933  -16.774  57.969 0.0000000000
95946  -27.934  -16.503  58.654 0.0000000000
95965  -27.947  -16.516  57.497 0.0000000000
20089  -28.925  -16.482  58.982 0.0000000000
17230  -16.409  -24.141  70.682 0.0000000000
88456  -15.690  -24.390  72.055 0.0000000000
87466  -16.314  -24.851  70.270 0.0000000000
81915  -15.130  -30.305  67.960 0.0000000000
106703  -46.088  -3.447  46.265 0.0000000000
106704  -46.396  -3.319  45.689 0.0000000000
76548  -2.323  -38.033  79.512 0.0000000000
86631  -27.461  -26.253  60.815 0.0000000000
85681  -27.823  -27.504  59.471 0.0000000000
16947  -27.308  -26.184  60.303 0.0000000000
87616  -26.911  -25.439  60.297 0.0000000000
88589  -26.679  -23.700  61.102 0.0000000000
17242  -30.783  -24.335  66.182 0.0000000000
88531  -29.524  -23.904  64.192 0.0000000000
88501  -30.356  -23.799  66.009 0.0000000000
91266  -27.778  -21.289  67.918 0.0000000000
17866  -28.253  -22.211  65.588 0.0000000000
91293  -27.241  -21.264  65.348 0.0000000000
90365  -26.541  -21.243  62.999 0.0000000000
91315  -26.474  -20.461  64.375 0.0000000000
18807  -26.444  -19.790  64.719 0.0000000000
18796  -27.200  -19.375  66.663 0.0000000000
88549  -19.937  -24.484  62.927 0.0000000000
86477  -24.113  -25.145  68.036 0.0000000000
87509  -22.966  -24.910  65.774 0.0000000000
86498  -24.088  -25.563  65.499 0.0000000000
86601  -23.827  -26.452  62.006 0.0000000000
18149  -17.793  -21.956  73.444 0.0000000000
17577  -17.433  -23.719  66.747 0.0000000000
89360  -17.353  -23.441  68.326 0.0000000000
17255  -17.468  -24.471  65.239 0.0000000000
16583  -16.864  -26.149  64.865 0.0000000000
23129  -41.125  -5.044  51.461 0.0000000000
23130  -40.713  -5.110  49.584 0.0000000000
105805  -41.751  -4.541  51.036 0.0000000000
106673  -44.762  -3.175  52.563 0.0000000000
105814  -43.742  -3.790  50.515 0.0000000000
105828  -43.966  -3.885  49.425 0.0000000000
23135  -43.348  -4.474  47.086 0.0000000000
105829  -44.136  -4.015  48.207 0.0000000000
105831  -44.897  -3.839  48.021 0.0000000000
106681  -45.856  -3.179  50.554 0.0000000000
18829  -24.602  -19.710  58.060 0.0000000000
92272  -24.653  -20.656  58.431 0.0000000000
96961  -30.004  -14.792  52.098 0.0000000000
96958  -29.791  -14.917  52.494 0.0000000000
95990  -29.662  -16.296  55.470 0.0000000000
96002  -29.543  -16.125  54.640 0.0000000000
95993  -31.041  -15.735  55.606 0.0000000000
99840  -34.680  -11.064  58.274 0.0000000000
98528  -32.740  -13.201  56.490 0.0000000000
99843  -33.655  -11.660  57.236 0.0000000000
100584  -33.097  -11.059  56.201 0.0000000000
100577  -34.529  -10.003  57.800 0.0000000000
21941  -34.930  -9.281  57.601 0.0000000000
101437  -35.617  -9.002  59.057 0.0000000000
79240  -12.013  -33.905  70.979 0.0000000000
14419  -11.174  -34.273  72.163 0.0000000000
14087  -9.846  -34.619  73.524 0.0000000000
78264  -9.331  -34.640  71.610 0.0000000000
78306  -7.472  -34.966  71.174 0.0000000000
78325  -8.441  -35.605  69.671 0.0000000000
75797  -1.989  -38.148  72.832 0.0000000000
76614  -2.877  -37.054  74.366 0.0000000000
12982  -1.805  -38.600  74.027 0.0000000000
71700  1.106  -42.977  74.301 0.0000000000
74152  -0.662  -40.794  75.472 0.0000000000
73365  0.109  -41.501  75.826 0.0000000000
12419  -0.366  -40.514  76.706 0.0000000000
72496  1.523  -42.323  75.769 0.0000000000
86427  -25.752  -25.359  73.065 0.0000000000
104007  -40.365  -6.442  59.742 0.0000000000
102330  -39.153  -8.149  56.984 0.0000000000
22522  -41.015  -7.448  58.214 0.0000000000
19450  -27.310  -17.358  61.904 0.0000000000
85556  -16.482  -26.757  66.365 0.0000000000
86459  -16.458  -26.252  68.509 0.0000000000
77322  -5.309  -36.284  79.554 0.0000000000
77324  -4.509  -36.624  78.592 0.0000000000
83805  -27.688  -28.634  59.751 0.0000000000
85661  -27.511  -26.862  60.707 0.0000000000
87604  -27.516  -25.661  61.287 0.0000000000
93098  -27.813  -18.954  67.719 0.0000000000
89374  -18.219  -23.412  66.610 0.0000000000
88541  -18.496  -24.155  64.069 0.0000000000
89378  -18.658  -23.498  65.729 0.0000000000
88527  -20.006  -23.810  64.853 0.0000000000
88528  -20.635  -24.176  64.029 0.0000000000
16898  -25.731  -26.159  66.198 0.0000000000
86499  -24.907  -26.070  65.131 0.0000000000
16921  -25.094  -26.595  63.214 0.0000000000
85658  -25.068  -27.374  61.454 0.0000000000
82911  -26.681  -29.537  60.142 0.0000000000
90239  -19.041  -22.411  73.421 0.0000000000
90238  -18.497  -22.348  72.637 0.0000000000
89343  -18.996  -23.008  70.654 0.0000000000
90301  -18.533  -23.138  68.765 0.0000000000
100665  -37.213  -10.995  49.231 0.0000000000
103223  -40.290  -6.770  46.902 0.0000000000
106646  -45.714  -3.192  54.868 0.0000000000
106671  -43.928  -3.628  53.179 0.0000000000
19153  -24.967  -17.975  57.671 0.0000000000
95053  -28.226  -17.543  52.736 0.0000000000
96011  -28.930  -16.398  53.013 0.0000000000
20411  -34.698  -14.975  57.973 0.0000000000
20413  -33.446  -14.900  57.035 0.0000000000
97729  -34.883  -13.188  58.184 0.0000000000
83731  -14.833  -29.117  70.581 0.0000000000
82802  -13.482  -29.793  71.928 0.0000000000
15333  -11.750  -29.394  74.073 0.0000000000
80114  -12.915  -32.150  71.841 0.0000000000
79255  -12.498  -33.552  70.727 0.0000000000
78337  -11.221  -34.913  69.176 0.0000000000
13807  -9.760  -35.779  68.980 0.0000000000
13528  -10.387  -36.283  68.529 0.0000000000
86512  -27.752  -26.189  64.774 0.0000000000
86516  -28.750  -25.522  64.002 0.0000000000
87511  -29.960  -24.942  65.547 0.0000000000
87499  -30.779  -24.446  66.203 0.0000000000
17552  -21.638  -24.138  71.330 0.0000000000
17239  -22.027  -24.241  68.810 0.0000000000
17232  -22.969  -24.579  70.549 0.0000000000
16890  -24.218  -25.071  68.994 0.0000000000
86464  -25.036  -25.434  68.559 0.0000000000
86446  -26.440  -25.517  71.128 0.0000000000
86460  -26.703  -25.768  69.259 0.0000000000
86462  -26.503  -25.932  68.124 0.0000000000
86485  -26.378  -26.109  67.099 0.0000000000
16899  -27.063  -26.249  66.045 0.0000000000
88405  -22.206  -24.393  73.918 0.0000000000
100606  -32.866  -10.411  53.448 0.0000000000
21392  -32.766  -10.768  52.123 0.0000000000
100622  -33.820  -10.069  52.770 0.0000000000
100627  -34.446  -10.149  52.188 0.0000000000
100644  -35.545  -10.523  51.196 0.0000000000
101467  -37.877  -9.458  54.676 0.0000000000
100629  -36.566  -10.268  52.139 0.0000000000
100645  -36.429  -10.516  50.796 0.0000000000
21659  -37.524  -10.302  49.629 0.0000000000
21971  -38.115  -9.118  49.696 0.0000000000
102387  -38.452  -8.168  48.931 0.0000000000
102389  -38.773  -7.286  48.798 0.0000000000
22254  -39.174  -6.792  50.616 0.0000000000
104931  -41.020  -5.490  52.241 0.0000000000
23128  -42.333  -5.014  53.570 0.0000000000
104921  -43.792  -5.714  55.805 0.0000000000
23419  -45.030  -4.012  55.283 0.0000000000
92240  -25.358  -20.423  61.415 0.0000000000
90390  -24.994  -21.612  59.675 0.0000000000
92257  -25.139  -19.994  61.041 0.0000000000
19142  -24.872  -19.142  59.785 0.0000000000
94137  -25.018  -18.342  59.416 0.0000000000
19462  -26.129  -17.774  60.794 0.0000000000
94139  -25.432  -17.548  59.140 0.0000000000
94159  -25.085  -17.776  58.566 0.0000000000
94160  -25.346  -17.256  57.924 0.0000000000
19475  -25.720  -17.046  56.815 0.0000000000
95015  -26.271  -16.813  56.539 0.0000000000
95016  -26.919  -16.880  55.335 0.0000000000
95980  -27.463  -16.561  56.784 0.0000000000
20102  -29.025  -16.491  56.608 0.0000000000
95981  -30.316  -16.481  56.850 0.0000000000
95951  -32.360  -16.568  58.368 0.0000000000
95975  -33.232  -16.422  57.791 0.0000000000
86443  -15.469  -25.912  71.089 0.0000000000
85528  -16.217  -26.740  68.966 0.0000000000
85518  -15.826  -27.440  69.630 0.0000000000
83741  -15.354  -28.386  70.156 0.0000000000
81899  -14.643  -30.509  69.473 0.0000000000
87619  -25.724  -24.361  59.572 0.0000000000
90387  -25.571  -22.766  60.284 0.0000000000
16922  -28.621  -25.172  63.133 0.0000000000
88553  -28.766  -24.196  63.216 0.0000000000
88552  -28.385  -23.695  62.962 0.0000000000
89422  -28.427  -22.667  64.201 0.0000000000
89430  -27.664  -23.093  62.526 0.0000000000
90367  -26.727  -22.293  62.025 0.0000000000
18195  -26.033  -21.103  62.137 0.0000000000
91340  -25.607  -20.949  61.540 0.0000000000
92230  -25.759  -20.222  62.517 0.0000000000
93132  -26.137  -19.558  63.745 0.0000000000
19122  -26.646  -18.937  64.021 0.0000000000
93109  -27.601  -18.743  66.535 0.0000000000
19117  -28.197  -18.176  66.261 0.0000000000
88496  -21.870  -24.190  67.625 0.0000000000
87507  -21.846  -24.312  66.081 0.0000000000
87585  -21.751  -24.900  62.905 0.0000000000
16902  -23.939  -25.927  63.549 0.0000000000
87563  -22.849  -25.648  62.465 0.0000000000
90233  -16.674  -22.386  73.030 0.0000000000
89353  -16.942  -23.168  70.521 0.0000000000
90265  -17.803  -22.456  71.739 0.0000000000
89355  -17.245  -23.282  69.437 0.0000000000
88477  -17.002  -24.309  67.881 0.0000000000
85566  -16.844  -25.879  65.480 0.0000000000
103207  -39.171  -6.623  48.741 0.0000000000
104092  -40.028  -6.042  47.996 0.0000000000
104093  -40.947  -5.429  47.613 0.0000000000
23431  -42.328  -4.252  50.600 0.0000000000
23134  -41.948  -4.688  48.225 0.0000000000
22846  -41.610  -5.431  46.889 0.0000000000
22847  -42.974  -5.379  45.762 0.0000000000
104958  -43.659  -4.895  45.666 0.0000000000
104963  -44.268  -4.859  45.122 0.0000000000
23137  -44.309  -4.449  45.610 0.0000000000
23440  -45.016  -3.839  46.939 0.0000000000
78234  -6.122  -34.989  73.031 0.0000000000
78235  -5.313  -35.275  73.659 0.0000000000
78260  -4.534  -35.675  72.897 0.0000000000
17889  -24.808  -21.636  58.868 0.0000000000
20950  -31.032  -12.290  52.519 0.0000000000
19778  -28.207  -16.661  54.260 0.0000000000
96010  -28.704  -16.480  53.702 0.0000000000
96942  -29.735  -15.391  53.761 0.0000000000
20417  -31.695  -14.893  55.731 0.0000000000
97754  -31.143  -14.215  55.009 0.0000000000
96956  -29.981  -14.776  53.621 0.0000000000
98555  -30.752  -13.194  53.972 0.0000000000
99862  -31.692  -11.903  54.492 0.0000000000
100605  -32.923  -10.481  54.513 0.0000000000
101449  -34.192  -9.666  55.747 0.0000000000
101451  -35.662  -8.658  57.502 0.0000000000
103114  -37.776  -7.159  59.533 0.0000000000
14070  -9.074  -34.909  75.893 0.0000000000
78237  -9.419  -34.786  74.920 0.0000000000
14081  -6.944  -34.901  73.581 0.0000000000
78289  -7.157  -34.857  71.722 0.0000000000
77431  -6.191  -36.159  70.250 0.0000000000
77375  -4.394  -36.109  76.383 0.0000000000
77373  -3.944  -36.497  76.523 0.0000000000
76576  -3.165  -37.608  77.205 0.0000000000
75029  -1.547  -39.286  74.592 0.0000000000
75016  -2.071  -38.982  76.377 0.0000000000
75773  -2.108  -38.743  77.695 0.0000000000
75772  -1.521  -39.168  77.779 0.0000000000
75767  -0.346  -39.193  78.080 0.0000000000
71697  2.510  -43.177  74.895 0.0000000000
73361  2.343  -41.727  76.298 0.0000000000
14058  -7.276  -35.310  77.215 0.0000000000
78206  -6.130  -35.334  76.021 0.0000000000
16313  -26.961  -27.381  61.256 0.0000000000
85627  -27.235  -26.988  61.420 0.0000000000
85628  -27.281  -26.688  61.994 0.0000000000
17567  -19.682  -23.396  68.071 0.0000000000
86564  -27.071  -26.612  63.373 0.0000000000
85625  -26.640  -26.971  62.291 0.0000000000
85626  -26.990  -26.996  61.827 0.0000000000
88482  -21.001  -23.870  70.954 0.0000000000
89334  -20.440  -23.602  71.961 0.0000000000
101542  -38.817  -8.672  47.844 0.0000000000
88609  -25.274  -23.560  59.175 0.0000000000
95049  -27.089  -17.681  53.821 0.0000000000
79275  -13.366  -33.698  68.720 0.0000000000
14121  -13.082  -34.380  68.454 0.0000000000
79276  -12.847  -34.069  68.975 0.0000000000
16891  -29.687  -25.446  69.408 0.0000000000
87474  -30.494  -25.157  69.154 0.0000000000
87448  -24.791  -25.131  71.672 0.0000000000
16873  -25.245  -25.253  72.312 0.0000000000
87428  -23.398  -24.786  74.687 0.0000000000
103136  -37.947  -7.533  58.040 0.0000000000
102319  -36.860  -8.435  56.391 0.0000000000
22239  -37.859  -8.139  56.932 0.0000000000
21963  -40.560  -8.427  54.393 0.0000000000
21962  -38.994  -9.350  52.388 0.0000000000
101503  -39.915  -8.518  53.196 0.0000000000
101510  -38.575  -9.051  51.310 0.0000000000
102343  -40.205  -7.726  53.145 0.0000000000
103171  -41.568  -7.384  55.070 0.0000000000
94995  -27.466  -16.569  59.210 0.0000000000
87468  -16.580  -24.405  69.892 0.0000000000
87467  -16.508  -25.130  69.499 0.0000000000
23736  -46.434  -3.401  46.820 0.0000000000
106700  -46.782  -3.272  46.471 0.0000000000
76551  -3.727  -37.228  79.713 0.0000000000
13491  -3.440  -37.329  80.057 0.0000000000
76550  -3.065  -37.655  79.536 0.0000000000
87605  -27.307  -25.630  60.864 0.0000000000
87615  -27.029  -24.781  60.939 0.0000000000
88573  -27.273  -24.306  61.475 0.0000000000
88489  -30.584  -23.959  66.317 0.0000000000
88490  -30.373  -23.641  67.334 0.0000000000
91268  -27.394  -20.891  67.384 0.0000000000
91279  -27.234  -21.019  66.291 0.0000000000
18495  -26.797  -20.560  65.349 0.0000000000
92190  -26.849  -19.991  66.007 0.0000000000
87532  -17.578  -25.199  64.025 0.0000000000
88540  -18.059  -24.563  63.981 0.0000000000
86478  -24.996  -25.604  67.564 0.0000000000
16895  -23.941  -25.228  66.934 0.0000000000
88516  -17.510  -23.977  65.893 0.0000000000
103227  -42.251  -6.377  45.774 0.0000000000
105799  -42.590  -4.457  53.006 0.0000000000
105804  -42.126  -4.480  52.091 0.0000000000
23429  -43.023  -4.042  52.671 0.0000000000
106676  -44.820  -3.277  51.765 0.0000000000
106679  -44.446  -3.579  50.737 0.0000000000
106678  -45.077  -3.408  50.734 0.0000000000
23439  -44.864  -3.712  49.349 0.0000000000
93224  -24.615  -19.336  57.183 0.0000000000
96026  -29.277  -16.171  52.455 0.0000000000
95067  -29.414  -16.480  52.094 0.0000000000
20122  -29.651  -15.486  52.255 0.0000000000
95992  -31.109  -15.992  56.009 0.0000000000
95994  -30.207  -16.068  55.383 0.0000000000
20110  -31.543  -15.776  56.006 0.0000000000
99842  -34.189  -11.268  57.741 0.0000000000
99841  -34.480  -10.518  57.948 0.0000000000
21380  -33.890  -10.736  57.175 0.0000000000
100576  -34.862  -9.827  58.274 0.0000000000
21634  -34.819  -9.663  58.101 0.0000000000
14433  -11.403  -34.229  70.630 0.0000000000
79237  -11.375  -34.192  71.407 0.0000000000
79238  -10.659  -34.430  71.090 0.0000000000
14097  -10.178  -34.518  71.544 0.0000000000
78291  -9.346  -34.694  70.939 0.0000000000
78308  -8.620  -34.870  70.753 0.0000000000
14112  -10.115  -34.872  69.864 0.0000000000
75796  -2.087  -37.990  73.580 0.0000000000
72499  0.910  -42.519  74.824 0.0000000000
72497  1.260  -42.500  75.357 0.0000000000
12122  0.870  -42.035  75.757 0.0000000000
94964  -28.318  -16.857  62.354 0.0000000000
15972  -16.112  -27.967  66.302 0.0000000000
77363  -5.862  -35.855  78.468 0.0000000000
13756  -6.272  -35.849  79.562 0.0000000000
85660  -27.415  -27.116  60.903 0.0000000000
84767  -27.472  -27.588  60.473 0.0000000000
88571  -27.858  -25.470  61.931 0.0000000000
17580  -18.152  -23.746  65.345 0.0000000000
89377  -18.679  -23.284  66.961 0.0000000000
88498  -20.029  -23.551  66.729 0.0000000000
89379  -19.556  -23.512  65.902 0.0000000000
17571  -20.188  -23.687  65.801 0.0000000000
88526  -20.778  -23.997  65.161 0.0000000000
86545  -25.369  -26.362  64.683 0.0000000000
16312  -25.957  -27.178  61.994 0.0000000000
86563  -25.392  -26.811  62.728 0.0000000000
84754  -25.537  -27.804  61.085 0.0000000000
84753  -25.277  -27.750  61.100 0.0000000000
83798  -25.558  -28.196  60.803 0.0000000000
83799  -26.071  -28.643  60.510 0.0000000000
83801  -26.631  -28.960  60.249 0.0000000000
89276  -20.730  -23.550  73.977 0.0000000000
90240  -19.827  -22.973  73.388 0.0000000000
17846  -19.206  -22.861  72.032 0.0000000000
89361  -19.096  -23.210  68.953 0.0000000000
17850  -18.770  -23.093  69.564 0.0000000000
17858  -18.368  -23.224  67.769 0.0000000000
94170  -25.014  -17.971  56.783 0.0000000000
93240  -24.816  -18.738  56.284 0.0000000000
19162  -25.045  -18.344  55.914 0.0000000000
19782  -28.767  -16.841  52.697 0.0000000000
95051  -28.380  -16.735  53.539 0.0000000000
97728  -35.222  -14.154  58.332 0.0000000000
100561  -36.098  -9.981  59.973 0.0000000000
80985  -14.151  -30.678  70.665 0.0000000000
82812  -14.088  -29.698  71.290 0.0000000000
15022  -14.107  -30.308  71.017 0.0000000000
14726  -13.218  -32.046  71.274 0.0000000000
15020  -12.969  -30.731  72.274 0.0000000000
80971  -12.336  -30.871  73.075 0.0000000000
79273  -12.075  -34.501  69.168 0.0000000000
79257  -11.734  -34.363  69.668 0.0000000000
78335  -10.723  -35.389  68.929 0.0000000000
78336  -11.047  -35.652  68.646 0.0000000000
16900  -28.465  -25.829  65.255 0.0000000000
87510  -29.337  -25.390  65.810 0.0000000000
87498  -30.904  -24.581  67.177 0.0000000000
88467  -22.165  -24.322  71.058 0.0000000000
87460  -25.040  -25.209  70.670 0.0000000000
87469  -24.318  -25.016  70.141 0.0000000000
86465  -25.119  -25.309  69.659 0.0000000000
16875  -26.717  -25.485  72.142 0.0000000000
16889  -27.189  -25.992  67.880 0.0000000000
16892  -28.804  -25.674  66.957 0.0000000000
86489  -27.816  -26.015  66.528 0.0000000000
86490  -27.789  -26.099  65.663 0.0000000000
17218  -22.885  -24.645  73.742 0.0000000000
88440  -22.186  -24.381  72.735 0.0000000000
101482  -34.212  -9.658  54.565 0.0000000000
21644  -33.606  -10.004  53.583 0.0000000000
101464  -34.839  -9.437  54.584 0.0000000000
101485  -35.531  -9.710  53.641 0.0000000000
21653  -34.975  -9.611  53.866 0.0000000000
100626  -34.938  -9.926  52.892 0.0000000000
100643  -34.670  -10.422  51.544 0.0000000000
21654  -35.441  -10.218  52.126 0.0000000000
22241  -40.236  -8.198  56.888 0.0000000000
21951  -38.416  -9.067  55.471 0.0000000000
101465  -38.874  -9.159  55.282 0.0000000000
100632  -37.485  -10.119  51.775 0.0000000000
21648  -37.155  -10.236  52.219 0.0000000000
100630  -36.867  -10.292  51.585 0.0000000000
100647  -37.154  -10.327  50.407 0.0000000000
100648  -37.666  -9.944  50.241 0.0000000000
21966  -38.476  -8.273  50.436 0.0000000000
101529  -38.263  -8.722  50.059 0.0000000000
101537  -38.146  -9.122  49.254 0.0000000000
102378  -38.507  -7.757  49.991 0.0000000000
22256  -38.567  -7.406  49.493 0.0000000000
104075  -41.694  -6.178  54.141 0.0000000000
104933  -40.326  -6.197  52.026 0.0000000000
104929  -41.667  -5.571  53.409 0.0000000000
105772  -44.504  -4.488  55.287 0.0000000000
93178  -25.217  -18.990  60.834 0.0000000000
93177  -25.162  -19.539  61.140 0.0000000000
94976  -26.657  -17.349  60.727 0.0000000000
19468  -25.191  -17.736  58.994 0.0000000000
94149  -25.345  -17.358  58.505 0.0000000000
19471  -25.635  -16.946  58.041 0.0000000000
95006  -26.054  -16.740  57.388 0.0000000000
95963  -26.676  -16.654  56.832 0.0000000000
95964  -28.696  -16.516  57.938 0.0000000000
95967  -29.708  -16.527  57.105 0.0000000000
95982  -29.685  -16.430  56.254 0.0000000000
20103  -30.304  -16.563  57.401 0.0000000000
95950  -32.682  -16.504  58.583 0.0000000000
95955  -33.348  -16.439  58.076 0.0000000000
95969  -32.853  -16.495  57.771 0.0000000000
96905  -34.748  -15.459  58.179 0.0000000000
16882  -15.595  -25.178  71.430 0.0000000000
86444  -15.107  -25.564  71.860 0.0000000000
85516  -15.684  -26.356  70.547 0.0000000000
84665  -16.114  -27.673  67.319 0.0000000000
16275  -16.159  -27.298  68.204 0.0000000000
84657  -15.790  -28.035  68.948 0.0000000000
82822  -15.227  -29.407  69.104 0.0000000000
15666  -15.327  -28.821  69.696 0.0000000000
82821  -14.748  -29.999  69.927 0.0000000000
13219  -1.162  -38.437  79.235 0.0000000000
85682  -28.081  -27.767  59.038 0.0000000000
86663  -27.229  -26.444  59.250 0.0000000000
17281  -26.258  -24.336  60.231 0.0000000000
89454  -25.988  -23.140  60.619 0.0000000000
88597  -25.622  -23.724  59.827 0.0000000000
17884  -25.877  -22.307  60.981 0.0000000000
16909  -29.379  -25.084  64.471 0.0000000000
86548  -28.402  -25.622  63.204 0.0000000000
87535  -29.446  -24.814  64.249 0.0000000000
17582  -29.663  -23.862  64.391 0.0000000000
17256  -29.236  -24.251  63.801 0.0000000000
88551  -28.958  -23.845  63.541 0.0000000000
17588  -28.273  -24.318  62.614 0.0000000000
90331  -27.478  -21.691  64.572 0.0000000000
89404  -28.379  -22.489  64.613 0.0000000000
90332  -27.899  -22.180  64.184 0.0000000000
17587  -28.412  -23.162  63.443 0.0000000000
90366  -27.066  -22.063  62.734 0.0000000000
91316  -26.403  -20.853  63.444 0.0000000000
92231  -25.624  -20.481  61.968 0.0000000000
93120  -26.469  -19.551  64.621 0.0000000000
94024  -27.575  -18.445  65.488 0.0000000000
93110  -28.293  -18.413  67.358 0.0000000000
94035  -28.358  -17.694  64.971 0.0000000000
17265  -18.718  -24.746  63.029 0.0000000000
87508  -22.588  -24.563  66.898 0.0000000000
17245  -21.746  -24.541  64.403 0.0000000000
87547  -22.133  -24.935  63.357 0.0000000000
86546  -24.776  -26.445  63.305 0.0000000000
90235  -17.014  -22.128  73.125 0.0000000000
17845  -16.740  -22.642  72.083 0.0000000000
18163  -18.316  -22.624  71.356 0.0000000000
90266  -18.147  -22.343  72.250 0.0000000000
90291  -18.045  -22.844  70.422 0.0000000000
17564  -17.239  -23.957  67.013 0.0000000000
16580  -16.812  -25.554  66.629 0.0000000000
103206  -38.778  -6.861  49.495 0.0000000000
22543  -39.144  -6.384  49.449 0.0000000000
104091  -39.862  -5.894  48.652 0.0000000000
22845  -40.586  -5.445  48.115 0.0000000000
104094  -40.520  -6.152  47.189 0.0000000000
104949  -41.150  -5.100  48.058 0.0000000000
105807  -43.645  -3.672  52.400 0.0000000000
105808  -43.229  -3.870  51.293 0.0000000000
23435  -43.471  -4.000  49.430 0.0000000000
105820  -42.815  -4.280  48.799 0.0000000000
104951  -41.797  -4.992  47.450 0.0000000000
104952  -42.394  -4.969  46.861 0.0000000000
104956  -42.231  -5.440  46.311 0.0000000000
104957  -43.062  -4.937  46.230 0.0000000000
104962  -43.693  -5.321  45.250 0.0000000000
106686  -45.617  -3.644  48.843 0.0000000000
106694  -45.653  -3.669  47.848 0.0000000000
23732  -46.302  -3.552  48.483 0.0000000000
78287  -6.195  -34.999  72.371 0.0000000000
14086  -5.428  -35.224  72.918 0.0000000000
78285  -5.328  -35.377  72.369 0.0000000000
91362  -24.798  -20.813  59.333 0.0000000000
96963  -30.179  -14.008  52.347 0.0000000000
98567  -30.584  -13.191  52.220 0.0000000000
95040  -28.132  -16.608  54.956 0.0000000000
95037  -27.531  -16.742  55.025 0.0000000000
96009  -29.091  -16.258  54.104 0.0000000000
96012  -29.568  -15.881  54.133 0.0000000000
20116  -29.209  -16.013  53.447 0.0000000000
20679  -34.217  -13.262  57.679 0.0000000000
96925  -32.861  -14.937  56.634 0.0000000000
97740  -33.501  -13.380  57.129 0.0000000000
98527  -31.914  -13.794  55.751 0.0000000000
98526  -31.457  -13.318  55.141 0.0000000000
97755  -30.420  -14.450  54.164 0.0000000000
20689  -30.788  -13.657  54.334 0.0000000000
98554  -30.345  -13.923  53.661 0.0000000000
98533  -31.192  -12.848  54.630 0.0000000000
21382  -32.343  -11.505  55.345 0.0000000000
100585  -33.067  -10.698  55.633 0.0000000000
99873  -32.278  -11.136  54.467 0.0000000000
21637  -33.665  -10.089  55.765 0.0000000000
101448  -34.182  -9.797  56.573 0.0000000000
102309  -36.137  -8.275  58.938 0.0000000000
22235  -36.941  -7.673  59.410 0.0000000000
103123  -37.494  -7.379  58.978 0.0000000000
78238  -8.314  -34.750  73.472 0.0000000000
78262  -7.524  -34.771  72.472 0.0000000000
77432  -7.125  -35.847  70.029 0.0000000000
13799  -6.717  -35.496  70.694 0.0000000000
76650  -6.552  -36.399  69.875 0.0000000000
77394  -4.110  -35.928  74.626 0.0000000000
13778  -4.707  -35.730  75.266 0.0000000000
13507  -3.290  -36.944  75.612 0.0000000000
76593  -3.520  -37.087  76.905 0.0000000000
76594  -2.999  -37.669  76.510 0.0000000000
12129  -0.126  -41.650  73.498 0.0000000000
12433  -0.739  -40.420  73.912 0.0000000000
73404  -0.403  -41.031  74.150 0.0000000000
12683  -1.219  -40.110  75.942 0.0000000000
75017  -1.741  -39.416  75.892 0.0000000000
75775  -2.437  -38.501  76.975 0.0000000000
12976  -1.712  -39.292  77.051 0.0000000000
74146  0.184  -40.341  77.193 0.0000000000
12975  -0.538  -39.656  77.586 0.0000000000
75011  0.076  -39.981  77.456 0.0000000000
75010  0.159  -39.487  77.827 0.0000000000
71696  3.077  -43.422  74.476 0.0000000000
72490  2.554  -42.795  75.307 0.0000000000
77364  -5.161  -35.985  77.709 0.0000000000
84760  -27.384  -27.717  60.502 0.0000000000
84761  -27.263  -27.453  60.861 0.0000000000
88497  -20.870  -23.800  67.375 0.0000000000
16906  -26.345  -26.651  63.980 0.0000000000
86544  -25.758  -26.649  63.718 0.0000000000
84756  -26.034  -27.667  61.262 0.0000000000
84757  -26.561  -27.808  61.012 0.0000000000
89335  -19.619  -23.235  71.112 0.0000000000
100685  -38.026  -10.319  48.528 0.0000000000
17282  -25.584  -24.331  59.400 0.0000000000
94172  -25.294  -18.167  55.543 0.0000000000
94185  -25.320  -18.740  54.861 0.0000000000
14730  -13.803  -32.150  69.581 0.0000000000
80986  -13.757  -31.446  70.723 0.0000000000
80131  -13.496  -32.212  70.354 0.0000000000
80132  -13.281  -32.964  69.740 0.0000000000
80121  -12.952  -33.023  70.554 0.0000000000
78346  -11.846  -35.468  68.464 0.0000000000
87492  -29.753  -25.321  67.308 0.0000000000
87502  -29.506  -25.372  66.617 0.0000000000
17240  -29.973  -25.243  67.451 0.0000000000
17233  -30.786  -24.950  68.777 0.0000000000
87447  -23.517  -24.794  72.337 0.0000000000
86447  -27.394  -25.624  71.027 0.0000000000
87461  -28.482  -25.609  70.969 0.0000000000
86467  -28.284  -25.782  68.647 0.0000000000
86468  -29.115  -25.578  67.937 0.0000000000
101453  -36.358  -8.395  56.731 0.0000000000
101462  -35.661  -9.031  55.363 0.0000000000
21946  -36.372  -8.592  56.173 0.0000000000
21958  -36.442  -9.126  55.071 0.0000000000
101487  -36.845  -9.526  54.354 0.0000000000
101469  -39.751  -9.125  54.730 0.0000000000
101468  -38.654  -9.666  53.893 0.0000000000
101470  -39.144  -9.469  53.602 0.0000000000
100631  -38.097  -9.873  52.069 0.0000000000
21656  -38.014  -9.648  51.040 0.0000000000
101511  -38.323  -8.909  50.594 0.0000000000
101512  -38.633  -8.315  50.836 0.0000000000
102369  -39.083  -7.600  51.186 0.0000000000
102344  -39.730  -7.348  52.159 0.0000000000
104076  -41.150  -6.628  53.814 0.0000000000
22530  -42.249  -6.333  54.940 0.0000000000
93140  -25.816  -19.422  62.718 0.0000000000
94983  -27.081  -16.849  60.014 0.0000000000
17546  -15.995  -23.384  72.942 0.0000000000
88457  -16.222  -23.625  71.824 0.0000000000
87465  -16.068  -24.607  71.043 0.0000000000
16567  -16.122  -26.058  69.859 0.0000000000
81901  -14.876  -30.761  68.266 0.0000000000
105834  -45.304  -3.750  46.186 0.0000000000
105835  -45.377  -3.977  45.063 0.0000000000
23441  -45.649  -3.648  45.595 0.0000000000
105837  -46.045  -3.553  45.084 0.0000000000
75757  -1.766  -38.458  79.000 0.0000000000
16316  -27.706  -27.637  59.939 0.0000000000
86632  -27.514  -26.713  60.263 0.0000000000
86664  -27.022  -26.033  59.731 0.0000000000
87534  -30.302  -24.385  65.225 0.0000000000
88530  -30.316  -24.127  65.306 0.0000000000
88500  -30.481  -23.979  65.828 0.0000000000
17572  -30.057  -23.717  65.344 0.0000000000
90311  -28.061  -21.793  67.374 0.0000000000
90312  -27.759  -21.659  66.415 0.0000000000
18184  -26.961  -21.415  63.743 0.0000000000
91305  -26.791  -20.976  64.424 0.0000000000
92207  -26.316  -20.034  64.284 0.0000000000
92204  -26.566  -20.079  65.047 0.0000000000
92203  -26.728  -19.666  65.488 0.0000000000
94012  -29.047  -17.877  67.018 0.0000000000
87582  -19.462  -24.755  62.614 0.0000000000
16617  -24.516  -26.875  61.902 0.0000000000
90237  -17.412  -22.070  72.987 0.0000000000
89368  -18.036  -23.184  68.554 0.0000000000
17854  -17.590  -23.128  69.363 0.0000000000
89367  -17.507  -23.383  68.148 0.0000000000
88515  -17.354  -23.786  66.803 0.0000000000
88514  -17.301  -24.252  66.060 0.0000000000
87530  -17.127  -24.902  65.748 0.0000000000
87531  -17.105  -25.458  64.946 0.0000000000
86541  -17.099  -25.997  64.273 0.0000000000
104935  -40.121  -5.555  50.568 0.0000000000
104936  -39.981  -5.584  50.078 0.0000000000
104937  -40.882  -5.010  50.442 0.0000000000
105813  -41.500  -4.649  50.014 0.0000000000
23432  -44.173  -3.477  52.006 0.0000000000
105827  -43.411  -4.168  48.461 0.0000000000
105830  -44.298  -4.107  46.997 0.0000000000
106680  -45.676  -3.500  49.633 0.0000000000
76644  -5.101  -36.725  70.485 0.0000000000
77424  -4.795  -36.272  71.130 0.0000000000
92287  -24.604  -20.222  57.493 0.0000000000
96041  -29.777  -15.562  52.036 0.0000000000
95988  -29.142  -16.434  55.707 0.0000000000
20109  -29.104  -16.356  54.778 0.0000000000
20111  -30.102  -15.789  54.757 0.0000000000
20937  -34.560  -11.721  58.129 0.0000000000
98510  -33.818  -12.554  57.432 0.0000000000
99154  -34.002  -11.894  57.607 0.0000000000
98529  -33.219  -12.201  56.868 0.0000000000
99847  -33.133  -11.591  56.593 0.0000000000
99849  -32.341  -11.854  55.684 0.0000000000
101446  -34.275  -9.962  57.219 0.0000000000
101440  -34.823  -9.555  57.975 0.0000000000
101439  -35.900  -8.553  59.078 0.0000000000
14425  -12.344  -33.553  71.669 0.0000000000
79214  -12.144  -33.704  72.599 0.0000000000
79215  -12.006  -33.896  72.573 0.0000000000
79201  -10.696  -34.431  72.759 0.0000000000
78263  -9.911  -34.551  72.316 0.0000000000
14096  -8.008  -34.789  71.587 0.0000000000
78307  -7.992  -35.224  70.383 0.0000000000
13525  -7.465  -36.175  69.600 0.0000000000
13232  -2.461  -37.438  73.239 0.0000000000
77395  -3.579  -36.339  74.743 0.0000000000
76610  -2.481  -37.768  74.759 0.0000000000
72500  0.584  -42.469  74.231 0.0000000000
74163  -0.784  -40.570  74.853 0.0000000000
12123  0.063  -41.661  74.771 0.0000000000
73384  -0.124  -41.374  75.650 0.0000000000
74150  -0.974  -40.287  76.325 0.0000000000
75014  -1.128  -39.888  76.859 0.0000000000
73366  -0.328  -41.053  76.028 0.0000000000
73363  0.688  -41.025  76.762 0.0000000000
12417  1.402  -41.171  76.807 0.0000000000
86426  -25.555  -25.329  73.038 0.0000000000
17225  -29.212  -25.402  71.937 0.0000000000
22521  -39.530  -6.917  59.015 0.0000000000
103137  -38.876  -7.508  58.025 0.0000000000
103138  -39.859  -7.614  57.870 0.0000000000
102335  -41.447  -8.078  56.123 0.0000000000
102334  -41.268  -7.995  55.328 0.0000000000
94085  -27.994  -17.366  63.255 0.0000000000
94965  -28.681  -16.517  61.783 0.0000000000
95927  -29.150  -16.376  59.911 0.0000000000
86476  -16.609  -25.821  68.177 0.0000000000
16887  -16.557  -25.788  68.779 0.0000000000
85555  -16.433  -26.633  67.531 0.0000000000
13492  -4.283  -36.864  79.096 0.0000000000
84766  -27.625  -28.064  59.972 0.0000000000
88570  -27.616  -24.874  61.672 0.0000000000
92168  -27.572  -19.533  68.030 0.0000000000
88547  -18.903  -23.882  64.371 0.0000000000
17860  -19.012  -23.410  66.046 0.0000000000
89401  -19.294  -23.662  64.998 0.0000000000
17581  -19.773  -24.063  63.844 0.0000000000
88543  -20.620  -24.406  63.247 0.0000000000
87583  -20.817  -24.769  62.613 0.0000000000
86486  -25.717  -25.930  67.291 0.0000000000
86599  -24.868  -26.687  62.626 0.0000000000
90220  -18.488  -22.024  73.819 0.0000000000
90267  -18.577  -22.664  71.506 0.0000000000
90283  -18.494  -22.895  70.431 0.0000000000
89369  -17.877  -23.400  67.306 0.0000000000
99905  -36.552  -11.248  49.554 0.0000000000
106656  -44.138  -3.773  53.948 0.0000000000
23720  -44.831  -3.280  53.743 0.0000000000
107557  -46.623  -2.247  51.850 0.0000000000
93223  -24.736  -18.683  56.998 0.0000000000
96904  -34.071  -15.528  57.625 0.0000000000
96924  -32.545  -15.534  56.549 0.0000000000
96912  -33.934  -15.004  57.396 0.0000000000
97730  -34.532  -14.114  57.832 0.0000000000
98512  -35.013  -12.286  58.449 0.0000000000
99145  -35.074  -11.570  58.643 0.0000000000
99839  -35.302  -10.711  58.989 0.0000000000
100562  -35.943  -9.541  59.783 0.0000000000
101436  -35.797  -9.189  59.472 0.0000000000
80977  -13.451  -30.794  71.688 0.0000000000
82793  -12.927  -29.457  72.589 0.0000000000
14420  -12.576  -32.231  72.459 0.0000000000
80115  -12.758  -32.983  71.347 0.0000000000
79217  -12.560  -33.007  71.994 0.0000000000
79254  -11.178  -34.379  70.211 0.0000000000
78326  -9.990  -35.348  69.272 0.0000000000
77448  -9.937  -35.955  68.816 0.0000000000
71698  1.808  -43.481  74.310 0.0000000000
86513  -27.607  -26.316  63.852 0.0000000000
86566  -27.384  -26.517  62.699 0.0000000000
86514  -28.312  -25.898  64.380 0.0000000000
86515  -29.036  -25.464  64.836 0.0000000000
17241  -30.076  -25.018  66.355 0.0000000000
87476  -30.979  -24.792  70.421 0.0000000000
88480  -21.626  -24.105  70.364 0.0000000000
88479  -22.631  -24.462  69.828 0.0000000000
87491  -23.342  -24.763  68.708 0.0000000000
87471  -23.614  -24.786  70.809 0.0000000000
87470  -23.474  -24.755  69.778 0.0000000000
86428  -25.952  -25.402  72.016 0.0000000000
86445  -26.724  -25.637  70.268 0.0000000000
86461  -25.948  -25.587  69.412 0.0000000000
16888  -25.819  -25.747  68.306 0.0000000000
86487  -26.434  -26.272  66.231 0.0000000000
86488  -27.028  -26.140  66.876 0.0000000000
86508  -26.588  -26.418  65.343 0.0000000000
86511  -27.214  -26.345  65.101 0.0000000000
16907  -27.258  -26.449  64.203 0.0000000000
99880  -32.369  -10.799  52.843 0.0000000000
99878  -32.137  -11.404  51.825 0.0000000000
100621  -33.093  -10.365  52.775 0.0000000000
100623  -33.580  -10.330  52.162 0.0000000000
101463  -35.570  -9.200  54.877 0.0000000000
100625  -34.362  -9.955  52.798 0.0000000000
100642  -34.053  -10.340  51.824 0.0000000000
102329  -38.251  -8.718  56.025 0.0000000000
101489  -37.512  -9.146  55.215 0.0000000000
100610  -37.802  -10.000  53.187 0.0000000000
100612  -37.152  -10.180  52.651 0.0000000000
101497  -36.290  -10.068  52.872 0.0000000000
100628  -36.283  -10.387  51.430 0.0000000000
21403  -36.011  -10.828  50.416 0.0000000000
100646  -36.888  -10.698  49.958 0.0000000000
101527  -37.921  -9.625  49.661 0.0000000000
100686  -37.933  -9.903  49.067 0.0000000000
21672  -38.324  -9.179  48.544 0.0000000000
102388  -38.782  -7.932  48.220 0.0000000000
104087  -38.956  -6.596  49.864 0.0000000000
104934  -40.237  -5.728  51.193 0.0000000000
104932  -41.773  -4.935  52.568 0.0000000000
105791  -43.109  -4.473  53.815 0.0000000000
103162  -42.205  -6.896  55.426 0.0000000000
103161  -42.859  -6.393  55.604 0.0000000000
104922  -42.908  -5.782  55.072 0.0000000000
105790  -42.950  -5.079  54.391 0.0000000000
105792  -43.692  -4.478  54.490 0.0000000000
23426  -43.693  -4.138  54.050 0.0000000000
106647  -44.876  -3.645  54.638 0.0000000000
18202  -25.296  -21.205  60.731 0.0000000000
91361  -25.059  -20.688  60.420 0.0000000000
18520  -24.859  -20.193  59.924 0.0000000000
93186  -24.837  -19.686  59.899 0.0000000000
93195  -24.689  -19.332  58.812 0.0000000000
93209  -24.812  -18.596  58.686 0.0000000000
94120  -26.129  -17.774  60.794 0.0000000000
94122  -26.154  -17.739  60.762 0.0000000000
94121  -25.804  -17.820  60.276 0.0000000000
94138  -25.288  -18.127  59.834 0.0000000000
94161  -25.324  -17.342  57.211 0.0000000000
94162  -25.683  -16.900  57.629 0.0000000000
95013  -26.119  -17.149  55.787 0.0000000000
19769  -27.035  -16.742  55.688 0.0000000000
95039  -27.462  -16.653  55.682 0.0000000000
19779  -28.099  -16.566  55.617 0.0000000000
95979  -28.487  -16.509  56.094 0.0000000000
20107  -30.276  -16.289  56.064 0.0000000000
95983  -31.168  -16.326  56.725 0.0000000000
95930  -29.896  -16.413  59.557 0.0000000000
95948  -30.224  -16.533  58.775 0.0000000000
95949  -31.876  -16.490  59.002 0.0000000000
20097  -31.464  -16.573  58.588 0.0000000000
95968  -30.773  -16.590  57.957 0.0000000000
95970  -31.866  -16.570  57.948 0.0000000000
20104  -32.076  -16.422  57.336 0.0000000000
20106  -33.384  -15.997  57.421 0.0000000000
96906  -35.338  -14.922  58.493 0.0000000000
86458  -16.503  -25.820  68.968 0.0000000000
84658  -15.612  -28.808  68.293 0.0000000000
85517  -15.682  -27.213  70.159 0.0000000000
84632  -15.390  -27.236  70.583 0.0000000000
82820  -14.813  -29.525  70.326 0.0000000000
15025  -14.200  -30.905  70.289 0.0000000000
14735  -14.386  -31.831  68.467 0.0000000000
80145  -14.240  -31.881  68.757 0.0000000000
106707  -46.787  -3.182  45.096 0.0000000000
87617  -26.400  -25.164  59.741 0.0000000000
87618  -25.952  -24.827  59.388 0.0000000000
90388  -25.617  -21.829  60.916 0.0000000000
86604  -27.995  -25.722  62.291 0.0000000000
87548  -28.936  -24.756  63.464 0.0000000000
88554  -28.523  -24.872  62.880 0.0000000000
88572  -27.805  -23.761  62.294 0.0000000000
89402  -29.218  -23.017  65.401 0.0000000000
89403  -28.784  -22.854  64.568 0.0000000000
89421  -29.131  -23.281  64.375 0.0000000000
17595  -27.142  -23.226  61.863 0.0000000000
90379  -25.965  -21.799  61.435 0.0000000000
92229  -25.841  -19.690  62.960 0.0000000000
92217  -26.047  -19.887  63.529 0.0000000000
18811  -26.085  -19.656  63.676 0.0000000000
94036  -27.778  -17.817  64.067 0.0000000000
19433  -28.392  -17.368  64.038 0.0000000000
17246  -21.685  -24.141  66.944 0.0000000000
88542  -21.292  -24.559  63.372 0.0000000000
87584  -21.501  -25.039  62.476 0.0000000000
86602  -23.531  -26.028  62.488 0.0000000000
87546  -22.886  -25.425  63.091 0.0000000000
17259  -22.325  -25.182  62.868 0.0000000000
16946  -21.998  -25.657  61.909 0.0000000000
18143  -16.793  -22.195  73.833 0.0000000000
89331  -16.417  -22.838  72.632 0.0000000000
89332  -16.511  -23.306  71.495 0.0000000000
88476  -16.718  -23.769  70.197 0.0000000000
18153  -17.130  -22.302  72.319 0.0000000000
90290  -17.181  -22.791  70.669 0.0000000000
89354  -17.181  -22.791  70.669 0.0000000000
17563  -17.003  -23.537  69.586 0.0000000000
88475  -16.846  -23.986  69.379 0.0000000000
17231  -16.696  -24.711  69.100 0.0000000000
22260  -39.406  -6.983  47.865 0.0000000000
104938  -39.884  -5.700  49.465 0.0000000000
104095  -41.365  -6.081  46.450 0.0000000000
105806  -42.661  -4.109  51.711 0.0000000000
105819  -42.136  -4.424  49.394 0.0000000000
104096  -42.137  -5.970  45.962 0.0000000000
104097  -43.033  -5.814  45.462 0.0000000000
105832  -44.574  -4.094  46.211 0.0000000000
106695  -45.846  -3.565  46.863 0.0000000000
106696  -46.447  -3.495  47.608 0.0000000000
106689  -47.285  -3.390  48.194 0.0000000000
78218  -6.026  -35.253  75.342 0.0000000000
78219  -5.777  -35.170  74.102 0.0000000000
77411  -3.881  -36.049  73.317 0.0000000000
77415  -3.824  -36.664  71.709 0.0000000000
76632  -3.260  -36.805  72.372 0.0000000000
76631  -3.103  -36.774  72.940 0.0000000000
89468  -24.956  -22.618  58.641 0.0000000000
99875  -31.724  -11.382  52.905 0.0000000000
95038  -27.613  -16.876  54.414 0.0000000000
96001  -28.634  -16.499  54.381 0.0000000000
96957  -29.636  -15.228  53.153 0.0000000000
96923  -31.592  -15.594  55.901 0.0000000000
96922  -30.934  -15.411  55.254 0.0000000000
20683  -32.997  -13.500  56.726 0.0000000000
96933  -30.728  -14.938  54.798 0.0000000000
20420  -30.096  -15.036  54.058 0.0000000000
20428  -30.059  -14.183  52.932 0.0000000000
98556  -30.468  -13.321  53.244 0.0000000000
99850  -31.748  -12.192  55.053 0.0000000000
20949  -30.991  -12.573  53.722 0.0000000000
99874  -31.637  -11.592  53.563 0.0000000000
21391  -32.242  -10.899  53.442 0.0000000000
100607  -33.561  -10.001  54.566 0.0000000000
101450  -34.849  -9.249  56.612 0.0000000000
101452  -35.678  -8.738  56.649 0.0000000000
21945  -36.428  -8.192  57.445 0.0000000000
22517  -37.803  -7.347  58.581 0.0000000000
103122  -38.180  -7.036  59.233 0.0000000000
21940  -36.579  -8.344  60.149 0.0000000000
78187  -8.333  -35.059  76.511 0.0000000000
78220  -8.368  -34.905  75.172 0.0000000000
78288  -6.798  -34.847  72.405 0.0000000000
14105  -6.724  -34.921  71.824 0.0000000000
78305  -6.795  -35.038  71.423 0.0000000000
77425  -5.637  -36.044  70.714 0.0000000000
77447  -8.698  -35.946  69.266 0.0000000000
78205  -5.587  -35.397  75.573 0.0000000000
77376  -5.108  -35.720  76.325 0.0000000000
77374  -3.934  -36.217  75.481 0.0000000000
13757  -4.559  -36.380  77.818 0.0000000000
77362  -4.055  -36.792  77.845 0.0000000000
76574  -3.923  -37.028  78.346 0.0000000000
76575  -3.322  -37.538  78.078 0.0000000000
75035  -1.113  -39.659  73.144 0.0000000000
75030  -1.282  -39.426  73.728 0.0000000000
75792  -2.113  -38.538  75.094 0.0000000000
75018  -1.735  -39.275  75.319 0.0000000000
12977  -2.187  -38.706  75.791 0.0000000000
13224  -2.821  -38.005  76.885 0.0000000000
75774  -2.751  -38.114  77.466 0.0000000000
13221  -2.525  -38.168  78.618 0.0000000000
75758  -1.720  -38.819  78.288 0.0000000000
13217  -1.351  -39.045  78.157 0.0000000000
75013  -1.118  -39.605  77.366 0.0000000000
75771  -1.046  -39.301  77.869 0.0000000000
75754  -1.301  -38.771  78.623 0.0000000000
75753  -0.626  -38.592  78.885 0.0000000000
70862  2.415  -43.921  74.167 0.0000000000
11582  3.140  -43.894  74.128 0.0000000000
71695  2.484  -43.537  74.499 0.0000000000
72491  1.998  -42.798  75.328 0.0000000000
73360  1.772  -41.811  76.317 0.0000000000
73362  2.031  -41.117  76.808 0.0000000000
12119  2.158  -42.418  75.759 0.0000000000
12420  -0.252  -41.219  75.859 0.0000000000
12681  0.563  -40.196  77.393 0.0000000000
12686  -1.300  -39.846  74.974 0.0000000000
13501  -3.694  -37.133  77.798 0.0000000000
13518  -3.847  -36.150  72.805 0.0000000000
13522  -4.713  -36.536  70.886 0.0000000000
13795  -5.067  -35.781  71.702 0.0000000000
14076  -5.756  -35.353  75.668 0.0000000000
14106  -10.135  -34.619  70.486 0.0000000000
16311  -25.350  -27.693  61.159 0.0000000000
16874  -25.590  -25.335  73.235 0.0000000000
16908  -28.075  -26.004  63.432 0.0000000000
17271  -21.176  -24.677  62.916 0.0000000000
17568  -30.329  -23.714  66.409 0.0000000000
17868  -28.416  -22.583  64.375 0.0000000000
18176  -27.616  -21.371  67.107 0.0000000000
18489  -27.309  -20.454  67.610 0.0000000000
18505  -26.124  -20.368  63.383 0.0000000000
20092  -32.301  -16.292  59.433 0.0000000000
20098  -33.083  -16.509  57.957 0.0000000000
20100  -33.794  -16.286  58.329 0.0000000000
20936  -33.589  -12.142  57.238 0.0000000000
20941  -31.339  -12.598  54.746 0.0000000000
21646  -37.231  -9.896  53.565 0.0000000000
21652  -34.050  -10.147  52.275 0.0000000000
21655  -36.738  -10.370  51.031 0.0000000000
21950  -35.876  -8.996  55.310 0.0000000000
21952  -39.370  -9.188  55.027 0.0000000000
21953  -39.963  -9.026  54.441 0.0000000000
21959  -35.704  -9.749  53.594 0.0000000000
22242  -41.964  -7.594  55.998 0.0000000000
22245  -41.066  -7.197  54.133 0.0000000000
22246  -40.097  -7.021  52.555 0.0000000000
22841  -41.129  -6.091  53.246 0.0000000000
22844  -39.549  -5.908  50.199 0.0000000000
70860  2.866  -44.443  73.913 0.0000000000
70861  2.308  -44.355  73.864 0.0000000000
72493  2.693  -42.267  75.724 0.0000000000
72498  0.605  -42.045  75.395 0.0000000000
72518  0.390  -42.418  73.817 0.0000000000
73359  1.137  -41.722  76.271 0.0000000000
73364  0.366  -41.415  76.181 0.0000000000
73405  -0.396  -41.029  73.756 0.0000000000
74151  -0.516  -40.939  75.871 0.0000000000
74162  -1.312  -39.947  75.415 0.0000000000
74164  -0.923  -40.227  74.339 0.0000000000
75012  -0.556  -39.995  77.216 0.0000000000
75752  -0.851  -38.974  78.352 0.0000000000
75776  -2.601  -38.227  76.397 0.0000000000
77396  -3.270  -36.548  73.950 0.0000000000
77414  -4.262  -36.003  72.381 0.0000000000
78164  -6.189  -35.593  77.552 0.0000000000
78204  -5.656  -35.478  76.165 0.0000000000
78236  -4.585  -35.598  73.456 0.0000000000
78286  -6.170  -35.165  71.749 0.0000000000
78290  -10.113  -34.570  70.903 0.0000000000
79202  -10.681  -34.405  71.892 0.0000000000
79216  -11.788  -33.998  71.870 0.0000000000
79239  -10.460  -34.527  70.571 0.0000000000
79256  -11.986  -34.028  70.270 0.0000000000
80133  -13.636  -32.816  69.128 0.0000000000
80960  -11.984  -31.935  73.643 0.0000000000
80969  -12.281  -31.626  73.106 0.0000000000
80970  -12.808  -31.541  72.288 0.0000000000
81900  -14.512  -31.034  69.068 0.0000000000
84755  -25.484  -27.522  61.387 0.0000000000
85657  -23.951  -26.894  61.551 0.0000000000
85659  -25.162  -27.054  61.995 0.0000000000
86547  -28.946  -25.167  63.737 0.0000000000
86565  -26.666  -26.765  63.138 0.0000000000
87489  -16.834  -25.005  67.787 0.0000000000
87494  -30.290  -25.138  67.978 0.0000000000
87495  -29.999  -25.189  67.160 0.0000000000
87586  -22.184  -25.320  62.461 0.0000000000
88478  -17.186  -23.603  68.548 0.0000000000
88524  -17.736  -23.756  65.974 0.0000000000
88529  -30.110  -23.846  65.197 0.0000000000
88598  -25.497  -24.058  59.447 0.0000000000
92169  -27.185  -19.965  67.197 0.0000000000
92216  -26.224  -19.734  64.081 0.0000000000
94119  -26.210  -17.734  60.846 0.0000000000
95954  -33.270  -16.348  58.752 0.0000000000
95971  -31.047  -16.526  57.366 0.0000000000
95984  -32.820  -16.307  57.379 0.0000000000
95991  -31.932  -16.103  56.651 0.0000000000
96903  -34.157  -15.915  57.969 0.0000000000
96913  -33.438  -15.348  57.103 0.0000000000
97716  -35.860  -14.331  58.800 0.0000000000
97739  -33.773  -14.212  57.279 0.0000000000
97741  -33.157  -14.205  56.829 0.0000000000
97747  -32.572  -14.072  56.375 0.0000000000
98511  -33.317  -12.769  57.004 0.0000000000
98532  -31.717  -12.450  55.186 0.0000000000
98558  -30.937  -12.410  52.988 0.0000000000
99164  -31.226  -12.628  54.523 0.0000000000
100611  -37.561  -10.137  52.463 0.0000000000
100624  -34.288  -9.746  53.734 0.0000000000
101454  -35.871  -8.801  55.973 0.0000000000
101461  -35.983  -8.895  55.557 0.0000000000
101466  -38.294  -9.662  54.184 0.0000000000
101483  -35.696  -9.349  54.506 0.0000000000
101484  -35.907  -9.607  53.968 0.0000000000
101486  -36.034  -9.794  53.566 0.0000000000
101498  -39.507  -9.201  53.383 0.0000000000
101499  -38.745  -9.585  52.516 0.0000000000
101501  -39.725  -8.924  53.268 0.0000000000
101502  -39.030  -9.119  52.151 0.0000000000
102310  -36.705  -7.876  58.579 0.0000000000
102317  -36.927  -7.965  57.370 0.0000000000
102318  -36.802  -8.187  56.891 0.0000000000
102320  -37.217  -7.946  57.267 0.0000000000
102321  -40.350  -8.686  55.754 0.0000000000
102328  -36.407  -8.791  55.724 0.0000000000
102331  -39.205  -8.680  56.133 0.0000000000
102332  -40.492  -8.690  55.265 0.0000000000
102333  -40.944  -8.362  55.388 0.0000000000
102345  -40.414  -7.027  53.043 0.0000000000
102368  -39.748  -7.063  51.968 0.0000000000
102377  -38.304  -8.434  49.539 0.0000000000
103124  -37.186  -7.668  58.187 0.0000000000
103135  -37.351  -7.693  57.844 0.0000000000
103141  -40.729  -7.735  57.703 0.0000000000
103200  -38.706  -7.063  49.884 0.0000000000
104090  -39.461  -5.989  50.042 0.0000000000
104939  -40.628  -5.277  48.645 0.0000000000
105815  -42.987  -4.066  49.992 0.0000000000
106655  -44.323  -4.025  54.588 0.0000000000
106677  -45.259  -3.017  52.048 0.0000000000
