#!ascii label  , from subject Yale_0050558 vox2ras=TkReg
624
15197  41.479  -63.825  -1.435 0.0000000000
15198  40.554  -63.251  -1.435 0.0000000000
15208  41.580  -63.940  -1.853 0.0000000000
15209  40.804  -63.337  -1.763 0.0000000000
15221  41.148  -63.451  -2.109 0.0000000000
16078  41.474  -62.856  -0.789 0.0000000000
16079  40.713  -62.564  -0.869 0.0000000000
16098  41.391  -63.332  -0.941 0.0000000000
16099  40.381  -62.770  -1.124 0.0000000000
16100  39.713  -62.328  -1.201 0.0000000000
16113  40.130  -62.610  -1.543 0.0000000000
16114  39.432  -61.966  -1.371 0.0000000000
16115  39.175  -61.740  -1.304 0.0000000000
16127  41.322  -63.157  -2.315 0.0000000000
16128  40.537  -62.633  -2.192 0.0000000000
16129  39.666  -62.084  -1.780 0.0000000000
16130  39.259  -61.847  -1.535 0.0000000000
16142  42.310  -62.734  -2.353 0.0000000000
16143  41.252  -62.643  -2.304 0.0000000000
16958  41.927  -62.032  -1.259 0.0000000000
16959  40.809  -61.843  -1.060 0.0000000000
16960  39.887  -61.682  -0.981 0.0000000000
16961  39.214  -60.898  -0.973 0.0000000000
16962  38.956  -60.361  -0.916 0.0000000000
16977  39.753  -62.161  -1.022 0.0000000000
16978  39.313  -61.668  -1.086 0.0000000000
16979  39.108  -60.688  -0.950 0.0000000000
16985  39.137  -61.841  -1.097 0.0000000000
16986  39.201  -61.334  -1.092 0.0000000000
16994  40.568  -62.065  -2.197 0.0000000000
16995  40.254  -61.591  -2.083 0.0000000000
16996  39.485  -61.165  -1.395 0.0000000000
17008  41.474  -61.610  -2.161 0.0000000000
17009  40.985  -60.641  -2.189 0.0000000000
17813  42.551  -60.958  -1.937 0.0000000000
17814  41.224  -60.776  -1.739 0.0000000000
17815  40.234  -60.579  -1.711 0.0000000000
17816  39.591  -60.241  -1.412 0.0000000000
17817  39.070  -59.804  -1.160 0.0000000000
17818  38.792  -59.347  -1.056 0.0000000000
17834  38.772  -59.990  -1.032 0.0000000000
17835  38.681  -59.536  -1.021 0.0000000000
17847  38.901  -60.304  -1.129 0.0000000000
17848  39.082  -59.247  -1.172 0.0000000000
17857  40.310  -60.098  -1.740 0.0000000000
17858  39.557  -59.593  -1.427 0.0000000000
17859  39.331  -58.923  -1.262 0.0000000000
17872  43.267  -59.863  -2.464 0.0000000000
17873  41.811  -59.998  -2.146 0.0000000000
17874  41.055  -59.844  -2.202 0.0000000000
18744  41.846  -59.967  -1.945 0.0000000000
18745  40.699  -59.764  -1.965 0.0000000000
18746  40.036  -59.558  -1.543 0.0000000000
18747  39.357  -59.291  -1.253 0.0000000000
18748  38.854  -58.944  -1.011 0.0000000000
18749  38.566  -58.524  -0.823 0.0000000000
18750  38.358  -57.998  -0.731 0.0000000000
18761  38.782  -58.637  -1.073 0.0000000000
18762  38.528  -58.175  -0.859 0.0000000000
18770  39.134  -58.495  -1.081 0.0000000000
18771  38.846  -58.182  -0.843 0.0000000000
18782  40.836  -59.014  -2.061 0.0000000000
18783  40.134  -58.912  -1.572 0.0000000000
18784  39.644  -58.621  -1.318 0.0000000000
18796  42.995  -59.082  -3.256 0.0000000000
18797  42.351  -59.112  -3.034 0.0000000000
18798  41.512  -59.054  -2.677 0.0000000000
19749  40.976  -58.096  -1.456 0.0000000000
19750  40.006  -57.956  -1.357 0.0000000000
19751  39.234  -57.915  -0.850 0.0000000000
19752  38.509  -57.794  -0.631 0.0000000000
19753  38.049  -57.507  -0.402 0.0000000000
19754  37.791  -57.344  -0.294 0.0000000000
19770  42.536  -59.184  -1.723 0.0000000000
19771  41.298  -59.049  -1.746 0.0000000000
19772  40.365  -58.843  -1.669 0.0000000000
19773  39.679  -58.674  -1.304 0.0000000000
19774  38.961  -58.499  -0.963 0.0000000000
19775  38.456  -58.141  -0.795 0.0000000000
19776  38.159  -57.536  -0.631 0.0000000000
19786  38.051  -57.640  -0.997 0.0000000000
19795  38.779  -57.862  -1.155 0.0000000000
19796  38.344  -57.762  -1.072 0.0000000000
19806  40.562  -58.068  -2.070 0.0000000000
19807  40.023  -57.991  -1.506 0.0000000000
19808  39.394  -57.867  -1.315 0.0000000000
19818  42.972  -58.343  -3.673 0.0000000000
19819  42.134  -58.048  -3.341 0.0000000000
19820  41.316  -57.952  -2.745 0.0000000000
19849  42.184  -56.347  -7.472 0.0000000000
19850  41.484  -56.457  -7.305 0.0000000000
19851  40.744  -56.706  -7.631 0.0000000000
19852  40.350  -56.913  -7.628 0.0000000000
19869  40.233  -57.404  -7.850 0.0000000000
19870  40.056  -57.667  -7.939 0.0000000000
19878  40.094  -58.437  -8.061 0.0000000000
19886  40.175  -59.345  -8.589 0.0000000000
19887  40.157  -59.023  -8.268 0.0000000000
19895  40.550  -59.586  -8.908 0.0000000000
19896  40.351  -59.753  -8.923 0.0000000000
19907  40.281  -59.988  -9.892 0.0000000000
19916  40.768  -60.828  -11.555 0.0000000000
20744  38.795  -56.637  0.259 0.0000000000
20745  38.524  -56.727  0.256 0.0000000000
20746  38.100  -56.864  0.279 0.0000000000
20757  42.178  -57.260  -0.827 0.0000000000
20758  40.814  -57.191  -0.575 0.0000000000
20759  39.790  -57.213  -0.353 0.0000000000
20760  38.893  -57.103  -0.073 0.0000000000
20761  38.190  -57.231  -0.034 0.0000000000
20762  37.737  -57.113  0.002 0.0000000000
20763  37.389  -57.091  -0.078 0.0000000000
20780  41.984  -58.376  -1.390 0.0000000000
20781  37.604  -57.065  -0.277 0.0000000000
20782  37.438  -57.210  -0.209 0.0000000000
20795  37.701  -57.134  -0.929 0.0000000000
20806  38.297  -57.376  -1.356 0.0000000000
20807  37.961  -57.165  -1.298 0.0000000000
20817  40.257  -57.303  -2.304 0.0000000000
20818  39.773  -56.809  -2.094 0.0000000000
20819  38.758  -57.082  -1.606 0.0000000000
20820  38.225  -57.033  -1.463 0.0000000000
20830  42.822  -57.111  -4.076 0.0000000000
20831  42.090  -56.455  -3.418 0.0000000000
20832  40.959  -57.006  -2.720 0.0000000000
20833  40.529  -56.518  -2.594 0.0000000000
20842  43.175  -56.483  -4.862 0.0000000000
20843  42.700  -56.226  -4.189 0.0000000000
20856  42.895  -56.421  -6.334 0.0000000000
20857  41.807  -55.746  -6.769 0.0000000000
20858  41.120  -55.792  -7.095 0.0000000000
20859  40.694  -56.128  -7.324 0.0000000000
20860  40.322  -56.653  -7.578 0.0000000000
20873  40.191  -57.411  -7.867 0.0000000000
20881  40.437  -57.874  -8.059 0.0000000000
20882  40.226  -57.800  -8.020 0.0000000000
20887  40.671  -58.524  -8.261 0.0000000000
20888  40.458  -58.560  -8.156 0.0000000000
20889  40.299  -58.758  -8.187 0.0000000000
20899  41.049  -58.809  -8.736 0.0000000000
20900  40.790  -58.961  -8.676 0.0000000000
20901  40.457  -59.172  -8.723 0.0000000000
20913  41.080  -58.961  -9.219 0.0000000000
20914  40.706  -59.471  -9.821 0.0000000000
20920  41.674  -59.522  -11.274 0.0000000000
20921  41.185  -59.532  -10.790 0.0000000000
20922  40.568  -60.104  -10.651 0.0000000000
20931  42.001  -60.488  -11.822 0.0000000000
20932  41.332  -60.972  -11.874 0.0000000000
21754  41.080  -55.125  0.366 0.0000000000
21755  40.088  -55.430  0.350 0.0000000000
21756  39.105  -56.065  0.400 0.0000000000
21757  38.481  -56.257  0.371 0.0000000000
21758  38.044  -56.600  0.252 0.0000000000
21769  42.911  -56.144  0.014 0.0000000000
21770  41.644  -56.051  -0.120 0.0000000000
21771  40.474  -56.289  0.071 0.0000000000
21772  39.531  -56.489  0.201 0.0000000000
21773  39.036  -56.582  0.232 0.0000000000
21774  37.725  -56.668  0.027 0.0000000000
21775  37.467  -56.869  -0.034 0.0000000000
21787  37.565  -56.693  -0.190 0.0000000000
21788  37.385  -57.072  -0.132 0.0000000000
21804  37.542  -56.588  -0.723 0.0000000000
21814  37.873  -56.579  -1.210 0.0000000000
21820  40.066  -55.761  -2.247 0.0000000000
21821  39.306  -56.202  -1.926 0.0000000000
21822  38.412  -56.549  -1.532 0.0000000000
21828  41.804  -55.683  -3.635 0.0000000000
21829  41.386  -55.751  -2.995 0.0000000000
21830  40.687  -55.673  -2.498 0.0000000000
21837  42.708  -56.062  -4.568 0.0000000000
21838  42.185  -55.800  -4.342 0.0000000000
21850  42.777  -55.814  -4.981 0.0000000000
21851  42.017  -55.479  -5.312 0.0000000000
21852  41.370  -55.336  -6.090 0.0000000000
21853  40.982  -55.337  -6.722 0.0000000000
21854  40.639  -55.771  -7.068 0.0000000000
21864  40.387  -56.466  -7.555 0.0000000000
21873  40.497  -57.096  -8.015 0.0000000000
21874  40.357  -56.740  -7.840 0.0000000000
21880  40.827  -57.953  -8.123 0.0000000000
21881  40.654  -57.586  -8.142 0.0000000000
21890  41.256  -58.357  -8.604 0.0000000000
21891  40.940  -58.213  -8.433 0.0000000000
21902  41.830  -58.334  -9.986 0.0000000000
21903  41.561  -58.584  -9.330 0.0000000000
21910  42.599  -58.761  -11.383 0.0000000000
21911  41.964  -58.865  -11.002 0.0000000000
21912  41.577  -58.766  -10.314 0.0000000000
21926  42.412  -59.527  -11.533 0.0000000000
22770  40.179  -54.136  1.151 0.0000000000
22771  39.581  -54.549  1.031 0.0000000000
22772  39.036  -54.694  0.684 0.0000000000
22773  38.935  -54.909  0.604 0.0000000000
22796  40.553  -54.517  0.768 0.0000000000
22797  39.752  -54.820  0.495 0.0000000000
22798  39.029  -55.220  0.476 0.0000000000
22799  38.423  -55.559  0.234 0.0000000000
22800  38.299  -55.747  0.119 0.0000000000
22810  37.871  -56.124  -0.036 0.0000000000
22811  38.109  -55.864  0.086 0.0000000000
22814  37.799  -56.051  -0.409 0.0000000000
22815  37.956  -55.861  -0.059 0.0000000000
22826  37.989  -56.053  -1.015 0.0000000000
22835  38.500  -56.017  -1.404 0.0000000000
22842  40.475  -55.407  -2.530 0.0000000000
22843  40.110  -55.374  -2.098 0.0000000000
22844  39.184  -55.817  -1.796 0.0000000000
22851  41.785  -55.372  -4.074 0.0000000000
22852  41.438  -55.398  -3.642 0.0000000000
22853  41.016  -55.254  -3.039 0.0000000000
22854  40.499  -55.378  -2.811 0.0000000000
22861  54.272  -58.508  -4.215 0.0000000000
22862  54.107  -58.679  -4.145 0.0000000000
22863  53.631  -59.148  -3.947 0.0000000000
22864  52.888  -59.637  -4.004 0.0000000000
22865  41.908  -55.202  -4.525 0.0000000000
22866  41.527  -55.003  -4.380 0.0000000000
22867  41.426  -54.697  -4.661 0.0000000000
22878  54.144  -58.509  -4.418 0.0000000000
22879  53.815  -58.683  -4.514 0.0000000000
22880  53.221  -59.177  -4.609 0.0000000000
22881  52.309  -59.595  -5.007 0.0000000000
22882  41.845  -55.018  -4.736 0.0000000000
22883  41.552  -55.001  -5.065 0.0000000000
22884  41.146  -54.889  -5.481 0.0000000000
22885  40.837  -54.993  -6.258 0.0000000000
22896  53.505  -58.689  -4.989 0.0000000000
22897  53.006  -58.989  -5.380 0.0000000000
22898  52.408  -59.211  -5.776 0.0000000000
22899  40.560  -55.323  -6.779 0.0000000000
22907  40.678  -56.131  -7.358 0.0000000000
22908  40.485  -55.851  -7.345 0.0000000000
22915  41.630  -56.525  -7.857 0.0000000000
22916  41.277  -56.873  -7.934 0.0000000000
22917  40.895  -56.707  -7.946 0.0000000000
22927  42.009  -57.036  -8.100 0.0000000000
22928  41.690  -57.253  -8.147 0.0000000000
22929  41.100  -57.618  -8.381 0.0000000000
22941  42.673  -57.323  -9.258 0.0000000000
22942  42.201  -57.724  -8.885 0.0000000000
22943  41.695  -58.033  -8.613 0.0000000000
22951  43.582  -57.505  -10.657 0.0000000000
22952  42.842  -57.881  -10.452 0.0000000000
22953  42.199  -58.160  -10.127 0.0000000000
22962  46.225  -59.365  -10.478 0.0000000000
22963  44.825  -59.215  -10.350 0.0000000000
22964  43.546  -58.565  -11.009 0.0000000000
22965  42.931  -58.576  -11.343 0.0000000000
23883  39.841  -53.658  1.483 0.0000000000
23884  39.420  -54.056  1.338 0.0000000000
23885  39.086  -54.407  1.063 0.0000000000
23910  38.715  -54.907  0.659 0.0000000000
23911  38.557  -55.391  0.308 0.0000000000
23917  38.461  -55.415  0.296 0.0000000000
23918  38.453  -55.609  0.163 0.0000000000
23925  38.382  -55.697  -0.086 0.0000000000
23926  38.286  -55.730  0.135 0.0000000000
23940  38.379  -55.686  -0.686 0.0000000000
23955  38.756  -55.664  -1.196 0.0000000000
23961  39.841  -55.379  -1.973 0.0000000000
23962  39.423  -55.570  -1.654 0.0000000000
23970  41.118  -55.055  -3.949 0.0000000000
23971  40.744  -54.846  -3.456 0.0000000000
23972  40.283  -55.136  -2.653 0.0000000000
23973  39.908  -55.317  -2.213 0.0000000000
23980  54.460  -58.346  -4.199 0.0000000000
23981  54.134  -58.773  -3.938 0.0000000000
23982  53.208  -59.517  -3.379 0.0000000000
23983  51.685  -59.996  -3.993 0.0000000000
23984  49.921  -60.162  -4.044 0.0000000000
23985  48.867  -59.695  -4.222 0.0000000000
23986  41.337  -54.722  -4.338 0.0000000000
23987  41.129  -54.583  -4.373 0.0000000000
23997  54.219  -58.354  -4.624 0.0000000000
23998  53.895  -58.435  -4.949 0.0000000000
23999  51.420  -60.050  -5.177 0.0000000000
24000  50.215  -60.289  -5.479 0.0000000000
24001  48.653  -60.057  -5.110 0.0000000000
24002  40.846  -54.638  -5.136 0.0000000000
24003  40.622  -54.671  -5.785 0.0000000000
24015  54.212  -58.185  -5.039 0.0000000000
24016  53.671  -58.354  -5.508 0.0000000000
24017  52.801  -58.670  -6.201 0.0000000000
24018  51.517  -59.482  -6.382 0.0000000000
24019  49.922  -59.939  -7.084 0.0000000000
24020  40.587  -54.818  -6.319 0.0000000000
24028  41.379  -55.366  -6.897 0.0000000000
24029  41.097  -55.506  -7.221 0.0000000000
24030  40.693  -55.159  -6.739 0.0000000000
24038  42.126  -56.213  -7.339 0.0000000000
24039  41.878  -56.333  -7.641 0.0000000000
24040  41.477  -55.887  -7.494 0.0000000000
24041  41.228  -56.383  -7.431 0.0000000000
24052  42.711  -56.132  -8.402 0.0000000000
24053  42.385  -56.646  -8.006 0.0000000000
24054  42.024  -56.870  -7.804 0.0000000000
24065  43.753  -56.183  -9.298 0.0000000000
24066  43.138  -56.700  -9.090 0.0000000000
24067  42.645  -57.176  -8.648 0.0000000000
24075  45.704  -56.530  -10.407 0.0000000000
24076  45.176  -56.692  -10.410 0.0000000000
24077  44.100  -56.756  -10.079 0.0000000000
24078  43.444  -57.227  -10.077 0.0000000000
24088  46.444  -57.602  -10.392 0.0000000000
24089  45.117  -57.795  -10.478 0.0000000000
24090  44.154  -57.792  -10.728 0.0000000000
25001  39.647  -53.254  1.769 0.0000000000
25002  39.377  -53.669  1.652 0.0000000000
25003  39.093  -53.967  1.438 0.0000000000
25021  38.855  -54.498  1.065 0.0000000000
25022  38.634  -55.053  0.534 0.0000000000
25033  38.653  -54.853  0.670 0.0000000000
25034  38.645  -55.267  0.374 0.0000000000
25043  39.228  -55.089  0.473 0.0000000000
25044  38.906  -55.165  0.342 0.0000000000
25054  39.343  -55.342  -0.054 0.0000000000
25055  38.829  -55.488  -0.241 0.0000000000
25070  39.612  -55.370  -0.734 0.0000000000
25071  39.313  -55.427  -0.836 0.0000000000
25082  39.763  -55.170  -2.138 0.0000000000
25083  39.580  -55.435  -1.440 0.0000000000
25094  48.151  -58.179  -2.960 0.0000000000
25095  46.477  -58.020  -3.494 0.0000000000
25096  45.559  -57.848  -3.689 0.0000000000
25097  40.496  -54.573  -3.403 0.0000000000
25098  40.076  -54.989  -2.893 0.0000000000
25099  39.770  -55.335  -1.982 0.0000000000
25107  52.153  -59.677  -3.056 0.0000000000
25108  50.970  -59.632  -3.014 0.0000000000
25109  49.268  -59.403  -3.315 0.0000000000
25110  47.572  -59.095  -4.343 0.0000000000
25111  45.990  -58.406  -4.439 0.0000000000
25112  40.838  -54.287  -4.195 0.0000000000
25113  40.550  -54.247  -3.809 0.0000000000
25120  54.654  -57.954  -4.603 0.0000000000
25121  48.639  -60.078  -6.581 0.0000000000
25122  47.337  -59.287  -5.938 0.0000000000
25123  46.513  -58.885  -5.160 0.0000000000
25124  40.630  -54.493  -4.988 0.0000000000
25125  40.434  -54.257  -4.997 0.0000000000
25136  54.434  -57.814  -5.444 0.0000000000
25137  53.774  -57.828  -6.435 0.0000000000
25138  52.463  -58.198  -7.499 0.0000000000
25139  50.624  -58.921  -8.225 0.0000000000
25140  48.837  -59.379  -7.982 0.0000000000
25141  47.710  -59.398  -7.259 0.0000000000
25142  40.708  -54.637  -5.933 0.0000000000
25143  40.503  -54.415  -5.829 0.0000000000
25151  41.418  -55.116  -6.715 0.0000000000
25152  41.363  -55.309  -6.667 0.0000000000
25153  41.066  -54.877  -6.417 0.0000000000
25154  40.839  -54.785  -6.415 0.0000000000
25161  42.209  -55.821  -7.388 0.0000000000
25162  41.683  -55.421  -7.067 0.0000000000
25163  41.530  -55.696  -7.275 0.0000000000
25175  42.955  -55.793  -8.435 0.0000000000
25176  42.516  -55.547  -7.952 0.0000000000
25187  44.825  -55.445  -9.462 0.0000000000
25188  44.372  -55.727  -9.375 0.0000000000
25189  43.531  -55.641  -8.731 0.0000000000
25196  46.124  -56.292  -10.450 0.0000000000
25197  45.261  -55.749  -9.932 0.0000000000
25198  44.725  -56.226  -9.884 0.0000000000
25209  47.192  -56.660  -10.535 0.0000000000
26072  39.505  -52.809  2.283 0.0000000000
26073  39.200  -53.452  1.895 0.0000000000
26074  38.967  -53.821  1.603 0.0000000000
26090  38.700  -54.197  1.364 0.0000000000
26111  39.310  -54.230  1.043 0.0000000000
26112  38.946  -54.469  0.846 0.0000000000
26123  39.828  -54.671  0.564 0.0000000000
26124  39.508  -54.657  0.687 0.0000000000
26125  39.347  -54.853  0.692 0.0000000000
26126  39.087  -54.810  0.600 0.0000000000
26138  39.914  -55.031  0.454 0.0000000000
26139  39.745  -55.128  0.291 0.0000000000
26140  39.613  -55.225  0.127 0.0000000000
26154  42.929  -56.077  -1.379 0.0000000000
26155  42.673  -55.981  -1.369 0.0000000000
26156  42.210  -55.773  -1.249 0.0000000000
26157  39.910  -55.076  -0.048 0.0000000000
26158  39.849  -55.238  -0.596 0.0000000000
26159  39.838  -55.306  -0.940 0.0000000000
26160  39.841  -55.242  -1.118 0.0000000000
26175  44.819  -56.708  -2.096 0.0000000000
26176  44.307  -56.547  -2.087 0.0000000000
26177  43.156  -56.248  -1.828 0.0000000000
26178  42.148  -56.156  -2.287 0.0000000000
26179  41.750  -55.756  -1.787 0.0000000000
26180  39.836  -54.842  -1.794 0.0000000000
26181  39.844  -55.191  -1.387 0.0000000000
26192  46.919  -57.079  -2.626 0.0000000000
26193  45.203  -57.161  -2.652 0.0000000000
26194  43.694  -56.861  -3.209 0.0000000000
26195  42.552  -56.463  -3.155 0.0000000000
26196  41.912  -56.165  -3.251 0.0000000000
26197  39.947  -54.681  -2.784 0.0000000000
26204  44.806  -57.509  -4.217 0.0000000000
26205  43.614  -56.923  -4.353 0.0000000000
26206  40.011  -54.337  -3.663 0.0000000000
26217  47.124  -58.367  -6.959 0.0000000000
26218  45.936  -57.832  -5.793 0.0000000000
26219  40.004  -53.778  -4.358 0.0000000000
26237  40.274  -54.115  -5.549 0.0000000000
26238  39.918  -53.792  -5.110 0.0000000000
26249  41.453  -54.166  -6.844 0.0000000000
26250  41.190  -54.567  -6.572 0.0000000000
26251  40.813  -54.466  -6.195 0.0000000000
26252  40.635  -54.424  -5.861 0.0000000000
26259  42.478  -54.401  -7.621 0.0000000000
26260  41.982  -54.832  -7.381 0.0000000000
26261  41.536  -54.719  -6.992 0.0000000000
26272  43.583  -54.525  -8.262 0.0000000000
26273  42.951  -54.964  -8.168 0.0000000000
26274  42.436  -54.912  -7.797 0.0000000000
26286  44.891  -54.930  -9.167 0.0000000000
26287  44.030  -55.010  -8.708 0.0000000000
26288  43.518  -55.031  -8.430 0.0000000000
26298  46.295  -55.226  -10.258 0.0000000000
26299  45.498  -55.038  -9.671 0.0000000000
26308  47.436  -55.725  -10.777 0.0000000000
27114  39.126  -52.925  2.203 0.0000000000
27115  38.979  -53.353  1.864 0.0000000000
27126  39.062  -53.146  2.031 0.0000000000
27127  39.083  -53.552  1.765 0.0000000000
27151  39.156  -53.836  1.544 0.0000000000
27152  38.964  -53.763  1.586 0.0000000000
27161  39.872  -54.379  0.904 0.0000000000
27162  39.633  -54.201  1.160 0.0000000000
27163  39.288  -53.972  1.342 0.0000000000
27175  41.636  -55.036  0.156 0.0000000000
27176  41.294  -55.035  0.200 0.0000000000
27177  40.711  -54.968  0.392 0.0000000000
27178  40.121  -54.774  0.520 0.0000000000
27187  43.014  -55.788  -1.002 0.0000000000
27188  42.632  -55.722  -0.446 0.0000000000
27189  41.799  -55.481  -0.183 0.0000000000
27190  40.885  -55.316  -1.061 0.0000000000
27191  40.361  -55.240  -0.949 0.0000000000
27192  40.057  -55.220  -1.145 0.0000000000
27193  39.893  -55.193  -1.918 0.0000000000
27194  39.953  -54.882  -2.308 0.0000000000
27208  46.383  -55.665  -1.410 0.0000000000
27209  45.086  -56.248  -1.600 0.0000000000
27210  44.126  -55.804  -1.233 0.0000000000
27211  43.548  -55.586  -0.761 0.0000000000
27212  41.467  -55.954  -2.890 0.0000000000
27213  41.160  -55.484  -2.159 0.0000000000
27214  40.584  -55.366  -2.443 0.0000000000
27215  39.866  -54.479  -2.871 0.0000000000
27227  47.188  -56.256  -2.056 0.0000000000
27228  45.914  -56.642  -2.025 0.0000000000
27229  45.344  -56.770  -2.028 0.0000000000
27230  42.895  -56.621  -3.971 0.0000000000
27231  42.261  -56.006  -3.975 0.0000000000
27232  41.748  -55.552  -3.578 0.0000000000
27233  39.864  -53.994  -3.566 0.0000000000
27241  44.220  -56.969  -5.388 0.0000000000
27242  43.133  -55.899  -4.910 0.0000000000
27243  42.266  -55.591  -4.562 0.0000000000
27244  39.672  -53.401  -4.120 0.0000000000
27257  44.058  -56.024  -5.829 0.0000000000
27258  39.153  -52.998  -5.029 0.0000000000
27259  39.415  -53.348  -4.765 0.0000000000
27276  40.128  -53.041  -5.949 0.0000000000
27277  39.768  -53.168  -5.691 0.0000000000
27278  39.641  -53.384  -5.367 0.0000000000
27279  39.437  -53.338  -5.091 0.0000000000
27292  41.389  -53.438  -6.632 0.0000000000
27293  40.824  -53.610  -6.388 0.0000000000
27294  40.444  -53.733  -6.091 0.0000000000
27295  40.212  -53.867  -5.795 0.0000000000
27303  42.641  -53.711  -7.377 0.0000000000
27304  41.956  -53.947  -7.152 0.0000000000
27315  44.291  -53.561  -8.493 0.0000000000
27316  43.874  -53.870  -7.878 0.0000000000
27317  43.069  -54.125  -7.880 0.0000000000
27329  45.728  -53.491  -9.390 0.0000000000
27330  45.067  -53.980  -8.826 0.0000000000
27331  44.387  -54.312  -8.395 0.0000000000
27341  47.033  -53.337  -10.597 0.0000000000
27342  46.370  -53.903  -10.052 0.0000000000
27343  45.570  -54.369  -9.569 0.0000000000
27353  47.236  -54.466  -10.594 0.0000000000
28164  39.056  -52.215  2.775 0.0000000000
28179  39.028  -52.692  2.236 0.0000000000
28180  39.091  -53.354  1.899 0.0000000000
28206  39.007  -53.153  2.002 0.0000000000
28207  39.182  -53.509  1.808 0.0000000000
28220  40.094  -53.803  1.374 0.0000000000
28221  39.877  -53.910  1.286 0.0000000000
28222  39.373  -53.357  1.785 0.0000000000
28223  38.938  -52.695  1.840 0.0000000000
28239  41.613  -54.668  0.545 0.0000000000
28240  41.064  -54.371  0.949 0.0000000000
28241  40.324  -53.973  1.217 0.0000000000
28242  40.136  -54.210  1.015 0.0000000000
28251  43.227  -55.191  -0.139 0.0000000000
28252  42.725  -54.894  0.399 0.0000000000
28253  42.072  -54.481  0.966 0.0000000000
28254  40.337  -55.324  -2.115 0.0000000000
28255  40.128  -55.124  -2.281 0.0000000000
28256  40.055  -54.780  -2.654 0.0000000000
28257  39.942  -54.416  -2.977 0.0000000000
28258  39.823  -54.301  -3.085 0.0000000000
28272  45.335  -55.117  -0.795 0.0000000000
28273  44.618  -55.181  -0.740 0.0000000000
28274  44.017  -55.064  -0.487 0.0000000000
28275  43.643  -54.936  -0.271 0.0000000000
28276  41.306  -55.274  -3.335 0.0000000000
28277  40.813  -54.826  -3.075 0.0000000000
28278  40.253  -54.833  -2.962 0.0000000000
28279  40.103  -54.602  -3.201 0.0000000000
28280  40.022  -54.377  -3.260 0.0000000000
28281  39.717  -54.050  -3.432 0.0000000000
28282  39.721  -53.876  -3.747 0.0000000000
28296  41.879  -55.229  -4.243 0.0000000000
28297  41.227  -54.933  -4.097 0.0000000000
28298  41.012  -54.726  -3.753 0.0000000000
28299  39.533  -53.244  -4.013 0.0000000000
28308  43.120  -54.378  -5.723 0.0000000000
28309  42.135  -54.908  -4.983 0.0000000000
28310  41.523  -54.738  -4.527 0.0000000000
28311  38.803  -52.444  -4.400 0.0000000000
28312  39.086  -52.895  -4.261 0.0000000000
28324  39.035  -52.167  -4.994 0.0000000000
28325  38.881  -52.473  -4.841 0.0000000000
28326  39.054  -52.882  -4.614 0.0000000000
28339  40.812  -52.475  -5.895 0.0000000000
28340  40.062  -52.482  -5.668 0.0000000000
28341  39.518  -52.558  -5.464 0.0000000000
28342  39.224  -52.741  -5.257 0.0000000000
28354  42.371  -52.778  -6.632 0.0000000000
28355  41.479  -52.843  -6.408 0.0000000000
28356  40.713  -52.940  -6.186 0.0000000000
28364  43.480  -52.842  -7.388 0.0000000000
28365  42.976  -53.094  -7.234 0.0000000000
28366  42.125  -53.278  -6.883 0.0000000000
28378  44.532  -53.079  -8.265 0.0000000000
28379  43.868  -53.155  -7.736 0.0000000000
28380  43.378  -53.569  -7.507 0.0000000000
28392  45.758  -52.854  -9.343 0.0000000000
28393  44.972  -53.160  -8.993 0.0000000000
28405  47.197  -52.415  -11.040 0.0000000000
28406  46.376  -52.708  -10.202 0.0000000000
29172  38.890  -52.126  2.612 0.0000000000
29186  38.819  -52.200  2.386 0.0000000000
29208  38.713  -52.070  2.036 0.0000000000
29225  39.979  -53.396  1.559 0.0000000000
29261  43.157  -54.073  0.342 0.0000000000
29264  39.886  -54.185  -3.101 0.0000000000
29265  39.742  -54.076  -3.401 0.0000000000
29279  44.758  -54.600  -0.363 0.0000000000
29280  44.227  -54.528  -0.154 0.0000000000
29281  43.737  -54.487  0.008 0.0000000000
29282  43.473  -54.606  -0.018 0.0000000000
29283  40.690  -54.423  -3.631 0.0000000000
29284  40.310  -54.199  -3.547 0.0000000000
29285  39.955  -54.189  -3.685 0.0000000000
29286  39.787  -53.657  -3.676 0.0000000000
29287  39.593  -53.747  -3.703 0.0000000000
29288  39.663  -53.509  -3.839 0.0000000000
29301  41.333  -53.936  -4.356 0.0000000000
29302  40.638  -54.145  -4.036 0.0000000000
29303  40.303  -53.835  -3.912 0.0000000000
29304  39.326  -52.727  -3.671 0.0000000000
29305  39.117  -52.605  -3.784 0.0000000000
29306  39.331  -53.107  -3.775 0.0000000000
29317  42.521  -53.558  -5.489 0.0000000000
29318  41.847  -53.747  -4.791 0.0000000000
29319  38.768  -52.117  -4.077 0.0000000000
29320  38.992  -52.671  -4.037 0.0000000000
29333  39.590  -51.756  -4.787 0.0000000000
29334  39.032  -51.765  -4.642 0.0000000000
29335  38.767  -52.005  -4.523 0.0000000000
29349  40.991  -52.247  -5.633 0.0000000000
29350  40.157  -52.097  -5.335 0.0000000000
29351  39.460  -52.034  -5.154 0.0000000000
29365  43.314  -52.360  -7.157 0.0000000000
29366  42.575  -52.409  -6.550 0.0000000000
29367  41.667  -52.428  -6.203 0.0000000000
29375  44.470  -52.448  -8.245 0.0000000000
29376  43.800  -52.629  -7.608 0.0000000000
29377  43.084  -52.635  -7.090 0.0000000000
29388  44.778  -52.655  -8.871 0.0000000000
29389  44.265  -52.790  -8.109 0.0000000000
29398  45.998  -52.338  -9.731 0.0000000000
29399  45.507  -52.654  -9.118 0.0000000000
29413  47.242  -51.584  -10.983 0.0000000000
29414  46.722  -51.930  -10.127 0.0000000000
30333  40.151  -53.638  -3.787 0.0000000000
30334  40.030  -53.003  -3.644 0.0000000000
30335  39.817  -52.608  -3.571 0.0000000000
30347  41.599  -53.278  -4.532 0.0000000000
30348  41.209  -53.089  -4.248 0.0000000000
30349  40.439  -52.845  -3.832 0.0000000000
30350  39.903  -52.224  -3.615 0.0000000000
30351  39.441  -52.232  -3.640 0.0000000000
30352  39.046  -52.080  -3.678 0.0000000000
30361  42.496  -52.881  -5.939 0.0000000000
30362  41.826  -52.861  -5.036 0.0000000000
30363  40.913  -52.432  -4.506 0.0000000000
30364  40.157  -52.023  -4.075 0.0000000000
30365  39.542  -51.749  -3.855 0.0000000000
30366  39.040  -51.721  -3.784 0.0000000000
30367  38.872  -51.914  -3.829 0.0000000000
30378  42.326  -52.479  -6.019 0.0000000000
30379  41.461  -52.363  -5.311 0.0000000000
30380  40.596  -52.047  -4.769 0.0000000000
30381  39.846  -51.746  -4.408 0.0000000000
30382  39.222  -51.637  -4.213 0.0000000000
30383  38.849  -51.754  -4.126 0.0000000000
30399  42.127  -52.302  -6.083 0.0000000000
30400  41.202  -52.223  -5.464 0.0000000000
30401  40.350  -51.956  -5.025 0.0000000000
30419  42.791  -52.198  -6.659 0.0000000000
30420  41.877  -52.285  -6.074 0.0000000000
30433  43.997  -52.310  -7.849 0.0000000000
30446  45.038  -52.242  -9.120 0.0000000000
30462  46.526  -51.800  -9.986 0.0000000000
30463  45.702  -52.321  -9.296 0.0000000000
30485  47.242  -51.441  -10.298 0.0000000000
