#!ascii label  , from subject Yale_0050568 vox2ras=TkReg
168
85066  46.549  4.282  31.971 0.0000000000
85075  46.317  4.780  31.166 0.0000000000
85084  46.177  5.243  30.548 0.0000000000
85734  46.907  3.985  33.672 0.0000000000
85735  46.041  4.428  33.191 0.0000000000
85742  46.451  4.218  32.766 0.0000000000
85743  45.737  4.651  32.228 0.0000000000
85744  45.213  5.132  31.726 0.0000000000
85751  45.720  5.201  31.126 0.0000000000
85752  45.113  5.602  30.853 0.0000000000
85760  45.006  6.225  29.523 0.0000000000
85768  44.756  6.532  27.935 0.0000000000
86386  47.256  4.289  34.435 0.0000000000
86396  46.274  4.603  33.766 0.0000000000
86397  45.452  4.874  33.055 0.0000000000
86398  44.985  5.225  32.558 0.0000000000
86406  45.153  5.028  32.333 0.0000000000
86407  44.773  5.446  31.822 0.0000000000
86413  44.421  6.086  30.708 0.0000000000
86419  44.017  6.696  29.122 0.0000000000
86420  43.126  6.775  28.204 0.0000000000
86427  43.725  6.620  27.383 0.0000000000
86428  42.559  6.566  26.820 0.0000000000
86442  35.104  3.833  26.723 0.0000000000
87074  48.815  4.569  35.185 0.0000000000
87075  47.981  4.504  34.957 0.0000000000
87076  46.766  4.803  34.258 0.0000000000
87084  45.798  5.104  33.582 0.0000000000
87085  45.054  5.326  32.957 0.0000000000
87086  44.709  5.490  32.386 0.0000000000
87095  44.363  5.900  31.790 0.0000000000
87101  43.651  6.533  30.601 0.0000000000
87102  42.832  6.973  29.690 0.0000000000
87107  43.179  6.907  29.224 0.0000000000
87108  42.170  6.787  28.261 0.0000000000
87109  41.065  6.646  27.557 0.0000000000
87115  41.316  6.442  26.524 0.0000000000
87116  40.144  6.495  26.233 0.0000000000
87117  39.250  5.829  25.932 0.0000000000
87118  38.265  5.406  25.937 0.0000000000
87119  34.221  3.760  26.985 0.0000000000
87120  33.394  4.140  27.032 0.0000000000
87126  37.316  4.744  25.982 0.0000000000
87127  35.946  4.413  26.273 0.0000000000
87128  34.523  4.317  26.429 0.0000000000
87129  33.616  4.659  26.486 0.0000000000
87753  50.015  4.529  35.247 0.0000000000
87754  48.037  4.866  34.805 0.0000000000
87755  47.240  4.922  34.572 0.0000000000
87762  49.228  4.877  34.675 0.0000000000
87763  48.212  5.072  34.557 0.0000000000
87764  46.596  5.365  33.971 0.0000000000
87765  45.172  5.621  33.146 0.0000000000
87766  44.655  5.700  32.556 0.0000000000
87776  45.950  5.958  33.472 0.0000000000
87777  45.246  6.025  33.111 0.0000000000
87778  44.310  6.264  32.147 0.0000000000
87785  43.260  7.006  30.741 0.0000000000
87786  42.059  7.218  29.203 0.0000000000
87787  41.413  7.212  29.025 0.0000000000
87794  41.416  6.821  28.327 0.0000000000
87795  40.515  6.770  27.912 0.0000000000
87796  39.685  6.782  27.199 0.0000000000
87797  32.960  4.669  27.600 0.0000000000
87803  39.630  6.551  26.378 0.0000000000
87804  39.034  5.951  26.457 0.0000000000
87805  37.240  5.335  25.498 0.0000000000
87806  36.307  5.186  25.491 0.0000000000
87807  33.126  4.932  26.900 0.0000000000
87808  32.937  5.068  27.427 0.0000000000
87811  36.592  4.895  25.945 0.0000000000
87812  35.789  4.974  25.915 0.0000000000
87813  34.349  5.023  26.163 0.0000000000
87814  33.412  5.066  26.220 0.0000000000
88443  51.388  4.477  35.165 0.0000000000
88449  50.581  4.545  34.403 0.0000000000
88450  48.496  5.216  34.210 0.0000000000
88451  47.493  5.435  34.150 0.0000000000
88462  48.957  5.210  33.470 0.0000000000
88463  47.000  5.829  33.592 0.0000000000
88464  45.379  6.467  32.883 0.0000000000
88465  44.659  6.414  32.565 0.0000000000
88472  44.767  6.971  32.344 0.0000000000
88473  44.025  6.913  31.840 0.0000000000
88474  42.665  7.453  30.313 0.0000000000
88475  41.863  7.451  29.458 0.0000000000
88481  42.066  7.690  29.955 0.0000000000
88482  41.268  7.399  29.227 0.0000000000
88483  40.070  7.028  28.219 0.0000000000
88488  39.169  6.666  26.801 0.0000000000
88489  37.983  5.422  26.028 0.0000000000
88490  36.554  5.213  25.540 0.0000000000
88491  35.886  5.345  25.432 0.0000000000
88492  33.520  5.739  26.559 0.0000000000
88493  32.971  5.647  27.450 0.0000000000
88498  36.004  5.203  25.672 0.0000000000
88499  35.159  5.277  25.631 0.0000000000
88500  33.728  5.382  25.859 0.0000000000
89128  49.267  5.297  32.573 0.0000000000
89129  47.468  5.980  32.865 0.0000000000
89130  46.347  6.372  33.002 0.0000000000
89140  47.827  6.183  32.074 0.0000000000
89141  45.853  6.887  32.337 0.0000000000
89142  44.247  7.329  31.749 0.0000000000
89143  43.466  7.389  31.213 0.0000000000
89153  48.435  6.102  31.171 0.0000000000
89154  46.580  7.119  31.452 0.0000000000
89155  44.797  7.717  31.386 0.0000000000
89156  43.054  7.782  30.659 0.0000000000
89157  41.270  7.837  29.501 0.0000000000
89158  40.509  7.400  28.929 0.0000000000
89167  40.387  7.946  29.058 0.0000000000
89168  39.753  7.326  28.260 0.0000000000
89169  38.416  5.889  26.433 0.0000000000
89170  37.057  5.301  25.680 0.0000000000
89171  36.284  5.308  25.399 0.0000000000
89172  33.240  6.392  26.324 0.0000000000
89182  37.865  5.490  25.910 0.0000000000
89183  37.001  5.299  25.431 0.0000000000
89184  35.499  5.555  25.223 0.0000000000
89185  33.509  6.123  25.612 0.0000000000
89186  33.135  6.697  26.300 0.0000000000
89811  47.317  7.016  30.500 0.0000000000
89812  45.533  7.948  30.711 0.0000000000
89813  43.811  8.271  30.542 0.0000000000
89814  42.377  8.267  30.064 0.0000000000
89822  48.200  6.622  29.365 0.0000000000
89823  46.269  7.865  29.735 0.0000000000
89824  44.537  8.570  29.982 0.0000000000
89825  42.848  8.718  29.828 0.0000000000
89826  41.213  8.422  29.319 0.0000000000
89827  39.921  7.905  28.559 0.0000000000
89828  39.174  6.984  27.605 0.0000000000
89836  46.886  7.513  28.311 0.0000000000
89837  45.223  8.521  29.116 0.0000000000
89838  43.633  8.985  29.259 0.0000000000
89839  41.963  9.043  29.034 0.0000000000
89840  40.496  8.625  28.497 0.0000000000
89841  39.432  7.547  27.632 0.0000000000
89842  38.523  6.079  26.554 0.0000000000
89843  37.293  5.384  25.491 0.0000000000
89844  35.735  5.808  24.825 0.0000000000
89845  34.131  7.228  25.123 0.0000000000
89846  33.113  7.557  26.389 0.0000000000
89854  46.617  7.556  26.903 0.0000000000
89855  38.905  6.464  26.690 0.0000000000
89856  38.143  5.479  25.773 0.0000000000
89857  36.317  5.737  24.592 0.0000000000
90548  45.527  8.457  28.482 0.0000000000
90549  44.489  8.873  28.509 0.0000000000
90550  42.967  9.213  28.399 0.0000000000
90551  41.391  9.156  28.053 0.0000000000
90552  40.143  8.502  27.547 0.0000000000
90553  39.422  7.499  27.065 0.0000000000
90560  45.498  8.452  27.795 0.0000000000
90561  44.101  8.920  27.608 0.0000000000
90562  42.590  9.156  27.302 0.0000000000
90563  41.124  8.896  26.900 0.0000000000
90564  40.077  7.817  26.671 0.0000000000
90565  39.189  6.215  26.354 0.0000000000
90566  38.668  5.481  25.770 0.0000000000
90575  45.229  8.497  26.774 0.0000000000
90576  43.865  8.809  26.507 0.0000000000
90577  42.414  8.762  26.109 0.0000000000
90578  41.121  8.001  25.946 0.0000000000
90579  40.041  6.462  25.881 0.0000000000
90580  39.070  5.543  25.563 0.0000000000
90581  38.283  5.053  25.329 0.0000000000
