#!ascii label  , from subject Yale_0050566 vox2ras=TkReg
451
7498  -34.658  -60.888  -57.178 0.0000000000
14312  -33.798  -38.563  -51.797 0.0000000000
7460  -24.752  -58.806  -50.154 0.0000000000
11547  -22.744  -49.109  -48.987 0.0000000000
10361  -33.922  -49.531  -51.920 0.0000000000
17463  -31.918  -26.629  -53.413 0.0000000000
15339  -22.764  -34.881  -49.267 0.0000000000
6540  -27.500  -66.189  -54.016 0.0000000000
6538  -20.951  -62.488  -53.771 0.0000000000
7779  -27.094  -58.279  -54.940 0.0000000000
9317  -29.011  -55.576  -52.262 0.0000000000
35187  -36.064  -55.546  -54.144 0.0000000000
12950  -25.718  -41.852  -49.493 0.0000000000
13772  -23.359  -40.137  -47.211 0.0000000000
15092  -27.907  -35.569  -50.472 0.0000000000
16324  -27.140  -29.574  -52.313 0.0000000000
15869  -31.498  -31.283  -53.070 0.0000000000
9017  -25.055  -55.564  -47.349 0.0000000000
11551  -28.241  -47.387  -51.931 0.0000000000
12395  -31.942  -42.759  -49.750 0.0000000000
7465  -34.484  -64.806  -52.397 0.0000000000
8068  -39.259  -59.864  -48.096 0.0000000000
35179  -44.892  -58.958  -53.459 0.0000000000
10121  -40.965  -50.530  -53.811 0.0000000000
10930  -37.418  -46.098  -49.728 0.0000000000
14583  -36.642  -36.072  -48.511 0.0000000000
16060  -34.356  -28.921  -48.736 0.0000000000
18614  -30.655  -20.871  -54.389 0.0000000000
7192  -32.173  -63.823  -55.402 0.0000000000
6892  -27.397  -60.930  -55.530 0.0000000000
7794  -32.893  -59.892  -56.881 0.0000000000
8089  -35.062  -57.246  -55.240 0.0000000000
35190  -38.418  -57.723  -55.740 0.0000000000
13783  -29.817  -40.087  -52.612 0.0000000000
14036  -27.431  -38.255  -51.453 0.0000000000
14592  -30.246  -36.415  -51.367 0.0000000000
15611  -29.632  -33.406  -52.797 0.0000000000
15099  -32.448  -34.596  -52.439 0.0000000000
6877  -22.993  -60.500  -52.460 0.0000000000
10117  -32.710  -50.305  -51.907 0.0000000000
9858  -29.247  -53.178  -51.886 0.0000000000
11553  -31.048  -46.484  -51.755 0.0000000000
12149  -28.519  -45.475  -51.878 0.0000000000
11872  -31.649  -45.292  -51.127 0.0000000000
5949  -26.497  -67.288  -49.560 0.0000000000
7167  -33.042  -63.875  -47.865 0.0000000000
7782  -43.715  -60.640  -50.927 0.0000000000
10354  -39.628  -49.047  -51.211 0.0000000000
14571  -34.659  -39.098  -46.844 0.0000000000
11867  -21.835  -47.853  -46.619 0.0000000000
14580  -23.475  -37.911  -47.687 0.0000000000
13769  -22.304  -40.081  -45.411 0.0000000000
16833  -29.524  -28.383  -52.849 0.0000000000
17163  -27.434  -27.127  -52.802 0.0000000000
17712  -27.359  -24.487  -52.961 0.0000000000
18164  -31.228  -22.758  -53.688 0.0000000000
5008  -20.461  -68.235  -52.975 0.0000000000
5005  -17.169  -66.740  -53.797 0.0000000000
6548  -24.036  -65.211  -55.115 0.0000000000
6891  -25.026  -60.887  -54.930 0.0000000000
7767  -26.240  -57.829  -53.538 0.0000000000
8070  -26.395  -57.590  -50.707 0.0000000000
8073  -31.638  -57.690  -52.789 0.0000000000
35193  -33.658  -56.083  -52.299 0.0000000000
10118  -34.590  -50.782  -52.531 0.0000000000
12400  -24.164  -43.663  -50.591 0.0000000000
12397  -21.247  -44.795  -49.114 0.0000000000
13489  -24.804  -40.400  -48.930 0.0000000000
14299  -24.972  -38.025  -48.481 0.0000000000
15340  -25.290  -34.568  -50.189 0.0000000000
15867  -25.078  -31.838  -51.343 0.0000000000
15610  -25.992  -33.116  -51.612 0.0000000000
16078  -30.235  -29.720  -52.691 0.0000000000
16317  -30.837  -28.911  -52.592 0.0000000000
10097  -25.473  -52.754  -48.028 0.0000000000
9312  -25.972  -54.727  -50.211 0.0000000000
10360  -25.879  -52.457  -49.682 0.0000000000
11246  -24.362  -49.236  -50.133 0.0000000000
12148  -26.687  -45.020  -51.654 0.0000000000
12396  -29.315  -42.898  -50.101 0.0000000000
13778  -31.576  -41.021  -51.772 0.0000000000
5648  -23.974  -67.880  -50.606 0.0000000000
6879  -30.263  -66.069  -52.693 0.0000000000
7478  -34.745  -63.552  -55.266 0.0000000000
7168  -35.070  -62.703  -47.458 0.0000000000
7467  -38.478  -63.405  -49.759 0.0000000000
7474  -40.871  -62.992  -53.264 0.0000000000
7796  -41.476  -59.991  -55.709 0.0000000000
35184  -43.296  -56.307  -54.552 0.0000000000
35183  -41.378  -56.690  -55.145 0.0000000000
9863  -39.339  -51.930  -54.851 0.0000000000
10119  -35.994  -50.139  -53.069 0.0000000000
11247  -36.234  -45.847  -50.062 0.0000000000
12145  -35.125  -43.185  -49.520 0.0000000000
12941  -31.566  -41.675  -47.885 0.0000000000
14297  -34.144  -40.165  -49.119 0.0000000000
14310  -35.231  -38.106  -51.116 0.0000000000
15584  -34.717  -32.450  -44.451 0.0000000000
15602  -34.959  -32.149  -48.352 0.0000000000
15350  -35.579  -33.606  -50.872 0.0000000000
16067  -34.169  -29.901  -51.130 0.0000000000
16308  -32.722  -28.607  -50.446 0.0000000000
17708  -34.059  -25.101  -52.813 0.0000000000
18161  -34.528  -23.136  -53.139 0.0000000000
12658  -20.047  -44.104  -46.773 0.0000000000
7491  -32.841  -61.501  -56.808 0.0000000000
7490  -31.775  -62.075  -56.488 0.0000000000
7795  -34.366  -59.894  -57.288 0.0000000000
8093  -36.608  -58.316  -56.476 0.0000000000
7800  -36.099  -59.764  -57.066 0.0000000000
14045  -31.958  -38.846  -52.456 0.0000000000
14309  -30.620  -37.628  -51.713 0.0000000000
14593  -32.586  -37.232  -51.672 0.0000000000
14828  -31.724  -35.891  -51.985 0.0000000000
14833  -33.524  -35.789  -51.690 0.0000000000
6874  -23.212  -60.926  -51.049 0.0000000000
7762  -25.175  -57.964  -49.341 0.0000000000
10933  -32.972  -48.022  -51.489 0.0000000000
11548  -33.899  -45.369  -50.432 0.0000000000
6242  -28.913  -66.034  -48.212 0.0000000000
5941  -31.396  -65.490  -46.973 0.0000000000
10928  -24.473  -50.792  -47.986 0.0000000000
11868  -21.792  -48.284  -48.149 0.0000000000
14826  -22.095  -37.338  -48.320 0.0000000000
14581  -21.608  -38.482  -47.099 0.0000000000
15090  -20.649  -36.509  -48.687 0.0000000000
15606  -21.070  -33.359  -49.299 0.0000000000
17164  -29.952  -26.882  -53.342 0.0000000000
17947  -29.780  -23.383  -53.327 0.0000000000
17713  -31.761  -24.920  -53.672 0.0000000000
6259  -24.801  -67.516  -53.081 0.0000000000
6263  -23.682  -66.841  -54.212 0.0000000000
6544  -25.812  -65.569  -54.985 0.0000000000
7488  -29.298  -59.747  -55.737 0.0000000000
7477  -26.628  -59.222  -55.289 0.0000000000
7471  -25.451  -58.778  -54.259 0.0000000000
7772  -27.730  -57.588  -54.201 0.0000000000
7768  -27.805  -57.443  -52.846 0.0000000000
8080  -30.662  -57.693  -54.082 0.0000000000
8082  -34.448  -57.124  -53.518 0.0000000000
9860  -35.080  -53.878  -53.263 0.0000000000
9859  -33.867  -52.502  -52.617 0.0000000000
12949  -24.100  -42.268  -49.315 0.0000000000
14588  -28.652  -36.571  -50.522 0.0000000000
14303  -26.687  -37.608  -49.984 0.0000000000
14587  -26.954  -36.837  -49.295 0.0000000000
14586  -26.001  -36.277  -48.662 0.0000000000
15345  -27.792  -34.833  -51.439 0.0000000000
15352  -31.177  -33.544  -52.887 0.0000000000
15614  -29.945  -32.264  -52.881 0.0000000000
6261  -20.863  -65.754  -54.956 0.0000000000
5959  -18.085  -64.373  -53.423 0.0000000000
9562  -25.264  -54.071  -47.718 0.0000000000
8702  -28.782  -56.787  -51.470 0.0000000000
8072  -27.473  -57.203  -50.798 0.0000000000
9316  -27.577  -55.201  -51.665 0.0000000000
10606  -30.938  -49.375  -51.259 0.0000000000
10115  -28.661  -51.911  -50.707 0.0000000000
10605  -26.724  -51.257  -49.919 0.0000000000
10932  -26.287  -50.271  -50.067 0.0000000000
11248  -26.410  -48.860  -50.816 0.0000000000
11550  -25.362  -48.011  -51.231 0.0000000000
11874  -26.233  -46.453  -51.952 0.0000000000
12150  -29.762  -43.884  -50.446 0.0000000000
13194  -30.784  -41.769  -50.662 0.0000000000
4716  -21.133  -68.952  -51.761 0.0000000000
7177  -32.195  -65.440  -51.719 0.0000000000
6872  -29.537  -66.031  -50.184 0.0000000000
7189  -33.225  -65.050  -53.902 0.0000000000
7472  -36.607  -64.119  -53.747 0.0000000000
7456  -35.886  -62.110  -46.937 0.0000000000
7763  -37.398  -61.611  -47.856 0.0000000000
7458  -35.999  -63.510  -48.886 0.0000000000
7769  -39.440  -62.199  -48.837 0.0000000000
7781  -42.886  -61.935  -53.135 0.0000000000
7480  -40.896  -61.888  -55.160 0.0000000000
7790  -42.750  -60.710  -54.801 0.0000000000
9866  -43.998  -51.623  -53.867 0.0000000000
9865  -44.506  -52.820  -54.619 0.0000000000
35196  -43.422  -54.410  -54.793 0.0000000000
9871  -41.587  -52.564  -55.369 0.0000000000
35188  -40.300  -54.468  -55.116 0.0000000000
9870  -40.662  -51.355  -55.009 0.0000000000
10593  -38.977  -47.734  -50.298 0.0000000000
10363  -37.232  -49.087  -51.853 0.0000000000
10603  -37.607  -48.210  -50.780 0.0000000000
10362  -35.541  -49.076  -51.748 0.0000000000
10929  -37.267  -47.264  -50.292 0.0000000000
11549  -35.802  -44.412  -49.606 0.0000000000
12139  -34.997  -42.526  -48.812 0.0000000000
12389  -34.192  -42.285  -49.182 0.0000000000
12660  -32.154  -41.590  -46.473 0.0000000000
14576  -35.814  -38.169  -47.159 0.0000000000
14024  -32.797  -39.800  -46.682 0.0000000000
14582  -35.608  -38.947  -49.234 0.0000000000
14304  -34.857  -39.961  -50.794 0.0000000000
16057  -33.965  -29.075  -46.521 0.0000000000
15848  -34.209  -30.830  -46.519 0.0000000000
16059  -34.547  -29.868  -48.296 0.0000000000
15096  -35.784  -34.228  -50.044 0.0000000000
15346  -35.469  -32.218  -50.192 0.0000000000
15612  -34.934  -31.300  -51.243 0.0000000000
15862  -34.679  -30.046  -50.001 0.0000000000
17453  -32.636  -27.360  -51.149 0.0000000000
18372  -33.778  -21.620  -53.521 0.0000000000
12661  -20.813  -42.835  -48.512 0.0000000000
12393  -20.332  -45.180  -47.559 0.0000000000
13187  -20.951  -41.823  -47.294 0.0000000000
13186  -20.903  -41.655  -45.463 0.0000000000
16077  -24.724  -29.810  -51.265 0.0000000000
18613  -28.284  -20.542  -53.040 0.0000000000
6885  -29.835  -64.790  -54.803 0.0000000000
6890  -27.937  -63.657  -55.278 0.0000000000
7197  -30.284  -62.163  -56.028 0.0000000000
7789  -30.746  -59.204  -55.802 0.0000000000
7780  -30.816  -58.364  -55.288 0.0000000000
8081  -33.422  -57.539  -54.736 0.0000000000
8088  -35.221  -57.558  -56.080 0.0000000000
35191  -36.599  -57.409  -55.493 0.0000000000
35189  -36.939  -56.750  -54.905 0.0000000000
13494  -27.521  -41.056  -51.182 0.0000000000
13490  -26.076  -40.993  -49.983 0.0000000000
14307  -29.020  -38.462  -51.979 0.0000000000
14308  -28.349  -37.476  -50.870 0.0000000000
15095  -29.639  -35.198  -51.992 0.0000000000
15353  -32.867  -33.203  -52.640 0.0000000000
6876  -22.153  -61.153  -53.031 0.0000000000
6537  -19.706  -62.691  -52.694 0.0000000000
6530  -20.730  -61.923  -51.820 0.0000000000
9566  -31.245  -53.162  -52.414 0.0000000000
9565  -29.189  -54.424  -52.443 0.0000000000
10116  -30.877  -51.186  -51.600 0.0000000000
11249  -30.338  -47.961  -51.473 0.0000000000
11875  -28.248  -46.457  -52.262 0.0000000000
11552  -30.200  -47.190  -51.934 0.0000000000
12151  -31.276  -44.234  -50.474 0.0000000000
5940  -28.443  -66.737  -48.137 0.0000000000
6524  -30.239  -65.130  -48.175 0.0000000000
7178  -33.569  -64.819  -50.999 0.0000000000
7774  -40.614  -61.440  -48.718 0.0000000000
10122  -41.027  -50.190  -52.365 0.0000000000
10917  -38.009  -46.475  -48.861 0.0000000000
14819  -37.256  -35.700  -46.425 0.0000000000
14028  -23.018  -39.170  -46.995 0.0000000000
13487  -22.100  -40.922  -46.644 0.0000000000
14296  -21.920  -39.155  -45.877 0.0000000000
16545  -26.179  -28.160  -52.078 0.0000000000
17466  -27.371  -25.689  -52.785 0.0000000000
17946  -27.093  -23.169  -52.683 0.0000000000
18160  -29.585  -22.279  -52.963 0.0000000000
5331  -20.021  -67.308  -54.003 0.0000000000
6262  -22.253  -65.801  -55.131 0.0000000000
6266  -21.311  -64.733  -55.010 0.0000000000
6549  -25.560  -63.500  -55.219 0.0000000000
6889  -23.987  -62.168  -54.810 0.0000000000
6883  -22.416  -62.491  -54.444 0.0000000000
7186  -23.494  -61.041  -53.960 0.0000000000
7182  -23.904  -59.597  -52.151 0.0000000000
7183  -24.644  -58.829  -51.705 0.0000000000
7766  -25.713  -58.037  -51.136 0.0000000000
8071  -28.425  -57.518  -51.788 0.0000000000
8409  -31.232  -57.670  -50.679 0.0000000000
8410  -32.777  -57.509  -51.472 0.0000000000
35194  -32.273  -55.635  -52.133 0.0000000000
9856  -33.059  -54.216  -52.456 0.0000000000
12147  -22.443  -45.969  -50.033 0.0000000000
12398  -22.675  -44.393  -50.389 0.0000000000
12948  -22.329  -42.440  -49.259 0.0000000000
13193  -23.151  -41.241  -48.111 0.0000000000
14035  -26.479  -38.504  -50.998 0.0000000000
14032  -25.424  -38.697  -50.064 0.0000000000
14029  -24.199  -39.194  -48.056 0.0000000000
15091  -24.490  -36.108  -48.469 0.0000000000
15607  -23.115  -33.279  -49.963 0.0000000000
15868  -27.445  -31.503  -52.544 0.0000000000
15349  -28.269  -33.241  -52.237 0.0000000000
17157  -31.505  -27.970  -52.986 0.0000000000
10931  -24.072  -50.552  -49.072 0.0000000000
8067  -25.432  -57.085  -49.488 0.0000000000
9313  -25.006  -54.777  -49.038 0.0000000000
9564  -27.307  -54.126  -51.379 0.0000000000
9848  -26.737  -53.208  -50.470 0.0000000000
9841  -25.311  -53.313  -49.258 0.0000000000
10601  -25.008  -51.909  -48.998 0.0000000000
11873  -24.210  -46.907  -51.010 0.0000000000
12399  -24.276  -45.314  -50.984 0.0000000000
12401  -26.827  -43.387  -50.254 0.0000000000
12951  -28.676  -41.953  -50.502 0.0000000000
13491  -29.537  -41.176  -51.834 0.0000000000
13784  -31.483  -40.024  -52.543 0.0000000000
14039  -33.982  -39.485  -51.853 0.0000000000
5956  -22.646  -67.897  -52.219 0.0000000000
6257  -26.905  -67.156  -51.937 0.0000000000
6532  -28.530  -66.685  -51.327 0.0000000000
6878  -29.007  -66.177  -53.373 0.0000000000
7188  -31.279  -65.279  -54.217 0.0000000000
7492  -35.489  -62.208  -56.379 0.0000000000
7169  -37.787  -61.685  -46.752 0.0000000000
6867  -35.571  -62.760  -46.492 0.0000000000
6231  -33.686  -64.067  -46.356 0.0000000000
6243  -31.864  -64.499  -47.001 0.0000000000
7461  -37.170  -64.092  -50.397 0.0000000000
7466  -37.860  -64.034  -51.653 0.0000000000
7773  -41.499  -62.494  -50.688 0.0000000000
7468  -39.769  -63.438  -51.539 0.0000000000
7473  -38.932  -63.471  -53.232 0.0000000000
7479  -38.405  -62.962  -55.064 0.0000000000
7493  -38.242  -62.107  -56.065 0.0000000000
7499  -38.219  -61.069  -56.502 0.0000000000
35185  -44.582  -57.437  -54.016 0.0000000000
35182  -43.281  -58.737  -54.716 0.0000000000
7801  -38.966  -59.257  -56.337 0.0000000000
35186  -39.119  -56.127  -55.161 0.0000000000
9862  -37.745  -53.648  -54.467 0.0000000000
10120  -38.127  -49.915  -53.576 0.0000000000
9861  -35.882  -51.593  -53.452 0.0000000000
11250  -34.448  -46.596  -50.795 0.0000000000
11871  -33.699  -44.150  -50.082 0.0000000000
12146  -33.932  -43.073  -49.709 0.0000000000
12659  -31.510  -42.198  -49.498 0.0000000000
13182  -31.470  -41.159  -46.708 0.0000000000
13484  -31.592  -41.454  -48.820 0.0000000000
13774  -32.448  -41.035  -50.279 0.0000000000
14594  -34.962  -36.682  -51.211 0.0000000000
15331  -35.792  -34.021  -44.739 0.0000000000
15333  -35.526  -33.772  -45.924 0.0000000000
16053  -34.468  -29.807  -44.345 0.0000000000
15334  -34.984  -32.805  -47.029 0.0000000000
15082  -36.714  -34.588  -47.003 0.0000000000
15088  -36.578  -34.780  -48.699 0.0000000000
14589  -35.957  -36.224  -50.048 0.0000000000
15100  -34.723  -34.646  -51.180 0.0000000000
15354  -34.646  -32.995  -51.546 0.0000000000
15870  -33.899  -30.717  -51.716 0.0000000000
16066  -33.943  -29.086  -50.165 0.0000000000
16309  -32.099  -29.161  -51.969 0.0000000000
16539  -31.764  -28.496  -52.069 0.0000000000
17457  -33.015  -26.586  -52.572 0.0000000000
17714  -33.629  -24.699  -53.379 0.0000000000
18162  -33.291  -23.038  -53.765 0.0000000000
18373  -32.070  -21.792  -54.072 0.0000000000
18875  -30.533  -19.696  -55.345 0.0000000000
11869  -21.251  -46.794  -47.945 0.0000000000
12144  -20.770  -46.419  -46.677 0.0000000000
12388  -21.110  -45.811  -45.576 0.0000000000
12940  -20.209  -42.769  -47.124 0.0000000000
12651  -20.651  -44.534  -45.179 0.0000000000
15861  -22.361  -32.029  -49.754 0.0000000000
16544  -23.623  -28.003  -50.737 0.0000000000
7176  -24.408  -59.680  -50.689 0.0000000000
7172  -24.497  -59.917  -49.291 0.0000000000
11543  -23.211  -49.667  -47.754 0.0000000000
6539  -26.064  -66.985  -53.688 0.0000000000
6543  -24.866  -66.472  -54.588 0.0000000000
15608  -26.902  -34.012  -51.681 0.0000000000
15615  -31.959  -32.372  -53.155 0.0000000000
5961  -19.955  -64.283  -54.207 0.0000000000
35177  -44.947  -59.806  -52.424 0.0000000000
35178  -44.035  -60.800  -52.731 0.0000000000
9864  -43.904  -51.901  -54.737 0.0000000000
9869  -42.889  -52.202  -55.252 0.0000000000
35192  -42.193  -54.579  -55.015 0.0000000000
12653  -33.351  -41.701  -45.903 0.0000000000
14578  -36.375  -37.180  -47.877 0.0000000000
18874  -28.820  -20.146  -54.318 0.0000000000
7489  -31.289  -60.637  -56.471 0.0000000000
8087  -34.121  -58.142  -56.252 0.0000000000
13782  -28.750  -40.092  -52.094 0.0000000000
6531  -22.097  -61.425  -51.516 0.0000000000
7173  -31.953  -64.616  -48.967 0.0000000000
7174  -34.882  -64.342  -50.141 0.0000000000
10111  -42.162  -50.421  -52.143 0.0000000000
10353  -40.788  -48.051  -50.274 0.0000000000
10591  -40.106  -47.683  -49.501 0.0000000000
10592  -38.837  -47.032  -49.587 0.0000000000
14577  -36.809  -36.993  -46.347 0.0000000000
14816  -37.173  -36.131  -45.498 0.0000000000
18371  -29.829  -21.492  -53.180 0.0000000000
4717  -18.390  -67.739  -53.807 0.0000000000
5962  -22.354  -67.278  -53.825 0.0000000000
6552  -22.960  -63.652  -55.060 0.0000000000
6546  -27.226  -64.729  -55.040 0.0000000000
8074  -29.632  -57.822  -51.085 0.0000000000
8411  -32.369  -56.862  -51.265 0.0000000000
13777  -26.581  -39.856  -51.177 0.0000000000
6528  -18.350  -63.017  -51.659 0.0000000000
10602  -25.532  -51.796  -47.810 0.0000000000
9024  -27.033  -56.162  -50.879 0.0000000000
8700  -25.436  -55.960  -49.670 0.0000000000
14037  -32.767  -40.503  -51.821 0.0000000000
4995  -21.368  -68.435  -51.739 0.0000000000
6258  -23.838  -67.675  -52.827 0.0000000000
6254  -25.368  -67.489  -51.257 0.0000000000
6880  -30.753  -65.933  -51.340 0.0000000000
6253  -27.528  -66.797  -50.085 0.0000000000
7775  -41.780  -60.759  -48.892 0.0000000000
9867  -45.587  -52.924  -53.616 0.0000000000
35197  -45.216  -55.657  -53.920 0.0000000000
7802  -40.704  -58.240  -55.525 0.0000000000
11545  -36.593  -45.111  -49.590 0.0000000000
12390  -33.576  -41.998  -48.199 0.0000000000
13474  -31.803  -40.153  -44.699 0.0000000000
13481  -31.807  -40.411  -46.936 0.0000000000
15341  -35.659  -33.256  -49.009 0.0000000000
14829  -35.117  -35.783  -50.867 0.0000000000
16307  -33.167  -28.111  -47.726 0.0000000000
16827  -32.486  -27.729  -49.423 0.0000000000
18368  -35.068  -21.711  -52.454 0.0000000000
17943  -34.942  -23.541  -52.217 0.0000000000
18615  -32.446  -20.500  -54.358 0.0000000000
12394  -20.415  -45.103  -46.371 0.0000000000
12931  -20.382  -43.099  -45.236 0.0000000000
16316  -22.923  -29.190  -50.590 0.0000000000
16076  -22.380  -30.321  -50.202 0.0000000000
17162  -24.100  -26.427  -51.159 0.0000000000
14044  -30.222  -38.933  -52.583 0.0000000000
5656  -18.892  -66.023  -53.996 0.0000000000
4994  -23.381  -68.487  -50.432 0.0000000000
7184  -31.784  -65.626  -52.981 0.0000000000
7757  -38.056  -60.943  -47.011 0.0000000000
10112  -45.192  -51.500  -52.041 0.0000000000
35195  -42.849  -55.117  -54.573 0.0000000000
15591  -34.543  -30.935  -44.742 0.0000000000
16056  -34.126  -29.527  -45.281 0.0000000000
17705  -34.205  -25.282  -51.618 0.0000000000
17168  -24.662  -25.339  -51.900 0.0000000000
6884  -28.396  -65.202  -54.685 0.0000000000
7191  -29.095  -63.004  -55.539 0.0000000000
13203  -27.065  -41.700  -50.120 0.0000000000
15098  -30.639  -34.778  -52.614 0.0000000000
6529  -19.458  -62.421  -51.259 0.0000000000
9318  -30.905  -54.968  -52.661 0.0000000000
18159  -27.858  -21.837  -52.582 0.0000000000
6545  -26.730  -65.369  -55.024 0.0000000000
7187  -24.138  -60.078  -53.647 0.0000000000
9027  -30.737  -56.326  -51.991 0.0000000000
8075  -31.678  -58.068  -51.271 0.0000000000
8703  -31.604  -57.040  -50.994 0.0000000000
11870  -22.801  -47.585  -49.448 0.0000000000
12662  -21.725  -43.435  -49.658 0.0000000000
6265  -18.750  -63.430  -53.211 0.0000000000
5960  -17.503  -63.726  -52.605 0.0000000000
6533  -28.057  -66.761  -52.540 0.0000000000
6868  -40.078  -62.207  -47.023 0.0000000000
5943  -34.616  -64.584  -46.653 0.0000000000
14038  -34.318  -40.349  -51.110 0.0000000000
15081  -36.678  -34.887  -45.699 0.0000000000
15590  -34.701  -32.720  -45.236 0.0000000000
15616  -33.266  -31.627  -52.325 0.0000000000
16079  -32.557  -30.138  -52.517 0.0000000000
11546  -36.214  -44.879  -48.911 0.0000000000
