#!ascii label  , from subject Yale_0050566 vox2ras=TkReg
351
34626  -11.847  58.843  0.501 0.0000000000
34511  -23.316  59.335  7.228 0.0000000000
33757  -26.851  52.026  9.222 0.0000000000
34696  -11.648  61.977  10.392 0.0000000000
34918  -18.361  63.689  -2.763 0.0000000000
34959  -4.806  65.420  -1.480 0.0000000000
33628  -21.229  48.873  3.151 0.0000000000
34531  -25.172  58.578  1.739 0.0000000000
34618  -16.500  61.228  3.419 0.0000000000
34948  -14.292  65.549  1.854 0.0000000000
34979  -12.961  66.713  -3.126 0.0000000000
34951  -5.524  64.070  2.067 0.0000000000
34222  -26.824  54.620  7.998 0.0000000000
33622  -26.077  49.735  5.883 0.0000000000
34117  -24.517  54.382  4.394 0.0000000000
34235  -21.288  54.583  2.812 0.0000000000
34418  -21.535  57.310  4.354 0.0000000000
34717  -20.769  60.677  2.321 0.0000000000
34411  -18.477  58.343  5.264 0.0000000000
34702  -8.481  62.403  6.441 0.0000000000
34243  -8.553  54.340  -1.464 0.0000000000
33463  -26.388  49.918  13.000 0.0000000000
34395  -20.978  57.994  11.984 0.0000000000
34500  -17.213  60.340  10.979 0.0000000000
34628  -19.560  58.604  -3.818 0.0000000000
34730  -15.416  59.825  -4.494 0.0000000000
34817  -9.569  60.604  -6.361 0.0000000000
34807  -3.520  58.270  -0.224 0.0000000000
33323  -25.805  48.039  9.268 0.0000000000
33193  -22.802  45.109  4.272 0.0000000000
33032  -21.412  44.588  1.873 0.0000000000
34244  -24.761  52.778  -1.533 0.0000000000
34538  -25.171  57.154  -3.518 0.0000000000
34805  -23.488  61.934  -0.965 0.0000000000
34906  -18.552  64.043  2.214 0.0000000000
34713  -14.432  61.300  2.360 0.0000000000
34789  -14.327  64.438  6.497 0.0000000000
34709  -10.134  63.104  2.596 0.0000000000
34910  -12.443  64.269  2.234 0.0000000000
34972  -10.952  66.100  1.209 0.0000000000
34907  -8.689  61.778  1.647 0.0000000000
34324  -25.312  57.750  7.044 0.0000000000
34118  -25.780  53.655  4.913 0.0000000000
34323  -24.247  57.939  6.129 0.0000000000
34224  -22.080  56.152  4.268 0.0000000000
34413  -20.962  58.684  6.214 0.0000000000
34409  -20.008  57.811  4.802 0.0000000000
34410  -18.339  59.100  6.806 0.0000000000
34316  -22.945  55.822  11.045 0.0000000000
34310  -20.121  54.857  12.393 0.0000000000
34392  -17.846  58.302  12.560 0.0000000000
34732  -20.431  60.515  -3.475 0.0000000000
34632  -17.930  58.095  -3.797 0.0000000000
34916  -17.144  63.828  -3.656 0.0000000000
34977  -7.424  66.382  -1.767 0.0000000000
34874  -12.460  62.923  -4.859 0.0000000000
34882  -8.226  63.258  -4.934 0.0000000000
34825  -7.609  61.340  -6.077 0.0000000000
34879  -4.510  64.497  -4.671 0.0000000000
34142  -7.983  52.375  -2.171 0.0000000000
34631  -7.441  56.668  -1.859 0.0000000000
34634  -5.810  56.400  -2.285 0.0000000000
33468  -26.428  50.365  11.408 0.0000000000
33320  -26.087  48.201  11.112 0.0000000000
33614  -27.214  50.271  10.015 0.0000000000
33481  -23.541  47.872  4.371 0.0000000000
33329  -24.600  46.909  5.644 0.0000000000
33334  -22.337  46.497  3.676 0.0000000000
32885  -22.212  43.721  3.192 0.0000000000
33195  -21.462  45.343  2.589 0.0000000000
33775  -19.022  50.508  1.846 0.0000000000
34334  -22.230  55.318  2.797 0.0000000000
34335  -23.516  53.403  0.498 0.0000000000
34426  -25.866  55.942  -0.149 0.0000000000
34340  -26.186  54.896  -3.303 0.0000000000
34533  -26.123  58.686  -0.695 0.0000000000
34725  -23.979  60.429  -1.568 0.0000000000
34802  -24.759  60.956  -0.013 0.0000000000
34624  -17.804  60.061  3.307 0.0000000000
34860  -19.692  63.225  2.249 0.0000000000
34795  -17.180  62.310  3.665 0.0000000000
34858  -15.346  63.870  3.779 0.0000000000
34715  -15.955  61.866  2.793 0.0000000000
34501  -15.752  61.192  11.223 0.0000000000
34610  -15.791  62.701  9.308 0.0000000000
34782  -12.987  62.798  10.161 0.0000000000
34787  -8.954  63.380  4.722 0.0000000000
34708  -8.534  62.080  2.515 0.0000000000
34974  -15.777  65.880  -1.212 0.0000000000
34958  -15.530  65.662  -3.008 0.0000000000
34983  -13.828  66.888  -1.451 0.0000000000
34975  -8.339  66.269  0.523 0.0000000000
34956  -4.212  65.082  0.466 0.0000000000
33899  -26.800  52.581  8.632 0.0000000000
33763  -26.715  50.986  7.569 0.0000000000
33901  -26.532  52.161  6.555 0.0000000000
33770  -25.067  50.539  4.920 0.0000000000
33904  -22.735  51.857  3.315 0.0000000000
33905  -20.112  52.357  2.676 0.0000000000
34116  -21.099  54.193  3.329 0.0000000000
34325  -21.312  56.139  4.058 0.0000000000
34422  -22.400  56.814  3.733 0.0000000000
34718  -22.999  60.471  2.547 0.0000000000
34524  -19.227  59.469  3.050 0.0000000000
34517  -17.301  61.232  5.035 0.0000000000
34606  -8.955  60.660  9.629 0.0000000000
34699  -10.091  62.098  8.650 0.0000000000
34331  -8.027  56.154  0.379 0.0000000000
34333  -9.962  56.151  -0.134 0.0000000000
33611  -25.119  52.143  11.382 0.0000000000
33898  -26.128  53.094  9.473 0.0000000000
34110  -26.102  54.082  9.126 0.0000000000
34318  -24.672  57.413  9.645 0.0000000000
34604  -21.733  59.501  10.123 0.0000000000
34503  -19.523  59.825  8.357 0.0000000000
34488  -18.874  59.320  11.864 0.0000000000
34499  -13.884  60.734  12.282 0.0000000000
34429  -20.426  56.139  -4.055 0.0000000000
34915  -13.882  64.400  -4.488 0.0000000000
34736  -13.142  59.357  -5.232 0.0000000000
34870  -7.083  61.379  1.485 0.0000000000
34869  -5.431  61.586  1.910 0.0000000000
34868  -1.271  61.750  -0.462 0.0000000000
33317  -26.963  48.473  12.957 0.0000000000
33017  -24.666  45.978  8.902 0.0000000000
33021  -23.575  45.141  7.238 0.0000000000
33328  -25.793  47.616  7.521 0.0000000000
33024  -23.449  45.037  5.899 0.0000000000
32741  -23.110  43.534  6.948 0.0000000000
32610  -22.516  42.354  5.033 0.0000000000
34020  -19.379  51.920  1.399 0.0000000000
34046  -25.605  52.100  -4.040 0.0000000000
34250  -25.237  53.837  -5.317 0.0000000000
34338  -23.185  55.570  -5.220 0.0000000000
34629  -22.686  58.965  -3.043 0.0000000000
34733  -22.300  60.761  -2.467 0.0000000000
34912  -20.473  63.342  -1.820 0.0000000000
34720  -22.538  61.585  1.980 0.0000000000
34862  -21.006  63.618  0.060 0.0000000000
34954  -18.210  64.286  -1.254 0.0000000000
34969  -16.386  65.247  0.711 0.0000000000
34903  -14.135  64.600  2.861 0.0000000000
34623  -12.952  59.868  1.735 0.0000000000
34509  -17.311  60.043  8.377 0.0000000000
34515  -16.967  61.628  6.678 0.0000000000
34705  -16.072  63.999  5.598 0.0000000000
34785  -10.550  63.797  5.969 0.0000000000
34791  -11.801  64.260  4.388 0.0000000000
34792  -13.632  63.925  2.760 0.0000000000
34621  -12.150  61.493  1.739 0.0000000000
34527  -10.679  59.484  1.650 0.0000000000
34421  -9.656  57.431  1.215 0.0000000000
34863  -11.520  62.317  1.560 0.0000000000
34804  -11.344  60.629  0.563 0.0000000000
34322  -22.604  57.417  5.308 0.0000000000
34510  -21.222  59.921  7.616 0.0000000000
34311  -21.385  55.579  11.895 0.0000000000
34309  -18.562  54.926  13.147 0.0000000000
34872  -20.013  62.455  -3.082 0.0000000000
34811  -18.172  62.232  -4.001 0.0000000000
34962  -8.363  66.079  -3.138 0.0000000000
34960  -5.582  65.158  -2.872 0.0000000000
34880  -5.925  64.053  -4.265 0.0000000000
34923  -4.222  64.948  -3.261 0.0000000000
34433  -7.460  54.686  -2.516 0.0000000000
33613  -26.978  51.444  10.347 0.0000000000
33620  -27.229  50.411  8.923 0.0000000000
33485  -20.127  48.333  2.452 0.0000000000
34423  -23.895  56.436  2.429 0.0000000000
34424  -24.704  55.027  1.195 0.0000000000
34425  -25.382  56.066  0.997 0.0000000000
34532  -25.887  58.847  0.833 0.0000000000
34627  -25.885  59.627  0.620 0.0000000000
34714  -17.204  61.379  3.405 0.0000000000
34710  -15.327  62.394  3.086 0.0000000000
34608  -12.712  61.836  11.231 0.0000000000
34609  -14.253  62.424  10.721 0.0000000000
34973  -14.407  66.574  -0.361 0.0000000000
34981  -12.488  66.841  -0.200 0.0000000000
34952  -8.630  64.694  2.151 0.0000000000
34971  -7.579  65.373  1.699 0.0000000000
34970  -5.434  64.971  1.615 0.0000000000
34111  -27.243  53.810  8.113 0.0000000000
34014  -27.053  52.927  7.746 0.0000000000
34112  -26.878  54.260  6.665 0.0000000000
34017  -24.749  52.243  4.170 0.0000000000
33903  -23.609  50.844  3.706 0.0000000000
34115  -21.842  53.194  3.296 0.0000000000
34521  -18.210  58.905  4.186 0.0000000000
34518  -17.420  59.547  5.211 0.0000000000
33897  -24.880  53.217  9.689 0.0000000000
34394  -20.994  56.909  12.272 0.0000000000
34399  -22.993  57.323  11.020 0.0000000000
34493  -23.105  58.773  10.070 0.0000000000
34602  -20.164  59.972  10.910 0.0000000000
34603  -20.875  59.194  11.170 0.0000000000
34398  -16.640  58.384  12.708 0.0000000000
34404  -15.142  59.318  12.984 0.0000000000
34535  -20.253  57.528  -3.796 0.0000000000
34430  -19.022  56.519  -3.431 0.0000000000
34729  -16.370  59.235  -4.266 0.0000000000
34633  -15.981  57.994  -3.868 0.0000000000
34637  -14.321  58.076  -4.582 0.0000000000
34917  -15.714  64.476  -4.189 0.0000000000
34957  -14.410  65.698  -3.864 0.0000000000
34883  -10.132  63.189  -4.969 0.0000000000
34816  -11.659  61.299  -5.443 0.0000000000
34739  -10.538  58.628  -6.573 0.0000000000
34824  -5.786  62.758  -6.044 0.0000000000
34741  -7.677  60.015  -6.932 0.0000000000
34428  -9.365  56.382  -0.954 0.0000000000
34723  -9.359  58.933  -0.579 0.0000000000
34726  -5.930  57.688  -1.338 0.0000000000
34809  -6.597  59.449  -0.050 0.0000000000
34866  -4.459  59.920  1.141 0.0000000000
34867  -3.329  61.814  1.400 0.0000000000
33477  -26.493  48.898  7.108 0.0000000000
32882  -22.466  43.787  4.238 0.0000000000
32750  -22.523  43.236  2.282 0.0000000000
34032  -20.869  52.372  0.404 0.0000000000
34130  -23.416  52.349  -0.758 0.0000000000
34140  -24.705  51.979  -2.183 0.0000000000
34534  -26.118  57.268  -2.144 0.0000000000
34339  -26.035  54.991  -4.452 0.0000000000
34342  -25.249  55.486  -4.860 0.0000000000
34537  -23.562  57.211  -4.134 0.0000000000
34806  -21.864  62.455  -2.285 0.0000000000
34803  -22.050  63.133  -0.609 0.0000000000
34861  -20.327  63.561  1.376 0.0000000000
34950  -18.881  64.157  0.716 0.0000000000
34905  -16.408  64.717  3.160 0.0000000000
34797  -14.932  62.715  2.770 0.0000000000
34798  -13.744  62.245  2.300 0.0000000000
34859  -13.687  63.292  2.286 0.0000000000
34719  -13.744  61.476  2.045 0.0000000000
34502  -17.711  59.789  9.385 0.0000000000
34514  -16.870  61.420  8.943 0.0000000000
34611  -16.502  62.919  7.228 0.0000000000
34612  -16.859  62.890  5.317 0.0000000000
34711  -12.092  63.507  2.373 0.0000000000
34712  -13.716  62.773  2.597 0.0000000000
34619  -7.493  60.898  1.994 0.0000000000
34523  -8.476  59.703  1.602 0.0000000000
34953  -12.254  65.256  1.974 0.0000000000
34908  -10.238  63.783  2.160 0.0000000000
34317  -26.338  55.994  7.788 0.0000000000
34225  -26.243  55.414  5.992 0.0000000000
34321  -23.642  56.666  5.057 0.0000000000
34109  -23.901  53.965  9.779 0.0000000000
34312  -22.391  54.749  10.890 0.0000000000
34393  -19.412  58.083  12.172 0.0000000000
34391  -19.079  56.649  12.941 0.0000000000
34307  -17.258  56.341  13.336 0.0000000000
34731  -18.936  59.770  -4.130 0.0000000000
34728  -17.511  59.502  -4.375 0.0000000000
34810  -16.775  60.811  -4.414 0.0000000000
34978  -10.299  66.864  -2.875 0.0000000000
34922  -12.179  65.724  -4.147 0.0000000000
34920  -9.610  65.656  -3.886 0.0000000000
34881  -8.723  61.669  -5.952 0.0000000000
33198  -20.362  46.128  1.540 0.0000000000
34239  -21.906  53.749  1.391 0.0000000000
34336  -23.525  54.537  1.388 0.0000000000
34337  -24.953  54.284  -0.213 0.0000000000
34245  -25.415  53.463  -2.469 0.0000000000
34427  -26.002  55.779  -1.401 0.0000000000
34630  -25.365  58.919  -1.629 0.0000000000
34801  -23.525  62.139  0.829 0.0000000000
34716  -19.531  60.418  2.454 0.0000000000
34796  -19.552  62.205  2.688 0.0000000000
34794  -18.279  62.065  3.289 0.0000000000
34857  -18.165  63.263  3.270 0.0000000000
34856  -16.665  63.426  3.920 0.0000000000
34622  -14.580  61.415  2.588 0.0000000000
34700  -14.777  63.744  8.771 0.0000000000
34704  -7.322  62.195  5.234 0.0000000000
34706  -7.634  62.417  3.750 0.0000000000
34982  -11.236  67.133  -1.797 0.0000000000
34976  -7.233  66.327  -0.549 0.0000000000
33902  -26.584  52.108  7.665 0.0000000000
34015  -25.967  52.207  5.551 0.0000000000
33771  -23.220  49.646  3.844 0.0000000000
34223  -20.713  54.433  3.185 0.0000000000
34530  -23.590  58.219  2.944 0.0000000000
34625  -24.466  60.285  1.976 0.0000000000
34529  -22.605  58.971  3.206 0.0000000000
34528  -20.799  58.648  3.615 0.0000000000
34617  -17.277  61.205  4.037 0.0000000000
34607  -10.321  61.120  10.856 0.0000000000
34698  -7.889  60.926  7.310 0.0000000000
34525  -11.596  57.989  1.004 0.0000000000
34722  -11.439  59.307  0.195 0.0000000000
34332  -9.575  56.150  0.568 0.0000000000
34238  -7.773  54.281  -0.914 0.0000000000
33753  -25.162  52.691  10.027 0.0000000000
34221  -25.297  55.422  9.478 0.0000000000
34405  -24.890  57.895  8.801 0.0000000000
34506  -24.070  58.954  8.484 0.0000000000
34505  -21.076  60.243  8.965 0.0000000000
34504  -19.513  60.326  10.208 0.0000000000
34492  -17.934  60.275  10.821 0.0000000000
34491  -17.576  59.761  11.410 0.0000000000
34498  -11.167  60.616  11.861 0.0000000000
34497  -9.576  60.152  11.230 0.0000000000
34249  -21.140  54.808  -5.090 0.0000000000
34871  -16.300  62.793  -4.404 0.0000000000
34814  -14.140  61.866  -4.756 0.0000000000
34864  -9.583  60.589  0.481 0.0000000000
34909  -6.849  62.727  2.131 0.0000000000
34727  -7.913  58.955  -0.729 0.0000000000
34911  -4.016  63.085  1.853 0.0000000000
34914  -2.582  63.618  -0.084 0.0000000000
34913  -1.449  63.064  -1.349 0.0000000000
34919  -2.965  64.668  -1.735 0.0000000000
34877  -2.931  64.910  -4.095 0.0000000000
33181  -26.026  46.906  10.841 0.0000000000
32868  -25.694  44.615  9.602 0.0000000000
33619  -26.995  49.301  8.741 0.0000000000
33325  -24.438  46.271  7.524 0.0000000000
34246  -26.030  53.552  -4.106 0.0000000000
34143  -25.537  52.650  -5.195 0.0000000000
34251  -23.626  54.251  -5.896 0.0000000000
34147  -21.943  53.574  -6.056 0.0000000000
34431  -21.956  56.426  -4.650 0.0000000000
34536  -21.359  57.919  -3.978 0.0000000000
34724  -21.034  59.142  -3.705 0.0000000000
34799  -20.965  62.471  1.947 0.0000000000
34800  -22.120  62.859  1.169 0.0000000000
34904  -15.528  64.498  3.767 0.0000000000
34721  -12.710  61.141  1.252 0.0000000000
34412  -17.064  59.990  6.689 0.0000000000
34615  -16.344  62.078  4.233 0.0000000000
34783  -12.190  63.017  8.512 0.0000000000
34786  -12.702  63.959  6.739 0.0000000000
34788  -12.720  64.517  5.423 0.0000000000
34790  -14.505  64.775  4.262 0.0000000000
34707  -15.253  63.668  3.881 0.0000000000
34620  -9.958  61.614  1.994 0.0000000000
34526  -12.072  59.431  1.583 0.0000000000
34489  -18.380  60.052  10.778 0.0000000000
34490  -21.832  58.459  11.059 0.0000000000
34520  -17.705  60.299  3.901 0.0000000000
34703  -15.547  63.935  7.318 0.0000000000
34784  -13.838  63.720  8.734 0.0000000000
34793  -16.250  62.553  3.789 0.0000000000
34808  -5.018  58.619  -0.061 0.0000000000
34855  -17.427  62.821  3.370 0.0000000000
34921  -7.312  64.812  -3.805 0.0000000000
34949  -17.385  64.765  2.007 0.0000000000
34955  -4.144  64.069  1.483 0.0000000000
34961  -6.709  65.888  -2.499 0.0000000000
