#!ascii label  , from subject Yale_0050566 vox2ras=TkReg
2193
91090  25.106  8.314  -34.053 0.0000000000
91117  25.453  8.437  -34.140 0.0000000000
91999  25.296  9.358  -33.137 0.0000000000
92000  25.384  9.593  -33.043 0.0000000000
92012  24.714  9.628  -33.877 0.0000000000
92013  25.403  9.281  -33.669 0.0000000000
92014  25.049  9.015  -33.733 0.0000000000
92040  25.616  8.969  -33.922 0.0000000000
92905  25.078  9.877  -33.499 0.0000000000
92906  25.493  9.737  -33.129 0.0000000000
92931  24.814  9.923  -33.923 0.0000000000
92946  25.061  10.180  -34.485 0.0000000000
93767  26.225  9.607  -32.634 0.0000000000
93783  25.150  10.160  -33.589 0.0000000000
93784  25.921  10.217  -32.996 0.0000000000
93805  25.777  10.856  -33.770 0.0000000000
93806  26.848  11.319  -32.936 0.0000000000
93833  25.846  11.452  -34.399 0.0000000000
94655  26.443  10.025  -32.324 0.0000000000
94671  26.695  10.684  -32.462 0.0000000000
94688  27.947  12.991  -33.405 0.0000000000
94689  27.388  12.128  -33.343 0.0000000000
94716  27.089  12.340  -34.252 0.0000000000
94717  26.628  12.030  -33.853 0.0000000000
95595  28.637  13.444  -32.930 0.0000000000
95596  28.056  12.788  -32.812 0.0000000000
96479  29.141  14.310  -32.668 0.0000000000
96485  29.150  14.032  -32.697 0.0000000000
97322  31.586  16.220  -31.756 0.0000000000
97323  30.745  15.896  -32.899 0.0000000000
97324  29.862  15.650  -32.968 0.0000000000
97325  28.065  14.345  -32.345 0.0000000000
98134  31.086  17.002  -33.255 0.0000000000
98135  29.833  16.670  -33.130 0.0000000000
98136  28.196  16.282  -32.625 0.0000000000
98137  26.854  15.885  -32.287 0.0000000000
98139  23.941  15.376  -34.489 0.0000000000
98140  22.715  15.171  -35.169 0.0000000000
98141  21.123  15.431  -34.920 0.0000000000
98142  19.675  15.591  -34.869 0.0000000000
98143  18.530  15.458  -35.651 0.0000000000
98144  17.677  15.126  -36.338 0.0000000000
98889  33.749  18.497  -31.248 0.0000000000
98890  33.080  19.083  -31.453 0.0000000000
98891  32.584  19.341  -31.750 0.0000000000
98892  18.587  16.393  -36.802 0.0000000000
98893  17.261  15.964  -36.662 0.0000000000
98899  32.106  18.589  -32.195 0.0000000000
98900  31.123  18.284  -33.410 0.0000000000
98901  29.837  18.040  -33.728 0.0000000000
98902  28.324  17.698  -33.735 0.0000000000
98903  26.808  17.249  -34.106 0.0000000000
98904  25.329  16.752  -35.092 0.0000000000
98905  23.818  16.540  -35.491 0.0000000000
98906  22.091  16.607  -35.144 0.0000000000
98907  20.419  16.604  -35.055 0.0000000000
98908  19.186  16.106  -36.204 0.0000000000
98909  18.200  15.582  -36.769 0.0000000000
99643  31.469  20.268  -29.792 0.0000000000
99648  32.512  19.715  -31.417 0.0000000000
99649  31.693  20.334  -31.588 0.0000000000
99650  31.175  20.551  -32.366 0.0000000000
99651  18.751  17.949  -36.127 0.0000000000
99652  17.860  16.675  -37.350 0.0000000000
99653  16.169  16.074  -36.584 0.0000000000
99656  32.360  19.429  -31.989 0.0000000000
99657  32.036  19.524  -32.558 0.0000000000
99658  31.021  19.812  -33.270 0.0000000000
99659  29.563  19.339  -34.087 0.0000000000
99660  28.158  18.937  -34.824 0.0000000000
99661  26.599  18.513  -35.502 0.0000000000
99662  24.930  18.171  -35.923 0.0000000000
99663  22.958  18.226  -35.098 0.0000000000
99664  21.228  18.023  -34.931 0.0000000000
99665  19.653  17.345  -35.724 0.0000000000
100374  30.781  20.508  -29.850 0.0000000000
100375  30.121  20.875  -30.074 0.0000000000
100376  29.015  21.765  -30.272 0.0000000000
100377  28.248  22.244  -31.187 0.0000000000
100380  31.293  20.721  -30.762 0.0000000000
100381  30.781  20.844  -31.579 0.0000000000
100382  29.675  21.551  -31.913 0.0000000000
100383  28.159  21.817  -32.433 0.0000000000
100384  26.570  21.272  -33.725 0.0000000000
100385  24.923  20.527  -34.502 0.0000000000
100386  23.602  20.821  -36.003 0.0000000000
100387  21.497  20.482  -35.492 0.0000000000
100388  19.759  19.559  -36.037 0.0000000000
100389  18.434  18.228  -37.348 0.0000000000
100390  16.763  17.175  -37.101 0.0000000000
100391  14.647  16.219  -36.678 0.0000000000
100393  30.831  20.564  -32.592 0.0000000000
100394  30.167  20.552  -32.878 0.0000000000
100395  28.862  20.547  -33.472 0.0000000000
100396  27.424  20.320  -34.429 0.0000000000
100397  25.712  19.753  -34.976 0.0000000000
100398  24.224  19.629  -35.981 0.0000000000
100399  22.353  19.502  -35.463 0.0000000000
100400  20.659  18.752  -36.236 0.0000000000
101147  28.479  21.575  -28.367 0.0000000000
101148  27.325  22.109  -28.824 0.0000000000
101149  26.483  21.270  -29.749 0.0000000000
101152  28.675  21.598  -29.259 0.0000000000
101153  27.905  22.157  -30.356 0.0000000000
101154  26.478  21.231  -30.928 0.0000000000
101155  25.662  21.038  -31.962 0.0000000000
101158  28.017  21.962  -31.450 0.0000000000
101159  27.167  21.653  -31.995 0.0000000000
101160  25.668  20.985  -32.963 0.0000000000
101161  24.205  21.317  -34.698 0.0000000000
101162  23.085  21.710  -36.037 0.0000000000
101163  21.390  21.179  -36.563 0.0000000000
101164  19.472  20.002  -37.005 0.0000000000
101165  17.754  18.637  -37.583 0.0000000000
101166  15.314  17.878  -37.198 0.0000000000
101167  12.779  17.304  -36.284 0.0000000000
101168  11.813  17.768  -35.078 0.0000000000
101169  14.401  18.364  -37.345 0.0000000000
101170  13.814  17.921  -37.291 0.0000000000
101877  27.070  22.096  -28.007 0.0000000000
101878  26.179  21.296  -29.069 0.0000000000
101879  25.200  21.163  -30.154 0.0000000000
101881  26.090  21.152  -30.277 0.0000000000
101882  25.131  21.124  -31.414 0.0000000000
101883  23.745  21.501  -33.327 0.0000000000
101884  23.213  22.778  -34.924 0.0000000000
101885  22.236  22.780  -35.660 0.0000000000
101886  20.559  22.268  -35.903 0.0000000000
101887  19.411  22.007  -35.809 0.0000000000
101889  25.254  20.946  -32.460 0.0000000000
101890  24.609  21.121  -33.397 0.0000000000
101891  23.722  22.081  -35.094 0.0000000000
101892  22.659  22.201  -36.062 0.0000000000
101893  21.041  21.507  -36.538 0.0000000000
101894  18.472  20.648  -36.747 0.0000000000
101895  16.811  19.128  -37.175 0.0000000000
101896  12.452  18.326  -36.303 0.0000000000
101897  11.597  18.810  -35.092 0.0000000000
101898  17.023  20.705  -36.886 0.0000000000
101899  15.678  19.609  -37.196 0.0000000000
101900  13.372  18.794  -36.947 0.0000000000
101901  12.369  18.961  -36.157 0.0000000000
102550  25.500  21.714  -28.495 0.0000000000
102557  26.081  21.954  -28.541 0.0000000000
102558  25.001  21.411  -29.585 0.0000000000
102559  23.930  21.448  -30.612 0.0000000000
102562  24.573  21.212  -30.676 0.0000000000
102563  23.661  21.649  -31.792 0.0000000000
102564  23.053  22.659  -33.331 0.0000000000
102565  22.853  23.675  -34.459 0.0000000000
102566  21.591  23.329  -34.751 0.0000000000
102567  20.017  22.886  -34.995 0.0000000000
102570  18.727  22.279  -35.865 0.0000000000
102571  17.602  22.216  -36.379 0.0000000000
102573  10.092  20.810  -34.035 0.0000000000
102574  17.623  21.400  -36.536 0.0000000000
102575  16.240  21.497  -37.096 0.0000000000
102576  14.191  20.603  -37.209 0.0000000000
102577  12.216  20.518  -35.629 0.0000000000
102578  14.849  21.854  -37.131 0.0000000000
102579  13.627  21.625  -36.530 0.0000000000
102580  12.672  21.871  -35.496 0.0000000000
103223  25.264  22.324  -28.435 0.0000000000
103234  25.637  22.247  -28.303 0.0000000000
103235  24.453  21.896  -29.036 0.0000000000
103236  23.293  22.339  -30.106 0.0000000000
103243  23.979  21.850  -30.113 0.0000000000
103244  22.703  22.177  -31.036 0.0000000000
103245  21.783  23.013  -31.981 0.0000000000
103246  21.653  24.027  -32.770 0.0000000000
103247  21.640  24.800  -33.351 0.0000000000
103253  23.195  23.058  -32.327 0.0000000000
103254  22.818  23.801  -33.137 0.0000000000
103255  22.187  24.203  -33.802 0.0000000000
103256  20.761  24.024  -33.776 0.0000000000
103257  19.296  23.658  -34.749 0.0000000000
103259  18.106  23.469  -35.989 0.0000000000
103260  16.961  23.142  -36.857 0.0000000000
103261  9.360  22.308  -33.644 0.0000000000
103262  10.482  21.997  -34.426 0.0000000000
103263  15.855  22.883  -37.007 0.0000000000
103264  11.762  22.139  -34.772 0.0000000000
103265  14.501  22.813  -36.557 0.0000000000
103266  13.372  22.492  -35.712 0.0000000000
103267  12.559  22.661  -34.956 0.0000000000
103268  13.733  23.108  -35.811 0.0000000000
103269  13.186  23.016  -35.196 0.0000000000
103270  12.745  23.080  -34.818 0.0000000000
103914  24.437  22.568  -28.972 0.0000000000
103924  23.168  22.768  -29.635 0.0000000000
103925  21.829  23.304  -30.690 0.0000000000
103926  21.089  24.367  -31.203 0.0000000000
103932  21.744  22.967  -31.354 0.0000000000
103933  21.322  24.115  -31.805 0.0000000000
103934  21.473  25.389  -32.808 0.0000000000
103935  20.825  25.442  -33.166 0.0000000000
103941  19.480  24.920  -33.775 0.0000000000
103942  18.301  24.687  -34.890 0.0000000000
103943  9.176  23.612  -33.385 0.0000000000
103944  9.207  24.084  -32.878 0.0000000000
103945  17.006  24.552  -36.311 0.0000000000
103946  16.481  23.762  -37.005 0.0000000000
103947  9.778  23.238  -34.054 0.0000000000
103948  10.721  23.150  -34.560 0.0000000000
103949  16.308  25.024  -36.476 0.0000000000
103950  15.643  24.127  -36.606 0.0000000000
103951  11.681  23.164  -34.654 0.0000000000
103952  11.664  23.423  -34.571 0.0000000000
103953  14.256  23.665  -35.945 0.0000000000
103954  12.303  23.090  -34.675 0.0000000000
103955  11.954  23.358  -34.594 0.0000000000
103956  13.549  23.518  -35.414 0.0000000000
103957  13.011  23.423  -34.955 0.0000000000
103958  12.541  23.345  -34.693 0.0000000000
103959  12.240  23.314  -34.617 0.0000000000
104538  44.487  21.505  -20.758 0.0000000000
104539  44.166  21.385  -20.613 0.0000000000
104544  44.768  21.679  -21.407 0.0000000000
104545  44.495  21.526  -21.158 0.0000000000
104546  43.490  21.038  -21.104 0.0000000000
104547  42.363  20.622  -21.554 0.0000000000
104548  41.421  20.287  -21.888 0.0000000000
104553  44.626  21.743  -21.822 0.0000000000
104554  44.049  21.334  -22.052 0.0000000000
104555  43.159  20.873  -22.392 0.0000000000
104556  42.162  20.446  -22.755 0.0000000000
104557  41.012  20.286  -22.969 0.0000000000
104564  44.307  21.897  -22.629 0.0000000000
104565  43.750  21.564  -23.316 0.0000000000
104566  42.894  20.859  -23.666 0.0000000000
104567  42.048  20.210  -24.114 0.0000000000
104568  40.779  19.964  -24.415 0.0000000000
104574  43.541  21.336  -24.456 0.0000000000
104575  43.054  20.709  -25.138 0.0000000000
104576  41.886  20.048  -25.499 0.0000000000
104577  40.478  19.626  -25.938 0.0000000000
104578  39.420  19.505  -26.623 0.0000000000
104580  24.431  23.071  -28.737 0.0000000000
104591  42.572  20.771  -26.187 0.0000000000
104592  41.712  20.305  -26.783 0.0000000000
104593  40.532  19.889  -27.559 0.0000000000
104594  38.932  19.420  -27.734 0.0000000000
104595  38.489  19.481  -28.616 0.0000000000
104596  23.297  23.393  -29.511 0.0000000000
104597  22.046  24.056  -30.277 0.0000000000
104598  21.236  25.094  -31.189 0.0000000000
104599  21.469  26.343  -32.092 0.0000000000
104607  39.990  20.177  -28.681 0.0000000000
104608  39.017  19.834  -28.934 0.0000000000
104609  38.534  19.839  -28.938 0.0000000000
104610  21.128  25.198  -31.633 0.0000000000
104611  21.335  26.531  -32.456 0.0000000000
104612  20.406  26.583  -32.766 0.0000000000
104613  9.413  25.546  -32.916 0.0000000000
104617  19.499  26.362  -33.339 0.0000000000
104618  18.440  26.106  -34.205 0.0000000000
104619  9.618  24.176  -33.698 0.0000000000
104620  9.687  24.967  -33.507 0.0000000000
104621  17.385  25.875  -35.311 0.0000000000
104622  9.594  23.864  -33.873 0.0000000000
104623  10.444  24.342  -34.189 0.0000000000
104624  16.512  25.690  -36.018 0.0000000000
104625  15.602  25.182  -35.998 0.0000000000
104626  11.533  23.906  -34.600 0.0000000000
104627  11.542  23.619  -34.579 0.0000000000
104628  14.281  24.439  -35.559 0.0000000000
104629  13.545  24.391  -35.077 0.0000000000
104630  12.226  23.862  -34.659 0.0000000000
104631  11.805  23.625  -34.602 0.0000000000
104632  13.855  23.911  -35.514 0.0000000000
104633  13.356  23.972  -35.086 0.0000000000
104634  12.692  23.694  -34.749 0.0000000000
104635  12.223  23.549  -34.616 0.0000000000
105243  42.769  21.659  -19.262 0.0000000000
105244  42.120  21.509  -19.207 0.0000000000
105245  40.878  20.990  -18.959 0.0000000000
105246  39.500  20.827  -19.122 0.0000000000
105247  38.280  20.831  -19.456 0.0000000000
105252  45.141  22.045  -20.855 0.0000000000
105253  44.714  21.720  -20.576 0.0000000000
105254  43.395  21.385  -19.727 0.0000000000
105255  41.835  20.784  -19.786 0.0000000000
105256  40.468  20.364  -19.985 0.0000000000
105257  39.005  20.340  -20.342 0.0000000000
105258  37.740  20.905  -20.619 0.0000000000
105264  44.945  22.024  -21.329 0.0000000000
105265  44.779  21.692  -20.997 0.0000000000
105266  42.539  20.763  -20.511 0.0000000000
105267  41.455  20.442  -20.831 0.0000000000
105268  40.159  20.205  -21.515 0.0000000000
105269  38.381  20.292  -21.881 0.0000000000
105270  37.261  20.926  -21.703 0.0000000000
105276  44.735  22.543  -22.592 0.0000000000
105277  39.646  20.225  -23.157 0.0000000000
105278  38.294  20.086  -23.532 0.0000000000
105286  44.292  22.582  -23.586 0.0000000000
105287  44.055  22.242  -24.607 0.0000000000
105288  43.815  22.605  -25.601 0.0000000000
105289  39.366  19.842  -24.608 0.0000000000
105290  38.191  19.661  -24.878 0.0000000000
105302  43.682  21.658  -25.264 0.0000000000
105303  43.239  22.021  -26.172 0.0000000000
105304  39.082  19.501  -25.647 0.0000000000
105305  38.206  19.351  -26.208 0.0000000000
105306  37.586  19.282  -26.584 0.0000000000
105309  24.344  23.296  -28.920 0.0000000000
105310  23.404  23.683  -29.455 0.0000000000
105319  42.369  21.774  -26.994 0.0000000000
105320  41.441  21.488  -27.782 0.0000000000
105321  40.670  20.895  -28.311 0.0000000000
105322  38.032  19.496  -27.036 0.0000000000
105323  37.635  19.235  -27.593 0.0000000000
105324  36.807  19.954  -28.159 0.0000000000
105325  35.873  20.650  -28.399 0.0000000000
105326  34.997  20.991  -28.641 0.0000000000
105327  34.190  21.088  -28.917 0.0000000000
105328  22.863  23.921  -29.986 0.0000000000
105329  22.159  24.440  -30.348 0.0000000000
105330  21.855  25.922  -31.340 0.0000000000
105331  21.179  27.105  -32.075 0.0000000000
105332  21.061  27.233  -32.351 0.0000000000
105339  40.910  21.869  -28.395 0.0000000000
105340  40.353  21.484  -28.838 0.0000000000
105341  39.569  20.994  -29.513 0.0000000000
105342  38.308  19.940  -29.473 0.0000000000
105343  37.049  20.606  -29.848 0.0000000000
105344  35.938  21.075  -30.108 0.0000000000
105345  34.849  21.064  -30.341 0.0000000000
105346  33.822  21.146  -30.187 0.0000000000
105347  20.576  28.194  -32.448 0.0000000000
105348  20.390  28.216  -32.614 0.0000000000
105349  20.058  28.076  -32.845 0.0000000000
105350  10.103  26.898  -33.443 0.0000000000
105351  38.929  21.341  -30.268 0.0000000000
105352  38.058  21.267  -30.719 0.0000000000
105353  36.937  21.390  -31.162 0.0000000000
105354  35.791  21.368  -31.502 0.0000000000
105355  34.629  21.290  -31.580 0.0000000000
105356  33.645  21.432  -31.333 0.0000000000
105357  19.353  27.845  -33.258 0.0000000000
105358  18.460  27.539  -33.819 0.0000000000
105359  10.662  26.717  -33.849 0.0000000000
105360  17.284  27.189  -34.483 0.0000000000
105361  15.749  27.007  -34.297 0.0000000000
105362  14.120  26.757  -34.449 0.0000000000
105363  11.932  26.227  -34.323 0.0000000000
105364  16.624  26.485  -35.252 0.0000000000
105365  15.365  26.066  -35.173 0.0000000000
105366  13.586  25.690  -34.695 0.0000000000
105367  12.130  24.939  -34.629 0.0000000000
105369  14.518  25.289  -35.272 0.0000000000
105370  13.394  24.788  -34.911 0.0000000000
105371  12.505  24.326  -34.698 0.0000000000
105372  13.112  24.317  -34.876 0.0000000000
105373  12.775  24.041  -34.759 0.0000000000
105951  40.356  22.359  -17.487 0.0000000000
105952  39.109  21.925  -17.088 0.0000000000
105953  37.665  22.175  -17.330 0.0000000000
105954  36.325  22.461  -18.327 0.0000000000
105955  35.592  22.563  -18.745 0.0000000000
105960  45.199  23.283  -19.678 0.0000000000
105961  44.108  22.761  -18.985 0.0000000000
105962  42.780  22.214  -18.877 0.0000000000
105963  41.299  21.842  -18.307 0.0000000000
105964  39.980  21.341  -17.956 0.0000000000
105965  38.552  21.298  -18.237 0.0000000000
105966  37.073  21.929  -19.467 0.0000000000
105967  35.281  22.241  -19.478 0.0000000000
105968  34.771  22.958  -19.848 0.0000000000
105973  45.962  23.951  -22.030 0.0000000000
105974  45.389  22.690  -20.812 0.0000000000
105975  44.660  22.125  -19.588 0.0000000000
105976  43.870  22.032  -19.169 0.0000000000
105977  36.734  21.838  -21.172 0.0000000000
105978  35.454  22.587  -20.781 0.0000000000
105979  35.019  23.005  -20.178 0.0000000000
105984  45.628  24.297  -23.297 0.0000000000
105985  45.409  23.150  -22.322 0.0000000000
105986  37.310  20.640  -22.746 0.0000000000
105987  36.494  21.451  -22.232 0.0000000000
105988  35.478  21.734  -21.806 0.0000000000
105992  45.470  24.640  -24.129 0.0000000000
105993  44.903  23.920  -24.285 0.0000000000
105994  44.372  24.802  -26.266 0.0000000000
105995  43.869  25.494  -27.154 0.0000000000
105996  42.907  26.066  -27.094 0.0000000000
105997  42.268  26.280  -27.103 0.0000000000
105998  37.622  20.656  -24.161 0.0000000000
105999  36.431  21.112  -23.376 0.0000000000
106000  35.924  22.495  -22.768 0.0000000000
106007  44.282  23.118  -24.384 0.0000000000
106008  44.176  23.464  -25.279 0.0000000000
106009  43.708  23.872  -26.517 0.0000000000
106010  43.341  24.953  -27.463 0.0000000000
106011  42.726  25.680  -27.752 0.0000000000
106012  37.534  19.870  -25.385 0.0000000000
106013  36.795  20.853  -24.821 0.0000000000
106014  35.453  21.698  -23.899 0.0000000000
106015  35.115  22.495  -23.979 0.0000000000
106016  32.173  21.578  -24.516 0.0000000000
106017  31.696  21.422  -24.577 0.0000000000
106018  30.653  21.443  -24.432 0.0000000000
106030  43.023  23.353  -27.244 0.0000000000
106031  42.525  24.505  -27.920 0.0000000000
106032  42.450  25.675  -28.330 0.0000000000
106033  37.565  19.550  -26.111 0.0000000000
106034  37.133  19.882  -26.151 0.0000000000
106035  36.062  20.642  -25.532 0.0000000000
106036  35.148  21.653  -25.033 0.0000000000
106037  34.524  21.461  -25.419 0.0000000000
106038  33.669  21.291  -25.650 0.0000000000
106039  32.442  21.377  -25.424 0.0000000000
106040  31.202  21.643  -26.173 0.0000000000
106041  29.868  22.112  -26.251 0.0000000000
106045  24.879  23.189  -28.025 0.0000000000
106046  24.132  23.816  -29.390 0.0000000000
106047  22.990  23.659  -30.064 0.0000000000
106056  42.171  22.874  -27.665 0.0000000000
106057  41.459  23.179  -28.320 0.0000000000
106058  40.814  23.382  -28.694 0.0000000000
106059  36.597  19.853  -26.825 0.0000000000
106060  35.725  20.243  -26.760 0.0000000000
106061  34.848  20.549  -26.851 0.0000000000
106062  34.196  21.043  -27.233 0.0000000000
106063  33.227  21.291  -28.021 0.0000000000
106064  31.791  21.193  -28.145 0.0000000000
106065  30.438  22.700  -28.466 0.0000000000
106066  29.018  23.481  -28.196 0.0000000000
106067  27.357  23.536  -28.465 0.0000000000
106068  25.632  22.672  -29.042 0.0000000000
106069  24.437  22.613  -29.570 0.0000000000
106070  23.527  23.023  -30.241 0.0000000000
106071  22.380  23.658  -30.593 0.0000000000
106072  21.947  24.758  -31.013 0.0000000000
106073  21.751  26.675  -31.795 0.0000000000
106074  20.949  27.944  -32.070 0.0000000000
106075  20.234  28.874  -32.557 0.0000000000
106076  10.984  27.947  -33.760 0.0000000000
106077  11.123  28.514  -33.930 0.0000000000
106081  40.716  22.514  -28.673 0.0000000000
106082  40.215  22.669  -29.141 0.0000000000
106083  39.404  22.565  -29.709 0.0000000000
106084  32.738  21.226  -30.114 0.0000000000
106085  31.548  22.272  -30.411 0.0000000000
106086  30.532  23.276  -30.355 0.0000000000
106087  20.094  29.550  -32.767 0.0000000000
106088  19.774  29.638  -32.920 0.0000000000
106089  18.932  29.490  -33.211 0.0000000000
106090  17.598  29.624  -33.194 0.0000000000
106091  16.202  29.516  -33.452 0.0000000000
106092  14.596  29.297  -34.116 0.0000000000
106093  12.422  28.510  -34.135 0.0000000000
106094  38.656  22.623  -30.378 0.0000000000
106095  37.697  22.671  -30.837 0.0000000000
106096  36.614  22.755  -31.262 0.0000000000
106097  35.488  22.703  -31.638 0.0000000000
106098  34.325  22.624  -31.923 0.0000000000
106099  32.891  22.450  -31.896 0.0000000000
106100  31.845  23.160  -32.033 0.0000000000
106101  18.375  28.686  -33.508 0.0000000000
106102  17.163  28.464  -33.671 0.0000000000
106103  15.501  28.410  -33.573 0.0000000000
106104  13.892  28.106  -34.108 0.0000000000
106105  12.377  27.397  -34.165 0.0000000000
106106  16.115  27.760  -33.789 0.0000000000
106107  14.830  27.621  -33.937 0.0000000000
106108  13.256  27.306  -34.251 0.0000000000
106109  12.468  27.066  -34.253 0.0000000000
106678  42.984  25.072  -18.578 0.0000000000
106679  41.727  24.416  -18.023 0.0000000000
106680  40.583  23.800  -17.542 0.0000000000
106681  39.527  23.149  -16.855 0.0000000000
106694  45.614  24.685  -19.899 0.0000000000
106695  44.379  24.071  -18.985 0.0000000000
106696  43.098  23.445  -18.310 0.0000000000
106697  41.729  22.869  -17.853 0.0000000000
106698  35.186  22.638  -19.039 0.0000000000
106699  34.341  22.688  -19.483 0.0000000000
106708  46.345  25.031  -22.259 0.0000000000
106709  45.907  24.074  -20.863 0.0000000000
106710  34.868  23.190  -21.415 0.0000000000
106711  34.449  23.234  -20.715 0.0000000000
106712  33.402  23.435  -20.486 0.0000000000
106720  46.120  24.957  -23.278 0.0000000000
106721  44.160  26.161  -25.878 0.0000000000
106722  42.773  26.914  -25.550 0.0000000000
106723  41.648  27.669  -25.205 0.0000000000
106724  40.677  28.289  -24.326 0.0000000000
106725  39.490  28.338  -23.651 0.0000000000
106726  38.931  28.353  -23.574 0.0000000000
106727  35.158  23.111  -22.299 0.0000000000
106728  34.258  23.168  -22.297 0.0000000000
106729  33.330  23.218  -22.048 0.0000000000
106730  32.323  23.711  -21.565 0.0000000000
106736  45.830  25.039  -24.112 0.0000000000
106737  45.405  25.277  -24.984 0.0000000000
106738  44.943  25.350  -26.113 0.0000000000
106739  44.068  25.920  -26.672 0.0000000000
106740  42.863  26.610  -26.383 0.0000000000
106741  41.677  27.302  -26.051 0.0000000000
106742  40.320  28.609  -24.731 0.0000000000
106743  39.363  28.546  -23.816 0.0000000000
106744  35.329  23.189  -23.174 0.0000000000
106745  34.704  23.723  -22.965 0.0000000000
106746  33.753  23.804  -22.837 0.0000000000
106747  32.609  24.213  -22.457 0.0000000000
106748  32.014  23.656  -22.376 0.0000000000
106755  41.654  26.288  -27.419 0.0000000000
106756  40.836  27.727  -26.390 0.0000000000
106757  35.331  22.961  -23.632 0.0000000000
106758  34.917  23.015  -23.768 0.0000000000
106759  34.170  23.575  -23.471 0.0000000000
106760  33.334  23.620  -23.332 0.0000000000
106761  32.506  22.760  -23.640 0.0000000000
106762  31.635  21.826  -23.280 0.0000000000
106769  41.726  24.760  -28.421 0.0000000000
106770  41.907  26.077  -28.756 0.0000000000
106771  41.104  27.185  -27.998 0.0000000000
106772  34.792  22.314  -24.552 0.0000000000
106773  34.328  22.521  -24.361 0.0000000000
106774  33.562  22.661  -24.175 0.0000000000
106775  33.052  22.740  -24.011 0.0000000000
106776  16.254  32.220  -30.629 0.0000000000
106777  15.631  31.779  -31.163 0.0000000000
106778  14.516  31.541  -32.443 0.0000000000
106779  13.254  30.679  -33.769 0.0000000000
106787  41.187  23.969  -28.619 0.0000000000
106788  40.735  24.483  -28.911 0.0000000000
106789  41.148  26.571  -29.285 0.0000000000
106790  29.531  23.525  -30.083 0.0000000000
106791  27.930  23.268  -30.313 0.0000000000
106792  26.089  22.568  -30.705 0.0000000000
106793  24.545  22.296  -31.041 0.0000000000
106794  23.267  22.712  -31.305 0.0000000000
106795  22.239  23.691  -31.433 0.0000000000
106796  21.905  25.272  -31.664 0.0000000000
106797  21.072  27.594  -32.260 0.0000000000
106798  20.537  28.988  -32.456 0.0000000000
106799  19.851  30.000  -32.370 0.0000000000
106800  19.179  30.788  -32.474 0.0000000000
106801  18.467  31.637  -32.138 0.0000000000
106802  17.702  31.750  -31.959 0.0000000000
106803  16.854  31.497  -31.736 0.0000000000
106804  15.949  31.165  -31.960 0.0000000000
106805  14.743  31.027  -33.218 0.0000000000
106806  12.905  29.956  -34.298 0.0000000000
106807  12.210  29.726  -34.407 0.0000000000
106810  39.921  23.572  -29.309 0.0000000000
106811  39.528  24.612  -29.608 0.0000000000
106812  38.737  25.631  -30.089 0.0000000000
106813  31.027  23.316  -31.509 0.0000000000
106814  30.165  23.599  -31.734 0.0000000000
106815  28.623  23.155  -32.273 0.0000000000
106816  26.747  22.638  -32.341 0.0000000000
106817  25.039  22.576  -32.513 0.0000000000
106818  23.583  22.769  -32.593 0.0000000000
106819  22.496  23.980  -32.295 0.0000000000
106820  21.783  25.508  -32.037 0.0000000000
106821  21.260  26.900  -32.203 0.0000000000
106822  19.391  30.603  -32.712 0.0000000000
106823  18.818  30.835  -32.820 0.0000000000
106824  17.792  30.743  -32.766 0.0000000000
106825  16.675  30.413  -32.574 0.0000000000
106826  15.373  30.364  -33.417 0.0000000000
106827  13.838  29.984  -34.230 0.0000000000
106828  13.033  29.647  -34.371 0.0000000000
106830  38.449  23.987  -30.445 0.0000000000
106831  37.517  24.737  -30.568 0.0000000000
106832  36.444  24.591  -31.252 0.0000000000
106833  35.366  24.568  -31.876 0.0000000000
106834  34.078  24.317  -32.518 0.0000000000
106835  32.701  24.329  -32.744 0.0000000000
106836  31.274  24.360  -32.921 0.0000000000
106837  29.769  24.458  -33.412 0.0000000000
106838  28.380  24.501  -33.744 0.0000000000
107382  43.043  26.337  -18.601 0.0000000000
107383  41.689  25.990  -17.871 0.0000000000
107384  40.837  25.015  -17.522 0.0000000000
107386  47.090  26.699  -21.331 0.0000000000
107387  46.258  26.107  -20.424 0.0000000000
107388  44.472  25.860  -19.228 0.0000000000
107392  47.469  25.805  -22.180 0.0000000000
107393  46.281  25.189  -21.120 0.0000000000
107394  41.148  27.962  -24.595 0.0000000000
107395  40.389  28.069  -23.417 0.0000000000
107396  39.620  28.190  -22.555 0.0000000000
107397  38.577  28.296  -22.117 0.0000000000
107398  37.611  28.589  -21.923 0.0000000000
107399  37.054  28.822  -21.865 0.0000000000
107402  47.101  25.475  -24.406 0.0000000000
107403  46.279  25.842  -26.330 0.0000000000
107404  44.450  26.605  -25.835 0.0000000000
107405  42.558  27.116  -25.373 0.0000000000
107406  41.306  27.812  -24.718 0.0000000000
107407  40.615  27.977  -23.702 0.0000000000
107408  39.533  28.141  -23.111 0.0000000000
107409  38.458  28.363  -22.933 0.0000000000
107410  37.412  28.777  -22.472 0.0000000000
107411  31.873  24.463  -21.808 0.0000000000
107412  31.801  24.232  -21.702 0.0000000000
107421  46.319  25.225  -24.182 0.0000000000
107422  46.396  25.240  -25.415 0.0000000000
107423  45.650  25.470  -26.390 0.0000000000
107424  39.948  29.180  -24.786 0.0000000000
107425  38.855  28.977  -23.948 0.0000000000
107426  37.975  28.853  -23.099 0.0000000000
107427  32.036  24.496  -22.002 0.0000000000
107428  31.857  24.530  -21.981 0.0000000000
107433  17.372  33.117  -26.516 0.0000000000
107434  17.091  33.471  -27.221 0.0000000000
107438  40.228  28.907  -25.640 0.0000000000
107439  39.685  29.598  -25.136 0.0000000000
107440  17.321  33.946  -28.633 0.0000000000
107441  17.486  33.631  -28.435 0.0000000000
107442  17.322  33.281  -28.336 0.0000000000
107443  17.022  33.029  -28.405 0.0000000000
107444  16.889  33.071  -28.808 0.0000000000
107445  15.983  32.781  -29.670 0.0000000000
107449  40.337  28.310  -26.978 0.0000000000
107450  39.908  29.348  -26.343 0.0000000000
107451  17.115  33.562  -30.158 0.0000000000
107452  16.749  33.497  -29.719 0.0000000000
107453  16.633  33.229  -29.526 0.0000000000
107454  16.398  32.880  -29.673 0.0000000000
107455  15.909  32.609  -30.287 0.0000000000
107456  14.894  32.076  -31.402 0.0000000000
107457  13.137  30.899  -33.782 0.0000000000
107464  40.596  28.285  -28.649 0.0000000000
107465  39.989  28.876  -27.347 0.0000000000
107466  20.189  29.152  -32.566 0.0000000000
107467  19.673  30.059  -32.580 0.0000000000
107468  19.085  31.006  -32.433 0.0000000000
107469  18.529  32.003  -32.063 0.0000000000
107470  17.887  32.585  -31.667 0.0000000000
107471  17.313  32.742  -31.159 0.0000000000
107472  16.839  32.553  -30.748 0.0000000000
107475  40.150  27.403  -29.715 0.0000000000
107476  38.694  27.399  -30.733 0.0000000000
107477  38.418  28.275  -31.387 0.0000000000
107478  27.161  24.066  -33.574 0.0000000000
107479  25.590  23.454  -33.845 0.0000000000
107480  24.244  23.403  -33.889 0.0000000000
107481  23.223  24.490  -33.072 0.0000000000
107482  22.219  26.582  -32.400 0.0000000000
107483  21.446  27.954  -31.956 0.0000000000
107484  20.483  28.917  -32.560 0.0000000000
107485  19.921  29.828  -32.743 0.0000000000
107486  37.318  25.898  -30.913 0.0000000000
107487  37.065  26.882  -31.675 0.0000000000
107488  35.348  26.398  -32.565 0.0000000000
107489  33.782  26.185  -32.981 0.0000000000
107490  32.404  25.949  -33.638 0.0000000000
107491  30.876  26.156  -34.408 0.0000000000
107492  29.067  25.349  -34.904 0.0000000000
107493  27.589  24.905  -35.157 0.0000000000
107494  26.203  24.592  -35.138 0.0000000000
107495  25.008  24.371  -35.170 0.0000000000
107496  24.475  26.163  -33.462 0.0000000000
107497  23.429  26.364  -32.697 0.0000000000
107498  30.467  27.674  -34.523 0.0000000000
107499  29.289  27.249  -35.123 0.0000000000
107500  27.948  26.072  -35.768 0.0000000000
107501  26.748  25.472  -36.161 0.0000000000
107502  25.766  25.420  -35.923 0.0000000000
107503  25.198  25.920  -35.567 0.0000000000
107504  28.677  28.133  -35.546 0.0000000000
107505  28.044  27.567  -35.874 0.0000000000
107506  27.031  26.821  -36.365 0.0000000000
107507  26.063  26.278  -36.422 0.0000000000
107508  25.601  26.056  -36.160 0.0000000000
108069  43.904  27.120  -18.858 0.0000000000
108070  42.603  27.470  -18.016 0.0000000000
108080  47.204  27.238  -21.243 0.0000000000
108081  46.504  27.309  -20.525 0.0000000000
108082  45.222  27.347  -19.522 0.0000000000
108083  40.156  29.030  -22.277 0.0000000000
108084  39.853  29.082  -21.969 0.0000000000
108085  38.873  29.179  -21.407 0.0000000000
108102  48.108  26.896  -21.992 0.0000000000
108103  40.891  28.190  -24.683 0.0000000000
108104  40.311  28.672  -23.119 0.0000000000
108105  39.748  28.563  -22.144 0.0000000000
108106  38.741  28.578  -21.596 0.0000000000
108107  37.739  28.762  -21.318 0.0000000000
108108  36.908  29.180  -21.352 0.0000000000
108109  36.213  30.118  -21.321 0.0000000000
108125  48.036  26.724  -23.878 0.0000000000
108126  47.000  26.755  -26.084 0.0000000000
108127  45.194  27.239  -26.640 0.0000000000
108128  42.356  27.841  -25.639 0.0000000000
108129  36.768  29.388  -22.004 0.0000000000
108130  36.298  30.566  -22.131 0.0000000000
108146  38.332  29.576  -23.879 0.0000000000
108147  37.622  29.943  -23.195 0.0000000000
108148  36.667  31.298  -22.849 0.0000000000
108159  17.372  33.249  -26.229 0.0000000000
108160  17.013  33.617  -27.190 0.0000000000
108162  38.942  30.260  -24.443 0.0000000000
108163  38.306  31.427  -24.335 0.0000000000
108173  16.840  33.562  -27.549 0.0000000000
108174  16.920  33.312  -28.780 0.0000000000
108177  39.360  30.153  -25.894 0.0000000000
108178  38.748  31.054  -25.629 0.0000000000
108182  18.614  34.751  -27.199 0.0000000000
108183  17.604  34.398  -28.956 0.0000000000
108184  17.132  34.100  -28.829 0.0000000000
108185  15.592  32.560  -30.446 0.0000000000
108186  14.132  31.893  -32.486 0.0000000000
108192  40.172  28.693  -29.325 0.0000000000
108193  39.288  29.529  -27.644 0.0000000000
108194  39.048  30.559  -26.562 0.0000000000
108195  19.155  31.219  -32.415 0.0000000000
108196  18.834  31.671  -32.173 0.0000000000
108197  18.057  32.965  -31.600 0.0000000000
108198  17.525  33.543  -30.690 0.0000000000
108199  40.600  28.597  -29.636 0.0000000000
108200  39.864  29.105  -29.821 0.0000000000
108201  39.106  29.227  -31.175 0.0000000000
108202  22.647  28.567  -31.749 0.0000000000
108203  22.093  29.713  -31.411 0.0000000000
108204  20.818  30.404  -32.045 0.0000000000
108205  19.695  31.056  -32.451 0.0000000000
108206  18.885  32.164  -32.062 0.0000000000
108207  18.377  32.577  -32.028 0.0000000000
108208  37.936  29.019  -31.580 0.0000000000
108209  36.521  28.595  -32.330 0.0000000000
108210  34.872  28.213  -32.807 0.0000000000
108211  33.264  28.172  -33.512 0.0000000000
108212  32.030  27.147  -33.906 0.0000000000
108213  24.694  29.060  -33.012 0.0000000000
108214  23.479  28.476  -31.988 0.0000000000
108215  22.804  29.462  -31.405 0.0000000000
108216  32.754  29.484  -33.532 0.0000000000
108217  31.650  28.578  -34.097 0.0000000000
108218  30.207  28.811  -34.641 0.0000000000
108219  25.420  27.683  -34.272 0.0000000000
108220  29.180  28.896  -35.333 0.0000000000
108221  28.316  28.911  -35.883 0.0000000000
108222  27.377  28.425  -36.199 0.0000000000
108223  26.427  27.654  -36.214 0.0000000000
108224  25.655  26.868  -35.992 0.0000000000
108759  45.323  28.744  -18.991 0.0000000000
108760  44.454  28.385  -18.758 0.0000000000
108779  47.352  27.848  -21.102 0.0000000000
108780  46.021  28.353  -19.600 0.0000000000
108781  45.209  28.056  -19.257 0.0000000000
108782  39.965  29.372  -22.305 0.0000000000
108783  39.053  29.779  -21.653 0.0000000000
108800  48.442  28.700  -23.032 0.0000000000
108801  48.443  28.182  -22.745 0.0000000000
108802  40.680  28.715  -24.773 0.0000000000
108803  40.020  29.460  -23.455 0.0000000000
108816  48.150  28.760  -23.619 0.0000000000
108817  47.589  28.364  -25.307 0.0000000000
108818  45.905  28.303  -27.290 0.0000000000
108819  43.607  28.794  -26.219 0.0000000000
108820  41.364  29.113  -25.844 0.0000000000
108821  35.676  32.097  -22.314 0.0000000000
108827  17.201  32.899  -25.268 0.0000000000
108828  17.419  33.295  -26.150 0.0000000000
108831  46.319  29.099  -27.066 0.0000000000
108832  45.536  29.439  -27.493 0.0000000000
108833  37.440  31.572  -23.547 0.0000000000
108834  36.585  32.632  -23.465 0.0000000000
108839  17.203  33.449  -26.397 0.0000000000
108840  17.141  33.757  -27.341 0.0000000000
108843  37.790  32.487  -24.194 0.0000000000
108844  37.329  33.524  -24.708 0.0000000000
108851  16.949  33.589  -28.693 0.0000000000
108855  38.253  32.585  -25.571 0.0000000000
108856  37.667  33.968  -25.950 0.0000000000
108863  21.656  35.689  -26.147 0.0000000000
108864  20.422  35.711  -26.817 0.0000000000
108865  19.331  35.219  -27.797 0.0000000000
108866  18.481  34.688  -28.816 0.0000000000
108867  16.448  33.051  -29.780 0.0000000000
108868  14.762  32.490  -31.120 0.0000000000
108869  13.344  32.207  -33.080 0.0000000000
108873  38.739  30.174  -27.680 0.0000000000
108874  38.462  31.083  -27.340 0.0000000000
108877  24.872  35.282  -25.651 0.0000000000
108878  23.714  35.856  -26.019 0.0000000000
108879  22.483  36.265  -26.552 0.0000000000
108880  21.300  35.803  -27.553 0.0000000000
108881  20.176  35.251  -28.468 0.0000000000
108882  19.264  34.400  -29.685 0.0000000000
108883  18.316  34.029  -30.534 0.0000000000
108884  38.748  29.990  -28.320 0.0000000000
108885  38.264  30.397  -29.554 0.0000000000
108886  37.686  30.978  -30.497 0.0000000000
108887  22.244  31.684  -30.970 0.0000000000
108888  21.392  32.113  -31.653 0.0000000000
108889  20.279  32.450  -31.902 0.0000000000
108890  19.226  33.257  -31.452 0.0000000000
108891  18.374  33.099  -31.704 0.0000000000
108892  38.423  30.176  -31.198 0.0000000000
108893  37.278  30.600  -31.641 0.0000000000
108894  35.698  30.351  -32.313 0.0000000000
108895  34.441  29.666  -32.814 0.0000000000
108896  25.216  30.566  -32.314 0.0000000000
108897  24.341  30.860  -31.807 0.0000000000
108898  23.023  31.263  -31.103 0.0000000000
108899  34.836  31.033  -32.716 0.0000000000
108900  33.714  30.495  -33.171 0.0000000000
108901  32.629  30.718  -33.968 0.0000000000
108902  31.202  30.665  -34.542 0.0000000000
108903  30.003  31.170  -34.679 0.0000000000
108904  28.786  31.218  -34.682 0.0000000000
108905  27.523  30.964  -34.313 0.0000000000
108906  26.138  30.137  -33.220 0.0000000000
108907  29.886  30.010  -35.088 0.0000000000
108908  28.975  30.094  -35.414 0.0000000000
108909  27.934  29.915  -35.593 0.0000000000
108910  26.886  29.314  -35.409 0.0000000000
108911  26.202  28.236  -35.015 0.0000000000
109432  48.765  29.509  -21.559 0.0000000000
109433  47.781  28.969  -20.724 0.0000000000
109434  46.704  29.172  -19.460 0.0000000000
109435  39.214  30.438  -22.704 0.0000000000
109450  48.449  29.233  -22.883 0.0000000000
109451  48.614  28.937  -21.981 0.0000000000
109452  39.763  29.740  -25.277 0.0000000000
109453  39.391  30.040  -23.954 0.0000000000
109460  17.094  32.714  -24.586 0.0000000000
109461  17.376  33.102  -25.332 0.0000000000
109464  47.701  29.520  -24.504 0.0000000000
109465  46.763  29.786  -26.046 0.0000000000
109466  44.254  29.701  -26.587 0.0000000000
109467  42.180  30.139  -26.502 0.0000000000
109468  40.650  29.897  -26.024 0.0000000000
109469  35.355  33.439  -23.015 0.0000000000
109476  17.221  33.073  -25.514 0.0000000000
109477  17.188  33.525  -26.212 0.0000000000
109479  45.734  30.168  -27.014 0.0000000000
109480  44.515  30.436  -26.958 0.0000000000
109481  43.488  30.348  -26.876 0.0000000000
109482  36.120  34.045  -24.123 0.0000000000
109483  34.879  34.419  -23.688 0.0000000000
109487  17.253  33.904  -28.050 0.0000000000
109490  36.692  34.560  -25.420 0.0000000000
109491  35.543  34.965  -24.997 0.0000000000
109492  30.828  34.239  -25.508 0.0000000000
109495  16.832  33.502  -29.345 0.0000000000
109499  37.858  33.189  -27.106 0.0000000000
109500  36.764  34.635  -27.047 0.0000000000
109501  36.085  35.116  -25.978 0.0000000000
109502  30.705  35.432  -26.357 0.0000000000
109503  29.906  34.310  -26.068 0.0000000000
109506  15.450  32.989  -30.287 0.0000000000
109507  14.079  32.772  -31.742 0.0000000000
109512  37.708  32.047  -28.665 0.0000000000
109513  37.329  33.483  -28.465 0.0000000000
109514  30.693  35.786  -27.139 0.0000000000
109515  29.978  35.884  -27.045 0.0000000000
109516  28.809  35.196  -26.652 0.0000000000
109517  27.310  34.692  -26.237 0.0000000000
109518  25.759  35.609  -26.408 0.0000000000
109519  24.591  36.263  -26.511 0.0000000000
109520  23.487  36.248  -27.152 0.0000000000
109521  22.391  35.531  -28.599 0.0000000000
109522  21.127  35.057  -29.672 0.0000000000
109523  20.114  34.201  -30.071 0.0000000000
109524  19.540  34.037  -30.934 0.0000000000
109525  37.649  31.451  -29.696 0.0000000000
109526  37.479  32.554  -30.429 0.0000000000
109527  29.060  36.182  -27.731 0.0000000000
109528  27.909  36.171  -27.450 0.0000000000
109529  26.597  36.277  -27.319 0.0000000000
109530  25.355  36.267  -27.477 0.0000000000
109531  24.337  35.901  -27.931 0.0000000000
109532  23.549  35.211  -29.284 0.0000000000
109533  22.446  33.748  -31.080 0.0000000000
109534  20.863  33.633  -31.142 0.0000000000
109535  19.879  33.569  -31.180 0.0000000000
109536  19.482  33.619  -31.137 0.0000000000
109537  36.692  32.169  -32.113 0.0000000000
109538  35.715  32.189  -32.693 0.0000000000
109539  26.623  33.238  -31.148 0.0000000000
109540  25.749  32.265  -31.394 0.0000000000
109541  23.975  33.423  -31.034 0.0000000000
109542  23.145  33.010  -31.037 0.0000000000
109543  34.709  32.198  -33.201 0.0000000000
109544  33.749  32.083  -33.581 0.0000000000
109545  32.618  32.197  -33.966 0.0000000000
109546  31.284  32.446  -34.063 0.0000000000
109547  29.924  32.479  -33.682 0.0000000000
109548  28.541  32.385  -33.094 0.0000000000
109549  27.032  32.227  -32.105 0.0000000000
109550  26.309  31.487  -32.109 0.0000000000
110041  48.998  30.067  -21.244 0.0000000000
110042  48.559  30.038  -20.522 0.0000000000
110044  38.600  31.362  -23.260 0.0000000000
110045  38.169  31.660  -22.367 0.0000000000
110057  48.665  30.138  -22.119 0.0000000000
110058  39.391  30.410  -25.511 0.0000000000
110059  39.071  31.061  -24.577 0.0000000000
110064  16.913  32.380  -23.573 0.0000000000
110065  17.104  32.930  -24.731 0.0000000000
110068  47.976  30.363  -23.769 0.0000000000
110069  47.175  30.612  -25.610 0.0000000000
110070  41.595  31.151  -26.873 0.0000000000
110071  40.013  30.882  -26.235 0.0000000000
110072  39.113  31.925  -25.823 0.0000000000
110077  17.448  33.498  -25.910 0.0000000000
110079  46.178  30.843  -27.124 0.0000000000
110080  44.785  31.039  -27.752 0.0000000000
110081  42.952  31.151  -27.682 0.0000000000
110085  17.046  33.993  -27.307 0.0000000000
110088  34.224  34.974  -24.482 0.0000000000
110089  33.105  35.045  -24.994 0.0000000000
110090  31.801  34.640  -25.155 0.0000000000
110091  16.922  33.896  -29.074 0.0000000000
110092  15.695  33.671  -30.133 0.0000000000
110096  35.828  35.175  -27.904 0.0000000000
110097  34.859  35.502  -26.512 0.0000000000
110098  32.742  35.480  -26.366 0.0000000000
110099  31.509  35.260  -26.041 0.0000000000
110100  15.989  33.411  -29.839 0.0000000000
110101  14.714  33.250  -30.834 0.0000000000
110102  13.415  33.165  -32.089 0.0000000000
110106  36.260  34.177  -29.243 0.0000000000
110107  34.952  35.395  -28.842 0.0000000000
110108  33.351  35.910  -28.206 0.0000000000
110109  31.494  35.865  -27.511 0.0000000000
110110  30.593  36.094  -27.612 0.0000000000
110111  36.218  33.169  -31.487 0.0000000000
110112  35.018  34.252  -30.725 0.0000000000
110113  33.622  35.337  -30.214 0.0000000000
110114  31.974  35.893  -29.631 0.0000000000
110115  30.175  36.046  -28.786 0.0000000000
110116  28.522  35.912  -28.906 0.0000000000
110117  27.166  35.796  -28.846 0.0000000000
110118  25.916  35.733  -28.819 0.0000000000
110119  24.858  35.717  -28.882 0.0000000000
110120  24.242  35.513  -28.929 0.0000000000
110121  36.211  32.863  -32.569 0.0000000000
110122  35.207  33.114  -32.686 0.0000000000
110123  33.722  33.923  -31.865 0.0000000000
110124  32.308  34.824  -31.531 0.0000000000
110125  30.726  35.254  -30.956 0.0000000000
110126  29.166  35.259  -30.447 0.0000000000
110127  27.777  35.070  -30.193 0.0000000000
110128  26.480  34.554  -30.308 0.0000000000
110129  25.196  34.561  -30.105 0.0000000000
110130  24.325  35.088  -29.829 0.0000000000
110131  34.556  32.778  -33.484 0.0000000000
110132  33.887  33.007  -33.354 0.0000000000
110133  32.556  33.498  -33.140 0.0000000000
110134  31.116  33.703  -32.565 0.0000000000
110135  29.653  33.744  -31.962 0.0000000000
110136  28.258  33.718  -31.376 0.0000000000
110137  27.266  33.731  -30.891 0.0000000000
110542  48.953  30.781  -21.018 0.0000000000
110545  38.495  32.532  -23.456 0.0000000000
110552  48.188  31.190  -22.774 0.0000000000
110553  38.635  32.630  -25.038 0.0000000000
110554  17.195  32.758  -24.165 0.0000000000
110555  17.150  33.348  -25.214 0.0000000000
110558  47.511  31.519  -24.886 0.0000000000
110559  46.523  31.744  -26.776 0.0000000000
110560  41.189  32.216  -27.379 0.0000000000
110561  39.377  32.340  -26.872 0.0000000000
110562  39.031  32.907  -26.076 0.0000000000
110563  17.484  33.931  -26.705 0.0000000000
110566  45.211  31.912  -28.010 0.0000000000
110567  43.724  32.079  -28.491 0.0000000000
110568  42.485  32.430  -28.440 0.0000000000
110569  17.182  34.268  -28.386 0.0000000000
110573  16.035  34.213  -29.813 0.0000000000
110574  14.540  33.929  -31.186 0.0000000000
110575  12.733  33.858  -31.527 0.0000000000
110582  13.961  33.419  -31.433 0.0000000000
110583  13.182  33.456  -31.803 0.0000000000
111017  38.534  33.591  -24.248 0.0000000000
111018  38.356  34.091  -23.214 0.0000000000
111028  39.180  34.306  -27.068 0.0000000000
111029  38.370  33.887  -25.874 0.0000000000
111030  38.476  34.469  -24.388 0.0000000000
111033  17.272  33.000  -24.075 0.0000000000
111034  17.168  33.210  -24.676 0.0000000000
111037  47.615  32.444  -23.708 0.0000000000
111038  46.814  32.764  -26.039 0.0000000000
111039  41.664  33.566  -28.590 0.0000000000
111040  40.076  33.451  -27.444 0.0000000000
111041  38.865  33.297  -26.895 0.0000000000
111042  17.209  33.706  -25.169 0.0000000000
111043  17.051  33.887  -25.602 0.0000000000
111046  45.577  32.954  -27.777 0.0000000000
111047  44.047  32.998  -28.787 0.0000000000
111048  42.871  32.971  -29.082 0.0000000000
111049  16.732  34.548  -27.391 0.0000000000
111052  16.364  34.904  -29.291 0.0000000000
111053  15.237  34.990  -30.893 0.0000000000
111054  13.464  34.862  -31.472 0.0000000000
111483  38.593  36.072  -25.522 0.0000000000
111484  38.254  35.346  -24.269 0.0000000000
111499  39.649  35.409  -27.387 0.0000000000
111500  38.758  35.382  -26.506 0.0000000000
111501  38.461  35.110  -25.176 0.0000000000
111518  46.961  33.816  -24.831 0.0000000000
111519  41.572  34.754  -29.182 0.0000000000
111520  40.596  34.809  -28.025 0.0000000000
111528  17.473  33.976  -25.232 0.0000000000
111529  17.003  34.423  -25.844 0.0000000000
111532  45.921  34.125  -27.188 0.0000000000
111533  44.345  34.234  -28.633 0.0000000000
111534  42.702  34.140  -29.369 0.0000000000
111535  16.549  34.947  -26.638 0.0000000000
111539  16.151  35.529  -28.186 0.0000000000
111540  15.490  35.903  -30.154 0.0000000000
111541  13.945  35.993  -31.252 0.0000000000
111542  11.842  35.826  -31.121 0.0000000000
111946  39.434  37.492  -26.839 0.0000000000
111947  38.945  37.147  -26.206 0.0000000000
111948  38.226  36.715  -25.181 0.0000000000
111956  40.678  37.156  -28.477 0.0000000000
111957  39.836  36.722  -27.335 0.0000000000
111958  38.889  36.371  -26.408 0.0000000000
111972  46.106  35.305  -26.194 0.0000000000
111973  42.260  36.569  -29.337 0.0000000000
111974  41.285  36.187  -28.989 0.0000000000
111975  40.333  35.803  -27.928 0.0000000000
111986  18.213  34.875  -26.004 0.0000000000
111987  17.080  35.216  -26.095 0.0000000000
111988  16.572  35.286  -26.372 0.0000000000
111991  44.702  35.499  -28.262 0.0000000000
111992  42.900  35.639  -29.255 0.0000000000
111993  42.044  35.184  -29.392 0.0000000000
111994  16.499  35.986  -26.519 0.0000000000
111995  16.184  36.098  -27.257 0.0000000000
112002  15.699  36.727  -29.055 0.0000000000
112003  14.339  37.078  -30.564 0.0000000000
112004  12.404  37.196  -31.483 0.0000000000
112440  39.837  38.679  -27.210 0.0000000000
112441  39.389  38.307  -26.724 0.0000000000
112442  38.444  38.092  -25.749 0.0000000000
112443  37.631  37.608  -25.213 0.0000000000
112454  41.320  38.519  -28.846 0.0000000000
112455  40.473  38.258  -28.088 0.0000000000
112456  39.810  37.715  -27.153 0.0000000000
112466  46.600  36.403  -25.212 0.0000000000
112467  44.801  36.888  -27.674 0.0000000000
112468  42.334  37.695  -29.101 0.0000000000
112469  41.095  37.344  -28.928 0.0000000000
112480  17.721  36.186  -26.316 0.0000000000
112481  16.862  36.349  -26.415 0.0000000000
112485  43.495  36.508  -28.945 0.0000000000
112486  42.721  36.635  -29.287 0.0000000000
112489  18.571  37.340  -26.470 0.0000000000
112490  17.484  37.365  -26.624 0.0000000000
112491  16.374  37.230  -27.139 0.0000000000
112492  15.730  37.208  -28.095 0.0000000000
112500  15.626  37.996  -28.240 0.0000000000
112501  14.826  37.987  -29.405 0.0000000000
112502  13.209  38.298  -30.856 0.0000000000
112503  11.183  38.518  -31.340 0.0000000000
112504  9.095  38.816  -30.917 0.0000000000
113011  38.022  39.998  -24.888 0.0000000000
113012  37.960  39.777  -24.433 0.0000000000
113013  37.863  39.666  -24.258 0.0000000000
113034  40.207  40.081  -27.984 0.0000000000
113035  39.632  39.433  -27.071 0.0000000000
113036  38.286  39.484  -26.092 0.0000000000
113037  37.698  39.015  -25.495 0.0000000000
113052  41.496  39.368  -28.464 0.0000000000
113053  40.313  39.390  -28.145 0.0000000000
113060  45.805  37.926  -26.286 0.0000000000
113061  44.078  38.476  -27.981 0.0000000000
113062  42.844  38.886  -28.571 0.0000000000
113066  19.797  39.109  -25.956 0.0000000000
113067  19.239  39.383  -25.959 0.0000000000
113072  19.634  38.205  -26.520 0.0000000000
113073  18.637  38.705  -26.458 0.0000000000
113074  17.310  38.644  -27.057 0.0000000000
113075  16.269  38.780  -27.934 0.0000000000
113076  8.757  40.684  -30.717 0.0000000000
113084  15.157  38.952  -28.826 0.0000000000
113085  13.784  39.391  -30.002 0.0000000000
113086  12.355  39.526  -31.169 0.0000000000
113087  10.637  39.876  -30.743 0.0000000000
113088  9.023  39.802  -30.728 0.0000000000
113094  13.315  40.069  -30.046 0.0000000000
113095  12.822  40.221  -30.878 0.0000000000
113096  12.100  40.194  -31.010 0.0000000000
113571  38.935  40.733  -21.551 0.0000000000
113572  38.505  40.808  -21.549 0.0000000000
113573  38.254  40.892  -21.756 0.0000000000
113583  38.428  41.550  -25.719 0.0000000000
113584  38.141  40.834  -25.075 0.0000000000
113585  38.161  40.737  -23.175 0.0000000000
113586  38.287  40.418  -22.932 0.0000000000
113587  38.062  40.521  -22.926 0.0000000000
113603  41.034  40.918  -27.994 0.0000000000
113604  39.313  40.998  -26.859 0.0000000000
113605  38.709  40.240  -26.338 0.0000000000
113625  42.347  40.502  -27.899 0.0000000000
113637  20.268  40.845  -24.329 0.0000000000
113638  19.223  40.614  -24.398 0.0000000000
113643  46.595  38.804  -24.902 0.0000000000
113644  44.970  39.298  -26.820 0.0000000000
113645  43.387  39.764  -28.026 0.0000000000
113655  19.509  39.885  -25.247 0.0000000000
113656  18.469  40.340  -25.503 0.0000000000
113657  17.530  40.467  -26.348 0.0000000000
113664  18.822  39.624  -25.960 0.0000000000
113665  18.025  39.688  -26.549 0.0000000000
113666  16.838  39.985  -27.374 0.0000000000
113667  8.960  41.579  -30.475 0.0000000000
113675  15.687  39.760  -28.333 0.0000000000
113676  14.664  39.868  -28.985 0.0000000000
113677  10.321  40.883  -30.286 0.0000000000
113682  13.872  40.259  -29.606 0.0000000000
113683  13.204  40.611  -30.190 0.0000000000
113684  12.063  40.921  -30.733 0.0000000000
114131  38.077  41.249  -19.028 0.0000000000
114132  37.828  41.472  -19.302 0.0000000000
114133  37.127  41.958  -20.062 0.0000000000
114134  36.704  42.914  -21.107 0.0000000000
114147  39.713  41.321  -21.344 0.0000000000
114148  39.480  41.175  -20.989 0.0000000000
114149  38.558  41.257  -19.886 0.0000000000
114150  38.061  41.257  -21.050 0.0000000000
114151  37.427  41.969  -21.809 0.0000000000
114152  36.773  43.120  -22.977 0.0000000000
114165  38.135  41.773  -24.718 0.0000000000
114166  39.012  41.356  -22.467 0.0000000000
114167  39.212  40.833  -21.838 0.0000000000
114168  37.802  41.089  -22.575 0.0000000000
114184  40.528  42.104  -27.559 0.0000000000
114185  39.198  42.351  -26.028 0.0000000000
114195  20.821  42.512  -23.119 0.0000000000
114199  46.794  40.140  -23.958 0.0000000000
114200  44.975  41.229  -25.863 0.0000000000
114201  42.779  41.818  -27.359 0.0000000000
114209  19.745  41.583  -23.469 0.0000000000
114210  18.185  41.319  -24.419 0.0000000000
114211  17.038  42.107  -24.839 0.0000000000
114214  45.527  40.028  -25.819 0.0000000000
114215  44.224  40.532  -27.090 0.0000000000
114216  43.181  40.654  -27.617 0.0000000000
114224  17.708  40.895  -25.717 0.0000000000
114225  16.447  41.408  -26.448 0.0000000000
114226  15.174  41.967  -27.310 0.0000000000
114234  15.623  40.597  -27.909 0.0000000000
114235  15.026  41.388  -27.883 0.0000000000
114236  8.882  42.544  -30.211 0.0000000000
114243  15.151  40.252  -28.548 0.0000000000
114244  14.462  40.709  -28.758 0.0000000000
114245  10.934  41.814  -30.026 0.0000000000
114251  13.693  40.918  -29.593 0.0000000000
114252  13.057  41.295  -30.133 0.0000000000
114253  12.462  41.720  -30.174 0.0000000000
114689  44.298  43.276  -15.029 0.0000000000
114691  34.705  46.087  -21.612 0.0000000000
114692  33.553  46.219  -21.873 0.0000000000
114693  32.274  45.827  -21.761 0.0000000000
114705  46.236  43.507  -16.848 0.0000000000
114706  45.257  43.400  -16.260 0.0000000000
114707  37.833  41.701  -18.849 0.0000000000
114708  37.018  42.279  -18.969 0.0000000000
114709  36.494  43.228  -19.850 0.0000000000
114710  35.827  44.701  -21.805 0.0000000000
114711  34.445  45.567  -22.642 0.0000000000
114722  39.681  41.811  -21.100 0.0000000000
114723  39.401  41.712  -19.788 0.0000000000
114724  38.598  41.794  -18.989 0.0000000000
114725  36.125  44.139  -23.313 0.0000000000
114738  38.034  42.792  -24.368 0.0000000000
114739  39.019  42.421  -22.356 0.0000000000
114746  21.533  44.218  -21.082 0.0000000000
114752  41.020  43.287  -27.012 0.0000000000
114753  39.509  43.484  -25.818 0.0000000000
114759  21.135  43.020  -22.773 0.0000000000
114760  20.154  43.161  -22.537 0.0000000000
114761  18.906  43.252  -22.639 0.0000000000
114764  45.793  41.775  -24.234 0.0000000000
114765  44.161  42.643  -25.811 0.0000000000
114766  42.660  43.234  -26.651 0.0000000000
114772  18.929  41.989  -23.196 0.0000000000
114773  17.973  42.519  -23.179 0.0000000000
114774  16.215  42.921  -24.602 0.0000000000
114775  15.333  43.382  -25.462 0.0000000000
114786  16.183  42.360  -25.688 0.0000000000
114787  14.865  42.914  -26.771 0.0000000000
114788  12.599  43.807  -28.310 0.0000000000
114789  10.174  43.991  -28.910 0.0000000000
114795  14.306  42.105  -28.119 0.0000000000
114796  13.346  42.999  -28.999 0.0000000000
114797  11.088  43.097  -29.505 0.0000000000
114798  8.817  43.460  -29.738 0.0000000000
114802  14.082  41.453  -28.724 0.0000000000
114803  13.427  42.026  -29.143 0.0000000000
114804  12.564  42.405  -29.860 0.0000000000
114809  13.893  41.105  -29.105 0.0000000000
114810  13.483  41.453  -29.446 0.0000000000
114811  13.150  41.997  -30.118 0.0000000000
115160  29.882  45.363  -20.731 0.0000000000
115173  34.156  46.749  -20.290 0.0000000000
115174  33.250  46.850  -20.721 0.0000000000
115175  32.198  46.630  -20.986 0.0000000000
115176  31.269  46.153  -21.029 0.0000000000
115177  30.367  45.425  -20.936 0.0000000000
115193  44.129  43.760  -15.294 0.0000000000
115196  35.761  45.195  -19.135 0.0000000000
115197  35.127  46.006  -20.307 0.0000000000
115198  33.925  46.500  -20.979 0.0000000000
115199  32.756  46.409  -21.256 0.0000000000
115200  31.682  46.040  -21.333 0.0000000000
115201  30.879  45.531  -21.219 0.0000000000
115207  47.581  44.175  -18.460 0.0000000000
115208  46.716  44.294  -18.096 0.0000000000
115209  45.736  44.278  -17.442 0.0000000000
115210  44.872  43.870  -16.384 0.0000000000
115211  37.946  42.771  -18.674 0.0000000000
115212  37.140  43.042  -18.621 0.0000000000
115213  36.370  43.878  -18.829 0.0000000000
115214  36.107  44.792  -19.958 0.0000000000
115220  47.525  43.833  -19.405 0.0000000000
115221  46.530  44.605  -19.405 0.0000000000
115222  46.232  44.961  -18.670 0.0000000000
115223  39.086  43.176  -21.687 0.0000000000
115224  39.302  42.824  -20.298 0.0000000000
115225  38.781  42.687  -19.254 0.0000000000
115231  47.080  43.054  -20.712 0.0000000000
115232  46.134  44.078  -20.737 0.0000000000
115233  38.728  44.493  -25.048 0.0000000000
115234  38.098  43.768  -23.409 0.0000000000
115239  46.733  42.562  -22.269 0.0000000000
115240  45.784  43.624  -22.196 0.0000000000
115241  41.984  44.035  -26.588 0.0000000000
115242  40.762  44.520  -26.198 0.0000000000
115243  20.731  44.436  -21.416 0.0000000000
115244  19.324  44.138  -22.359 0.0000000000
115245  18.509  44.434  -22.635 0.0000000000
115247  46.330  42.215  -23.267 0.0000000000
115248  45.068  43.244  -23.981 0.0000000000
115249  43.137  43.980  -25.736 0.0000000000
115250  42.071  44.536  -26.214 0.0000000000
115251  18.192  43.237  -22.592 0.0000000000
115252  17.232  43.564  -22.892 0.0000000000
115253  15.182  43.877  -24.618 0.0000000000
115254  14.245  44.511  -25.489 0.0000000000
115255  10.551  45.057  -27.713 0.0000000000
115261  14.857  43.680  -25.910 0.0000000000
115262  13.842  44.358  -26.734 0.0000000000
115263  11.603  44.610  -28.086 0.0000000000
115264  9.280  44.598  -28.536 0.0000000000
115598  33.124  47.674  -20.281 0.0000000000
115599  32.286  47.353  -20.472 0.0000000000
115600  31.379  46.889  -20.574 0.0000000000
115601  30.474  46.179  -20.594 0.0000000000
115602  29.699  45.738  -20.450 0.0000000000
115613  35.277  46.587  -18.636 0.0000000000
115614  34.619  46.814  -19.393 0.0000000000
115615  33.787  47.393  -20.113 0.0000000000
115616  32.729  47.148  -20.606 0.0000000000
115617  31.783  46.789  -20.776 0.0000000000
115618  31.021  46.303  -20.804 0.0000000000
115631  44.196  44.332  -15.575 0.0000000000
115634  36.561  45.253  -18.259 0.0000000000
115635  35.979  45.535  -18.503 0.0000000000
115636  35.279  45.984  -19.051 0.0000000000
115642  45.332  44.694  -17.375 0.0000000000
115643  44.875  44.733  -16.792 0.0000000000
115644  38.052  44.284  -18.960 0.0000000000
115645  37.191  44.373  -18.424 0.0000000000
115646  36.660  44.335  -18.493 0.0000000000
115652  45.879  45.276  -19.598 0.0000000000
115653  45.472  45.543  -18.871 0.0000000000
115654  45.295  45.269  -17.767 0.0000000000
115655  38.124  44.441  -22.719 0.0000000000
115656  38.343  44.567  -21.337 0.0000000000
115657  38.757  43.861  -19.786 0.0000000000
115663  45.281  45.222  -20.871 0.0000000000
115664  45.371  45.638  -20.086 0.0000000000
115665  38.855  45.378  -24.882 0.0000000000
115666  38.132  45.431  -23.975 0.0000000000
115667  37.929  45.145  -22.768 0.0000000000
115668  21.242  45.076  -20.351 0.0000000000
115669  20.548  45.065  -19.562 0.0000000000
115672  45.036  44.628  -22.149 0.0000000000
115673  40.313  45.699  -25.338 0.0000000000
115674  39.176  45.799  -24.743 0.0000000000
115675  21.028  44.949  -20.632 0.0000000000
115676  20.518  45.044  -20.896 0.0000000000
115677  19.169  45.016  -22.256 0.0000000000
115678  8.207  45.754  -27.332 0.0000000000
115684  44.774  44.326  -23.330 0.0000000000
115685  43.685  44.646  -24.506 0.0000000000
115686  42.159  45.150  -25.604 0.0000000000
115687  17.930  44.656  -22.731 0.0000000000
115688  16.208  44.488  -23.189 0.0000000000
115689  14.492  44.953  -24.796 0.0000000000
115690  12.501  45.690  -26.678 0.0000000000
115691  9.260  45.374  -27.367 0.0000000000
115696  13.459  44.913  -26.087 0.0000000000
115697  12.632  45.225  -27.347 0.0000000000
115966  35.385  44.920  -4.692 0.0000000000
115978  38.388  44.038  -5.995 0.0000000000
115979  37.552  44.300  -5.447 0.0000000000
115980  36.342  44.496  -5.122 0.0000000000
116012  33.246  48.360  -19.622 0.0000000000
116013  32.521  48.146  -19.975 0.0000000000
116014  32.057  47.933  -20.081 0.0000000000
116015  29.519  46.542  -19.713 0.0000000000
116016  28.901  46.143  -19.575 0.0000000000
116023  35.122  48.118  -17.999 0.0000000000
116024  34.557  48.050  -18.434 0.0000000000
116025  33.793  48.118  -19.470 0.0000000000
116026  32.846  47.947  -20.158 0.0000000000
116027  31.911  47.583  -20.269 0.0000000000
116028  30.957  47.039  -20.344 0.0000000000
116029  30.098  46.587  -20.164 0.0000000000
116030  29.450  46.100  -20.108 0.0000000000
116040  35.615  47.367  -18.235 0.0000000000
116041  34.869  47.366  -18.493 0.0000000000
116042  34.355  47.624  -19.252 0.0000000000
116058  44.412  45.227  -15.752 0.0000000000
116061  36.666  46.201  -18.352 0.0000000000
116062  36.192  46.259  -18.317 0.0000000000
116072  44.955  45.878  -17.107 0.0000000000
116073  37.479  46.158  -19.351 0.0000000000
116074  37.330  45.483  -18.594 0.0000000000
116079  44.626  46.600  -19.709 0.0000000000
116080  45.092  46.013  -18.230 0.0000000000
116081  37.710  46.450  -21.611 0.0000000000
116082  37.996  45.347  -20.119 0.0000000000
116083  18.952  45.385  -18.460 0.0000000000
116084  18.242  45.390  -17.700 0.0000000000
116087  44.381  45.792  -21.812 0.0000000000
116088  44.510  46.220  -20.944 0.0000000000
116089  38.801  46.914  -23.579 0.0000000000
116090  37.752  46.010  -22.754 0.0000000000
116091  19.928  45.871  -19.243 0.0000000000
116092  19.411  45.952  -18.579 0.0000000000
116094  44.429  45.451  -22.296 0.0000000000
116095  43.423  46.323  -23.033 0.0000000000
116096  41.671  46.434  -24.507 0.0000000000
116097  39.873  46.561  -24.390 0.0000000000
116098  20.811  45.887  -20.112 0.0000000000
116099  19.753  45.756  -21.158 0.0000000000
116100  8.461  46.302  -26.912 0.0000000000
116101  7.613  45.845  -27.128 0.0000000000
116106  44.081  45.261  -23.413 0.0000000000
116107  42.825  45.695  -24.488 0.0000000000
116108  41.807  45.914  -25.192 0.0000000000
116109  17.976  45.533  -22.504 0.0000000000
116110  15.637  45.463  -23.338 0.0000000000
116111  13.834  45.867  -24.794 0.0000000000
116112  11.878  46.284  -26.246 0.0000000000
116113  9.905  46.131  -26.598 0.0000000000
116392  35.138  45.952  -4.307 0.0000000000
116393  34.794  46.350  -4.469 0.0000000000
116406  41.524  45.248  -6.182 0.0000000000
116407  40.656  45.106  -5.365 0.0000000000
116408  39.106  45.033  -4.725 0.0000000000
116409  37.536  45.557  -4.219 0.0000000000
116410  36.041  46.048  -4.177 0.0000000000
116411  35.183  46.915  -4.248 0.0000000000
116412  34.721  46.951  -5.254 0.0000000000
116423  41.607  44.965  -7.320 0.0000000000
116424  40.705  44.344  -6.585 0.0000000000
116425  39.486  44.196  -6.124 0.0000000000
116426  35.267  47.397  -4.373 0.0000000000
116427  35.094  47.280  -5.151 0.0000000000
116428  34.971  46.887  -6.797 0.0000000000
116429  34.504  46.503  -7.686 0.0000000000
116439  41.577  44.725  -8.787 0.0000000000
116440  40.494  44.152  -8.036 0.0000000000
116441  39.492  43.814  -7.457 0.0000000000
116450  41.392  44.570  -10.228 0.0000000000
116462  34.588  48.926  -17.709 0.0000000000
116463  33.925  48.858  -18.781 0.0000000000
116464  33.011  48.728  -19.385 0.0000000000
116465  31.934  48.270  -19.770 0.0000000000
116466  30.856  47.906  -19.707 0.0000000000
116467  29.943  47.237  -19.534 0.0000000000
116468  29.092  46.835  -19.188 0.0000000000
116469  28.385  46.714  -19.074 0.0000000000
116470  27.737  46.954  -19.192 0.0000000000
116477  42.352  45.004  -12.676 0.0000000000
116479  36.411  50.014  -17.337 0.0000000000
116480  35.606  49.097  -17.510 0.0000000000
116481  35.024  48.803  -17.606 0.0000000000
116482  34.368  48.600  -18.451 0.0000000000
116483  31.820  47.826  -20.095 0.0000000000
116484  31.353  47.637  -20.082 0.0000000000
116485  30.644  47.275  -20.016 0.0000000000
116494  44.025  45.682  -14.173 0.0000000000
116497  36.291  49.780  -18.147 0.0000000000
116498  35.861  48.696  -17.920 0.0000000000
116514  44.705  46.717  -16.384 0.0000000000
116515  44.232  45.506  -15.030 0.0000000000
116517  36.925  49.160  -19.483 0.0000000000
116518  36.476  48.538  -18.752 0.0000000000
116519  36.084  47.360  -18.270 0.0000000000
116529  44.529  47.037  -17.570 0.0000000000
116530  37.129  48.029  -19.672 0.0000000000
116531  36.942  46.798  -18.842 0.0000000000
116533  17.436  47.035  -17.224 0.0000000000
116537  44.210  47.040  -19.977 0.0000000000
116538  44.035  47.313  -19.432 0.0000000000
116539  37.697  47.727  -21.675 0.0000000000
116540  37.634  47.315  -20.608 0.0000000000
116541  18.083  46.659  -17.662 0.0000000000
116542  18.420  47.392  -17.754 0.0000000000
116545  43.841  47.087  -20.693 0.0000000000
116546  42.300  47.924  -21.702 0.0000000000
116547  40.078  47.992  -22.925 0.0000000000
116548  38.261  47.507  -22.533 0.0000000000
116549  19.966  46.300  -19.440 0.0000000000
116550  19.666  46.594  -19.058 0.0000000000
116551  7.956  47.482  -26.145 0.0000000000
116552  8.104  46.853  -25.790 0.0000000000
116557  43.174  47.088  -22.073 0.0000000000
116558  41.569  47.338  -23.433 0.0000000000
116559  40.080  47.325  -23.756 0.0000000000
116560  20.185  46.196  -19.907 0.0000000000
116561  18.964  46.565  -21.176 0.0000000000
116562  8.038  46.991  -26.532 0.0000000000
116568  17.156  46.439  -22.744 0.0000000000
116569  15.091  46.372  -23.491 0.0000000000
116570  13.440  46.667  -24.768 0.0000000000
116571  11.642  46.818  -25.659 0.0000000000
116572  9.805  46.727  -26.018 0.0000000000
116846  43.019  47.151  -6.300 0.0000000000
116847  41.803  46.484  -5.568 0.0000000000
116848  40.525  46.388  -4.458 0.0000000000
116849  38.950  46.872  -3.845 0.0000000000
116850  37.198  46.956  -3.733 0.0000000000
116851  35.966  47.230  -4.116 0.0000000000
116852  35.423  47.353  -4.203 0.0000000000
116860  43.450  47.154  -7.391 0.0000000000
116861  42.326  46.165  -6.785 0.0000000000
116862  39.024  47.715  -3.593 0.0000000000
116863  38.188  47.866  -3.690 0.0000000000
116864  36.778  48.081  -3.943 0.0000000000
116865  35.640  47.847  -4.744 0.0000000000
116866  35.362  47.451  -6.725 0.0000000000
116867  34.880  46.896  -7.861 0.0000000000
116868  34.075  46.465  -8.347 0.0000000000
116877  43.684  47.224  -8.884 0.0000000000
116878  42.536  46.028  -8.120 0.0000000000
116887  44.661  47.683  -11.664 0.0000000000
116888  43.987  47.198  -10.512 0.0000000000
116889  42.605  45.909  -9.588 0.0000000000
116890  34.020  49.766  -17.565 0.0000000000
116891  33.334  49.754  -18.250 0.0000000000
116892  32.849  49.669  -18.545 0.0000000000
116901  44.749  47.397  -12.536 0.0000000000
116902  43.639  46.658  -11.724 0.0000000000
116903  42.491  45.669  -10.956 0.0000000000
116904  36.218  49.982  -15.931 0.0000000000
116905  35.346  49.417  -16.637 0.0000000000
116906  34.524  49.429  -17.371 0.0000000000
116907  33.614  49.327  -18.503 0.0000000000
116908  32.565  49.305  -19.026 0.0000000000
116909  31.203  48.815  -19.237 0.0000000000
116910  30.064  48.200  -19.090 0.0000000000
116911  29.212  47.565  -18.788 0.0000000000
116912  28.470  47.303  -18.713 0.0000000000
116913  27.832  47.526  -18.801 0.0000000000
116914  25.142  50.018  -15.363 0.0000000000
116924  44.639  47.058  -13.305 0.0000000000
116925  43.488  46.250  -12.630 0.0000000000
116926  42.286  45.426  -11.989 0.0000000000
116927  37.632  50.681  -16.173 0.0000000000
116928  36.605  50.255  -16.285 0.0000000000
116929  35.723  49.497  -16.756 0.0000000000
116930  27.232  47.940  -19.079 0.0000000000
116931  26.287  48.731  -18.908 0.0000000000
116940  44.867  47.209  -14.278 0.0000000000
116941  43.591  45.913  -13.379 0.0000000000
116942  38.482  50.440  -17.476 0.0000000000
116943  37.589  50.358  -17.334 0.0000000000
116954  17.966  47.524  -17.093 0.0000000000
116959  44.025  48.219  -17.527 0.0000000000
116960  44.592  47.525  -15.827 0.0000000000
116961  37.677  49.816  -18.501 0.0000000000
116962  36.768  49.849  -18.372 0.0000000000
116964  18.112  47.391  -17.188 0.0000000000
116969  43.425  48.361  -18.952 0.0000000000
116970  39.020  49.299  -19.998 0.0000000000
116971  38.054  49.257  -19.731 0.0000000000
116972  18.697  47.791  -17.842 0.0000000000
116975  42.113  48.638  -20.479 0.0000000000
116976  40.337  48.997  -21.005 0.0000000000
116977  38.554  48.655  -20.847 0.0000000000
116978  37.459  48.456  -20.464 0.0000000000
116979  19.419  47.369  -18.738 0.0000000000
116980  19.136  47.894  -18.687 0.0000000000
116983  40.804  48.531  -21.740 0.0000000000
116984  39.298  48.417  -21.944 0.0000000000
116985  38.328  48.044  -21.812 0.0000000000
116986  18.814  47.552  -20.257 0.0000000000
116987  18.643  48.156  -19.936 0.0000000000
116988  8.072  47.896  -25.652 0.0000000000
116989  7.804  47.385  -24.748 0.0000000000
116990  6.509  47.082  -24.375 0.0000000000
116995  17.923  47.287  -21.962 0.0000000000
116996  8.366  47.764  -25.818 0.0000000000
116999  16.392  47.156  -22.901 0.0000000000
117000  14.675  47.172  -23.552 0.0000000000
117001  13.026  47.323  -24.428 0.0000000000
117002  11.248  47.450  -25.166 0.0000000000
117003  9.533  47.446  -25.575 0.0000000000
117245  42.776  47.786  -5.668 0.0000000000
117246  41.628  47.579  -4.808 0.0000000000
117247  40.363  47.826  -4.062 0.0000000000
117248  39.463  47.703  -3.666 0.0000000000
117249  32.143  46.847  -8.554 0.0000000000
117252  24.738  47.638  -10.350 0.0000000000
117253  24.308  47.263  -10.151 0.0000000000
117254  23.962  47.077  -10.008 0.0000000000
117256  43.497  48.042  -6.827 0.0000000000
117257  40.273  48.562  -4.413 0.0000000000
117258  39.376  48.429  -4.173 0.0000000000
117259  37.909  48.890  -4.448 0.0000000000
117260  36.566  49.026  -4.849 0.0000000000
117261  35.852  48.468  -6.365 0.0000000000
117262  35.277  47.794  -7.658 0.0000000000
117263  34.534  47.308  -8.455 0.0000000000
117264  33.417  46.983  -8.744 0.0000000000
117265  24.896  48.484  -11.454 0.0000000000
117266  24.994  47.700  -10.768 0.0000000000
117267  24.531  47.004  -10.552 0.0000000000
117268  23.706  46.798  -10.371 0.0000000000
117275  44.020  48.270  -8.311 0.0000000000
117276  24.220  49.647  -12.788 0.0000000000
117282  44.713  48.460  -11.245 0.0000000000
117283  44.356  48.397  -9.891 0.0000000000
117284  37.002  50.974  -14.557 0.0000000000
117285  35.911  50.478  -15.032 0.0000000000
117286  34.703  50.024  -16.051 0.0000000000
117287  33.856  50.393  -17.291 0.0000000000
117288  32.850  50.192  -18.089 0.0000000000
117289  32.200  50.355  -18.128 0.0000000000
117290  24.338  50.434  -14.456 0.0000000000
117295  44.858  48.463  -12.431 0.0000000000
117296  38.642  51.119  -14.324 0.0000000000
117297  37.477  50.844  -14.831 0.0000000000
117298  36.166  50.177  -15.443 0.0000000000
117299  35.299  49.755  -15.997 0.0000000000
117300  32.530  49.695  -18.624 0.0000000000
117301  31.729  49.830  -18.584 0.0000000000
117302  30.071  49.292  -18.434 0.0000000000
117303  29.150  48.425  -18.282 0.0000000000
117304  28.335  48.074  -18.400 0.0000000000
117305  27.941  47.859  -18.565 0.0000000000
117306  24.781  50.561  -16.507 0.0000000000
117314  44.809  48.261  -13.664 0.0000000000
117315  40.149  50.665  -14.869 0.0000000000
117316  39.030  50.973  -14.758 0.0000000000
117317  37.827  50.927  -15.293 0.0000000000
117318  29.331  49.567  -17.815 0.0000000000
117319  28.919  49.233  -17.706 0.0000000000
117320  28.076  49.001  -17.813 0.0000000000
117321  27.088  48.938  -18.424 0.0000000000
117322  25.284  50.126  -17.903 0.0000000000
117323  24.696  50.278  -17.644 0.0000000000
117329  44.377  48.693  -15.210 0.0000000000
117330  39.490  50.693  -16.435 0.0000000000
117331  38.734  50.877  -15.941 0.0000000000
117337  18.544  48.075  -17.746 0.0000000000
117338  18.759  48.184  -17.968 0.0000000000
117344  42.912  49.097  -18.581 0.0000000000
117345  42.959  49.634  -17.366 0.0000000000
117346  40.815  50.423  -17.662 0.0000000000
117347  39.352  50.510  -17.589 0.0000000000
117348  18.940  48.425  -18.308 0.0000000000
117353  42.292  49.089  -19.542 0.0000000000
117354  41.665  49.531  -19.237 0.0000000000
117355  40.148  49.913  -19.263 0.0000000000
117356  39.173  50.056  -18.572 0.0000000000
117357  18.889  48.449  -18.770 0.0000000000
117360  41.337  49.270  -20.164 0.0000000000
117361  40.212  49.323  -20.134 0.0000000000
117362  39.447  49.325  -20.100 0.0000000000
117363  18.439  48.637  -19.821 0.0000000000
117364  7.527  49.220  -23.036 0.0000000000
117365  6.686  49.256  -23.279 0.0000000000
117370  17.987  47.797  -21.460 0.0000000000
117371  17.791  48.451  -21.198 0.0000000000
117372  8.247  48.796  -24.663 0.0000000000
117373  7.530  48.444  -23.575 0.0000000000
117374  6.346  47.781  -23.507 0.0000000000
117379  17.122  47.847  -22.279 0.0000000000
117380  16.215  48.476  -22.609 0.0000000000
117381  10.274  48.628  -24.351 0.0000000000
117382  9.132  48.552  -24.925 0.0000000000
117383  15.831  47.752  -22.999 0.0000000000
117384  14.450  48.092  -23.483 0.0000000000
117385  12.504  48.002  -24.065 0.0000000000
117386  10.642  48.172  -24.641 0.0000000000
117387  9.358  47.998  -25.311 0.0000000000
117694  42.337  48.482  -5.265 0.0000000000
117695  41.343  48.567  -4.794 0.0000000000
117696  40.669  48.587  -4.545 0.0000000000
117697  31.493  48.074  -8.220 0.0000000000
117698  30.656  48.222  -7.599 0.0000000000
117700  25.788  49.282  -10.179 0.0000000000
117701  25.239  48.628  -10.278 0.0000000000
117702  24.757  48.165  -10.107 0.0000000000
117703  23.952  47.745  -9.983 0.0000000000
117704  23.354  48.106  -10.000 0.0000000000
117707  42.992  49.027  -6.333 0.0000000000
117708  41.979  49.422  -5.695 0.0000000000
117709  40.626  49.506  -5.094 0.0000000000
117710  39.143  49.966  -5.166 0.0000000000
117711  37.802  50.030  -5.385 0.0000000000
117712  36.601  49.783  -5.856 0.0000000000
117713  35.646  49.065  -6.914 0.0000000000
117714  34.925  48.504  -7.959 0.0000000000
117715  33.914  48.223  -8.547 0.0000000000
117716  32.663  48.080  -8.590 0.0000000000
117717  25.415  50.851  -11.524 0.0000000000
117718  25.269  49.759  -11.081 0.0000000000
117719  25.345  48.615  -10.651 0.0000000000
117720  23.703  47.144  -10.078 0.0000000000
117721  22.947  47.466  -10.149 0.0000000000
117722  21.688  47.389  -10.562 0.0000000000
117728  43.391  49.145  -7.857 0.0000000000
117729  25.130  51.539  -12.636 0.0000000000
117730  24.592  50.673  -12.836 0.0000000000
117736  44.251  49.288  -11.027 0.0000000000
117737  43.361  49.767  -9.885 0.0000000000
117738  41.511  50.770  -10.965 0.0000000000
117739  40.017  51.376  -11.944 0.0000000000
117740  38.506  51.866  -13.378 0.0000000000
117741  37.042  51.742  -14.106 0.0000000000
117742  35.518  51.134  -14.645 0.0000000000
117743  34.410  51.250  -15.975 0.0000000000
117744  33.451  51.226  -17.064 0.0000000000
117745  32.449  50.928  -17.561 0.0000000000
117746  25.024  52.033  -13.599 0.0000000000
117747  25.010  51.443  -14.707 0.0000000000
117752  44.412  49.428  -12.242 0.0000000000
117753  43.418  50.128  -11.995 0.0000000000
117754  41.725  50.551  -12.088 0.0000000000
117755  39.949  50.843  -12.988 0.0000000000
117756  38.945  51.287  -13.570 0.0000000000
117757  31.587  50.662  -17.940 0.0000000000
117758  30.624  50.343  -18.098 0.0000000000
117759  25.680  51.157  -16.674 0.0000000000
117760  25.042  51.083  -16.706 0.0000000000
117766  44.386  49.370  -13.500 0.0000000000
117767  43.375  50.104  -13.487 0.0000000000
117768  41.823  50.439  -13.488 0.0000000000
117769  40.441  50.629  -13.584 0.0000000000
117770  29.638  50.117  -17.779 0.0000000000
117771  28.836  49.895  -17.175 0.0000000000
117772  27.942  49.938  -17.126 0.0000000000
117773  26.896  50.071  -17.356 0.0000000000
117774  25.857  50.346  -17.540 0.0000000000
117780  44.269  49.296  -14.539 0.0000000000
117781  43.435  50.009  -14.746 0.0000000000
117782  41.614  50.394  -15.104 0.0000000000
117786  19.664  49.225  -18.972 0.0000000000
117787  19.176  48.969  -18.790 0.0000000000
117788  18.927  49.006  -18.807 0.0000000000
117794  43.578  49.661  -15.603 0.0000000000
117795  42.293  50.255  -16.202 0.0000000000
117796  40.720  50.543  -16.606 0.0000000000
117797  18.800  49.315  -19.022 0.0000000000
117798  18.059  49.989  -19.526 0.0000000000
117801  18.130  49.404  -19.660 0.0000000000
117802  17.680  50.145  -19.858 0.0000000000
117804  17.531  49.329  -20.810 0.0000000000
117805  8.159  50.488  -22.446 0.0000000000
117806  7.496  50.048  -22.473 0.0000000000
117807  6.666  49.913  -22.293 0.0000000000
117813  16.436  49.312  -21.980 0.0000000000
117814  8.259  49.936  -23.463 0.0000000000
117815  7.750  49.317  -22.999 0.0000000000
117820  15.084  49.189  -23.109 0.0000000000
117821  10.247  49.088  -23.985 0.0000000000
117822  9.234  49.647  -24.131 0.0000000000
117823  13.523  48.796  -23.519 0.0000000000
117824  12.057  48.603  -23.671 0.0000000000
117825  11.023  48.733  -23.817 0.0000000000
118123  29.984  50.667  -7.431 0.0000000000
118128  30.861  49.645  -7.600 0.0000000000
118129  30.230  49.894  -7.185 0.0000000000
118130  30.193  49.561  -7.123 0.0000000000
118131  27.267  51.033  -9.920 0.0000000000
118132  26.555  50.406  -9.885 0.0000000000
118133  26.002  49.967  -9.879 0.0000000000
118134  25.374  49.468  -9.904 0.0000000000
118135  24.581  49.145  -10.066 0.0000000000
118136  23.711  48.998  -10.172 0.0000000000
118138  42.442  50.116  -6.696 0.0000000000
118139  41.509  50.743  -6.542 0.0000000000
118140  40.189  51.318  -6.428 0.0000000000
118141  38.901  51.306  -6.112 0.0000000000
118142  37.666  51.214  -5.919 0.0000000000
118143  36.281  50.674  -5.993 0.0000000000
118144  35.371  50.000  -6.970 0.0000000000
118145  34.316  49.667  -7.789 0.0000000000
118146  33.103  49.594  -8.191 0.0000000000
118147  31.886  49.540  -8.126 0.0000000000
118148  26.480  52.494  -11.346 0.0000000000
118149  26.503  51.596  -10.963 0.0000000000
118150  26.383  50.538  -10.541 0.0000000000
118151  22.835  48.772  -10.111 0.0000000000
118152  21.826  48.483  -10.225 0.0000000000
118153  20.716  48.381  -10.490 0.0000000000
118159  42.911  50.042  -7.644 0.0000000000
118160  42.071  51.019  -7.935 0.0000000000
118161  40.800  52.199  -8.331 0.0000000000
118162  40.105  52.942  -9.394 0.0000000000
118163  25.851  53.056  -12.529 0.0000000000
118164  25.529  52.276  -12.534 0.0000000000
118170  43.161  49.930  -8.561 0.0000000000
118171  42.513  50.599  -9.092 0.0000000000
118172  41.310  51.594  -9.837 0.0000000000
118173  39.819  52.483  -10.782 0.0000000000
118174  38.220  52.785  -12.568 0.0000000000
118175  36.606  52.593  -13.570 0.0000000000
118176  34.932  52.171  -14.258 0.0000000000
118177  33.757  52.278  -15.704 0.0000000000
118178  32.720  52.050  -16.727 0.0000000000
118179  25.340  53.477  -13.334 0.0000000000
118180  25.046  52.683  -14.335 0.0000000000
118181  25.422  51.898  -14.977 0.0000000000
118187  31.679  51.605  -17.245 0.0000000000
118188  30.765  51.239  -17.551 0.0000000000
118189  25.465  52.290  -15.890 0.0000000000
118190  25.096  51.886  -15.736 0.0000000000
118198  29.895  50.971  -17.470 0.0000000000
118199  28.971  50.763  -16.999 0.0000000000
118200  27.959  50.774  -16.671 0.0000000000
118201  26.730  51.171  -16.460 0.0000000000
118202  24.940  51.460  -15.295 0.0000000000
118209  24.119  51.055  -17.128 0.0000000000
118210  22.257  50.687  -18.335 0.0000000000
118211  21.025  50.629  -18.690 0.0000000000
118212  19.873  50.325  -18.743 0.0000000000
118213  19.136  50.088  -18.844 0.0000000000
118214  18.587  50.180  -19.033 0.0000000000
118218  17.971  50.439  -19.283 0.0000000000
118219  17.481  50.662  -19.797 0.0000000000
118221  17.328  49.862  -20.609 0.0000000000
118222  16.942  50.584  -20.581 0.0000000000
118223  8.501  51.452  -19.532 0.0000000000
118224  7.930  51.190  -19.562 0.0000000000
118228  16.577  50.074  -21.437 0.0000000000
118229  15.703  50.913  -21.824 0.0000000000
118230  7.598  51.386  -22.375 0.0000000000
118231  7.919  50.683  -20.449 0.0000000000
118232  7.007  50.249  -20.897 0.0000000000
118238  15.208  50.278  -22.624 0.0000000000
118239  14.996  51.028  -22.521 0.0000000000
118240  8.481  51.264  -23.040 0.0000000000
118244  14.007  49.850  -23.439 0.0000000000
118245  12.754  50.005  -23.440 0.0000000000
118246  11.088  49.949  -23.408 0.0000000000
118247  9.574  50.810  -23.570 0.0000000000
118248  12.833  49.215  -23.396 0.0000000000
118249  11.806  49.193  -23.400 0.0000000000
118250  11.062  49.167  -23.549 0.0000000000
118520  29.784  51.358  -7.654 0.0000000000
118527  30.907  52.134  -7.030 0.0000000000
118528  30.300  51.644  -7.083 0.0000000000
118529  29.305  52.347  -8.197 0.0000000000
118530  28.901  51.928  -8.548 0.0000000000
118531  28.258  51.912  -9.426 0.0000000000
118532  27.695  51.733  -9.210 0.0000000000
118533  26.885  51.415  -9.248 0.0000000000
118534  26.007  51.000  -9.429 0.0000000000
118535  25.148  50.664  -9.949 0.0000000000
118536  24.224  50.449  -10.175 0.0000000000
118539  39.624  52.343  -7.056 0.0000000000
118540  38.780  52.727  -6.854 0.0000000000
118541  37.424  52.347  -6.393 0.0000000000
118542  36.078  51.859  -6.137 0.0000000000
118543  34.733  51.318  -6.540 0.0000000000
118544  33.522  51.246  -7.375 0.0000000000
118545  32.120  51.349  -7.556 0.0000000000
118546  31.144  50.834  -7.503 0.0000000000
118547  28.274  53.762  -9.871 0.0000000000
118548  27.453  53.214  -10.795 0.0000000000
118549  27.681  52.159  -10.282 0.0000000000
118550  23.219  50.233  -10.240 0.0000000000
118551  22.113  49.932  -10.189 0.0000000000
118552  20.954  49.641  -10.192 0.0000000000
118553  19.804  49.492  -10.306 0.0000000000
118554  18.780  49.553  -10.480 0.0000000000
118555  18.025  49.903  -10.828 0.0000000000
118556  17.360  50.484  -10.803 0.0000000000
118560  40.105  52.355  -7.599 0.0000000000
118561  39.494  53.318  -8.626 0.0000000000
118562  38.326  54.388  -10.298 0.0000000000
118563  36.761  54.511  -11.519 0.0000000000
118564  35.260  54.451  -12.347 0.0000000000
118565  34.399  54.643  -12.869 0.0000000000
118566  25.891  53.894  -12.533 0.0000000000
118568  17.861  50.043  -11.277 0.0000000000
118571  39.771  53.195  -9.874 0.0000000000
118572  38.998  53.405  -10.726 0.0000000000
118573  37.540  53.600  -12.008 0.0000000000
118574  35.853  53.424  -12.890 0.0000000000
118575  34.110  53.672  -13.867 0.0000000000
118576  32.847  53.393  -15.648 0.0000000000
118577  25.464  53.910  -13.815 0.0000000000
118578  25.642  53.346  -15.052 0.0000000000
118580  18.677  50.566  -12.055 0.0000000000
118585  31.663  52.830  -16.381 0.0000000000
118586  30.740  52.237  -16.900 0.0000000000
118587  26.017  52.743  -15.988 0.0000000000
118588  22.887  51.709  -13.690 0.0000000000
118589  21.040  51.212  -13.040 0.0000000000
118590  19.829  51.304  -12.616 0.0000000000
118596  30.021  51.862  -17.087 0.0000000000
118597  29.142  51.717  -16.815 0.0000000000
118598  28.144  51.696  -16.494 0.0000000000
118599  27.058  52.039  -16.321 0.0000000000
118600  24.807  52.305  -15.350 0.0000000000
118601  24.281  51.916  -14.632 0.0000000000
118605  24.283  52.138  -16.048 0.0000000000
118606  22.767  51.961  -17.613 0.0000000000
118607  20.950  51.925  -18.436 0.0000000000
118608  19.422  51.567  -18.375 0.0000000000
118609  18.360  51.384  -18.393 0.0000000000
118610  17.455  51.537  -19.051 0.0000000000
118611  16.655  52.281  -19.538 0.0000000000
118614  17.425  51.096  -19.548 0.0000000000
118615  16.626  51.725  -20.109 0.0000000000
118618  15.637  51.756  -21.383 0.0000000000
118619  8.374  51.405  -18.861 0.0000000000
118620  7.444  51.330  -18.592 0.0000000000
118626  14.742  51.682  -22.427 0.0000000000
118627  8.296  51.646  -20.912 0.0000000000
118628  8.660  51.285  -19.390 0.0000000000
118634  14.312  50.489  -23.187 0.0000000000
118635  14.186  51.117  -23.082 0.0000000000
118636  8.570  52.139  -22.460 0.0000000000
118639  13.658  50.548  -23.402 0.0000000000
118640  12.691  51.038  -23.315 0.0000000000
118641  11.250  51.228  -23.171 0.0000000000
118642  9.964  51.938  -23.122 0.0000000000
118875  29.040  54.049  -7.951 0.0000000000
118876  28.657  54.346  -8.229 0.0000000000
118884  30.514  53.467  -6.570 0.0000000000
118885  29.725  53.942  -7.411 0.0000000000
118886  28.738  54.534  -9.222 0.0000000000
118888  29.296  52.499  -7.988 0.0000000000
118889  28.935  52.804  -8.584 0.0000000000
118890  27.996  53.206  -8.435 0.0000000000
118891  26.846  52.822  -9.169 0.0000000000
118892  25.729  52.382  -9.628 0.0000000000
118893  24.807  52.098  -10.240 0.0000000000
118894  18.275  51.675  -9.854 0.0000000000
118895  17.364  51.752  -9.837 0.0000000000
118896  16.803  51.908  -9.833 0.0000000000
118899  38.252  53.612  -7.185 0.0000000000
118900  37.149  53.862  -6.842 0.0000000000
118901  35.555  53.270  -6.292 0.0000000000
118902  34.091  52.898  -6.312 0.0000000000
118903  32.721  52.986  -6.684 0.0000000000
118904  31.357  53.250  -6.528 0.0000000000
118905  27.179  55.052  -11.062 0.0000000000
118906  26.363  54.352  -11.787 0.0000000000
118907  23.824  51.947  -10.504 0.0000000000
118908  22.662  51.625  -10.514 0.0000000000
118909  21.418  51.266  -10.319 0.0000000000
118910  20.233  50.885  -10.205 0.0000000000
118911  19.034  50.804  -10.035 0.0000000000
118912  17.912  50.684  -10.198 0.0000000000
118913  16.878  51.366  -10.356 0.0000000000
118914  16.150  51.926  -10.285 0.0000000000
118918  38.845  53.716  -7.761 0.0000000000
118919  38.167  54.655  -8.453 0.0000000000
118920  37.370  55.526  -10.095 0.0000000000
118921  35.894  55.503  -11.130 0.0000000000
118922  34.691  55.538  -12.164 0.0000000000
118923  26.377  55.894  -12.615 0.0000000000
118924  25.978  54.765  -12.756 0.0000000000
118925  16.993  51.009  -10.945 0.0000000000
118926  16.317  51.794  -10.677 0.0000000000
118932  33.684  55.363  -13.354 0.0000000000
118933  32.699  54.841  -14.613 0.0000000000
118934  26.562  55.892  -13.452 0.0000000000
118935  26.214  54.665  -14.437 0.0000000000
118936  25.964  53.576  -15.395 0.0000000000
118937  17.539  51.337  -11.779 0.0000000000
118938  16.569  51.683  -11.236 0.0000000000
118944  31.635  54.381  -15.516 0.0000000000
118945  30.166  53.611  -15.949 0.0000000000
118946  28.561  53.741  -15.748 0.0000000000
118947  27.250  53.911  -15.621 0.0000000000
118948  26.507  53.353  -15.784 0.0000000000
118949  22.103  52.382  -13.598 0.0000000000
118950  20.873  52.542  -13.104 0.0000000000
118951  19.087  51.997  -12.499 0.0000000000
118955  30.104  52.499  -16.609 0.0000000000
118956  29.389  52.636  -16.455 0.0000000000
118957  28.293  52.735  -16.350 0.0000000000
118958  27.385  52.769  -16.253 0.0000000000
118959  24.217  52.570  -15.272 0.0000000000
118960  23.271  53.093  -14.473 0.0000000000
118961  22.281  53.368  -13.614 0.0000000000
118964  24.370  52.538  -15.629 0.0000000000
118965  23.532  53.224  -15.993 0.0000000000
118966  21.978  53.363  -17.411 0.0000000000
118967  20.248  53.190  -18.025 0.0000000000
118968  18.565  52.745  -17.911 0.0000000000
118969  17.411  52.621  -18.155 0.0000000000
118970  16.623  52.937  -19.127 0.0000000000
118973  15.925  52.979  -20.028 0.0000000000
118974  7.029  53.619  -18.182 0.0000000000
118979  15.205  52.839  -21.083 0.0000000000
118980  8.342  53.269  -20.803 0.0000000000
118981  8.582  52.287  -19.014 0.0000000000
118982  7.810  52.488  -18.422 0.0000000000
118989  14.358  52.637  -22.190 0.0000000000
118990  8.097  53.119  -21.962 0.0000000000
118991  8.511  52.042  -20.005 0.0000000000
118996  13.146  52.304  -23.146 0.0000000000
118997  11.618  52.900  -23.099 0.0000000000
118998  9.976  52.962  -22.765 0.0000000000
118999  12.254  51.753  -23.366 0.0000000000
119000  11.588  52.150  -23.231 0.0000000000
119001  10.895  52.461  -22.930 0.0000000000
119210  31.724  55.912  -6.420 0.0000000000
119211  30.602  55.350  -6.699 0.0000000000
119212  28.799  56.197  -8.213 0.0000000000
119213  28.048  56.067  -9.851 0.0000000000
119214  28.498  54.860  -8.613 0.0000000000
119215  27.904  55.236  -9.345 0.0000000000
119216  26.527  54.553  -10.033 0.0000000000
119217  25.417  53.541  -10.173 0.0000000000
119218  20.213  53.468  -10.094 0.0000000000
119219  19.372  52.749  -9.915 0.0000000000
119220  18.070  52.909  -9.678 0.0000000000
119221  16.961  52.794  -9.503 0.0000000000
119222  16.123  53.017  -9.419 0.0000000000
119223  15.528  53.208  -9.514 0.0000000000
119227  36.192  55.049  -7.034 0.0000000000
119228  34.755  54.674  -6.577 0.0000000000
119229  33.344  54.406  -6.222 0.0000000000
119230  31.851  54.824  -5.789 0.0000000000
119231  30.919  54.228  -6.017 0.0000000000
119232  27.737  57.257  -9.402 0.0000000000
119233  27.096  56.962  -10.897 0.0000000000
119234  25.768  54.916  -11.021 0.0000000000
119235  24.675  53.918  -10.944 0.0000000000
119236  23.377  53.503  -10.894 0.0000000000
119237  22.070  53.111  -10.655 0.0000000000
119238  20.638  52.683  -10.218 0.0000000000
119239  19.782  51.729  -10.106 0.0000000000
119240  16.441  52.188  -9.796 0.0000000000
119241  15.949  52.387  -9.935 0.0000000000
119242  15.227  53.007  -9.841 0.0000000000
119249  37.103  55.443  -7.815 0.0000000000
119250  36.975  56.002  -8.975 0.0000000000
119251  36.255  56.610  -9.983 0.0000000000
119252  35.018  56.765  -11.035 0.0000000000
119253  27.051  56.781  -12.484 0.0000000000
119254  15.724  52.424  -10.337 0.0000000000
119255  15.130  53.049  -10.357 0.0000000000
119261  33.760  56.828  -12.332 0.0000000000
119262  32.132  56.622  -13.772 0.0000000000
119263  30.632  57.372  -13.742 0.0000000000
119264  27.303  55.928  -14.125 0.0000000000
119265  26.886  54.965  -14.934 0.0000000000
119266  16.837  52.217  -11.665 0.0000000000
119267  15.822  52.734  -11.213 0.0000000000
119268  15.115  53.295  -10.759 0.0000000000
119271  31.746  55.492  -14.824 0.0000000000
119272  30.427  55.902  -14.790 0.0000000000
119273  28.762  55.091  -15.043 0.0000000000
119274  27.619  54.790  -15.155 0.0000000000
119275  20.173  53.769  -12.861 0.0000000000
119276  18.010  52.972  -12.247 0.0000000000
119277  16.800  52.928  -11.741 0.0000000000
119279  22.501  54.545  -14.066 0.0000000000
119280  21.550  53.928  -13.352 0.0000000000
119282  22.986  54.503  -15.098 0.0000000000
119283  22.445  54.617  -16.252 0.0000000000
119284  21.025  54.637  -17.212 0.0000000000
119285  19.251  54.338  -17.545 0.0000000000
119286  17.493  53.815  -17.412 0.0000000000
119287  16.381  53.953  -18.323 0.0000000000
119290  15.547  54.119  -19.679 0.0000000000
119291  7.443  54.845  -19.313 0.0000000000
119292  7.227  54.318  -18.411 0.0000000000
119293  6.177  55.180  -18.522 0.0000000000
119298  14.729  53.949  -20.769 0.0000000000
119299  8.283  54.391  -21.613 0.0000000000
119300  8.193  53.807  -19.731 0.0000000000
119301  8.043  53.348  -18.599 0.0000000000
119307  13.556  53.780  -21.976 0.0000000000
119308  11.855  54.217  -22.552 0.0000000000
119309  10.065  54.076  -22.232 0.0000000000
119313  13.445  53.089  -22.621 0.0000000000
119314  12.549  53.419  -22.868 0.0000000000
119315  11.243  53.583  -22.800 0.0000000000
119520  34.417  56.962  -7.703 0.0000000000
119521  33.911  56.921  -7.328 0.0000000000
119522  32.565  56.738  -6.173 0.0000000000
119523  31.378  57.211  -6.770 0.0000000000
119524  29.899  57.756  -7.862 0.0000000000
119526  26.371  56.648  -10.989 0.0000000000
119527  21.060  55.680  -10.372 0.0000000000
119528  20.262  54.755  -10.154 0.0000000000
119529  18.973  54.517  -9.597 0.0000000000
119530  17.755  54.326  -9.224 0.0000000000
119531  16.632  54.138  -9.040 0.0000000000
119540  36.379  55.891  -7.636 0.0000000000
119541  35.209  56.515  -7.589 0.0000000000
119542  33.761  55.735  -6.743 0.0000000000
119543  32.714  55.458  -5.991 0.0000000000
119544  28.308  58.027  -8.922 0.0000000000
119545  27.640  58.154  -9.795 0.0000000000
119546  25.268  55.985  -11.357 0.0000000000
119547  24.072  55.412  -11.334 0.0000000000
119548  22.837  55.012  -11.090 0.0000000000
119549  21.449  54.749  -10.584 0.0000000000
119550  20.634  53.875  -10.235 0.0000000000
119557  36.494  56.324  -8.180 0.0000000000
119558  35.874  57.150  -8.932 0.0000000000
119559  35.223  57.793  -9.890 0.0000000000
119560  33.993  58.170  -10.966 0.0000000000
119561  27.586  58.020  -11.046 0.0000000000
119567  32.557  58.060  -12.185 0.0000000000
119568  31.263  58.181  -12.882 0.0000000000
119569  29.911  58.323  -12.894 0.0000000000
119570  28.359  57.703  -12.658 0.0000000000
119571  15.826  53.551  -11.386 0.0000000000
119572  15.110  54.072  -11.176 0.0000000000
119577  29.564  57.294  -13.788 0.0000000000
119578  28.791  56.510  -14.223 0.0000000000
119579  20.380  54.692  -13.011 0.0000000000
119580  19.512  55.008  -12.754 0.0000000000
119581  16.821  54.167  -11.799 0.0000000000
119582  15.883  54.749  -11.577 0.0000000000
119585  22.429  55.701  -14.036 0.0000000000
119586  21.355  55.297  -13.292 0.0000000000
119587  20.720  56.034  -12.909 0.0000000000
119590  22.601  55.498  -14.642 0.0000000000
119591  22.514  55.589  -15.342 0.0000000000
119592  21.511  55.811  -16.223 0.0000000000
119593  19.999  55.861  -16.976 0.0000000000
119594  18.130  55.415  -17.098 0.0000000000
119595  16.111  55.007  -17.398 0.0000000000
119598  14.988  55.555  -19.237 0.0000000000
119599  13.490  56.381  -20.319 0.0000000000
119600  11.529  56.862  -20.882 0.0000000000
119601  8.784  56.705  -20.539 0.0000000000
119602  7.282  56.381  -19.043 0.0000000000
119603  6.328  56.145  -18.039 0.0000000000
119604  4.103  56.822  -18.734 0.0000000000
119606  14.267  55.144  -20.511 0.0000000000
119607  12.688  55.742  -21.328 0.0000000000
119608  10.392  55.415  -21.543 0.0000000000
119609  7.802  55.494  -21.184 0.0000000000
119610  13.581  54.757  -21.374 0.0000000000
119611  12.275  54.881  -21.966 0.0000000000
119612  11.179  54.671  -22.119 0.0000000000
119790  34.246  57.660  -7.761 0.0000000000
119791  33.340  58.285  -7.218 0.0000000000
119792  32.244  58.525  -6.911 0.0000000000
119793  31.008  58.773  -7.385 0.0000000000
119794  30.085  59.099  -7.968 0.0000000000
119797  20.790  56.696  -10.290 0.0000000000
119798  19.771  56.442  -9.763 0.0000000000
119809  34.839  57.984  -8.382 0.0000000000
119810  33.852  58.774  -7.944 0.0000000000
119811  28.937  59.080  -8.779 0.0000000000
119812  27.925  58.739  -9.178 0.0000000000
119813  24.527  57.222  -11.370 0.0000000000
119814  23.446  56.797  -11.302 0.0000000000
119815  22.415  56.479  -10.998 0.0000000000
119816  21.604  56.564  -10.620 0.0000000000
119822  35.061  58.023  -9.115 0.0000000000
119823  34.075  58.955  -9.197 0.0000000000
119824  32.298  59.306  -10.738 0.0000000000
119825  30.497  59.616  -10.550 0.0000000000
119826  29.082  59.552  -9.940 0.0000000000
119827  28.021  58.865  -9.829 0.0000000000
119834  31.700  58.688  -11.956 0.0000000000
119835  30.778  59.047  -11.875 0.0000000000
119836  29.334  59.071  -11.550 0.0000000000
119837  28.284  58.840  -10.979 0.0000000000
119844  20.120  56.749  -12.773 0.0000000000
119845  18.441  56.316  -12.260 0.0000000000
119846  16.488  55.892  -11.793 0.0000000000
119850  22.509  56.143  -14.493 0.0000000000
119851  22.061  56.580  -13.966 0.0000000000
119852  21.193  56.716  -13.274 0.0000000000
119854  22.571  56.037  -14.880 0.0000000000
119855  21.834  56.550  -15.024 0.0000000000
119856  20.528  57.079  -16.077 0.0000000000
119857  18.795  56.736  -16.255 0.0000000000
119858  16.401  56.042  -16.307 0.0000000000
119859  14.532  56.825  -18.250 0.0000000000
119860  13.402  57.845  -18.846 0.0000000000
119861  5.627  58.119  -17.857 0.0000000000
119862  4.629  58.142  -17.900 0.0000000000
119865  14.040  56.721  -19.498 0.0000000000
119866  12.864  57.688  -19.729 0.0000000000
119867  10.551  57.788  -20.005 0.0000000000
119868  8.728  57.575  -19.301 0.0000000000
119869  7.071  57.496  -18.127 0.0000000000
119870  4.674  57.658  -17.985 0.0000000000
119871  2.470  57.731  -18.099 0.0000000000
120032  32.919  58.678  -8.308 0.0000000000
120033  32.082  59.439  -8.090 0.0000000000
120034  30.840  59.583  -8.028 0.0000000000
120035  30.062  59.445  -8.415 0.0000000000
120052  33.134  59.303  -7.910 0.0000000000
120053  32.494  59.787  -8.184 0.0000000000
120054  30.529  59.622  -8.459 0.0000000000
120055  29.922  59.616  -8.815 0.0000000000
120066  33.226  59.468  -8.180 0.0000000000
120067  32.490  59.761  -8.842 0.0000000000
120068  31.435  59.770  -9.495 0.0000000000
120069  30.404  59.723  -9.330 0.0000000000
120080  19.348  58.005  -12.662 0.0000000000
120081  17.760  57.609  -12.147 0.0000000000
120087  21.314  57.276  -13.984 0.0000000000
120088  20.595  57.922  -13.423 0.0000000000
120090  21.563  57.124  -14.463 0.0000000000
120091  20.691  57.875  -14.747 0.0000000000
120092  19.264  58.058  -15.539 0.0000000000
120093  17.342  57.674  -15.740 0.0000000000
120094  14.983  57.215  -16.304 0.0000000000
120095  13.577  57.927  -17.893 0.0000000000
120096  9.424  58.664  -17.499 0.0000000000
120097  7.110  58.563  -17.319 0.0000000000
120098  4.423  58.634  -17.557 0.0000000000
120100  12.677  58.438  -18.916 0.0000000000
120101  11.444  58.553  -19.364 0.0000000000
120102  9.968  58.431  -19.059 0.0000000000
120103  8.867  57.768  -17.645 0.0000000000
120104  4.177  58.370  -18.268 0.0000000000
120105  3.567  58.372  -18.225 0.0000000000
120237  31.883  59.820  -8.480 0.0000000000
120238  31.493  59.760  -8.465 0.0000000000
120255  31.785  59.984  -8.413 0.0000000000
120256  31.052  59.829  -8.365 0.0000000000
120257  30.330  59.729  -8.574 0.0000000000
120267  31.719  59.905  -8.815 0.0000000000
120268  31.146  59.829  -8.775 0.0000000000
120269  30.554  59.740  -8.663 0.0000000000
120278  19.323  58.871  -12.787 0.0000000000
120279  18.539  58.724  -12.600 0.0000000000
120280  17.014  58.673  -12.265 0.0000000000
120286  19.703  58.850  -13.332 0.0000000000
120287  19.518  59.156  -13.865 0.0000000000
120289  20.009  58.657  -14.048 0.0000000000
120290  19.358  58.972  -14.578 0.0000000000
120291  17.987  58.749  -14.981 0.0000000000
120292  15.861  58.442  -15.212 0.0000000000
120293  13.445  58.374  -16.076 0.0000000000
120294  11.594  59.097  -16.857 0.0000000000
120295  10.067  59.629  -17.559 0.0000000000
120296  7.971  59.705  -16.642 0.0000000000
120297  5.571  59.808  -16.791 0.0000000000
120299  12.591  58.559  -17.886 0.0000000000
120300  11.540  58.894  -18.462 0.0000000000
120301  10.572  58.873  -18.629 0.0000000000
120463  19.024  59.077  -13.145 0.0000000000
120464  17.777  59.148  -12.968 0.0000000000
120465  16.012  59.798  -12.415 0.0000000000
120472  19.337  59.234  -13.530 0.0000000000
120473  18.545  59.282  -13.710 0.0000000000
120474  16.899  59.557  -13.153 0.0000000000
120477  18.331  59.175  -14.362 0.0000000000
120478  16.714  59.295  -13.960 0.0000000000
120479  14.445  59.563  -14.503 0.0000000000
120480  12.287  59.835  -15.237 0.0000000000
120481  10.457  60.501  -16.243 0.0000000000
120482  8.614  61.189  -16.989 0.0000000000
120625  15.400  60.551  -12.365 0.0000000000
120633  15.729  60.196  -12.825 0.0000000000
120634  15.048  61.160  -12.362 0.0000000000
120639  16.149  59.917  -13.284 0.0000000000
120640  15.050  60.731  -13.232 0.0000000000
120641  13.154  61.085  -13.831 0.0000000000
120642  11.286  61.561  -14.813 0.0000000000
120795  14.557  62.006  -12.351 0.0000000000
120796  13.800  62.392  -12.833 0.0000000000
122082  27.314  12.885  -31.773 0.0000000000
122085  27.074  11.563  -32.441 0.0000000000
122086  27.380  11.971  -32.224 0.0000000000
122089  27.711  12.634  -32.390 0.0000000000
122094  28.534  13.449  -32.699 0.0000000000
122098  27.247  13.427  -31.625 0.0000000000
122099  27.436  13.878  -31.808 0.0000000000
122100  28.264  13.372  -32.584 0.0000000000
122101  27.693  13.065  -32.205 0.0000000000
122110  27.194  13.853  -31.360 0.0000000000
