#!ascii label  , from subject Yale_0050571 vox2ras=TkReg
593
33314  57.430  -30.116  17.719 0.0000000000
33315  56.270  -29.550  17.464 0.0000000000
33316  55.261  -29.053  17.352 0.0000000000
33325  57.195  -30.575  16.618 0.0000000000
33326  56.466  -29.598  15.817 0.0000000000
33327  55.198  -28.653  16.122 0.0000000000
33333  55.516  -30.115  15.186 0.0000000000
33334  54.717  -29.217  15.650 0.0000000000
33344  54.086  -29.411  15.023 0.0000000000
34171  58.725  -28.595  19.299 0.0000000000
34172  57.178  -28.106  18.980 0.0000000000
34173  55.580  -27.856  19.000 0.0000000000
34174  54.319  -27.463  18.981 0.0000000000
34175  53.616  -27.192  19.042 0.0000000000
34193  57.943  -29.469  18.598 0.0000000000
34194  56.494  -29.019  18.364 0.0000000000
34195  55.202  -28.517  18.264 0.0000000000
34196  53.925  -27.796  18.091 0.0000000000
34197  53.021  -27.105  18.087 0.0000000000
34212  54.265  -28.217  16.675 0.0000000000
34213  53.592  -27.110  17.051 0.0000000000
34228  53.655  -28.309  16.531 0.0000000000
34229  53.098  -27.040  17.035 0.0000000000
34242  53.284  -28.470  15.689 0.0000000000
34254  52.816  -28.599  15.298 0.0000000000
35145  60.134  -26.255  20.886 0.0000000000
35146  59.095  -25.412  19.871 0.0000000000
35147  57.264  -25.184  19.344 0.0000000000
35148  55.342  -25.474  19.545 0.0000000000
35149  54.301  -25.789  19.646 0.0000000000
35169  59.415  -27.496  20.118 0.0000000000
35170  58.141  -26.851  19.364 0.0000000000
35171  56.297  -26.756  19.375 0.0000000000
35172  54.787  -26.684  19.470 0.0000000000
35173  53.566  -26.290  19.585 0.0000000000
35174  52.595  -25.856  19.447 0.0000000000
35175  51.886  -25.462  19.368 0.0000000000
35190  53.156  -26.813  19.067 0.0000000000
35191  52.578  -26.490  18.752 0.0000000000
35192  51.570  -25.521  18.960 0.0000000000
35201  52.386  -26.512  17.974 0.0000000000
35202  51.275  -25.261  18.452 0.0000000000
35203  50.471  -24.680  18.644 0.0000000000
35215  53.036  -27.432  16.653 0.0000000000
35216  52.217  -26.278  17.130 0.0000000000
35217  51.072  -24.998  18.112 0.0000000000
35218  50.208  -24.523  18.558 0.0000000000
35226  52.761  -27.387  16.535 0.0000000000
35227  52.104  -25.949  17.314 0.0000000000
35228  51.221  -25.053  17.902 0.0000000000
35239  52.933  -27.563  16.446 0.0000000000
35240  52.565  -26.499  17.138 0.0000000000
36154  60.225  -22.734  20.676 0.0000000000
36155  59.554  -22.805  20.662 0.0000000000
36175  60.484  -25.062  21.806 0.0000000000
36176  60.057  -23.817  20.652 0.0000000000
36177  58.193  -23.505  19.898 0.0000000000
36178  55.981  -23.866  19.646 0.0000000000
36179  53.912  -24.524  19.901 0.0000000000
36180  52.273  -24.209  20.397 0.0000000000
36181  51.118  -24.023  20.490 0.0000000000
36182  50.227  -23.765  20.454 0.0000000000
36194  52.757  -25.223  19.979 0.0000000000
36195  51.885  -24.888  19.902 0.0000000000
36196  50.968  -24.612  19.789 0.0000000000
36197  49.800  -23.929  20.027 0.0000000000
36198  49.159  -23.655  19.973 0.0000000000
36203  50.563  -24.669  19.284 0.0000000000
36204  49.654  -24.113  19.465 0.0000000000
36205  48.861  -23.606  19.669 0.0000000000
36206  48.385  -23.309  19.717 0.0000000000
36211  50.255  -24.588  18.965 0.0000000000
36212  49.504  -24.184  18.967 0.0000000000
36213  48.603  -23.569  19.290 0.0000000000
36214  48.203  -23.145  19.538 0.0000000000
36226  50.540  -24.631  18.063 0.0000000000
36227  49.840  -24.260  18.434 0.0000000000
36228  48.758  -23.619  18.822 0.0000000000
36229  48.314  -23.365  19.195 0.0000000000
36241  52.012  -25.721  17.503 0.0000000000
36242  50.925  -24.727  17.737 0.0000000000
36243  49.775  -24.084  18.131 0.0000000000
36244  49.219  -23.865  18.427 0.0000000000
36256  53.156  -27.381  16.618 0.0000000000
36257  52.441  -26.343  17.190 0.0000000000
36258  51.654  -25.273  17.591 0.0000000000
37107  60.617  -21.533  22.674 0.0000000000
37108  58.746  -21.400  22.158 0.0000000000
37109  56.577  -21.547  22.017 0.0000000000
37110  54.528  -22.266  22.280 0.0000000000
37111  52.729  -22.224  22.422 0.0000000000
37112  51.433  -22.062  22.501 0.0000000000
37124  60.656  -23.272  22.154 0.0000000000
37125  60.159  -22.282  21.213 0.0000000000
37126  57.964  -22.139  20.896 0.0000000000
37127  55.645  -22.179  21.056 0.0000000000
37128  53.751  -22.537  21.357 0.0000000000
37129  52.114  -22.579  21.672 0.0000000000
37130  50.576  -22.490  22.000 0.0000000000
37131  49.377  -22.609  21.873 0.0000000000
37132  48.475  -22.503  21.908 0.0000000000
37139  60.478  -23.289  21.232 0.0000000000
37140  60.352  -22.875  20.823 0.0000000000
37141  56.497  -22.735  20.219 0.0000000000
37142  54.751  -22.984  20.351 0.0000000000
37143  52.988  -23.186  20.683 0.0000000000
37144  51.489  -23.251  21.063 0.0000000000
37145  50.270  -23.222  21.145 0.0000000000
37146  49.192  -23.113  20.934 0.0000000000
37147  47.982  -22.462  21.513 0.0000000000
37155  49.132  -23.465  20.330 0.0000000000
37156  48.539  -23.056  20.435 0.0000000000
37164  48.422  -23.231  19.983 0.0000000000
37165  48.105  -22.740  20.186 0.0000000000
37171  48.015  -22.749  19.792 0.0000000000
37172  47.821  -22.287  20.285 0.0000000000
37178  48.357  -23.280  18.781 0.0000000000
37179  48.154  -22.905  19.321 0.0000000000
37180  47.947  -22.477  19.868 0.0000000000
37190  50.373  -24.134  17.612 0.0000000000
37191  49.644  -23.669  17.908 0.0000000000
37192  48.763  -23.392  18.503 0.0000000000
37193  48.244  -23.094  18.858 0.0000000000
37210  53.628  -26.608  17.045 0.0000000000
37211  52.794  -26.252  17.381 0.0000000000
37212  51.854  -25.122  17.401 0.0000000000
37213  50.898  -24.354  17.498 0.0000000000
37214  50.153  -23.847  17.577 0.0000000000
37231  53.567  -27.377  16.918 0.0000000000
38000  56.886  -21.187  25.974 0.0000000000
38001  54.962  -21.141  25.754 0.0000000000
38002  53.231  -20.912  25.621 0.0000000000
38003  51.920  -21.176  25.840 0.0000000000
38012  58.630  -21.169  25.147 0.0000000000
38013  56.418  -21.475  25.104 0.0000000000
38014  54.471  -21.617  25.068 0.0000000000
38015  52.741  -21.298  25.059 0.0000000000
38016  51.110  -21.424  25.414 0.0000000000
38017  49.802  -21.577  25.307 0.0000000000
38018  48.801  -21.482  25.254 0.0000000000
38025  59.913  -21.367  24.040 0.0000000000
38026  58.025  -20.902  24.078 0.0000000000
38027  55.852  -21.763  24.245 0.0000000000
38028  53.916  -21.951  24.309 0.0000000000
38029  52.188  -21.487  24.274 0.0000000000
38030  50.710  -21.672  24.373 0.0000000000
38031  49.395  -21.678  24.409 0.0000000000
38032  48.097  -21.553  24.600 0.0000000000
38039  59.056  -20.935  23.153 0.0000000000
38040  57.335  -21.113  23.109 0.0000000000
38041  55.245  -22.082  23.317 0.0000000000
38042  53.295  -22.001  23.344 0.0000000000
38043  51.716  -21.727  23.322 0.0000000000
38044  50.262  -21.874  23.241 0.0000000000
38045  48.876  -21.982  23.577 0.0000000000
38046  47.731  -21.840  23.567 0.0000000000
38055  49.474  -22.300  22.709 0.0000000000
38056  48.524  -22.267  22.714 0.0000000000
38082  48.045  -22.435  19.561 0.0000000000
38083  47.706  -21.875  20.182 0.0000000000
38088  49.750  -22.970  17.831 0.0000000000
38089  49.245  -22.871  18.096 0.0000000000
38090  48.716  -22.752  18.497 0.0000000000
38091  48.209  -22.575  19.122 0.0000000000
38092  48.048  -22.150  19.683 0.0000000000
38102  55.142  -25.368  16.304 0.0000000000
38103  54.107  -25.263  16.589 0.0000000000
38104  53.079  -24.950  16.826 0.0000000000
38105  52.069  -24.477  17.151 0.0000000000
38106  51.090  -24.001  17.280 0.0000000000
38107  50.296  -23.635  17.493 0.0000000000
38108  49.779  -23.406  17.725 0.0000000000
38884  56.735  -19.781  28.162 0.0000000000
38885  54.882  -19.437  27.752 0.0000000000
38886  53.164  -19.363  27.557 0.0000000000
38887  51.579  -19.816  27.672 0.0000000000
38888  50.279  -20.518  28.066 0.0000000000
38889  49.181  -21.019  28.379 0.0000000000
38890  48.205  -21.207  28.464 0.0000000000
38901  56.064  -20.053  27.213 0.0000000000
38902  54.260  -19.814  26.900 0.0000000000
38903  52.577  -20.154  26.943 0.0000000000
38904  51.108  -20.655  27.193 0.0000000000
38905  49.860  -21.095  27.517 0.0000000000
38906  48.715  -21.362  27.735 0.0000000000
38907  47.503  -21.392  27.891 0.0000000000
38915  57.080  -20.827  26.773 0.0000000000
38916  55.437  -20.554  26.447 0.0000000000
38917  53.695  -20.422  26.229 0.0000000000
38918  52.125  -20.799  26.390 0.0000000000
38919  50.741  -21.232  26.535 0.0000000000
38920  49.398  -21.425  26.872 0.0000000000
38921  48.243  -21.500  26.926 0.0000000000
38922  47.123  -21.466  26.888 0.0000000000
38930  49.985  -21.504  26.104 0.0000000000
38931  48.986  -21.455  26.075 0.0000000000
38932  47.852  -21.500  25.866 0.0000000000
38939  47.167  -21.554  25.208 0.0000000000
38976  47.231  -20.746  20.509 0.0000000000
38979  51.537  -22.449  17.826 0.0000000000
38980  50.662  -22.422  18.009 0.0000000000
38981  49.901  -22.331  18.206 0.0000000000
38982  49.304  -22.193  18.455 0.0000000000
38983  48.836  -21.981  18.811 0.0000000000
38984  48.382  -21.732  19.330 0.0000000000
38985  48.020  -21.602  19.895 0.0000000000
38991  56.993  -24.282  17.135 0.0000000000
38992  55.549  -24.248  16.791 0.0000000000
38993  54.547  -24.349  16.645 0.0000000000
38994  53.605  -23.931  16.829 0.0000000000
38995  52.391  -23.417  17.091 0.0000000000
38996  51.287  -23.321  17.267 0.0000000000
38997  50.428  -23.138  17.549 0.0000000000
39827  56.177  -19.327  29.719 0.0000000000
39828  54.543  -18.866  29.330 0.0000000000
39829  52.931  -18.527  29.054 0.0000000000
39830  51.396  -18.677  28.965 0.0000000000
39831  50.102  -19.545  29.279 0.0000000000
39832  48.960  -20.142  29.596 0.0000000000
39833  47.757  -20.396  29.701 0.0000000000
39844  55.519  -19.384  28.766 0.0000000000
39845  53.814  -18.928  28.389 0.0000000000
39846  52.192  -18.900  28.223 0.0000000000
39847  50.761  -19.676  28.514 0.0000000000
39848  49.605  -20.405  28.901 0.0000000000
39849  48.494  -20.844  29.112 0.0000000000
39850  47.272  -21.033  28.937 0.0000000000
39921  46.757  -19.927  20.507 0.0000000000
39927  57.962  -21.942  18.113 0.0000000000
39928  56.534  -22.020  18.114 0.0000000000
39929  55.167  -22.048  18.141 0.0000000000
39930  53.899  -21.930  18.222 0.0000000000
39931  52.787  -21.716  18.378 0.0000000000
39932  51.807  -21.611  18.494 0.0000000000
39933  50.891  -21.564  18.487 0.0000000000
39934  50.066  -21.506  18.569 0.0000000000
39935  49.377  -21.376  18.707 0.0000000000
39936  48.853  -21.138  18.920 0.0000000000
39937  48.404  -20.812  19.402 0.0000000000
39938  47.708  -20.497  20.022 0.0000000000
39944  57.506  -23.084  17.700 0.0000000000
39945  56.023  -23.133  17.597 0.0000000000
39946  54.534  -23.195  17.390 0.0000000000
39947  53.219  -22.732  17.522 0.0000000000
39948  52.333  -22.355  17.857 0.0000000000
40820  55.601  -19.230  32.473 0.0000000000
40826  54.061  -19.135  32.029 0.0000000000
40827  52.986  -18.890  31.677 0.0000000000
40834  54.936  -18.872  31.035 0.0000000000
40835  52.894  -18.655  30.886 0.0000000000
40836  51.440  -18.291  30.222 0.0000000000
40837  50.196  -18.560  30.008 0.0000000000
40838  49.044  -18.992  30.113 0.0000000000
40839  47.992  -19.203  30.281 0.0000000000
40840  47.391  -19.224  30.306 0.0000000000
40848  55.499  -19.060  30.277 0.0000000000
40849  53.766  -18.632  30.019 0.0000000000
40850  52.159  -18.372  29.752 0.0000000000
40851  50.738  -18.677  29.639 0.0000000000
40852  49.513  -19.315  29.825 0.0000000000
40853  48.362  -19.695  30.083 0.0000000000
40916  45.976  -19.428  20.555 0.0000000000
40926  58.378  -20.765  18.211 0.0000000000
40927  56.997  -20.907  18.266 0.0000000000
40928  55.698  -20.975  18.392 0.0000000000
40929  54.469  -20.941  18.522 0.0000000000
40930  53.318  -20.819  18.698 0.0000000000
40931  52.212  -20.634  18.843 0.0000000000
40932  51.149  -20.530  18.778 0.0000000000
40933  50.205  -20.536  18.694 0.0000000000
40934  49.414  -20.475  18.692 0.0000000000
40935  48.780  -20.309  18.800 0.0000000000
40936  48.207  -20.013  19.007 0.0000000000
40937  47.551  -19.656  19.524 0.0000000000
40938  46.516  -19.341  20.072 0.0000000000
40939  45.503  -18.967  20.362 0.0000000000
41637  53.777  -18.731  33.472 0.0000000000
41644  54.383  -19.067  32.899 0.0000000000
41645  52.997  -18.838  32.877 0.0000000000
41646  52.297  -18.547  32.398 0.0000000000
41648  53.470  -19.080  32.559 0.0000000000
41649  52.806  -18.878  32.166 0.0000000000
41650  51.943  -18.364  31.693 0.0000000000
41651  51.470  -17.957  30.962 0.0000000000
41656  52.462  -18.593  31.483 0.0000000000
41657  51.795  -18.326  30.931 0.0000000000
41658  50.899  -17.996  30.329 0.0000000000
41659  49.783  -18.318  30.144 0.0000000000
41660  48.695  -18.584  30.196 0.0000000000
41661  47.620  -18.802  30.254 0.0000000000
41731  58.159  -20.002  18.165 0.0000000000
41732  57.375  -19.822  18.210 0.0000000000
41733  56.179  -19.972  18.363 0.0000000000
41734  54.994  -19.947  18.500 0.0000000000
41735  53.853  -19.851  18.657 0.0000000000
41736  52.752  -19.678  18.843 0.0000000000
41737  51.497  -19.232  18.779 0.0000000000
41738  50.400  -19.506  18.628 0.0000000000
41739  49.514  -19.571  18.526 0.0000000000
41740  48.773  -19.533  18.536 0.0000000000
41741  48.163  -19.368  18.681 0.0000000000
41742  47.457  -18.873  18.940 0.0000000000
41743  46.587  -18.701  19.496 0.0000000000
41744  45.331  -18.421  19.967 0.0000000000
41756  58.956  -19.862  18.141 0.0000000000
41757  58.011  -19.633  18.140 0.0000000000
41758  51.076  -18.367  18.530 0.0000000000
41759  50.527  -18.553  18.466 0.0000000000
41760  49.684  -18.684  18.321 0.0000000000
41761  48.870  -18.743  18.259 0.0000000000
41762  48.162  -18.749  18.402 0.0000000000
41763  47.764  -18.765  18.599 0.0000000000
42480  52.653  -18.232  33.343 0.0000000000
42481  51.982  -17.854  32.968 0.0000000000
42485  52.333  -18.465  32.767 0.0000000000
42486  51.740  -17.980  32.185 0.0000000000
42487  51.261  -17.540  31.422 0.0000000000
42489  51.497  -17.965  31.414 0.0000000000
42490  50.903  -17.640  30.759 0.0000000000
42491  50.232  -17.605  30.445 0.0000000000
42501  50.325  -17.915  30.283 0.0000000000
42502  49.665  -17.865  30.239 0.0000000000
42503  48.322  -18.152  30.178 0.0000000000
42570  57.193  -19.303  18.163 0.0000000000
42571  56.642  -19.230  18.200 0.0000000000
42572  55.503  -19.090  18.289 0.0000000000
42573  54.362  -18.957  18.432 0.0000000000
42574  53.290  -18.830  18.608 0.0000000000
42575  52.362  -18.707  18.675 0.0000000000
42576  47.201  -18.363  18.828 0.0000000000
42577  46.788  -18.196  19.026 0.0000000000
42578  45.781  -17.844  19.435 0.0000000000
42592  59.472  -18.912  17.727 0.0000000000
42593  57.653  -18.916  18.054 0.0000000000
42594  56.089  -18.414  17.962 0.0000000000
42595  54.861  -18.171  18.124 0.0000000000
42596  53.765  -17.979  18.420 0.0000000000
42597  52.701  -17.891  18.520 0.0000000000
42598  51.627  -17.963  18.500 0.0000000000
42599  50.722  -17.755  18.363 0.0000000000
42600  49.921  -17.821  18.199 0.0000000000
42601  49.073  -17.909  18.038 0.0000000000
42602  48.244  -17.966  18.126 0.0000000000
42603  47.365  -18.052  18.566 0.0000000000
42604  46.296  -17.424  18.977 0.0000000000
43407  51.790  -17.483  32.648 0.0000000000
43408  51.371  -17.385  31.877 0.0000000000
43410  50.940  -17.256  31.078 0.0000000000
43411  50.126  -17.360  30.500 0.0000000000
43515  58.296  -17.789  17.550 0.0000000000
43516  56.684  -17.667  17.581 0.0000000000
43517  55.367  -17.433  17.763 0.0000000000
43518  54.244  -17.134  18.193 0.0000000000
43519  53.155  -16.952  18.526 0.0000000000
43520  52.068  -16.932  18.540 0.0000000000
43521  51.052  -16.857  18.371 0.0000000000
43522  50.218  -16.963  18.256 0.0000000000
43523  49.394  -17.007  18.113 0.0000000000
43524  48.547  -17.078  18.045 0.0000000000
43525  47.685  -17.119  18.163 0.0000000000
43526  46.796  -16.970  18.548 0.0000000000
43527  45.750  -16.736  18.762 0.0000000000
43540  50.493  -16.270  18.286 0.0000000000
43541  49.836  -16.102  18.177 0.0000000000
43542  48.985  -16.103  18.151 0.0000000000
43543  48.135  -16.238  18.114 0.0000000000
43544  47.259  -16.324  18.199 0.0000000000
43545  46.323  -16.319  18.383 0.0000000000
44365  58.774  -16.720  17.027 0.0000000000
44366  57.151  -16.777  17.226 0.0000000000
44367  55.809  -16.674  17.381 0.0000000000
44368  54.716  -16.432  17.849 0.0000000000
44369  53.648  -15.876  18.382 0.0000000000
44370  52.475  -15.966  18.558 0.0000000000
44371  51.436  -16.041  18.408 0.0000000000
44372  50.872  -16.124  18.324 0.0000000000
44382  53.446  -15.207  18.368 0.0000000000
44383  52.881  -15.082  18.389 0.0000000000
44384  51.734  -15.067  18.256 0.0000000000
44385  50.591  -15.395  18.057 0.0000000000
44386  49.502  -15.061  17.751 0.0000000000
44387  48.641  -15.353  17.956 0.0000000000
44388  47.836  -15.558  18.134 0.0000000000
44389  46.958  -15.717  18.241 0.0000000000
44390  45.990  -15.839  18.267 0.0000000000
44408  49.397  -14.447  17.331 0.0000000000
44409  49.063  -14.594  17.468 0.0000000000
44410  48.386  -14.831  17.798 0.0000000000
44411  47.621  -15.046  18.146 0.0000000000
44412  46.749  -15.244  18.271 0.0000000000
44413  45.786  -15.413  18.267 0.0000000000
45381  58.246  -15.914  16.880 0.0000000000
45382  57.428  -15.935  16.985 0.0000000000
45383  56.184  -15.840  17.161 0.0000000000
45384  55.078  -15.705  17.710 0.0000000000
45385  54.350  -15.693  18.080 0.0000000000
45400  58.991  -15.759  16.500 0.0000000000
45401  57.770  -15.318  16.815 0.0000000000
45402  56.618  -15.012  17.062 0.0000000000
45403  55.346  -14.771  17.444 0.0000000000
45404  53.856  -14.735  18.062 0.0000000000
45405  52.204  -13.985  17.686 0.0000000000
45406  50.993  -14.334  17.516 0.0000000000
45407  50.100  -14.453  17.355 0.0000000000
45408  49.642  -14.410  17.306 0.0000000000
45424  51.875  -13.271  16.857 0.0000000000
45425  51.209  -13.550  16.906 0.0000000000
45426  50.420  -13.784  16.870 0.0000000000
45427  49.665  -13.885  16.936 0.0000000000
45428  48.901  -14.172  17.284 0.0000000000
45429  48.178  -14.455  17.667 0.0000000000
45430  47.420  -14.681  18.137 0.0000000000
45431  46.602  -14.900  18.280 0.0000000000
45447  49.720  -13.336  16.592 0.0000000000
45448  49.356  -13.536  16.882 0.0000000000
45449  48.702  -13.860  17.199 0.0000000000
45450  47.940  -14.172  17.632 0.0000000000
46630  58.251  -14.891  16.524 0.0000000000
46631  57.197  -14.462  16.794 0.0000000000
46632  55.922  -13.863  17.120 0.0000000000
46633  54.481  -13.525  17.355 0.0000000000
46634  53.136  -13.458  17.315 0.0000000000
46635  52.369  -13.320  17.071 0.0000000000
46645  57.953  -14.095  16.400 0.0000000000
46646  56.850  -13.648  16.725 0.0000000000
46647  54.323  -12.916  17.077 0.0000000000
46648  53.681  -12.838  16.870 0.0000000000
46649  52.453  -12.810  16.445 0.0000000000
46650  51.450  -13.017  16.370 0.0000000000
46651  50.672  -13.244  16.427 0.0000000000
46652  50.175  -13.442  16.561 0.0000000000
46664  52.275  -12.430  16.018 0.0000000000
46665  51.800  -12.519  16.063 0.0000000000
46666  50.968  -12.697  16.201 0.0000000000
46667  50.151  -13.071  16.363 0.0000000000
46668  49.704  -13.081  16.499 0.0000000000
46669  49.212  -13.243  16.862 0.0000000000
46670  48.506  -13.568  17.261 0.0000000000
47793  55.111  -13.092  17.136 0.0000000000
47794  54.613  -12.975  17.132 0.0000000000
47808  58.785  -13.698  16.023 0.0000000000
47809  57.357  -13.052  16.338 0.0000000000
47810  55.993  -12.901  16.782 0.0000000000
47811  54.624  -12.587  16.666 0.0000000000
47812  53.331  -12.289  15.958 0.0000000000
47813  52.586  -12.406  15.983 0.0000000000
47829  58.396  -12.807  16.043 0.0000000000
47830  53.108  -12.001  15.456 0.0000000000
47831  52.449  -12.133  15.681 0.0000000000
47832  51.502  -12.218  15.889 0.0000000000
47833  50.651  -12.425  16.189 0.0000000000
47834  50.072  -12.638  16.392 0.0000000000
47835  49.651  -12.738  16.610 0.0000000000
47836  49.081  -12.970  16.830 0.0000000000
47837  48.203  -13.357  17.341 0.0000000000
47846  50.345  -12.298  16.338 0.0000000000
47847  49.957  -12.417  16.445 0.0000000000
47848  49.698  -12.503  16.522 0.0000000000
47849  49.339  -12.673  16.786 0.0000000000
48976  56.505  -12.482  16.336 0.0000000000
48977  55.676  -12.128  16.162 0.0000000000
48978  54.449  -11.903  15.673 0.0000000000
48979  53.615  -11.850  15.405 0.0000000000
48994  59.019  -12.308  15.768 0.0000000000
48995  57.138  -11.928  15.974 0.0000000000
48996  55.464  -11.210  15.307 0.0000000000
48997  54.210  -11.368  15.126 0.0000000000
48998  53.183  -11.587  15.262 0.0000000000
48999  52.236  -11.647  15.583 0.0000000000
49000  51.309  -12.005  15.884 0.0000000000
49001  50.803  -12.195  16.141 0.0000000000
49002  48.788  -12.801  16.985 0.0000000000
49018  58.231  -11.235  15.832 0.0000000000
49019  56.548  -10.869  15.411 0.0000000000
49020  55.712  -10.719  15.058 0.0000000000
49021  51.822  -11.533  15.789 0.0000000000
49022  51.226  -11.759  16.017 0.0000000000
49023  50.642  -12.010  16.099 0.0000000000
49024  50.146  -12.157  16.329 0.0000000000
49025  49.805  -12.287  16.339 0.0000000000
49026  49.479  -12.509  16.635 0.0000000000
50094  48.326  -11.017  18.292 0.0000000000
50095  48.044  -11.075  18.318 0.0000000000
50108  48.502  -11.132  18.172 0.0000000000
50109  48.041  -11.615  18.209 0.0000000000
50121  48.795  -11.526  17.751 0.0000000000
50122  48.206  -12.227  17.709 0.0000000000
50132  55.421  -10.718  14.897 0.0000000000
50133  54.869  -10.757  14.854 0.0000000000
50134  53.871  -10.878  14.944 0.0000000000
50135  53.057  -11.082  15.235 0.0000000000
50136  49.705  -11.779  16.623 0.0000000000
50137  49.178  -12.116  16.895 0.0000000000
50138  48.200  -12.737  17.331 0.0000000000
50149  59.230  -10.567  15.812 0.0000000000
50150  57.370  -10.250  15.561 0.0000000000
50151  55.748  -10.253  15.054 0.0000000000
50152  54.547  -10.116  14.940 0.0000000000
50153  53.548  -10.351  15.178 0.0000000000
50154  52.583  -10.852  15.573 0.0000000000
50155  51.843  -11.080  16.030 0.0000000000
50156  51.115  -11.421  16.220 0.0000000000
50157  50.484  -11.784  16.245 0.0000000000
50158  49.918  -11.988  16.395 0.0000000000
50159  49.608  -12.313  16.499 0.0000000000
51181  48.368  -10.769  18.247 0.0000000000
51182  47.765  -10.511  18.364 0.0000000000
51192  49.481  -10.165  17.759 0.0000000000
51193  49.065  -10.513  17.959 0.0000000000
51203  50.514  -9.800  17.556 0.0000000000
51204  49.979  -10.124  17.695 0.0000000000
51205  49.521  -11.251  17.356 0.0000000000
51218  51.593  -9.538  17.203 0.0000000000
51219  50.902  -10.050  17.311 0.0000000000
51220  50.124  -11.263  16.841 0.0000000000
51221  49.634  -11.632  16.826 0.0000000000
51238  58.235  -9.340  16.003 0.0000000000
51239  56.559  -9.222  15.595 0.0000000000
51240  55.210  -9.185  15.396 0.0000000000
51241  54.128  -9.358  15.445 0.0000000000
51242  53.230  -9.798  15.768 0.0000000000
51243  52.529  -10.222  16.248 0.0000000000
51244  51.779  -10.361  16.748 0.0000000000
51245  50.800  -11.158  16.569 0.0000000000
51246  50.328  -11.598  16.388 0.0000000000
52312  48.342  -10.177  18.170 0.0000000000
52313  47.737  -9.629  18.190 0.0000000000
52318  49.384  -9.826  17.837 0.0000000000
52319  48.632  -9.387  17.867 0.0000000000
52320  47.613  -8.656  17.631 0.0000000000
52327  50.502  -9.191  17.540 0.0000000000
52328  49.537  -8.944  17.554 0.0000000000
52329  48.473  -8.137  17.024 0.0000000000
52337  54.185  -7.268  16.257 0.0000000000
52338  53.716  -7.627  16.144 0.0000000000
52339  52.992  -8.088  16.238 0.0000000000
52340  52.094  -8.804  16.857 0.0000000000
52341  51.196  -8.929  17.243 0.0000000000
52357  58.979  -8.192  16.267 0.0000000000
52358  57.177  -8.091  16.346 0.0000000000
52359  55.743  -8.070  16.157 0.0000000000
52360  54.552  -8.036  16.093 0.0000000000
52361  53.628  -8.706  16.088 0.0000000000
52362  52.929  -9.247  16.470 0.0000000000
52363  52.422  -9.693  16.681 0.0000000000
52384  59.183  -7.472  16.514 0.0000000000
53495  50.691  -8.535  17.071 0.0000000000
53496  50.057  -8.311  16.916 0.0000000000
53497  49.256  -8.098  16.768 0.0000000000
53501  55.106  -6.326  16.495 0.0000000000
53502  54.673  -6.749  16.352 0.0000000000
53503  53.812  -6.700  16.105 0.0000000000
53504  52.985  -6.759  15.769 0.0000000000
53505  51.985  -7.188  15.836 0.0000000000
53506  50.753  -7.687  16.207 0.0000000000
53507  49.248  -7.450  15.755 0.0000000000
53508  48.778  -7.693  16.312 0.0000000000
53513  58.721  -7.323  16.524 0.0000000000
53514  57.791  -7.112  16.596 0.0000000000
53515  55.883  -6.642  16.515 0.0000000000
53516  55.200  -7.364  16.371 0.0000000000
53517  52.501  -4.990  14.694 0.0000000000
53518  52.112  -5.711  14.955 0.0000000000
53519  50.806  -6.396  14.608 0.0000000000
53533  58.905  -6.648  16.592 0.0000000000
53534  57.143  -5.936  16.623 0.0000000000
53535  55.863  -5.397  16.372 0.0000000000
53536  52.038  -5.016  13.749 0.0000000000
53537  50.991  -5.482  13.422 0.0000000000
53551  59.490  -5.652  16.344 0.0000000000
53552  57.998  -5.255  16.325 0.0000000000
53553  56.493  -4.876  16.110 0.0000000000
53554  55.657  -4.782  15.926 0.0000000000
54659  55.195  -6.094  16.509 0.0000000000
54660  54.709  -5.937  16.402 0.0000000000
54661  53.969  -5.903  16.128 0.0000000000
54662  53.365  -6.037  15.802 0.0000000000
54667  55.131  -5.631  16.395 0.0000000000
54668  54.291  -5.227  16.028 0.0000000000
54669  53.216  -5.239  15.398 0.0000000000
54670  52.887  -5.850  15.510 0.0000000000
54677  55.004  -4.843  15.943 0.0000000000
54678  54.017  -4.548  15.111 0.0000000000
54679  52.973  -4.674  14.244 0.0000000000
54690  58.794  -4.565  15.580 0.0000000000
54691  57.062  -4.338  15.266 0.0000000000
54692  55.343  -4.243  14.842 0.0000000000
54693  53.798  -4.266  13.520 0.0000000000
54694  52.669  -4.960  12.717 0.0000000000
54706  57.573  -3.787  14.616 0.0000000000
54707  56.222  -3.544  13.848 0.0000000000
54708  54.834  -3.936  12.695 0.0000000000
55824  57.186  -3.296  13.470 0.0000000000
