#!ascii label  , from subject Yale_0050571 vox2ras=TkReg
1933
79123  20.661  17.278  -11.522 0.0000000000
79137  20.008  16.990  -11.337 0.0000000000
79138  19.300  16.565  -10.872 0.0000000000
79152  19.564  17.455  -11.416 0.0000000000
79153  18.900  16.822  -11.008 0.0000000000
79167  19.598  17.835  -11.603 0.0000000000
79168  19.134  17.652  -11.513 0.0000000000
79169  18.343  17.388  -11.446 0.0000000000
80000  21.046  17.558  -11.661 0.0000000000
80012  20.660  17.715  -11.688 0.0000000000
80027  20.126  18.006  -11.774 0.0000000000
80038  19.535  18.187  -11.906 0.0000000000
80039  18.811  18.144  -11.947 0.0000000000
80040  17.928  17.989  -12.048 0.0000000000
80835  21.489  18.028  -11.794 0.0000000000
80836  21.181  18.194  -11.848 0.0000000000
80849  20.853  18.442  -11.995 0.0000000000
80863  20.599  18.701  -12.296 0.0000000000
80873  20.104  18.638  -12.457 0.0000000000
80874  19.410  18.605  -12.649 0.0000000000
81609  21.869  18.550  -11.927 0.0000000000
81610  21.626  18.659  -12.001 0.0000000000
81619  22.510  19.101  -12.112 0.0000000000
81620  21.391  18.882  -12.192 0.0000000000
81633  23.270  19.873  -12.534 0.0000000000
81634  21.152  19.127  -12.566 0.0000000000
81640  20.750  19.215  -12.990 0.0000000000
81641  20.123  19.095  -13.433 0.0000000000
81642  19.279  19.069  -13.624 0.0000000000
81643  18.305  19.000  -13.811 0.0000000000
82331  22.211  19.019  -12.055 0.0000000000
82332  22.055  19.174  -12.188 0.0000000000
82333  21.816  19.250  -12.320 0.0000000000
82339  22.591  19.697  -12.410 0.0000000000
82340  22.299  19.958  -12.676 0.0000000000
82341  21.749  19.665  -12.730 0.0000000000
82351  23.383  20.744  -13.534 0.0000000000
82352  22.398  20.708  -13.612 0.0000000000
82353  21.511  19.922  -13.452 0.0000000000
82359  23.194  21.346  -14.396 0.0000000000
82360  22.831  21.329  -14.561 0.0000000000
82361  20.906  19.807  -13.969 0.0000000000
82362  20.077  19.883  -14.109 0.0000000000
83051  26.605  22.558  -13.742 0.0000000000
83053  24.746  22.024  -14.530 0.0000000000
83054  23.951  21.866  -14.829 0.0000000000
83055  21.992  20.712  -13.884 0.0000000000
83056  21.580  20.571  -14.164 0.0000000000
83066  23.359  21.874  -14.767 0.0000000000
83067  22.414  21.349  -14.701 0.0000000000
83068  21.165  20.807  -14.789 0.0000000000
83069  20.008  20.455  -14.820 0.0000000000
83071  17.679  19.954  -14.731 0.0000000000
83792  27.551  24.788  -13.657 0.0000000000
83805  26.710  24.033  -13.327 0.0000000000
83806  25.554  23.711  -13.958 0.0000000000
83807  24.497  23.400  -14.538 0.0000000000
83808  23.734  22.817  -14.479 0.0000000000
83817  24.628  23.850  -15.585 0.0000000000
83818  23.481  23.161  -14.561 0.0000000000
83819  22.165  22.379  -15.103 0.0000000000
83820  20.937  21.731  -15.118 0.0000000000
84574  27.088  24.983  -13.052 0.0000000000
84576  25.370  24.672  -15.018 0.0000000000
84577  25.060  24.937  -15.292 0.0000000000
84581  24.769  24.032  -15.685 0.0000000000
84583  23.095  23.797  -15.512 0.0000000000
84584  21.805  23.139  -15.575 0.0000000000
84585  20.620  22.402  -15.490 0.0000000000
84586  19.436  21.492  -14.761 0.0000000000
84587  18.193  21.269  -14.745 0.0000000000
84590  20.624  22.680  -15.299 0.0000000000
84591  19.986  22.198  -14.976 0.0000000000
84592  19.116  21.721  -14.612 0.0000000000
85348  27.189  26.639  -13.221 0.0000000000
85349  26.302  26.544  -13.389 0.0000000000
85357  26.554  25.716  -14.090 0.0000000000
85358  25.419  25.777  -14.348 0.0000000000
85359  24.509  25.805  -14.464 0.0000000000
85363  24.746  25.169  -15.208 0.0000000000
85364  23.780  25.097  -15.180 0.0000000000
85366  21.498  23.929  -15.619 0.0000000000
85367  18.492  21.708  -14.770 0.0000000000
85368  17.666  21.961  -14.793 0.0000000000
85370  20.793  23.405  -15.638 0.0000000000
85371  20.334  22.884  -15.249 0.0000000000
85372  19.076  22.463  -14.859 0.0000000000
85373  18.114  22.435  -14.805 0.0000000000
85374  15.668  18.473  -17.827 0.0000000000
85375  15.024  18.671  -18.032 0.0000000000
85376  16.755  18.605  -18.738 0.0000000000
85377  15.922  18.542  -18.457 0.0000000000
85378  13.680  18.909  -19.211 0.0000000000
85379  11.688  19.837  -20.454 0.0000000000
85380  10.363  20.790  -21.284 0.0000000000
85381  16.568  18.726  -19.410 0.0000000000
85382  15.094  19.074  -19.995 0.0000000000
85383  13.266  19.738  -20.957 0.0000000000
85384  11.556  20.907  -21.878 0.0000000000
85385  10.212  21.746  -22.118 0.0000000000
85392  16.149  19.382  -20.546 0.0000000000
85393  14.829  20.044  -21.379 0.0000000000
85394  13.112  21.006  -22.021 0.0000000000
85395  12.015  21.850  -22.323 0.0000000000
86086  21.254  24.741  -15.020 0.0000000000
86087  17.094  22.397  -14.819 0.0000000000
86088  15.823  23.591  -13.798 0.0000000000
86089  14.414  24.523  -12.990 0.0000000000
86090  20.588  24.036  -15.364 0.0000000000
86091  20.150  23.201  -14.911 0.0000000000
86092  19.032  22.430  -15.120 0.0000000000
86093  17.646  22.925  -14.860 0.0000000000
86094  16.157  23.445  -14.101 0.0000000000
86095  19.939  22.749  -15.136 0.0000000000
86096  19.100  22.603  -15.233 0.0000000000
86097  17.802  22.799  -14.966 0.0000000000
86098  16.142  23.539  -14.639 0.0000000000
86099  14.688  23.886  -14.994 0.0000000000
86100  18.908  21.888  -14.796 0.0000000000
86101  17.943  21.639  -14.992 0.0000000000
86102  15.849  21.927  -14.882 0.0000000000
86103  13.425  23.096  -15.702 0.0000000000
86104  11.122  22.915  -15.927 0.0000000000
86105  18.504  20.022  -15.354 0.0000000000
86106  17.727  20.325  -15.372 0.0000000000
86107  14.869  20.788  -16.263 0.0000000000
86108  12.088  21.302  -16.630 0.0000000000
86109  9.793  22.484  -16.975 0.0000000000
86110  8.434  23.627  -17.923 0.0000000000
86111  8.328  25.062  -18.407 0.0000000000
86112  18.131  19.802  -16.195 0.0000000000
86113  16.121  19.049  -17.262 0.0000000000
86114  13.413  19.500  -17.665 0.0000000000
86115  10.869  20.568  -18.051 0.0000000000
86116  9.143  21.934  -18.797 0.0000000000
86117  8.453  23.810  -19.333 0.0000000000
86118  8.125  25.473  -18.859 0.0000000000
86119  18.290  19.629  -18.992 0.0000000000
86120  17.678  19.162  -18.327 0.0000000000
86121  16.572  18.673  -17.968 0.0000000000
86122  11.822  19.532  -19.023 0.0000000000
86123  10.204  20.441  -19.831 0.0000000000
86124  9.286  22.306  -20.915 0.0000000000
86125  8.940  23.952  -20.477 0.0000000000
86126  18.261  19.769  -19.580 0.0000000000
86127  17.349  19.321  -20.146 0.0000000000
86128  11.870  23.188  -22.413 0.0000000000
86129  11.225  22.591  -22.519 0.0000000000
86130  9.861  23.017  -22.263 0.0000000000
86131  17.923  20.290  -20.614 0.0000000000
86132  16.541  20.573  -21.340 0.0000000000
86133  14.599  21.704  -22.069 0.0000000000
86134  12.569  22.694  -22.241 0.0000000000
86135  11.861  22.348  -22.418 0.0000000000
86855  21.060  25.638  -14.312 0.0000000000
86856  15.023  24.307  -13.390 0.0000000000
86857  13.420  25.077  -12.878 0.0000000000
86858  11.222  25.914  -12.627 0.0000000000
86859  20.401  24.606  -14.945 0.0000000000
86860  20.312  23.685  -15.052 0.0000000000
86861  14.823  24.515  -13.796 0.0000000000
86862  13.023  25.196  -13.598 0.0000000000
86863  10.876  25.881  -13.609 0.0000000000
86864  20.068  23.000  -15.159 0.0000000000
86865  19.595  22.052  -15.124 0.0000000000
86866  14.409  24.535  -14.353 0.0000000000
86867  12.686  24.750  -14.611 0.0000000000
86868  10.146  25.527  -14.707 0.0000000000
86869  8.844  25.997  -15.393 0.0000000000
86870  20.011  22.370  -15.323 0.0000000000
86871  19.353  21.327  -14.834 0.0000000000
86872  18.709  20.510  -14.899 0.0000000000
86873  11.496  24.281  -15.392 0.0000000000
86874  9.781  24.496  -15.846 0.0000000000
86875  8.353  25.981  -16.444 0.0000000000
86876  7.523  26.580  -17.223 0.0000000000
86877  20.118  21.575  -15.126 0.0000000000
86878  19.197  20.438  -15.189 0.0000000000
86879  18.651  20.237  -14.944 0.0000000000
86880  8.981  24.471  -16.983 0.0000000000
86881  8.297  25.466  -17.594 0.0000000000
86882  7.549  26.436  -18.118 0.0000000000
86883  19.166  20.127  -16.668 0.0000000000
86884  10.474  25.981  -21.330 0.0000000000
86885  10.080  25.769  -20.899 0.0000000000
86886  9.189  25.393  -19.558 0.0000000000
86887  7.845  26.861  -18.739 0.0000000000
86888  18.815  20.293  -19.003 0.0000000000
86889  19.227  20.848  -17.973 0.0000000000
86890  11.550  25.316  -21.903 0.0000000000
86891  10.779  25.404  -21.738 0.0000000000
86892  9.701  24.120  -21.346 0.0000000000
86893  9.187  24.418  -20.551 0.0000000000
86894  18.957  20.888  -20.105 0.0000000000
86895  13.287  24.820  -21.749 0.0000000000
86896  12.117  24.413  -22.087 0.0000000000
86897  10.392  23.812  -22.223 0.0000000000
86898  9.829  23.620  -22.211 0.0000000000
86899  18.015  21.647  -21.250 0.0000000000
86900  16.267  22.725  -21.846 0.0000000000
86901  13.992  24.045  -21.848 0.0000000000
86902  12.862  23.710  -22.023 0.0000000000
87494  20.794  26.224  -14.069 0.0000000000
87495  8.879  26.750  -12.601 0.0000000000
87496  7.427  27.047  -13.228 0.0000000000
87497  20.167  25.410  -14.778 0.0000000000
87498  20.372  24.089  -15.045 0.0000000000
87499  8.623  26.344  -13.694 0.0000000000
87500  7.305  26.802  -14.065 0.0000000000
87501  19.922  25.148  -15.252 0.0000000000
87502  20.334  23.666  -15.239 0.0000000000
87503  8.219  26.282  -14.491 0.0000000000
87504  7.254  27.015  -15.252 0.0000000000
87505  6.518  27.544  -16.055 0.0000000000
87506  19.995  24.584  -15.605 0.0000000000
87507  20.458  22.939  -15.483 0.0000000000
87508  7.171  27.079  -16.422 0.0000000000
87509  6.752  27.518  -17.199 0.0000000000
87510  20.636  21.727  -15.661 0.0000000000
87511  19.925  21.112  -16.250 0.0000000000
87512  6.984  27.773  -18.305 0.0000000000
87513  20.837  21.748  -16.945 0.0000000000
87514  20.005  21.137  -17.340 0.0000000000
87515  12.281  27.867  -21.347 0.0000000000
87516  11.813  27.528  -21.285 0.0000000000
87517  10.801  26.672  -20.964 0.0000000000
87518  9.672  27.025  -19.728 0.0000000000
87519  8.260  27.575  -19.195 0.0000000000
87520  7.288  28.184  -18.896 0.0000000000
87521  20.997  22.561  -19.666 0.0000000000
87522  20.477  21.763  -18.879 0.0000000000
87523  19.739  21.477  -17.996 0.0000000000
87524  12.573  27.409  -21.533 0.0000000000
87525  11.818  26.082  -21.757 0.0000000000
87526  11.074  26.066  -21.569 0.0000000000
87527  20.753  22.814  -20.384 0.0000000000
87528  19.627  22.232  -20.877 0.0000000000
87529  15.005  26.088  -21.683 0.0000000000
87530  13.742  25.972  -21.714 0.0000000000
87531  12.528  25.491  -21.833 0.0000000000
87532  20.013  23.641  -21.439 0.0000000000
87533  18.221  23.839  -21.757 0.0000000000
87534  15.702  25.222  -21.930 0.0000000000
87535  14.508  25.093  -21.697 0.0000000000
88067  20.632  26.835  -13.906 0.0000000000
88068  8.191  27.221  -11.852 0.0000000000
88069  7.474  27.920  -12.357 0.0000000000
88071  20.108  26.421  -14.802 0.0000000000
88072  6.846  28.237  -14.397 0.0000000000
88073  6.701  29.347  -15.370 0.0000000000
88074  19.932  25.851  -15.578 0.0000000000
88075  6.664  27.829  -15.470 0.0000000000
88076  6.794  28.651  -16.248 0.0000000000
88077  20.503  24.446  -16.278 0.0000000000
88078  20.783  22.798  -15.894 0.0000000000
88079  6.694  28.709  -17.810 0.0000000000
88080  21.374  23.870  -17.391 0.0000000000
88081  21.106  22.722  -16.533 0.0000000000
88082  10.910  30.075  -20.061 0.0000000000
88083  9.350  30.049  -19.637 0.0000000000
88084  7.945  29.840  -19.308 0.0000000000
88085  7.086  29.444  -19.025 0.0000000000
88086  6.871  28.798  -18.665 0.0000000000
88087  21.642  23.541  -18.555 0.0000000000
88088  21.556  22.542  -17.739 0.0000000000
88089  13.764  29.558  -21.117 0.0000000000
88090  12.433  28.674  -21.088 0.0000000000
88091  11.458  28.226  -20.206 0.0000000000
88092  10.186  28.389  -19.875 0.0000000000
88093  8.678  28.752  -19.516 0.0000000000
88094  7.541  28.874  -19.206 0.0000000000
88095  7.082  28.887  -19.013 0.0000000000
88096  22.080  24.359  -20.925 0.0000000000
88097  21.474  23.149  -19.779 0.0000000000
88098  21.458  22.662  -18.725 0.0000000000
88099  14.678  28.548  -21.551 0.0000000000
88100  13.564  28.019  -21.493 0.0000000000
88101  22.251  26.313  -23.413 0.0000000000
88102  21.603  25.286  -22.423 0.0000000000
88103  21.115  23.996  -21.394 0.0000000000
88104  16.831  27.365  -22.360 0.0000000000
88105  15.400  26.987  -21.712 0.0000000000
88106  14.361  27.464  -21.624 0.0000000000
88107  21.764  27.128  -24.001 0.0000000000
88108  21.134  26.738  -23.444 0.0000000000
88109  19.787  25.645  -22.385 0.0000000000
88110  17.574  25.954  -22.471 0.0000000000
88111  16.424  26.380  -22.100 0.0000000000
88664  7.839  29.184  -12.007 0.0000000000
88667  20.734  27.461  -13.975 0.0000000000
88668  7.342  29.573  -13.464 0.0000000000
88669  7.034  29.896  -14.945 0.0000000000
88670  21.213  27.984  -14.270 0.0000000000
88671  20.338  27.154  -15.149 0.0000000000
88672  14.281  30.350  -15.026 0.0000000000
88673  13.779  30.385  -15.238 0.0000000000
88674  12.638  30.812  -15.854 0.0000000000
88675  11.286  31.625  -16.570 0.0000000000
88676  8.015  30.611  -16.679 0.0000000000
88677  7.197  30.242  -16.246 0.0000000000
88678  22.073  27.698  -16.109 0.0000000000
88679  21.504  27.628  -15.775 0.0000000000
88680  20.641  26.313  -16.204 0.0000000000
88681  14.241  30.487  -15.643 0.0000000000
88682  13.253  30.756  -16.527 0.0000000000
88683  11.762  31.630  -17.553 0.0000000000
88684  9.869  31.908  -17.741 0.0000000000
88685  8.075  31.086  -17.458 0.0000000000
88686  6.958  29.844  -17.555 0.0000000000
88687  22.525  27.009  -16.542 0.0000000000
88688  21.960  26.200  -16.927 0.0000000000
88689  21.438  25.178  -17.168 0.0000000000
88690  14.670  31.367  -18.358 0.0000000000
88691  14.162  30.832  -17.475 0.0000000000
88692  12.321  30.996  -18.871 0.0000000000
88693  10.438  31.232  -19.045 0.0000000000
88694  8.702  30.957  -18.867 0.0000000000
88695  7.450  30.198  -18.595 0.0000000000
88696  6.864  29.478  -18.439 0.0000000000
88697  23.519  25.688  -18.203 0.0000000000
88698  22.675  24.892  -18.513 0.0000000000
88699  21.883  24.376  -18.163 0.0000000000
88700  14.440  30.727  -19.749 0.0000000000
88701  13.117  30.317  -19.784 0.0000000000
88702  12.084  29.593  -19.998 0.0000000000
88703  24.223  26.539  -21.950 0.0000000000
88704  23.598  25.317  -20.608 0.0000000000
88705  22.871  24.561  -20.300 0.0000000000
88706  22.197  24.093  -19.381 0.0000000000
88707  16.317  30.225  -21.628 0.0000000000
88708  15.031  29.972  -21.328 0.0000000000
88709  23.444  27.650  -23.555 0.0000000000
88710  23.324  26.252  -23.021 0.0000000000
88711  22.712  25.236  -21.911 0.0000000000
88712  18.589  29.011  -23.206 0.0000000000
88713  17.263  28.855  -22.401 0.0000000000
88714  16.003  28.684  -21.694 0.0000000000
88715  22.950  28.243  -24.152 0.0000000000
88716  22.351  27.628  -24.197 0.0000000000
88717  20.967  27.828  -24.199 0.0000000000
88718  19.746  27.587  -23.733 0.0000000000
88719  18.227  27.356  -23.239 0.0000000000
89274  8.387  30.633  -13.123 0.0000000000
89280  14.145  30.976  -13.874 0.0000000000
89281  12.752  31.233  -14.734 0.0000000000
89282  10.941  31.720  -15.446 0.0000000000
89283  8.752  31.185  -15.034 0.0000000000
89284  7.972  30.418  -15.687 0.0000000000
89286  22.963  28.433  -13.970 0.0000000000
89287  21.953  28.226  -14.753 0.0000000000
89290  14.805  30.622  -14.666 0.0000000000
89291  13.345  30.673  -14.795 0.0000000000
89292  11.931  31.422  -15.511 0.0000000000
89293  10.091  31.995  -16.336 0.0000000000
89294  8.443  30.904  -16.341 0.0000000000
89295  8.009  30.367  -16.064 0.0000000000
89296  24.910  27.585  -15.581 0.0000000000
89297  24.246  28.001  -15.094 0.0000000000
89298  22.675  27.755  -15.826 0.0000000000
89299  21.929  28.040  -15.467 0.0000000000
89301  15.975  30.931  -15.416 0.0000000000
89302  14.976  30.664  -16.060 0.0000000000
89303  9.008  31.711  -17.085 0.0000000000
89304  8.527  31.280  -17.024 0.0000000000
89305  25.931  26.476  -17.234 0.0000000000
89306  25.348  26.874  -16.608 0.0000000000
89307  24.346  27.002  -17.034 0.0000000000
89308  23.740  26.647  -17.515 0.0000000000
89309  16.455  31.720  -16.401 0.0000000000
89310  15.339  31.165  -17.151 0.0000000000
89311  14.885  30.747  -16.746 0.0000000000
89312  26.685  26.332  -18.878 0.0000000000
89313  26.249  26.293  -18.283 0.0000000000
89314  25.477  26.312  -18.482 0.0000000000
89315  24.901  26.155  -18.727 0.0000000000
89316  24.524  25.810  -18.893 0.0000000000
89317  16.002  32.270  -18.529 0.0000000000
89318  15.405  31.447  -19.287 0.0000000000
89319  26.684  26.559  -19.490 0.0000000000
89320  26.198  26.736  -20.254 0.0000000000
89321  25.552  26.517  -20.288 0.0000000000
89322  24.981  26.439  -20.750 0.0000000000
89323  24.369  25.682  -20.027 0.0000000000
89324  17.694  32.195  -21.614 0.0000000000
89325  16.664  31.955  -21.157 0.0000000000
89326  15.527  30.954  -20.693 0.0000000000
89327  25.659  27.763  -21.227 0.0000000000
89328  25.137  27.968  -21.679 0.0000000000
89329  24.292  28.464  -22.954 0.0000000000
89330  22.608  29.886  -23.271 0.0000000000
89331  20.901  30.626  -23.005 0.0000000000
89332  18.829  31.056  -22.393 0.0000000000
89333  17.557  30.282  -22.193 0.0000000000
89334  23.220  28.660  -23.814 0.0000000000
89335  22.243  28.964  -23.784 0.0000000000
89336  20.892  29.129  -23.745 0.0000000000
89337  19.832  28.893  -23.647 0.0000000000
89922  43.153  28.509  -9.511 0.0000000000
89923  42.763  28.357  -9.360 0.0000000000
89924  42.189  28.266  -9.290 0.0000000000
89934  43.108  28.566  -9.744 0.0000000000
89935  42.871  28.545  -9.790 0.0000000000
89936  42.269  28.479  -9.822 0.0000000000
89944  9.229  31.432  -12.512 0.0000000000
89948  14.470  31.764  -13.157 0.0000000000
89949  9.773  32.404  -15.330 0.0000000000
89950  9.409  32.064  -14.712 0.0000000000
89957  13.496  31.538  -13.994 0.0000000000
89958  11.823  31.949  -15.468 0.0000000000
89959  10.080  32.233  -15.466 0.0000000000
89960  9.304  31.978  -15.337 0.0000000000
89967  30.836  26.599  -16.750 0.0000000000
89968  30.304  26.429  -16.329 0.0000000000
89969  29.082  26.432  -15.674 0.0000000000
89970  27.802  26.699  -15.259 0.0000000000
89971  26.417  27.624  -14.479 0.0000000000
89972  25.239  27.746  -15.132 0.0000000000
89973  24.669  28.217  -14.674 0.0000000000
89976  30.809  26.870  -17.551 0.0000000000
89977  29.845  26.612  -17.475 0.0000000000
89978  28.677  26.359  -17.290 0.0000000000
89979  27.392  26.317  -16.968 0.0000000000
89980  26.189  26.613  -16.830 0.0000000000
89981  25.581  26.938  -16.155 0.0000000000
89983  16.882  32.773  -17.541 0.0000000000
89984  30.457  27.520  -18.759 0.0000000000
89985  29.535  27.341  -19.066 0.0000000000
89986  28.346  27.088  -19.388 0.0000000000
89987  27.046  26.497  -18.884 0.0000000000
89988  26.513  26.339  -17.986 0.0000000000
89989  17.454  33.284  -18.792 0.0000000000
89990  17.023  32.681  -19.791 0.0000000000
89991  27.622  27.787  -20.667 0.0000000000
89992  26.824  27.832  -20.908 0.0000000000
89993  25.858  28.773  -21.494 0.0000000000
89994  18.596  33.792  -21.930 0.0000000000
89995  17.732  33.101  -21.432 0.0000000000
89996  17.331  32.448  -21.034 0.0000000000
89997  25.164  29.251  -21.972 0.0000000000
89998  24.394  29.683  -22.352 0.0000000000
89999  23.133  30.670  -22.657 0.0000000000
90000  21.396  31.671  -22.419 0.0000000000
90001  19.379  32.743  -22.120 0.0000000000
90002  18.544  32.452  -22.132 0.0000000000
90710  46.269  30.740  -7.292 0.0000000000
90711  45.943  30.442  -6.992 0.0000000000
90712  45.099  29.550  -6.987 0.0000000000
90713  43.899  28.795  -7.376 0.0000000000
90714  42.479  28.350  -7.640 0.0000000000
90715  41.168  28.252  -7.942 0.0000000000
90716  40.200  28.343  -8.538 0.0000000000
90724  46.306  30.716  -7.542 0.0000000000
90725  45.820  30.305  -7.743 0.0000000000
90726  44.957  29.360  -8.123 0.0000000000
90727  43.665  28.519  -8.935 0.0000000000
90728  42.318  28.161  -8.715 0.0000000000
90729  41.402  28.217  -9.275 0.0000000000
90730  40.150  28.439  -9.771 0.0000000000
90739  43.296  28.698  -9.917 0.0000000000
90740  42.721  28.846  -10.306 0.0000000000
90741  41.589  28.962  -10.754 0.0000000000
90742  39.870  28.955  -11.032 0.0000000000
90743  39.125  28.929  -11.689 0.0000000000
90749  41.008  29.832  -11.860 0.0000000000
90750  40.035  29.933  -12.385 0.0000000000
90751  38.917  29.287  -12.574 0.0000000000
90752  38.563  29.047  -13.398 0.0000000000
90756  9.635  32.580  -13.535 0.0000000000
90757  39.571  30.490  -13.029 0.0000000000
90758  38.994  30.209  -13.464 0.0000000000
90759  38.558  29.855  -13.739 0.0000000000
90766  13.436  32.053  -13.836 0.0000000000
90767  11.725  32.224  -14.864 0.0000000000
90768  10.083  32.613  -15.400 0.0000000000
90769  9.711  32.764  -14.588 0.0000000000
90778  12.342  32.060  -15.049 0.0000000000
90779  11.004  32.092  -15.260 0.0000000000
90780  10.262  32.469  -15.646 0.0000000000
90781  29.106  27.972  -12.617 0.0000000000
90782  28.521  28.149  -12.651 0.0000000000
90789  34.872  27.997  -15.880 0.0000000000
90790  34.715  27.544  -15.890 0.0000000000
90791  33.864  27.313  -15.970 0.0000000000
90792  32.834  27.015  -16.228 0.0000000000
90793  31.389  26.663  -16.360 0.0000000000
90794  29.549  26.878  -14.005 0.0000000000
90795  28.260  27.462  -13.910 0.0000000000
90796  27.117  27.927  -13.700 0.0000000000
90797  26.609  28.158  -13.674 0.0000000000
90800  34.743  28.477  -16.134 0.0000000000
90801  34.186  28.576  -16.431 0.0000000000
90802  33.242  28.607  -16.881 0.0000000000
90803  32.271  28.550  -17.635 0.0000000000
90804  31.291  28.705  -18.940 0.0000000000
90807  30.061  28.995  -19.802 0.0000000000
90808  29.069  29.003  -20.405 0.0000000000
90809  28.081  29.110  -21.076 0.0000000000
90810  19.128  35.099  -19.239 0.0000000000
90811  18.163  34.775  -18.520 0.0000000000
90812  17.741  34.066  -17.779 0.0000000000
90813  27.027  29.545  -21.114 0.0000000000
90814  25.944  30.216  -21.487 0.0000000000
90815  24.496  31.282  -21.643 0.0000000000
90816  22.743  33.503  -22.144 0.0000000000
90817  21.060  34.600  -22.055 0.0000000000
90818  19.725  34.648  -21.137 0.0000000000
90819  18.650  34.233  -20.559 0.0000000000
90820  17.962  33.867  -19.425 0.0000000000
90821  24.470  30.327  -22.072 0.0000000000
90822  23.571  31.356  -22.123 0.0000000000
90823  22.025  32.595  -22.166 0.0000000000
90824  20.387  33.614  -22.255 0.0000000000
90825  19.235  34.025  -21.968 0.0000000000
91536  44.377  31.212  -5.058 0.0000000000
91537  43.617  30.736  -5.147 0.0000000000
91538  42.427  29.970  -5.126 0.0000000000
91539  41.036  29.481  -5.325 0.0000000000
91540  39.482  29.287  -5.532 0.0000000000
91541  37.719  29.228  -5.590 0.0000000000
91542  36.335  29.159  -5.767 0.0000000000
91547  46.570  31.089  -7.335 0.0000000000
91548  45.999  31.103  -6.558 0.0000000000
91549  45.047  30.625  -5.888 0.0000000000
91550  43.754  29.734  -6.177 0.0000000000
91551  42.455  29.007  -6.356 0.0000000000
91552  41.019  28.661  -6.611 0.0000000000
91553  39.420  28.720  -7.115 0.0000000000
91554  37.401  29.090  -7.114 0.0000000000
91555  35.510  29.008  -6.765 0.0000000000
91556  33.785  29.066  -6.979 0.0000000000
91557  32.745  29.398  -7.388 0.0000000000
91561  47.145  30.796  -8.198 0.0000000000
91562  45.901  30.563  -8.690 0.0000000000
91563  44.846  29.844  -9.223 0.0000000000
91564  43.762  29.709  -10.177 0.0000000000
91565  42.932  31.016  -11.040 0.0000000000
91566  42.621  31.734  -11.771 0.0000000000
91567  38.762  28.696  -8.810 0.0000000000
91568  36.765  28.904  -8.586 0.0000000000
91569  34.867  28.897  -8.280 0.0000000000
91570  33.449  29.099  -8.119 0.0000000000
91571  32.632  29.370  -8.132 0.0000000000
91583  43.189  29.120  -10.385 0.0000000000
91584  42.792  29.613  -10.815 0.0000000000
91585  42.015  30.806  -11.729 0.0000000000
91586  39.214  28.537  -10.036 0.0000000000
91587  38.182  28.611  -10.482 0.0000000000
91588  36.051  28.485  -9.870 0.0000000000
91589  33.893  28.851  -9.310 0.0000000000
91590  33.034  29.189  -8.614 0.0000000000
91600  41.124  31.228  -12.528 0.0000000000
91601  40.310  31.580  -13.055 0.0000000000
91602  38.427  28.619  -11.726 0.0000000000
91603  37.433  28.328  -11.992 0.0000000000
91604  35.208  28.129  -10.780 0.0000000000
91609  39.628  31.748  -13.455 0.0000000000
91610  38.926  31.510  -14.191 0.0000000000
91611  37.843  29.236  -13.873 0.0000000000
91612  35.647  27.532  -12.467 0.0000000000
91613  34.239  27.456  -12.130 0.0000000000
91621  14.341  32.683  -13.399 0.0000000000
91622  12.550  32.552  -14.839 0.0000000000
91623  11.001  32.415  -14.559 0.0000000000
91624  9.908  33.060  -14.719 0.0000000000
91625  9.787  33.104  -14.037 0.0000000000
91626  38.935  32.611  -15.124 0.0000000000
91627  38.112  31.569  -15.158 0.0000000000
91628  36.814  28.951  -14.667 0.0000000000
91629  34.743  27.503  -13.260 0.0000000000
91630  33.891  27.452  -12.861 0.0000000000
91637  37.584  32.442  -15.427 0.0000000000
91638  37.198  31.291  -15.596 0.0000000000
91639  36.123  29.567  -15.628 0.0000000000
91640  34.478  27.511  -13.921 0.0000000000
91641  33.436  27.397  -13.267 0.0000000000
91642  32.583  27.587  -12.855 0.0000000000
91643  31.694  27.717  -12.490 0.0000000000
91644  30.719  27.967  -12.278 0.0000000000
91645  29.657  28.196  -12.212 0.0000000000
91651  35.747  30.670  -16.307 0.0000000000
91652  34.999  29.287  -15.853 0.0000000000
91653  34.709  27.531  -15.051 0.0000000000
91654  33.924  27.219  -14.650 0.0000000000
91655  32.829  27.019  -14.333 0.0000000000
91656  31.723  26.871  -14.099 0.0000000000
91657  30.588  26.952  -13.602 0.0000000000
91660  34.403  29.878  -16.556 0.0000000000
91661  33.492  30.366  -17.026 0.0000000000
91662  32.407  30.560  -17.620 0.0000000000
91663  31.516  30.661  -18.583 0.0000000000
91664  30.679  31.215  -19.267 0.0000000000
91665  19.702  36.710  -17.865 0.0000000000
91666  19.792  35.663  -17.263 0.0000000000
91668  29.996  30.857  -19.831 0.0000000000
91669  29.011  30.781  -20.293 0.0000000000
91670  28.085  30.778  -20.730 0.0000000000
91671  20.179  36.444  -18.993 0.0000000000
91672  19.359  36.097  -18.391 0.0000000000
91673  18.728  35.418  -17.653 0.0000000000
91674  27.124  31.072  -20.970 0.0000000000
91675  25.914  31.746  -20.844 0.0000000000
91676  24.658  32.750  -21.151 0.0000000000
91677  23.340  34.304  -21.766 0.0000000000
91678  21.567  35.376  -20.750 0.0000000000
91679  20.064  35.524  -20.081 0.0000000000
92291  38.650  31.202  -3.482 0.0000000000
92292  37.032  30.832  -3.207 0.0000000000
92293  36.040  30.761  -3.076 0.0000000000
92298  46.186  32.506  -5.745 0.0000000000
92299  45.068  31.850  -4.953 0.0000000000
92300  43.766  31.716  -4.412 0.0000000000
92301  42.461  31.255  -4.308 0.0000000000
92302  41.135  30.592  -4.296 0.0000000000
92303  39.702  30.241  -4.418 0.0000000000
92304  38.029  29.990  -4.323 0.0000000000
92305  35.755  29.932  -4.230 0.0000000000
92306  33.442  30.223  -4.312 0.0000000000
92307  31.884  30.987  -4.580 0.0000000000
92308  31.114  31.438  -4.661 0.0000000000
92313  47.915  31.686  -7.577 0.0000000000
92314  46.634  31.857  -6.666 0.0000000000
92315  45.801  31.571  -5.911 0.0000000000
92316  44.078  32.110  -10.072 0.0000000000
92317  43.404  32.671  -9.907 0.0000000000
92318  35.437  29.209  -5.506 0.0000000000
92319  34.297  29.309  -5.525 0.0000000000
92320  32.293  29.883  -6.075 0.0000000000
92321  30.723  31.072  -5.597 0.0000000000
92322  30.007  31.348  -5.941 0.0000000000
92327  48.129  31.267  -8.640 0.0000000000
92328  47.226  31.159  -9.313 0.0000000000
92329  45.993  30.983  -9.859 0.0000000000
92330  44.597  30.891  -9.895 0.0000000000
92331  43.469  32.036  -10.259 0.0000000000
92332  42.240  32.889  -10.969 0.0000000000
92333  41.475  33.971  -11.185 0.0000000000
92334  31.857  29.770  -7.656 0.0000000000
92335  30.638  30.708  -7.034 0.0000000000
92336  30.194  31.198  -6.303 0.0000000000
92345  42.207  32.340  -12.374 0.0000000000
92346  41.729  33.290  -12.420 0.0000000000
92347  32.983  29.016  -9.576 0.0000000000
92348  32.408  29.519  -8.849 0.0000000000
92349  31.296  30.432  -8.383 0.0000000000
92360  41.785  32.118  -12.449 0.0000000000
92361  41.612  32.993  -13.592 0.0000000000
92362  40.662  33.624  -14.039 0.0000000000
92363  33.688  28.489  -10.220 0.0000000000
92364  32.528  29.686  -9.860 0.0000000000
92365  31.888  30.305  -9.095 0.0000000000
92373  15.215  33.918  -13.359 0.0000000000
92374  14.276  33.525  -13.919 0.0000000000
92379  40.765  32.857  -13.748 0.0000000000
92380  40.471  33.181  -14.567 0.0000000000
92381  34.479  27.704  -11.092 0.0000000000
92382  33.511  27.925  -11.031 0.0000000000
92392  13.442  33.060  -14.201 0.0000000000
92393  11.482  32.775  -14.966 0.0000000000
92394  10.514  32.924  -14.151 0.0000000000
92396  39.733  33.448  -15.135 0.0000000000
92397  39.044  33.543  -15.621 0.0000000000
92398  33.274  27.662  -11.641 0.0000000000
92399  32.941  27.858  -11.812 0.0000000000
92400  32.395  28.687  -11.467 0.0000000000
92408  38.466  33.557  -15.967 0.0000000000
92409  37.376  33.221  -15.645 0.0000000000
92410  36.820  32.602  -15.955 0.0000000000
92411  33.417  27.528  -12.644 0.0000000000
92412  32.685  27.817  -11.986 0.0000000000
92413  32.059  28.411  -11.828 0.0000000000
92414  31.474  29.105  -11.734 0.0000000000
92415  30.767  29.615  -11.714 0.0000000000
92421  36.050  32.519  -16.304 0.0000000000
92422  35.017  32.450  -16.703 0.0000000000
92423  34.539  33.763  -17.334 0.0000000000
92424  21.164  37.543  -17.668 0.0000000000
92428  34.641  30.947  -16.559 0.0000000000
92429  33.896  32.548  -17.060 0.0000000000
92430  32.579  32.719  -17.639 0.0000000000
92431  31.427  32.810  -18.249 0.0000000000
92432  30.385  32.929  -18.840 0.0000000000
92433  21.021  37.532  -18.899 0.0000000000
92434  20.337  37.231  -18.043 0.0000000000
92435  20.337  36.405  -17.354 0.0000000000
92436  29.441  32.953  -19.374 0.0000000000
92437  28.515  32.849  -19.838 0.0000000000
92438  27.767  32.571  -20.235 0.0000000000
92439  21.838  36.952  -19.956 0.0000000000
92440  21.049  36.758  -19.500 0.0000000000
92441  27.000  32.553  -20.332 0.0000000000
92442  26.011  33.088  -20.540 0.0000000000
92443  24.981  34.001  -21.502 0.0000000000
92444  23.388  35.221  -20.794 0.0000000000
92445  22.230  35.732  -20.504 0.0000000000
92988  42.233  33.693  -3.771 0.0000000000
92989  41.443  33.552  -3.638 0.0000000000
92990  39.547  33.025  -3.170 0.0000000000
92991  37.659  32.282  -2.750 0.0000000000
92992  36.113  31.831  -2.565 0.0000000000
92993  34.736  31.975  -2.478 0.0000000000
92994  33.655  32.007  -2.628 0.0000000000
92998  45.594  33.116  -4.636 0.0000000000
92999  44.198  32.830  -4.193 0.0000000000
93000  42.670  32.889  -3.906 0.0000000000
93001  41.149  32.122  -3.879 0.0000000000
93002  40.025  31.340  -3.702 0.0000000000
93003  35.340  30.960  -2.930 0.0000000000
93004  34.223  30.981  -3.167 0.0000000000
93005  32.705  31.518  -3.257 0.0000000000
93006  31.285  31.860  -3.753 0.0000000000
93007  30.217  32.152  -4.000 0.0000000000
93014  46.181  32.171  -10.934 0.0000000000
93015  44.983  32.530  -10.860 0.0000000000
93016  43.208  33.435  -9.892 0.0000000000
93017  41.910  34.953  -9.549 0.0000000000
93018  40.987  35.864  -9.104 0.0000000000
93019  30.606  31.669  -4.666 0.0000000000
93020  29.856  31.713  -5.266 0.0000000000
93029  47.950  31.819  -9.515 0.0000000000
93030  46.911  31.564  -10.512 0.0000000000
93031  45.670  31.582  -10.739 0.0000000000
93032  43.147  32.941  -9.890 0.0000000000
93033  42.624  33.683  -10.041 0.0000000000
93034  41.271  35.258  -10.175 0.0000000000
93035  40.457  36.346  -10.179 0.0000000000
93036  30.008  31.417  -7.442 0.0000000000
93037  29.683  31.685  -6.580 0.0000000000
93044  40.950  34.511  -11.678 0.0000000000
93045  40.361  35.851  -11.003 0.0000000000
93046  30.555  31.391  -8.106 0.0000000000
93058  41.287  33.841  -12.825 0.0000000000
93059  40.054  34.918  -12.727 0.0000000000
93060  38.796  35.840  -12.733 0.0000000000
93061  32.093  30.595  -9.987 0.0000000000
93062  31.457  31.452  -9.300 0.0000000000
93063  30.562  32.098  -8.610 0.0000000000
93073  15.014  34.077  -13.789 0.0000000000
93080  40.005  33.983  -14.559 0.0000000000
93081  38.746  35.005  -13.596 0.0000000000
93082  32.405  29.521  -10.468 0.0000000000
93083  31.832  31.102  -10.214 0.0000000000
93084  31.677  31.749  -10.322 0.0000000000
93092  13.386  33.081  -14.499 0.0000000000
93093  11.742  32.838  -14.846 0.0000000000
93094  10.633  33.469  -14.623 0.0000000000
93098  40.173  33.870  -15.199 0.0000000000
93099  39.287  34.421  -15.204 0.0000000000
93100  32.835  28.467  -11.014 0.0000000000
93101  32.509  29.222  -11.000 0.0000000000
93102  31.846  30.450  -10.805 0.0000000000
93103  31.377  31.816  -10.916 0.0000000000
93113  38.633  34.729  -15.857 0.0000000000
93114  38.125  34.913  -16.461 0.0000000000
93115  37.572  34.108  -16.435 0.0000000000
93116  32.155  29.120  -11.337 0.0000000000
93117  31.858  29.701  -11.291 0.0000000000
93118  31.362  30.579  -11.317 0.0000000000
93125  37.882  35.750  -16.582 0.0000000000
93126  37.310  34.912  -16.774 0.0000000000
93127  36.228  34.805  -17.456 0.0000000000
93128  35.182  34.943  -17.824 0.0000000000
93129  23.345  39.229  -19.191 0.0000000000
93130  22.088  39.156  -18.254 0.0000000000
93131  22.022  38.005  -17.241 0.0000000000
93135  34.390  34.925  -18.401 0.0000000000
93136  33.353  34.706  -18.823 0.0000000000
93137  32.107  34.659  -19.388 0.0000000000
93138  30.952  34.674  -19.934 0.0000000000
93139  24.182  38.048  -20.940 0.0000000000
93140  22.773  38.283  -19.995 0.0000000000
93141  21.478  38.231  -19.083 0.0000000000
93145  29.827  34.700  -20.409 0.0000000000
93146  28.587  34.789  -20.698 0.0000000000
93147  27.091  34.858  -20.780 0.0000000000
93148  25.372  36.120  -21.109 0.0000000000
93149  23.938  36.768  -20.875 0.0000000000
93150  22.784  37.014  -20.343 0.0000000000
93151  27.063  33.543  -20.542 0.0000000000
93152  26.276  34.207  -20.887 0.0000000000
93153  25.091  35.003  -20.922 0.0000000000
93154  23.986  35.620  -20.817 0.0000000000
93668  36.311  33.875  -1.614 0.0000000000
93675  42.855  34.386  -3.594 0.0000000000
93676  40.696  34.724  -3.193 0.0000000000
93677  39.143  34.997  -2.588 0.0000000000
93678  37.996  33.938  -2.605 0.0000000000
93679  36.756  33.285  -2.270 0.0000000000
93680  35.362  33.284  -2.112 0.0000000000
93681  33.904  33.265  -2.361 0.0000000000
93694  44.628  33.860  -3.947 0.0000000000
93695  43.544  33.531  -3.875 0.0000000000
93696  32.963  32.654  -2.621 0.0000000000
93697  31.980  32.702  -2.792 0.0000000000
93710  45.610  33.222  -10.461 0.0000000000
93711  44.121  33.901  -10.253 0.0000000000
93712  42.337  34.854  -9.736 0.0000000000
93713  40.930  35.995  -8.986 0.0000000000
93714  40.279  36.482  -8.482 0.0000000000
93715  39.613  36.806  -8.240 0.0000000000
93716  38.911  37.191  -8.254 0.0000000000
93730  46.939  33.006  -10.428 0.0000000000
93731  40.409  36.239  -8.886 0.0000000000
93732  39.851  36.557  -9.076 0.0000000000
93733  38.672  37.337  -8.914 0.0000000000
93742  39.743  36.948  -10.169 0.0000000000
93743  38.469  37.614  -10.145 0.0000000000
93744  37.598  38.047  -10.540 0.0000000000
93760  39.512  36.599  -11.206 0.0000000000
93761  38.481  37.050  -11.820 0.0000000000
93762  37.120  38.259  -11.248 0.0000000000
93763  31.408  32.544  -9.541 0.0000000000
93779  16.271  35.076  -13.428 0.0000000000
93787  38.145  36.411  -13.065 0.0000000000
93788  37.411  37.676  -12.504 0.0000000000
93789  31.583  32.135  -9.798 0.0000000000
93790  31.496  32.663  -9.966 0.0000000000
93800  14.439  33.947  -14.659 0.0000000000
93801  11.934  32.761  -15.009 0.0000000000
93802  10.833  33.617  -14.605 0.0000000000
93807  37.812  35.448  -14.123 0.0000000000
93808  37.328  36.919  -13.606 0.0000000000
93809  31.591  32.079  -10.378 0.0000000000
93810  31.463  32.710  -10.417 0.0000000000
93817  14.012  33.711  -16.043 0.0000000000
93818  12.014  32.583  -15.755 0.0000000000
93819  10.653  32.627  -15.465 0.0000000000
93821  38.441  35.229  -15.345 0.0000000000
93822  37.015  36.050  -15.014 0.0000000000
93823  36.516  37.105  -15.116 0.0000000000
93824  24.503  41.613  -18.220 0.0000000000
93825  23.913  40.494  -17.149 0.0000000000
93828  13.980  33.645  -17.444 0.0000000000
93829  12.038  32.560  -17.017 0.0000000000
93830  10.633  32.217  -16.562 0.0000000000
93833  37.824  36.003  -16.407 0.0000000000
93834  37.323  36.831  -16.304 0.0000000000
93835  36.631  36.896  -17.382 0.0000000000
93836  35.836  36.678  -18.293 0.0000000000
93837  25.103  40.710  -19.487 0.0000000000
93838  23.712  40.604  -18.721 0.0000000000
93839  22.951  39.817  -17.590 0.0000000000
93840  14.032  34.166  -18.632 0.0000000000
93841  12.122  33.031  -18.335 0.0000000000
93842  10.602  32.375  -17.847 0.0000000000
93846  34.996  36.644  -18.868 0.0000000000
93847  33.942  36.689  -19.462 0.0000000000
93848  32.571  36.556  -19.925 0.0000000000
93849  31.394  36.424  -20.580 0.0000000000
93850  26.273  39.007  -20.706 0.0000000000
93851  24.738  39.212  -20.096 0.0000000000
93852  14.084  34.496  -19.269 0.0000000000
93853  12.603  33.945  -19.532 0.0000000000
93854  10.332  33.250  -19.081 0.0000000000
93855  9.393  33.875  -19.350 0.0000000000
93860  30.185  36.472  -20.837 0.0000000000
93861  28.862  36.682  -20.856 0.0000000000
93862  27.445  36.979  -21.109 0.0000000000
93863  25.819  37.500  -21.379 0.0000000000
93864  12.099  34.749  -20.080 0.0000000000
93865  10.835  34.096  -19.842 0.0000000000
93866  9.673  34.093  -19.787 0.0000000000
93867  11.730  35.504  -20.014 0.0000000000
93868  10.873  34.943  -20.054 0.0000000000
93869  10.185  34.521  -19.941 0.0000000000
94409  40.864  36.836  -8.794 0.0000000000
94410  40.528  37.138  -8.465 0.0000000000
94411  39.907  37.594  -7.818 0.0000000000
94412  39.040  37.972  -7.569 0.0000000000
94413  38.233  38.300  -7.495 0.0000000000
94424  45.366  34.248  -10.758 0.0000000000
94425  43.409  34.962  -10.542 0.0000000000
94426  41.241  36.102  -9.675 0.0000000000
94427  40.413  36.759  -8.352 0.0000000000
94428  39.677  37.154  -7.861 0.0000000000
94429  38.871  37.563  -7.797 0.0000000000
94430  37.849  38.078  -7.876 0.0000000000
94431  36.845  38.470  -7.955 0.0000000000
94444  46.305  34.880  -10.655 0.0000000000
94445  37.607  38.163  -8.808 0.0000000000
94446  36.401  38.598  -8.687 0.0000000000
94447  35.676  38.940  -9.076 0.0000000000
94460  37.304  38.264  -9.585 0.0000000000
94461  36.494  38.599  -9.919 0.0000000000
94462  35.465  39.095  -9.848 0.0000000000
94477  36.124  38.817  -10.718 0.0000000000
94478  35.404  39.313  -10.814 0.0000000000
94497  36.333  38.767  -11.882 0.0000000000
94498  35.385  39.579  -11.784 0.0000000000
94505  16.725  35.597  -13.761 0.0000000000
94506  10.265  34.504  -14.441 0.0000000000
94518  36.705  38.103  -13.237 0.0000000000
94519  35.961  39.165  -12.914 0.0000000000
94520  25.278  42.111  -15.645 0.0000000000
94523  15.935  34.904  -15.060 0.0000000000
94524  10.174  33.897  -15.062 0.0000000000
94530  36.869  37.450  -14.050 0.0000000000
94531  36.282  38.413  -14.477 0.0000000000
94532  35.966  39.408  -15.098 0.0000000000
94533  25.516  42.390  -17.583 0.0000000000
94534  24.887  41.146  -16.407 0.0000000000
94535  15.868  34.343  -16.582 0.0000000000
94536  10.004  33.284  -16.119 0.0000000000
94537  10.010  35.292  -15.554 0.0000000000
94542  36.747  37.918  -15.525 0.0000000000
94543  36.197  38.710  -16.052 0.0000000000
94544  35.218  38.827  -17.681 0.0000000000
94545  33.587  39.548  -17.757 0.0000000000
94546  27.545  41.574  -19.395 0.0000000000
94547  25.912  41.780  -18.975 0.0000000000
94548  17.435  35.385  -18.189 0.0000000000
94549  15.850  34.478  -17.937 0.0000000000
94550  9.837  32.959  -17.374 0.0000000000
94551  9.343  34.517  -16.780 0.0000000000
94556  35.133  37.761  -18.548 0.0000000000
94557  34.232  38.779  -18.943 0.0000000000
94558  32.579  38.663  -19.492 0.0000000000
94559  31.393  38.358  -20.299 0.0000000000
94560  28.301  39.693  -19.915 0.0000000000
94561  26.807  40.233  -19.818 0.0000000000
94562  17.445  35.689  -18.941 0.0000000000
94563  15.738  35.112  -19.412 0.0000000000
94564  14.030  34.640  -19.572 0.0000000000
94565  9.843  32.862  -18.246 0.0000000000
94566  9.332  34.194  -18.387 0.0000000000
94572  30.387  38.066  -20.796 0.0000000000
94573  29.234  38.231  -20.956 0.0000000000
94574  27.881  38.690  -21.117 0.0000000000
94575  14.750  36.155  -20.261 0.0000000000
94576  13.729  34.985  -19.982 0.0000000000
94577  9.130  34.894  -19.220 0.0000000000
94578  14.018  36.810  -20.474 0.0000000000
94579  12.843  36.169  -20.291 0.0000000000
94580  11.017  36.391  -19.979 0.0000000000
94581  9.682  35.667  -19.706 0.0000000000
94582  9.426  36.523  -19.525 0.0000000000
94583  10.430  36.992  -19.828 0.0000000000
94584  10.050  36.678  -19.691 0.0000000000
94585  9.666  36.488  -19.582 0.0000000000
95080  40.689  37.145  -8.991 0.0000000000
95081  40.198  37.958  -8.198 0.0000000000
95082  39.252  38.420  -7.670 0.0000000000
95083  38.199  38.750  -7.350 0.0000000000
95084  37.186  38.895  -7.176 0.0000000000
95093  44.942  35.474  -11.489 0.0000000000
95094  42.842  35.949  -11.660 0.0000000000
95095  41.100  36.755  -10.759 0.0000000000
95096  36.722  38.718  -7.422 0.0000000000
95105  46.063  36.118  -11.183 0.0000000000
95116  34.622  39.639  -9.934 0.0000000000
95117  33.928  40.354  -10.232 0.0000000000
95125  34.613  39.860  -10.958 0.0000000000
95126  34.031  40.501  -11.333 0.0000000000
95134  34.740  40.153  -11.770 0.0000000000
95135  34.504  40.733  -12.332 0.0000000000
95151  35.265  40.107  -12.581 0.0000000000
95152  35.023  40.755  -13.370 0.0000000000
95153  34.932  41.088  -14.124 0.0000000000
95157  17.353  36.171  -14.254 0.0000000000
95164  35.557  39.704  -13.552 0.0000000000
95165  35.379  40.025  -14.424 0.0000000000
95166  34.965  40.883  -14.987 0.0000000000
95167  27.951  43.253  -17.464 0.0000000000
95168  26.909  43.021  -16.800 0.0000000000
95169  18.165  37.057  -14.715 0.0000000000
95170  17.246  35.669  -15.595 0.0000000000
95175  35.590  40.013  -15.393 0.0000000000
95176  34.993  40.455  -16.200 0.0000000000
95177  34.037  40.846  -17.361 0.0000000000
95178  32.927  41.745  -18.075 0.0000000000
95179  31.198  42.177  -18.543 0.0000000000
95180  28.727  42.673  -18.460 0.0000000000
95181  26.822  42.574  -18.460 0.0000000000
95182  19.099  37.783  -16.660 0.0000000000
95183  18.546  36.885  -16.545 0.0000000000
95184  17.229  35.029  -17.033 0.0000000000
95185  9.147  36.615  -15.807 0.0000000000
95190  33.590  40.485  -18.422 0.0000000000
95191  32.713  40.602  -19.010 0.0000000000
95192  30.905  40.671  -19.701 0.0000000000
95193  29.152  40.887  -19.947 0.0000000000
95194  19.185  37.769  -17.320 0.0000000000
95195  18.472  36.597  -18.404 0.0000000000
95196  17.469  36.269  -19.253 0.0000000000
95197  8.874  36.317  -17.157 0.0000000000
95202  30.169  39.296  -19.759 0.0000000000
95203  29.407  39.129  -19.915 0.0000000000
95204  19.034  38.065  -18.187 0.0000000000
95205  18.230  37.676  -18.995 0.0000000000
95206  16.586  37.148  -19.852 0.0000000000
95207  8.424  36.379  -18.583 0.0000000000
95208  8.467  37.068  -19.173 0.0000000000
95209  14.904  37.521  -20.466 0.0000000000
95210  13.380  37.613  -20.573 0.0000000000
95211  11.845  37.589  -20.629 0.0000000000
95212  8.793  36.139  -19.230 0.0000000000
95213  8.972  36.831  -19.472 0.0000000000
95214  10.663  37.502  -20.167 0.0000000000
95215  10.020  37.344  -19.811 0.0000000000
95216  9.503  37.090  -19.607 0.0000000000
95742  40.346  38.024  -9.648 0.0000000000
95743  39.532  38.867  -8.349 0.0000000000
95744  38.383  39.356  -7.545 0.0000000000
95745  37.255  39.533  -6.962 0.0000000000
95756  44.963  37.048  -11.852 0.0000000000
95757  42.252  37.304  -11.707 0.0000000000
95758  40.894  37.438  -11.108 0.0000000000
95770  46.228  36.818  -11.175 0.0000000000
95783  33.291  41.115  -10.765 0.0000000000
95791  33.525  41.159  -11.987 0.0000000000
95792  32.468  41.955  -11.483 0.0000000000
95793  31.852  42.503  -11.861 0.0000000000
95801  34.201  41.296  -13.080 0.0000000000
95802  33.112  41.798  -12.870 0.0000000000
95803  32.116  42.300  -12.577 0.0000000000
95816  34.616  41.266  -13.707 0.0000000000
95817  34.130  41.701  -14.206 0.0000000000
95818  32.454  42.538  -13.877 0.0000000000
95819  31.584  42.806  -14.272 0.0000000000
95820  29.341  42.759  -14.094 0.0000000000
95821  28.457  42.830  -14.664 0.0000000000
95822  27.191  42.680  -15.069 0.0000000000
95832  34.551  41.585  -15.491 0.0000000000
95833  33.539  42.235  -15.386 0.0000000000
95834  31.988  42.839  -15.359 0.0000000000
95835  30.056  43.002  -15.455 0.0000000000
95836  28.349  43.150  -16.719 0.0000000000
95837  27.458  42.996  -16.284 0.0000000000
95838  19.925  38.948  -14.803 0.0000000000
95839  19.020  38.082  -15.067 0.0000000000
95844  34.218  41.632  -16.315 0.0000000000
95845  33.238  42.242  -16.732 0.0000000000
95846  31.629  42.794  -17.092 0.0000000000
95847  29.810  43.079  -17.485 0.0000000000
95848  28.921  43.236  -17.672 0.0000000000
95849  19.531  38.603  -16.142 0.0000000000
95850  19.064  37.880  -15.858 0.0000000000
95851  8.379  37.864  -15.997 0.0000000000
95856  19.930  39.047  -17.465 0.0000000000
95857  8.046  38.116  -17.250 0.0000000000
95860  19.450  39.290  -18.531 0.0000000000
95861  18.082  39.138  -19.424 0.0000000000
95862  16.065  38.935  -20.201 0.0000000000
95863  8.395  38.274  -18.790 0.0000000000
95864  8.658  37.715  -19.471 0.0000000000
95865  14.088  38.848  -20.500 0.0000000000
95866  12.509  38.837  -20.895 0.0000000000
95867  10.819  38.766  -20.777 0.0000000000
95868  9.260  38.730  -19.871 0.0000000000
95869  9.098  37.613  -19.695 0.0000000000
95870  10.002  38.013  -20.155 0.0000000000
95871  9.505  37.704  -19.820 0.0000000000
95872  9.361  37.472  -19.669 0.0000000000
96392  40.114  38.417  -10.232 0.0000000000
96393  39.647  39.075  -9.859 0.0000000000
96394  38.541  39.911  -8.744 0.0000000000
96395  37.088  40.559  -7.618 0.0000000000
96405  45.870  39.281  -11.697 0.0000000000
96406  43.363  38.801  -12.253 0.0000000000
96407  40.725  38.446  -11.509 0.0000000000
96408  39.507  39.629  -11.513 0.0000000000
96420  44.168  39.907  -13.116 0.0000000000
96421  43.287  39.806  -13.008 0.0000000000
96450  31.428  42.779  -12.348 0.0000000000
96464  31.702  42.533  -13.043 0.0000000000
96465  31.001  42.744  -13.412 0.0000000000
96466  29.710  43.174  -13.192 0.0000000000
96478  30.920  42.816  -14.493 0.0000000000
96479  30.161  42.751  -14.097 0.0000000000
96480  23.723  41.155  -15.960 0.0000000000
96481  22.579  40.290  -15.686 0.0000000000
96482  21.113  39.563  -15.225 0.0000000000
96489  23.901  41.671  -17.193 0.0000000000
96490  22.793  40.849  -16.887 0.0000000000
96491  21.291  39.814  -16.533 0.0000000000
96498  23.829  42.061  -17.858 0.0000000000
96499  22.754  41.734  -18.162 0.0000000000
96500  21.181  40.341  -17.815 0.0000000000
96501  8.684  39.913  -17.470 0.0000000000
96504  21.968  42.159  -18.920 0.0000000000
96505  20.322  41.153  -19.013 0.0000000000
96506  17.551  40.807  -19.691 0.0000000000
96507  14.382  40.680  -19.974 0.0000000000
96508  12.812  41.540  -20.555 0.0000000000
96509  9.874  41.193  -19.503 0.0000000000
96510  8.961  40.041  -19.011 0.0000000000
96511  13.165  39.673  -20.632 0.0000000000
96512  12.052  40.419  -20.812 0.0000000000
96513  10.400  40.054  -20.146 0.0000000000
96514  9.399  40.006  -19.744 0.0000000000
97052  38.778  40.256  -10.310 0.0000000000
97053  37.445  41.257  -9.846 0.0000000000
97054  36.000  41.810  -8.583 0.0000000000
97062  42.064  39.736  -12.312 0.0000000000
97063  40.346  40.041  -12.686 0.0000000000
97064  38.354  41.085  -12.447 0.0000000000
97065  37.071  42.439  -11.609 0.0000000000
97077  44.664  41.336  -13.169 0.0000000000
97078  42.534  40.995  -13.302 0.0000000000
97079  40.136  41.823  -13.886 0.0000000000
97080  38.229  42.443  -14.231 0.0000000000
97091  43.426  42.160  -14.478 0.0000000000
97092  41.901  42.523  -14.388 0.0000000000
97093  40.708  42.922  -14.804 0.0000000000
97148  24.068  42.233  -16.158 0.0000000000
97155  24.120  42.597  -17.482 0.0000000000
97156  23.624  42.398  -18.191 0.0000000000
97161  23.646  43.024  -18.225 0.0000000000
97162  22.852  42.785  -18.780 0.0000000000
97163  21.361  42.818  -19.189 0.0000000000
97164  19.246  42.734  -19.302 0.0000000000
97165  16.288  42.786  -19.204 0.0000000000
97166  13.283  42.945  -20.051 0.0000000000
97167  10.758  43.688  -19.686 0.0000000000
97168  9.255  42.201  -17.876 0.0000000000
97169  11.899  42.015  -20.502 0.0000000000
97170  10.991  41.462  -20.165 0.0000000000
97742  36.095  42.730  -10.352 0.0000000000
97743  34.980  43.325  -9.228 0.0000000000
97756  45.500  43.054  -12.453 0.0000000000
97757  37.180  42.915  -13.557 0.0000000000
97758  36.283  44.083  -12.218 0.0000000000
97759  35.485  43.824  -10.701 0.0000000000
97774  43.905  43.076  -14.443 0.0000000000
97775  39.337  43.209  -14.957 0.0000000000
97776  37.566  44.056  -15.138 0.0000000000
97777  36.717  44.110  -14.089 0.0000000000
97786  42.812  43.051  -15.407 0.0000000000
97787  41.659  43.267  -15.432 0.0000000000
97788  40.549  43.697  -15.475 0.0000000000
97789  39.348  44.223  -16.034 0.0000000000
97797  42.109  43.605  -16.047 0.0000000000
97798  41.359  43.792  -16.025 0.0000000000
97799  40.721  44.166  -16.425 0.0000000000
97800  40.149  44.336  -16.400 0.0000000000
97807  41.691  43.782  -16.238 0.0000000000
97808  41.290  43.921  -16.434 0.0000000000
97809  41.113  44.000  -16.583 0.0000000000
97831  19.457  46.597  -16.510 0.0000000000
97839  23.895  43.405  -16.426 0.0000000000
97840  23.025  44.383  -16.827 0.0000000000
97841  21.824  45.188  -17.269 0.0000000000
97842  20.442  45.887  -17.665 0.0000000000
97843  19.001  46.594  -17.970 0.0000000000
97849  23.617  43.664  -17.622 0.0000000000
97850  22.683  44.360  -18.001 0.0000000000
97851  21.347  44.869  -18.386 0.0000000000
97852  19.738  45.563  -18.691 0.0000000000
97853  17.947  46.627  -18.669 0.0000000000
97854  23.129  43.581  -18.414 0.0000000000
97855  22.149  43.814  -18.844 0.0000000000
97856  20.535  44.152  -19.157 0.0000000000
97857  18.301  44.625  -19.102 0.0000000000
97858  15.026  45.255  -19.383 0.0000000000
97859  12.784  44.507  -20.203 0.0000000000
98382  34.571  44.382  -9.469 0.0000000000
98397  35.814  45.379  -12.583 0.0000000000
98398  34.932  45.131  -11.030 0.0000000000
98399  34.233  45.083  -9.549 0.0000000000
98409  43.979  45.040  -14.033 0.0000000000
98410  42.960  46.038  -14.817 0.0000000000
98411  37.226  45.215  -15.444 0.0000000000
98412  36.628  45.611  -14.270 0.0000000000
98413  35.574  46.197  -12.624 0.0000000000
98417  42.610  44.059  -15.650 0.0000000000
98418  42.053  45.442  -15.752 0.0000000000
98419  39.998  44.907  -15.287 0.0000000000
98420  38.215  45.128  -15.537 0.0000000000
98421  37.241  45.550  -15.430 0.0000000000
98425  41.875  43.962  -16.343 0.0000000000
98426  41.660  44.373  -16.409 0.0000000000
98427  40.806  44.534  -16.433 0.0000000000
98428  39.693  44.432  -16.102 0.0000000000
98435  41.570  43.893  -16.388 0.0000000000
98436  41.456  44.062  -16.545 0.0000000000
98437  41.162  44.209  -16.612 0.0000000000
99012  44.157  47.023  -12.157 0.0000000000
99013  42.316  46.811  -12.701 0.0000000000
99014  40.365  46.464  -12.835 0.0000000000
99015  35.149  46.744  -11.690 0.0000000000
99016  34.270  46.370  -10.297 0.0000000000
99020  44.810  46.157  -12.558 0.0000000000
99021  43.251  46.558  -13.790 0.0000000000
99022  41.408  46.694  -13.926 0.0000000000
99023  39.214  46.972  -13.861 0.0000000000
99024  37.539  46.941  -14.037 0.0000000000
99025  36.253  47.260  -12.742 0.0000000000
99030  42.217  46.297  -14.769 0.0000000000
99031  40.577  45.758  -14.446 0.0000000000
99032  38.678  46.190  -14.959 0.0000000000
99033  37.545  45.977  -15.133 0.0000000000
99616  41.546  46.607  -9.927 0.0000000000
99617  39.818  46.690  -10.024 0.0000000000
99618  38.402  48.022  -10.246 0.0000000000
99619  37.796  47.842  -10.116 0.0000000000
99620  33.663  46.267  -9.190 0.0000000000
99621  33.201  46.089  -8.628 0.0000000000
99635  43.026  47.011  -11.213 0.0000000000
99636  40.852  46.325  -11.327 0.0000000000
99637  38.642  47.484  -12.044 0.0000000000
99638  37.110  47.892  -11.183 0.0000000000
99639  35.501  47.735  -11.201 0.0000000000
99640  34.549  46.831  -9.868 0.0000000000
99641  33.865  46.546  -9.190 0.0000000000
99645  37.897  47.049  -13.065 0.0000000000
99646  37.152  47.930  -12.736 0.0000000000
99647  36.417  48.088  -12.145 0.0000000000
99694  9.170  44.924  -17.327 0.0000000000
100249  39.837  46.676  -7.527 0.0000000000
100250  38.866  47.173  -7.547 0.0000000000
100251  37.836  48.046  -7.944 0.0000000000
100272  40.492  46.642  -8.717 0.0000000000
100273  39.283  46.954  -8.694 0.0000000000
100274  38.104  48.290  -9.088 0.0000000000
100275  37.224  48.046  -8.919 0.0000000000
100276  33.396  46.283  -8.742 0.0000000000
100288  37.271  47.791  -9.886 0.0000000000
100289  36.413  48.025  -10.131 0.0000000000
100290  35.563  47.414  -10.024 0.0000000000
100291  34.176  46.908  -9.045 0.0000000000
100292  33.696  46.714  -8.952 0.0000000000
100811  39.003  47.473  -5.469 0.0000000000
100812  37.842  47.907  -5.758 0.0000000000
100813  37.176  48.382  -5.909 0.0000000000
100814  36.933  48.598  -6.022 0.0000000000
100822  39.394  46.780  -6.417 0.0000000000
100823  38.336  47.455  -6.669 0.0000000000
100824  37.341  48.589  -7.478 0.0000000000
100825  37.184  48.722  -6.943 0.0000000000
100843  36.647  47.987  -9.007 0.0000000000
100844  37.024  48.249  -8.172 0.0000000000
100845  33.181  46.087  -8.755 0.0000000000
100857  36.149  47.924  -9.726 0.0000000000
100858  35.792  47.722  -9.257 0.0000000000
100859  34.572  47.059  -9.427 0.0000000000
100860  33.898  46.649  -9.126 0.0000000000
101341  36.881  48.759  -6.265 0.0000000000
101342  37.195  48.849  -6.970 0.0000000000
101354  37.070  48.540  -7.527 0.0000000000
101355  36.970  48.387  -7.975 0.0000000000
101356  33.245  46.382  -9.121 0.0000000000
101357  33.097  45.820  -8.989 0.0000000000
101371  36.668  48.163  -8.552 0.0000000000
101372  35.985  47.830  -9.384 0.0000000000
101373  34.016  46.853  -9.264 0.0000000000
101374  33.045  45.876  -9.350 0.0000000000
101867  36.803  48.975  -6.177 0.0000000000
101868  36.987  48.948  -6.473 0.0000000000
101871  36.750  48.284  -8.318 0.0000000000
101881  35.551  47.788  -9.578 0.0000000000
101882  33.675  47.249  -9.640 0.0000000000
101883  32.792  45.914  -10.024 0.0000000000
101896  35.273  48.286  -10.248 0.0000000000
101897  34.424  47.755  -10.156 0.0000000000
101898  33.520  46.829  -10.465 0.0000000000
101899  32.682  46.110  -10.709 0.0000000000
101911  30.667  45.963  -15.074 0.0000000000
101912  29.361  46.601  -14.103 0.0000000000
101928  31.999  46.526  -17.273 0.0000000000
101929  31.214  45.834  -16.385 0.0000000000
101930  29.702  45.900  -15.781 0.0000000000
101945  32.017  46.881  -18.284 0.0000000000
101946  31.297  46.120  -17.908 0.0000000000
101947  30.060  46.292  -17.195 0.0000000000
101948  28.296  47.170  -16.364 0.0000000000
101958  31.941  47.173  -18.803 0.0000000000
101959  31.411  46.933  -18.550 0.0000000000
101960  30.248  46.722  -18.097 0.0000000000
101961  28.525  46.948  -17.726 0.0000000000
101962  26.205  46.665  -17.638 0.0000000000
101975  25.203  46.466  -18.182 0.0000000000
102425  37.144  48.836  -6.985 0.0000000000
102428  38.142  48.106  -9.759 0.0000000000
102429  37.143  48.110  -8.873 0.0000000000
102434  38.407  47.835  -11.394 0.0000000000
102435  36.673  48.136  -10.783 0.0000000000
102436  35.005  48.402  -10.560 0.0000000000
102437  33.915  48.093  -10.446 0.0000000000
102438  33.215  47.856  -10.897 0.0000000000
102439  32.340  46.902  -11.331 0.0000000000
102440  31.332  46.379  -11.735 0.0000000000
102447  38.619  47.690  -11.964 0.0000000000
102448  38.063  47.796  -11.871 0.0000000000
102449  33.132  48.520  -10.964 0.0000000000
102450  33.174  47.952  -11.651 0.0000000000
102451  32.443  47.422  -12.897 0.0000000000
102452  31.001  46.250  -13.490 0.0000000000
102465  32.380  46.980  -15.461 0.0000000000
102466  31.405  46.080  -15.150 0.0000000000
102473  32.631  47.530  -17.437 0.0000000000
102479  32.075  47.705  -18.430 0.0000000000
102480  31.560  47.669  -18.772 0.0000000000
102481  30.524  47.527  -18.598 0.0000000000
102482  28.988  47.370  -18.083 0.0000000000
102483  26.863  47.213  -17.903 0.0000000000
102484  25.344  47.425  -18.228 0.0000000000
102497  25.545  46.719  -18.119 0.0000000000
102906  38.756  49.080  -8.969 0.0000000000
102907  37.766  49.052  -7.660 0.0000000000
102910  40.637  49.460  -10.734 0.0000000000
102911  39.562  48.621  -10.609 0.0000000000
102912  36.362  48.424  -11.520 0.0000000000
102913  35.729  48.683  -11.219 0.0000000000
102914  34.422  48.603  -10.848 0.0000000000
102915  33.587  48.737  -10.821 0.0000000000
102921  42.216  49.503  -11.919 0.0000000000
102922  40.951  49.332  -11.730 0.0000000000
102923  39.052  48.123  -12.536 0.0000000000
102924  36.876  48.113  -12.124 0.0000000000
102925  35.142  48.854  -11.528 0.0000000000
102926  33.798  49.600  -10.788 0.0000000000
102927  33.215  49.443  -11.115 0.0000000000
102928  32.782  49.455  -12.134 0.0000000000
102929  33.386  48.847  -14.125 0.0000000000
102940  42.047  49.286  -12.519 0.0000000000
102941  40.922  48.819  -13.235 0.0000000000
102942  40.058  48.679  -13.536 0.0000000000
102943  33.212  48.853  -16.170 0.0000000000
102951  32.296  49.173  -17.686 0.0000000000
102952  31.197  49.801  -18.167 0.0000000000
102953  29.971  50.000  -18.225 0.0000000000
102954  28.368  49.821  -17.318 0.0000000000
102955  26.750  49.720  -17.137 0.0000000000
102956  25.159  49.672  -17.987 0.0000000000
102962  31.728  48.545  -18.548 0.0000000000
102963  30.875  48.645  -18.663 0.0000000000
102964  29.516  48.523  -18.238 0.0000000000
102965  27.773  48.314  -17.863 0.0000000000
102966  25.965  48.362  -18.022 0.0000000000
102967  24.093  48.416  -18.438 0.0000000000
102983  17.140  52.277  -15.525 0.0000000000
102986  9.041  49.374  -18.072 0.0000000000
102987  9.480  51.005  -17.673 0.0000000000
102988  11.319  49.834  -18.756 0.0000000000
103371  37.396  50.843  -6.244 0.0000000000
103375  40.935  50.530  -9.139 0.0000000000
103376  40.003  50.102  -9.025 0.0000000000
103377  38.326  50.703  -7.497 0.0000000000
103381  42.813  50.444  -10.742 0.0000000000
103382  41.545  50.334  -10.278 0.0000000000
103383  40.445  49.592  -10.174 0.0000000000
103390  43.350  50.689  -12.158 0.0000000000
103391  42.995  50.112  -11.692 0.0000000000
103392  42.125  49.676  -11.469 0.0000000000
103393  37.887  48.793  -13.037 0.0000000000
103394  36.238  49.479  -12.343 0.0000000000
103395  34.434  50.617  -10.950 0.0000000000
103396  33.347  51.189  -10.913 0.0000000000
103397  32.758  51.387  -11.461 0.0000000000
103398  32.794  51.478  -12.946 0.0000000000
103399  33.254  50.327  -14.937 0.0000000000
103409  43.196  50.678  -12.884 0.0000000000
103410  42.180  49.664  -13.527 0.0000000000
103411  40.763  49.136  -14.102 0.0000000000
103412  39.344  48.959  -13.720 0.0000000000
103413  33.109  51.818  -14.763 0.0000000000
103414  32.688  51.050  -16.322 0.0000000000
103421  31.537  51.334  -17.493 0.0000000000
103422  30.255  51.570  -17.812 0.0000000000
103423  28.851  51.564  -17.639 0.0000000000
103424  27.262  51.268  -16.636 0.0000000000
103425  25.664  51.248  -17.118 0.0000000000
103426  23.426  50.575  -18.038 0.0000000000
103431  16.249  52.801  -13.998 0.0000000000
103435  22.898  49.116  -18.518 0.0000000000
103439  16.662  52.944  -15.342 0.0000000000
103448  16.907  52.689  -16.719 0.0000000000
103451  16.441  51.641  -17.711 0.0000000000
103452  10.168  50.827  -18.380 0.0000000000
103453  9.730  51.941  -18.349 0.0000000000
103454  14.737  49.823  -19.001 0.0000000000
103455  12.270  51.062  -18.631 0.0000000000
103456  10.773  51.709  -18.577 0.0000000000
103868  37.334  52.330  -5.911 0.0000000000
103873  41.075  51.478  -8.408 0.0000000000
103874  39.193  51.678  -7.470 0.0000000000
103875  38.170  51.973  -6.825 0.0000000000
103883  43.898  52.071  -10.553 0.0000000000
103884  43.189  51.249  -10.212 0.0000000000
103885  42.085  51.456  -9.428 0.0000000000
103895  43.605  51.465  -11.897 0.0000000000
103896  43.640  51.078  -11.045 0.0000000000
103897  40.340  51.409  -14.368 0.0000000000
103898  38.101  50.636  -13.362 0.0000000000
103899  35.596  51.823  -11.561 0.0000000000
103900  33.974  52.566  -10.558 0.0000000000
103901  33.143  52.814  -11.108 0.0000000000
103902  32.459  53.090  -12.136 0.0000000000
103903  32.422  52.678  -12.671 0.0000000000
103914  43.250  51.837  -13.248 0.0000000000
103915  42.483  51.146  -14.062 0.0000000000
103916  41.405  50.324  -14.681 0.0000000000
103917  40.108  49.961  -14.113 0.0000000000
103918  32.759  53.760  -13.014 0.0000000000
103919  32.861  53.046  -13.732 0.0000000000
103920  32.657  53.030  -15.494 0.0000000000
103921  26.790  54.470  -16.232 0.0000000000
103922  25.526  54.359  -15.947 0.0000000000
103923  24.660  54.453  -16.240 0.0000000000
103931  31.816  53.191  -16.739 0.0000000000
103932  30.485  53.459  -17.374 0.0000000000
103933  29.083  53.407  -17.494 0.0000000000
103934  27.616  52.937  -16.670 0.0000000000
103935  26.214  52.851  -16.299 0.0000000000
103936  24.320  53.222  -17.078 0.0000000000
103937  22.416  52.543  -17.487 0.0000000000
103941  15.984  53.731  -13.405 0.0000000000
103947  16.293  53.869  -14.917 0.0000000000
103954  16.678  53.797  -16.425 0.0000000000
103955  9.571  53.228  -18.321 0.0000000000
103958  15.555  53.110  -17.606 0.0000000000
103959  13.235  53.256  -18.008 0.0000000000
103960  10.996  52.736  -18.289 0.0000000000
103961  15.322  51.687  -18.315 0.0000000000
103962  14.065  51.955  -18.534 0.0000000000
103963  12.319  52.145  -18.262 0.0000000000
104422  36.715  54.056  -5.303 0.0000000000
104428  41.291  53.221  -7.789 0.0000000000
104429  39.981  53.009  -6.967 0.0000000000
104430  38.190  53.219  -6.319 0.0000000000
104440  44.067  53.242  -9.990 0.0000000000
104441  43.803  52.882  -9.396 0.0000000000
104442  42.616  52.654  -8.712 0.0000000000
104451  43.989  53.043  -11.105 0.0000000000
104452  41.734  54.139  -14.011 0.0000000000
104453  41.059  53.313  -14.099 0.0000000000
104454  39.067  53.123  -12.947 0.0000000000
104455  37.006  53.429  -11.658 0.0000000000
104456  35.200  53.939  -10.589 0.0000000000
104457  33.855  53.944  -10.707 0.0000000000
104458  33.179  53.909  -11.446 0.0000000000
104468  43.483  53.092  -12.513 0.0000000000
104469  42.397  53.149  -13.841 0.0000000000
104470  41.656  51.803  -14.606 0.0000000000
104471  34.935  54.515  -11.020 0.0000000000
104472  34.345  54.670  -11.790 0.0000000000
104473  33.530  54.390  -13.043 0.0000000000
104474  33.371  54.204  -14.148 0.0000000000
104475  33.138  54.069  -15.040 0.0000000000
104476  28.389  56.696  -16.364 0.0000000000
104477  27.727  56.239  -16.216 0.0000000000
104478  26.296  56.031  -15.742 0.0000000000
104479  24.947  55.538  -15.667 0.0000000000
104480  23.457  55.573  -16.100 0.0000000000
104481  21.854  55.137  -16.421 0.0000000000
104490  33.760  54.908  -14.630 0.0000000000
104491  33.235  55.187  -15.398 0.0000000000
104492  32.220  55.030  -16.039 0.0000000000
104493  30.913  55.333  -16.944 0.0000000000
104494  29.140  55.970  -16.943 0.0000000000
104495  28.001  54.681  -17.085 0.0000000000
104496  23.981  54.633  -16.444 0.0000000000
104497  22.859  54.205  -16.909 0.0000000000
104498  21.659  53.651  -17.118 0.0000000000
104500  15.775  54.780  -12.498 0.0000000000
104508  16.132  55.093  -14.393 0.0000000000
104509  16.252  55.787  -15.564 0.0000000000
104515  16.455  54.909  -15.939 0.0000000000
104516  16.116  55.774  -16.658 0.0000000000
104517  9.731  53.860  -18.325 0.0000000000
104518  9.276  54.285  -18.358 0.0000000000
104519  8.230  54.801  -15.943 0.0000000000
104522  16.086  54.584  -16.947 0.0000000000
104523  14.632  54.887  -17.611 0.0000000000
104524  11.558  54.431  -18.040 0.0000000000
104525  10.370  55.384  -18.462 0.0000000000
104994  37.500  55.027  -5.787 0.0000000000
104995  35.982  55.543  -5.257 0.0000000000
105012  42.308  54.327  -7.651 0.0000000000
105013  40.647  54.579  -7.095 0.0000000000
105014  39.092  54.555  -6.260 0.0000000000
105029  43.923  54.296  -10.238 0.0000000000
105030  43.950  54.206  -9.099 0.0000000000
105031  43.520  54.120  -8.300 0.0000000000
105038  43.596  54.377  -11.492 0.0000000000
105039  41.255  54.709  -13.726 0.0000000000
105040  39.976  54.693  -12.650 0.0000000000
105041  38.336  54.729  -11.707 0.0000000000
105042  36.562  54.808  -11.240 0.0000000000
105043  35.610  54.704  -10.987 0.0000000000
105054  42.933  54.673  -12.764 0.0000000000
105055  41.898  55.098  -13.381 0.0000000000
105056  40.817  55.910  -13.089 0.0000000000
105057  39.341  55.994  -12.272 0.0000000000
105058  37.936  55.732  -12.461 0.0000000000
105059  36.115  55.552  -12.090 0.0000000000
105060  35.380  55.712  -14.327 0.0000000000
105061  34.301  55.150  -14.549 0.0000000000
105062  28.409  57.880  -15.850 0.0000000000
105063  27.247  58.005  -15.377 0.0000000000
105064  26.223  57.152  -14.529 0.0000000000
105065  24.784  56.428  -14.341 0.0000000000
105066  22.984  56.638  -15.382 0.0000000000
105067  21.568  56.536  -15.558 0.0000000000
105068  20.643  56.379  -14.944 0.0000000000
105071  15.249  55.758  -11.716 0.0000000000
105081  30.386  57.596  -16.635 0.0000000000
105082  29.311  58.117  -16.058 0.0000000000
105083  15.637  56.244  -13.559 0.0000000000
105084  15.577  57.170  -14.390 0.0000000000
105092  15.990  56.014  -14.795 0.0000000000
105093  15.999  56.847  -15.520 0.0000000000
105100  14.872  56.788  -17.304 0.0000000000
105101  13.817  57.433  -17.879 0.0000000000
105102  8.868  55.679  -18.785 0.0000000000
105103  7.437  55.968  -17.474 0.0000000000
105107  13.582  55.703  -17.991 0.0000000000
105108  12.378  56.400  -18.400 0.0000000000
105109  10.485  56.187  -18.570 0.0000000000
105557  37.172  56.799  -5.670 0.0000000000
105558  35.363  56.890  -5.171 0.0000000000
105574  41.923  56.018  -6.793 0.0000000000
105575  39.865  55.998  -6.393 0.0000000000
105576  38.402  55.889  -6.036 0.0000000000
105592  43.589  55.660  -9.382 0.0000000000
105593  43.555  55.426  -8.192 0.0000000000
105594  43.078  55.255  -7.561 0.0000000000
105615  43.552  55.341  -10.578 0.0000000000
105635  43.146  55.725  -11.575 0.0000000000
105636  42.364  56.179  -12.430 0.0000000000
105637  41.368  56.770  -12.636 0.0000000000
105638  40.225  57.339  -12.797 0.0000000000
105639  38.967  57.288  -12.799 0.0000000000
105640  37.880  57.287  -13.436 0.0000000000
105641  36.826  56.744  -14.119 0.0000000000
105645  28.966  59.993  -15.470 0.0000000000
105646  28.206  60.264  -14.999 0.0000000000
105647  27.350  59.794  -14.515 0.0000000000
105648  26.233  58.462  -13.341 0.0000000000
105649  24.568  57.569  -13.463 0.0000000000
105650  22.711  57.612  -14.465 0.0000000000
105651  21.452  57.557  -14.895 0.0000000000
105652  20.075  56.913  -14.535 0.0000000000
105653  19.542  56.702  -13.806 0.0000000000
105655  14.608  56.593  -10.633 0.0000000000
105656  14.099  57.103  -11.787 0.0000000000
105661  37.186  58.239  -14.436 0.0000000000
105665  25.748  58.742  -12.601 0.0000000000
105666  24.474  58.530  -12.595 0.0000000000
105667  22.724  58.658  -13.725 0.0000000000
105668  21.505  58.274  -14.231 0.0000000000
105669  20.826  57.978  -14.602 0.0000000000
105670  14.759  56.554  -12.150 0.0000000000
105671  14.623  57.319  -13.263 0.0000000000
105678  15.372  58.053  -15.037 0.0000000000
105679  15.263  58.728  -16.073 0.0000000000
105686  15.648  57.946  -16.364 0.0000000000
105687  14.603  58.388  -17.211 0.0000000000
105688  8.919  56.443  -18.798 0.0000000000
105689  8.114  56.794  -18.761 0.0000000000
105690  6.877  56.727  -17.668 0.0000000000
105693  12.882  57.937  -18.289 0.0000000000
105694  10.370  57.168  -18.782 0.0000000000
105695  9.179  57.689  -18.772 0.0000000000
106053  35.568  59.588  -4.088 0.0000000000
106067  40.374  58.742  -4.622 0.0000000000
106068  38.855  58.346  -5.002 0.0000000000
106069  36.297  58.587  -4.772 0.0000000000
106077  42.355  58.317  -7.306 0.0000000000
106078  42.314  57.621  -6.576 0.0000000000
106079  40.817  57.707  -5.533 0.0000000000
106080  38.921  56.932  -5.752 0.0000000000
106081  35.577  59.619  -9.616 0.0000000000
106082  34.753  59.505  -9.342 0.0000000000
106090  43.271  56.527  -9.354 0.0000000000
106091  43.003  57.314  -8.507 0.0000000000
106092  42.937  56.303  -7.387 0.0000000000
106093  38.451  60.636  -11.777 0.0000000000
106094  37.550  60.255  -11.383 0.0000000000
106095  35.925  59.660  -10.391 0.0000000000
106112  43.152  56.551  -10.202 0.0000000000
106113  42.306  58.138  -10.578 0.0000000000
106114  41.323  59.198  -11.698 0.0000000000
106115  40.197  59.780  -12.243 0.0000000000
106116  38.733  60.023  -12.275 0.0000000000
106117  37.224  59.757  -11.941 0.0000000000
106118  35.932  59.504  -11.461 0.0000000000
106135  14.373  57.564  -9.750 0.0000000000
106138  42.632  56.908  -11.464 0.0000000000
106139  41.863  57.662  -11.988 0.0000000000
106140  40.779  58.320  -12.311 0.0000000000
106141  39.629  58.739  -12.764 0.0000000000
106142  38.352  58.876  -12.847 0.0000000000
106143  37.287  59.287  -13.141 0.0000000000
106152  26.894  59.875  -12.845 0.0000000000
106153  19.622  57.045  -14.284 0.0000000000
106154  19.251  57.022  -13.721 0.0000000000
106155  18.427  56.923  -13.103 0.0000000000
106156  13.750  57.633  -10.853 0.0000000000
106157  13.540  57.965  -12.273 0.0000000000
106168  26.474  60.373  -12.714 0.0000000000
106169  24.618  60.013  -12.487 0.0000000000
106170  22.843  59.747  -12.969 0.0000000000
106171  21.352  59.099  -13.684 0.0000000000
106172  20.184  57.769  -14.685 0.0000000000
106173  19.564  57.461  -15.094 0.0000000000
106174  14.308  58.743  -13.976 0.0000000000
106175  14.438  59.602  -14.876 0.0000000000
106183  14.984  59.062  -15.252 0.0000000000
106184  14.486  59.618  -16.242 0.0000000000
106191  13.376  59.352  -17.912 0.0000000000
106192  12.127  59.435  -18.602 0.0000000000
106193  7.287  57.148  -18.398 0.0000000000
106194  6.768  57.438  -17.015 0.0000000000
106198  11.962  58.583  -18.687 0.0000000000
106199  10.449  58.718  -18.914 0.0000000000
106200  8.034  58.029  -18.694 0.0000000000
106201  7.184  58.023  -17.252 0.0000000000
106536  34.494  61.216  -2.323 0.0000000000
106550  36.915  60.360  -3.601 0.0000000000
106551  35.124  60.505  -3.116 0.0000000000
106564  41.494  59.984  -5.389 0.0000000000
106565  41.053  59.451  -4.880 0.0000000000
106566  40.020  59.595  -4.025 0.0000000000
106567  38.396  59.963  -4.292 0.0000000000
106574  42.165  59.107  -8.003 0.0000000000
106575  41.863  59.258  -6.374 0.0000000000
106576  41.596  58.484  -5.720 0.0000000000
106577  37.894  62.621  -11.500 0.0000000000
106578  37.251  61.664  -10.546 0.0000000000
106579  35.712  60.475  -9.586 0.0000000000
106590  42.068  59.122  -9.356 0.0000000000
106591  40.422  61.445  -11.324 0.0000000000
106592  39.930  61.688  -11.624 0.0000000000
106593  38.421  61.703  -11.775 0.0000000000
106594  36.675  60.471  -10.571 0.0000000000
106595  35.834  59.864  -9.914 0.0000000000
106605  41.497  59.796  -10.644 0.0000000000
106606  40.668  60.816  -11.424 0.0000000000
106607  39.536  60.937  -12.065 0.0000000000
106608  38.901  60.925  -12.096 0.0000000000
106620  15.584  58.559  -9.240 0.0000000000
106621  14.598  58.498  -9.423 0.0000000000
106622  13.651  58.432  -9.981 0.0000000000
106628  18.583  57.279  -13.680 0.0000000000
106629  17.979  57.514  -13.060 0.0000000000
106630  12.909  58.555  -11.116 0.0000000000
106631  12.886  59.354  -12.855 0.0000000000
106632  12.290  60.424  -13.577 0.0000000000
106638  24.701  61.420  -12.714 0.0000000000
106639  22.917  61.122  -13.205 0.0000000000
106640  20.921  59.672  -14.011 0.0000000000
106641  19.883  58.437  -15.175 0.0000000000
106642  18.787  57.881  -14.953 0.0000000000
106643  17.836  58.148  -14.300 0.0000000000
106644  13.877  59.578  -14.131 0.0000000000
106645  13.591  60.443  -14.972 0.0000000000
106647  22.967  62.188  -13.368 0.0000000000
106648  21.919  61.338  -13.903 0.0000000000
106649  20.675  60.014  -15.242 0.0000000000
106650  19.616  58.979  -15.691 0.0000000000
106651  13.384  60.781  -17.261 0.0000000000
106652  12.344  61.284  -17.892 0.0000000000
106654  12.741  60.014  -18.189 0.0000000000
106655  11.701  60.349  -18.561 0.0000000000
106660  9.684  59.645  -18.742 0.0000000000
106661  7.889  59.103  -18.220 0.0000000000
106662  6.578  58.265  -16.702 0.0000000000
106990  35.680  62.088  -1.414 0.0000000000
106991  34.129  62.001  -1.714 0.0000000000
107003  40.049  61.544  -3.039 0.0000000000
107004  39.163  61.406  -2.877 0.0000000000
107005  37.399  62.120  -1.962 0.0000000000
107011  41.500  60.427  -6.059 0.0000000000
107012  41.324  60.779  -4.855 0.0000000000
107013  40.339  61.071  -3.675 0.0000000000
107014  39.730  60.460  -3.430 0.0000000000
107021  41.756  59.809  -8.748 0.0000000000
107022  41.300  60.562  -7.966 0.0000000000
107023  37.522  63.038  -11.095 0.0000000000
107024  36.444  62.579  -10.180 0.0000000000
107025  34.737  62.067  -9.413 0.0000000000
107035  41.422  60.339  -9.676 0.0000000000
107036  40.518  61.523  -10.381 0.0000000000
107037  39.337  62.644  -11.155 0.0000000000
107038  38.236  63.259  -11.259 0.0000000000
107042  41.020  60.787  -10.683 0.0000000000
107043  40.831  61.127  -10.915 0.0000000000
107051  17.438  58.644  -11.493 0.0000000000
107052  16.883  59.329  -10.451 0.0000000000
107053  15.830  59.642  -9.820 0.0000000000
107054  14.804  59.447  -9.533 0.0000000000
107055  13.934  59.303  -9.670 0.0000000000
107056  13.161  59.383  -10.219 0.0000000000
107065  17.257  58.631  -13.551 0.0000000000
107066  16.665  59.736  -12.283 0.0000000000
107067  16.151  60.107  -10.894 0.0000000000
107068  12.267  59.671  -11.173 0.0000000000
107069  11.727  60.243  -12.377 0.0000000000
107070  11.615  60.976  -13.252 0.0000000000
107078  18.832  59.055  -15.925 0.0000000000
107079  17.659  59.138  -15.393 0.0000000000
107080  16.754  59.574  -14.440 0.0000000000
107081  12.564  61.749  -14.928 0.0000000000
107082  12.282  62.541  -16.062 0.0000000000
107087  21.828  62.143  -15.109 0.0000000000
107088  19.965  60.582  -15.817 0.0000000000
107089  18.473  59.915  -16.073 0.0000000000
107090  13.109  61.307  -16.053 0.0000000000
107091  12.570  62.085  -17.047 0.0000000000
107095  21.109  62.244  -15.613 0.0000000000
107096  11.328  61.712  -18.519 0.0000000000
107097  10.315  62.006  -18.565 0.0000000000
107101  10.589  60.687  -18.759 0.0000000000
107102  9.415  60.828  -18.343 0.0000000000
107103  7.485  59.674  -16.928 0.0000000000
107412  34.054  64.276  -0.528 0.0000000000
107413  33.187  63.645  -0.756 0.0000000000
107424  38.124  63.974  -1.252 0.0000000000
107425  37.295  63.652  -1.165 0.0000000000
107426  34.971  63.894  -0.585 0.0000000000
107427  33.816  62.747  -0.979 0.0000000000
107436  40.414  62.669  -3.911 0.0000000000
107437  39.945  62.315  -3.393 0.0000000000
107438  38.674  63.341  -1.753 0.0000000000
107439  37.946  63.059  -1.384 0.0000000000
107444  40.986  61.494  -6.213 0.0000000000
107445  40.605  62.196  -4.472 0.0000000000
107446  40.507  61.859  -3.602 0.0000000000
107456  40.327  62.282  -8.263 0.0000000000
107457  38.258  64.193  -10.324 0.0000000000
107458  37.448  64.086  -10.584 0.0000000000
107459  35.790  63.979  -9.855 0.0000000000
107460  34.081  64.043  -9.567 0.0000000000
107470  39.795  62.936  -9.886 0.0000000000
107471  38.905  63.718  -10.515 0.0000000000
107472  38.226  63.958  -10.890 0.0000000000
107480  15.509  60.589  -10.548 0.0000000000
107481  14.816  60.396  -9.967 0.0000000000
107482  13.979  60.106  -9.798 0.0000000000
107483  13.509  59.832  -9.892 0.0000000000
107493  16.405  60.620  -13.797 0.0000000000
107494  15.496  60.948  -12.297 0.0000000000
107495  14.735  61.326  -10.814 0.0000000000
107496  13.886  61.065  -10.285 0.0000000000
107497  13.011  60.561  -10.437 0.0000000000
107498  11.863  60.899  -11.346 0.0000000000
107499  11.148  61.249  -12.306 0.0000000000
107508  17.655  60.401  -16.088 0.0000000000
107509  16.496  60.751  -15.604 0.0000000000
107510  15.457  61.268  -14.704 0.0000000000
107511  11.187  61.866  -13.564 0.0000000000
107512  11.430  62.617  -15.059 0.0000000000
107519  20.308  62.198  -15.812 0.0000000000
107520  18.904  61.454  -15.975 0.0000000000
107521  17.501  61.706  -15.990 0.0000000000
107522  11.504  63.038  -16.973 0.0000000000
107523  10.744  63.402  -17.730 0.0000000000
107530  18.763  62.892  -15.620 0.0000000000
107531  11.714  62.573  -17.903 0.0000000000
107532  10.734  62.865  -18.359 0.0000000000
107535  9.543  62.239  -18.376 0.0000000000
107536  8.055  61.424  -17.614 0.0000000000
107537  6.153  60.235  -16.152 0.0000000000
107872  33.957  65.441  -0.639 0.0000000000
107884  37.786  64.880  -1.536 0.0000000000
107885  36.512  65.585  -0.780 0.0000000000
107886  35.281  66.026  -0.526 0.0000000000
107895  40.128  63.367  -4.356 0.0000000000
107896  39.490  63.996  -3.302 0.0000000000
107897  38.536  64.679  -2.638 0.0000000000
107902  40.173  62.798  -6.530 0.0000000000
107903  40.202  63.303  -5.498 0.0000000000
107915  39.630  63.309  -8.055 0.0000000000
107916  38.893  64.184  -9.140 0.0000000000
107917  37.858  64.799  -9.476 0.0000000000
107918  36.723  65.411  -9.780 0.0000000000
107919  35.140  65.687  -9.841 0.0000000000
107920  33.518  65.779  -9.564 0.0000000000
107929  39.873  63.118  -8.920 0.0000000000
107930  39.430  63.525  -9.335 0.0000000000
107944  14.483  61.891  -14.372 0.0000000000
107945  14.265  62.064  -12.287 0.0000000000
107946  13.781  62.183  -10.945 0.0000000000
107947  12.954  61.864  -10.650 0.0000000000
107948  12.106  61.838  -10.878 0.0000000000
107949  11.227  62.011  -11.474 0.0000000000
107958  16.467  62.225  -15.947 0.0000000000
107959  15.469  62.245  -15.678 0.0000000000
107960  10.739  62.376  -12.582 0.0000000000
107961  10.590  62.803  -13.947 0.0000000000
107968  16.210  63.346  -15.872 0.0000000000
107969  10.626  63.325  -15.418 0.0000000000
107970  10.487  63.708  -16.956 0.0000000000
107978  9.932  63.717  -17.985 0.0000000000
107979  9.007  63.651  -17.686 0.0000000000
107984  9.783  63.005  -18.370 0.0000000000
107985  8.562  62.995  -17.960 0.0000000000
107986  6.645  62.064  -16.674 0.0000000000
107987  4.391  61.039  -15.778 0.0000000000
108345  36.702  66.754  -1.964 0.0000000000
108346  35.652  67.574  -1.197 0.0000000000
108347  34.677  67.119  -0.762 0.0000000000
108355  39.396  64.486  -4.814 0.0000000000
108356  38.561  65.278  -4.393 0.0000000000
108357  37.447  66.125  -3.542 0.0000000000
108367  39.873  63.582  -6.475 0.0000000000
108368  39.580  64.178  -6.050 0.0000000000
108369  38.599  65.292  -6.273 0.0000000000
108370  37.123  66.558  -6.196 0.0000000000
108371  35.215  67.500  -7.789 0.0000000000
108372  33.183  67.283  -8.444 0.0000000000
108384  39.733  63.399  -7.095 0.0000000000
108385  39.346  63.879  -7.397 0.0000000000
108386  38.614  64.678  -7.756 0.0000000000
108387  37.543  65.717  -8.212 0.0000000000
108388  36.087  66.548  -8.810 0.0000000000
108389  34.632  66.765  -9.170 0.0000000000
108409  15.169  63.191  -14.574 0.0000000000
108410  13.806  63.026  -14.158 0.0000000000
108411  13.435  63.180  -12.287 0.0000000000
108412  12.898  62.941  -11.016 0.0000000000
108413  12.154  62.684  -10.848 0.0000000000
108414  11.464  62.790  -11.050 0.0000000000
108423  15.483  63.931  -15.709 0.0000000000
108424  14.409  64.503  -15.039 0.0000000000
108425  13.407  64.030  -14.024 0.0000000000
108426  10.774  63.084  -11.897 0.0000000000
108427  10.119  63.571  -13.318 0.0000000000
108428  9.600  64.202  -13.913 0.0000000000
108438  10.213  63.465  -14.420 0.0000000000
108439  9.683  64.171  -15.457 0.0000000000
108440  9.028  64.679  -16.551 0.0000000000
108449  9.920  64.100  -17.091 0.0000000000
108450  9.095  64.328  -17.310 0.0000000000
108454  8.188  63.897  -17.709 0.0000000000
108455  7.229  63.775  -16.343 0.0000000000
108456  5.012  63.047  -15.644 0.0000000000
108457  2.266  61.891  -16.462 0.0000000000
108799  35.949  68.255  -2.471 0.0000000000
108806  36.461  67.530  -3.579 0.0000000000
108807  35.393  68.793  -3.992 0.0000000000
108819  36.702  66.904  -4.651 0.0000000000
108820  35.828  67.476  -5.350 0.0000000000
108821  34.341  68.300  -6.167 0.0000000000
108844  13.066  64.185  -13.014 0.0000000000
108845  12.709  63.748  -12.004 0.0000000000
108846  12.111  63.422  -11.265 0.0000000000
108847  11.705  63.176  -11.008 0.0000000000
108859  12.902  64.786  -13.152 0.0000000000
108860  12.166  64.325  -12.243 0.0000000000
108861  11.303  63.820  -11.765 0.0000000000
108862  10.358  64.088  -12.502 0.0000000000
108863  9.802  64.422  -13.296 0.0000000000
108874  9.374  64.804  -14.336 0.0000000000
108875  8.809  65.102  -15.693 0.0000000000
108881  8.118  64.859  -17.373 0.0000000000
108882  7.176  65.134  -18.112 0.0000000000
108883  -0.578  63.800  -17.603 0.0000000000
108887  8.142  64.358  -17.528 0.0000000000
108888  7.212  64.828  -17.647 0.0000000000
108889  5.517  64.898  -15.991 0.0000000000
108890  3.077  64.085  -16.380 0.0000000000
108891  0.565  62.949  -17.203 0.0000000000
109275  12.693  65.483  -13.360 0.0000000000
109276  11.659  65.021  -12.739 0.0000000000
109277  10.644  65.059  -12.940 0.0000000000
109278  10.057  64.666  -12.974 0.0000000000
109284  10.243  65.832  -13.729 0.0000000000
109285  9.699  65.329  -13.795 0.0000000000
109286  8.877  65.634  -14.938 0.0000000000
109289  8.073  65.829  -16.387 0.0000000000
109290  7.284  65.690  -18.021 0.0000000000
109291  -0.625  64.806  -17.925 0.0000000000
109292  -0.865  64.959  -17.291 0.0000000000
109294  6.625  65.764  -18.517 0.0000000000
109295  5.615  66.253  -17.034 0.0000000000
109296  3.642  66.032  -16.521 0.0000000000
109297  0.513  65.168  -17.477 0.0000000000
109298  -0.607  65.605  -17.919 0.0000000000
109671  12.223  65.964  -13.843 0.0000000000
109672  11.346  65.576  -13.281 0.0000000000
109680  12.786  67.133  -14.926 0.0000000000
109681  11.135  66.414  -14.182 0.0000000000
109682  9.763  66.623  -14.775 0.0000000000
109683  9.145  66.029  -14.668 0.0000000000
109686  9.052  67.535  -15.785 0.0000000000
109687  8.494  66.761  -15.883 0.0000000000
109688  7.389  66.761  -17.499 0.0000000000
109689  -0.690  66.637  -17.493 0.0000000000
109691  6.298  66.628  -18.884 0.0000000000
109692  5.394  66.728  -19.003 0.0000000000
109693  3.944  67.104  -17.696 0.0000000000
109694  2.138  67.445  -17.353 0.0000000000
109695  -0.139  66.879  -17.969 0.0000000000
110086  11.943  68.180  -15.818 0.0000000000
110087  10.667  67.385  -15.068 0.0000000000
110094  10.023  68.399  -16.068 0.0000000000
110095  8.275  68.486  -17.056 0.0000000000
110096  7.719  67.533  -17.224 0.0000000000
110097  -0.596  67.908  -17.770 0.0000000000
110099  7.407  69.525  -18.461 0.0000000000
110100  6.632  68.221  -18.931 0.0000000000
110101  4.973  67.872  -19.705 0.0000000000
110102  4.422  67.474  -19.239 0.0000000000
110103  3.083  69.171  -18.630 0.0000000000
110104  0.395  68.854  -17.999 0.0000000000
110467  9.072  69.486  -16.906 0.0000000000
110472  4.941  69.462  -20.268 0.0000000000
110477  3.763  70.186  -20.188 0.0000000000
113730  9.176  43.674  -17.834 0.0000000000
113731  8.999  44.057  -17.487 0.0000000000
113734  9.612  43.839  -18.442 0.0000000000
113735  9.085  44.475  -18.247 0.0000000000
113736  9.491  44.521  -18.941 0.0000000000
113739  18.632  47.132  -18.216 0.0000000000
113740  12.479  45.892  -20.047 0.0000000000
113741  11.814  46.676  -19.794 0.0000000000
113742  11.042  45.594  -19.722 0.0000000000
113743  12.285  46.507  -20.061 0.0000000000
113744  12.362  46.989  -20.003 0.0000000000
113745  12.994  46.648  -19.994 0.0000000000
113746  15.471  47.668  -19.354 0.0000000000
113747  18.406  47.248  -18.189 0.0000000000
113748  14.330  47.457  -19.547 0.0000000000
113749  13.795  46.852  -19.646 0.0000000000
113750  12.251  46.872  -20.019 0.0000000000
113751  13.155  46.877  -19.878 0.0000000000
113752  14.672  48.454  -19.375 0.0000000000
113753  8.865  45.828  -17.151 0.0000000000
113754  12.597  46.838  -20.039 0.0000000000
113755  13.245  47.127  -19.782 0.0000000000
113756  9.745  45.992  -18.544 0.0000000000
113757  13.005  47.230  -19.780 0.0000000000
113758  18.194  47.984  -17.603 0.0000000000
113760  12.466  47.216  -19.742 0.0000000000
113761  13.686  47.790  -19.486 0.0000000000
113765  9.093  47.634  -17.576 0.0000000000
113766  9.502  47.821  -18.457 0.0000000000
113767  11.399  48.105  -19.164 0.0000000000
113771  9.060  46.869  -16.890 0.0000000000
113774  17.625  50.346  -17.116 0.0000000000
113775  17.356  51.580  -16.188 0.0000000000
113797  4.207  69.052  -20.094 0.0000000000
