#!ascii label  , from subject Yale_0050563 vox2ras=TkReg
650
73931  -35.758  0.878  0.452 0.0000000000
73942  -35.474  -0.282  -0.664 0.0000000000
73943  -35.878  0.648  -0.163 0.0000000000
73960  -34.794  -1.515  -2.586 0.0000000000
73961  -35.414  -0.620  -1.932 0.0000000000
73962  -36.008  0.377  -1.358 0.0000000000
73975  -34.741  -1.681  -3.533 0.0000000000
73976  -35.444  -0.783  -3.263 0.0000000000
73977  -35.870  -0.059  -2.370 0.0000000000
73987  -35.011  -1.440  -4.511 0.0000000000
73988  -35.538  -0.744  -4.094 0.0000000000
74848  -35.593  1.185  0.832 0.0000000000
74849  -35.923  1.314  0.205 0.0000000000
74856  -36.132  1.413  -0.817 0.0000000000
74857  -36.183  1.906  -1.097 0.0000000000
74867  -36.313  1.168  -1.556 0.0000000000
74868  -36.356  1.803  -1.408 0.0000000000
74882  -36.019  0.154  -3.032 0.0000000000
74883  -36.317  0.787  -2.286 0.0000000000
74884  -36.752  1.612  -1.897 0.0000000000
74896  -35.571  -0.521  -4.563 0.0000000000
74897  -36.037  0.014  -3.975 0.0000000000
74898  -36.560  0.867  -3.206 0.0000000000
74899  -36.943  1.425  -2.533 0.0000000000
74916  -35.563  -0.341  -5.364 0.0000000000
74917  -35.874  0.059  -4.757 0.0000000000
75753  -35.376  1.900  0.366 0.0000000000
75754  -35.948  1.924  -0.162 0.0000000000
75761  -34.785  2.682  0.052 0.0000000000
75762  -35.539  2.599  -0.403 0.0000000000
75763  -36.116  2.246  -0.787 0.0000000000
75764  -36.402  2.203  -1.182 0.0000000000
75771  -36.175  2.944  -0.727 0.0000000000
75772  -36.684  2.796  -1.003 0.0000000000
75773  -36.976  2.450  -1.468 0.0000000000
75781  -37.513  2.185  -2.187 0.0000000000
75793  -36.231  0.448  -4.559 0.0000000000
75794  -36.926  1.032  -4.216 0.0000000000
75795  -37.534  1.695  -3.109 0.0000000000
75807  -36.077  0.460  -6.394 0.0000000000
75808  -36.311  0.735  -5.192 0.0000000000
75809  -36.811  1.169  -4.835 0.0000000000
76584  -35.106  3.059  -0.314 0.0000000000
76593  -35.768  3.758  -0.539 0.0000000000
76594  -36.861  3.458  -0.933 0.0000000000
76595  -37.199  3.160  -1.154 0.0000000000
76605  -36.528  3.839  -1.246 0.0000000000
76606  -37.512  3.294  -1.676 0.0000000000
76616  -37.841  1.935  -3.834 0.0000000000
76617  -38.083  2.685  -2.958 0.0000000000
76624  -36.387  0.937  -6.809 0.0000000000
76625  -36.363  1.306  -6.145 0.0000000000
76626  -37.209  1.798  -5.100 0.0000000000
76627  -38.099  2.585  -4.121 0.0000000000
76643  -36.543  0.965  -7.299 0.0000000000
76644  -36.458  1.686  -6.922 0.0000000000
76645  -36.812  1.983  -6.291 0.0000000000
77411  -35.805  4.318  -1.804 0.0000000000
77412  -37.117  4.009  -2.028 0.0000000000
77413  -37.848  3.439  -2.611 0.0000000000
77423  -36.292  4.657  -2.771 0.0000000000
77424  -37.252  3.986  -3.190 0.0000000000
77425  -38.144  3.384  -3.820 0.0000000000
77435  -37.282  2.401  -5.997 0.0000000000
77436  -38.072  3.075  -5.412 0.0000000000
77449  -36.724  1.625  -7.571 0.0000000000
77450  -36.880  1.878  -7.589 0.0000000000
77451  -37.260  2.725  -6.992 0.0000000000
77452  -38.396  3.264  -6.413 0.0000000000
77465  -37.012  2.302  -8.223 0.0000000000
77466  -37.483  2.342  -8.156 0.0000000000
77467  -37.372  2.872  -8.043 0.0000000000
78284  -35.766  5.848  -3.161 0.0000000000
78285  -37.053  4.882  -3.755 0.0000000000
78286  -37.831  4.069  -3.925 0.0000000000
78299  -37.288  4.940  -4.417 0.0000000000
78300  -38.092  4.291  -4.984 0.0000000000
78301  -38.256  4.587  -5.804 0.0000000000
78310  -38.483  3.374  -6.943 0.0000000000
78311  -38.631  3.759  -6.383 0.0000000000
78312  -38.579  4.388  -6.280 0.0000000000
78325  -37.562  3.338  -8.378 0.0000000000
78326  -37.812  2.921  -8.614 0.0000000000
78327  -37.732  3.443  -7.898 0.0000000000
78328  -38.730  3.800  -7.301 0.0000000000
78329  -38.859  4.262  -7.083 0.0000000000
78339  -37.326  3.863  -9.282 0.0000000000
78340  -38.173  3.324  -9.337 0.0000000000
78341  -38.131  3.538  -8.986 0.0000000000
78342  -38.427  3.981  -8.185 0.0000000000
78343  -38.644  4.255  -7.581 0.0000000000
79291  -36.523  5.684  -3.918 0.0000000000
79292  -36.957  5.258  -4.196 0.0000000000
79304  -35.589  6.459  -4.100 0.0000000000
79305  -36.939  5.436  -4.818 0.0000000000
79306  -37.801  4.892  -5.602 0.0000000000
79307  -38.104  4.803  -5.883 0.0000000000
79319  -34.730  7.120  -4.962 0.0000000000
79320  -35.948  6.285  -5.437 0.0000000000
79321  -37.088  5.519  -5.876 0.0000000000
79322  -38.141  5.028  -6.217 0.0000000000
79335  -38.669  4.924  -6.999 0.0000000000
79348  -37.792  4.228  -10.271 0.0000000000
79349  -38.360  3.839  -10.097 0.0000000000
79350  -38.463  3.659  -9.817 0.0000000000
79351  -38.752  4.072  -9.119 0.0000000000
79352  -38.741  4.853  -8.153 0.0000000000
79356  -37.160  4.820  -10.754 0.0000000000
79357  -38.216  4.495  -10.854 0.0000000000
79358  -38.455  4.320  -10.603 0.0000000000
79359  -38.590  4.497  -9.848 0.0000000000
79360  -38.583  4.686  -9.088 0.0000000000
80349  -33.570  7.459  -5.863 0.0000000000
80350  -35.021  6.883  -6.079 0.0000000000
80351  -36.441  6.338  -6.228 0.0000000000
80352  -37.678  5.834  -6.530 0.0000000000
80353  -38.292  5.413  -6.795 0.0000000000
80360  -33.515  7.584  -6.754 0.0000000000
80361  -34.288  7.466  -6.748 0.0000000000
80362  -35.909  7.358  -6.574 0.0000000000
80363  -37.348  6.754  -6.875 0.0000000000
80364  -38.364  5.889  -7.424 0.0000000000
80374  -38.912  5.888  -8.362 0.0000000000
80381  -37.370  5.260  -11.679 0.0000000000
80382  -37.988  5.174  -11.508 0.0000000000
80383  -38.511  5.147  -11.156 0.0000000000
80384  -38.851  5.303  -10.591 0.0000000000
80385  -38.436  5.726  -9.357 0.0000000000
80389  -36.453  5.563  -11.734 0.0000000000
80390  -37.471  6.126  -11.907 0.0000000000
80391  -38.199  6.030  -11.437 0.0000000000
80392  -38.669  6.050  -10.921 0.0000000000
80393  -39.060  6.314  -10.399 0.0000000000
80398  -36.111  6.619  -12.175 0.0000000000
81347  -32.861  7.941  -6.567 0.0000000000
81348  -33.239  7.664  -6.711 0.0000000000
81355  -32.984  8.113  -7.191 0.0000000000
81356  -33.503  7.985  -7.351 0.0000000000
81357  -35.098  7.928  -7.321 0.0000000000
81358  -36.952  7.811  -7.318 0.0000000000
81359  -38.162  7.053  -7.718 0.0000000000
81360  -38.511  6.355  -8.091 0.0000000000
81367  -33.719  8.448  -7.891 0.0000000000
81368  -34.526  8.525  -7.859 0.0000000000
81369  -36.272  8.655  -7.834 0.0000000000
81370  -37.946  8.001  -8.639 0.0000000000
81371  -38.599  6.731  -8.704 0.0000000000
81378  -38.271  8.161  -9.624 0.0000000000
81379  -38.880  7.389  -9.821 0.0000000000
81381  -37.283  7.361  -12.382 0.0000000000
81382  -38.062  7.271  -11.880 0.0000000000
81383  -37.726  7.127  -10.836 0.0000000000
81384  -38.069  7.106  -10.335 0.0000000000
81387  -35.762  7.832  -12.506 0.0000000000
82256  -32.552  8.739  -6.572 0.0000000000
82263  -32.954  8.754  -7.401 0.0000000000
82264  -33.384  8.568  -7.875 0.0000000000
82269  -33.261  9.191  -7.993 0.0000000000
82270  -34.027  8.931  -8.180 0.0000000000
82271  -35.481  9.178  -8.482 0.0000000000
82272  -37.111  9.033  -8.757 0.0000000000
82273  -37.925  8.658  -9.444 0.0000000000
82280  -36.621  9.710  -9.059 0.0000000000
82281  -37.522  9.358  -9.650 0.0000000000
82282  -38.249  8.752  -10.246 0.0000000000
82283  -38.148  7.990  -10.324 0.0000000000
82285  -37.268  8.127  -12.741 0.0000000000
82286  -37.983  8.318  -12.396 0.0000000000
82287  -38.510  8.746  -11.396 0.0000000000
82288  -37.916  7.629  -10.659 0.0000000000
82291  -36.989  9.009  -13.084 0.0000000000
82292  -37.890  9.422  -11.941 0.0000000000
82293  -38.490  9.778  -11.542 0.0000000000
83149  -31.918  10.567  -7.416 0.0000000000
83150  -32.333  9.593  -7.064 0.0000000000
83156  -31.949  10.943  -8.123 0.0000000000
83157  -32.578  10.331  -8.233 0.0000000000
83158  -34.007  9.932  -8.104 0.0000000000
83159  -34.747  9.526  -8.354 0.0000000000
83165  -32.857  11.148  -8.789 0.0000000000
83166  -33.979  11.022  -8.431 0.0000000000
83167  -35.587  10.436  -8.661 0.0000000000
83168  -36.935  10.291  -9.917 0.0000000000
83169  -37.961  9.750  -10.102 0.0000000000
83171  -36.989  10.731  -10.674 0.0000000000
83172  -37.716  10.074  -10.849 0.0000000000
83174  -36.749  10.284  -13.568 0.0000000000
83175  -37.179  10.368  -12.271 0.0000000000
83176  -38.359  10.475  -11.686 0.0000000000
83177  -38.554  10.262  -11.385 0.0000000000
84034  -31.630  11.402  -7.834 0.0000000000
84039  -32.104  11.521  -8.672 0.0000000000
84040  -32.492  11.363  -8.916 0.0000000000
84045  -32.460  11.891  -9.237 0.0000000000
84046  -33.362  11.880  -9.213 0.0000000000
84047  -35.220  11.649  -9.104 0.0000000000
84048  -36.601  11.406  -9.537 0.0000000000
84049  -36.702  11.090  -10.430 0.0000000000
84051  -34.981  12.563  -9.409 0.0000000000
84052  -36.258  12.247  -9.891 0.0000000000
84053  -36.854  11.923  -10.353 0.0000000000
84054  -36.960  11.376  -11.107 0.0000000000
84055  -37.487  10.799  -11.425 0.0000000000
84058  -36.782  11.368  -12.709 0.0000000000
84059  -37.963  11.796  -11.779 0.0000000000
84060  -38.246  10.848  -11.693 0.0000000000
84064  -37.297  12.547  -12.334 0.0000000000
84065  -37.643  12.848  -11.809 0.0000000000
84894  -31.911  12.415  -8.279 0.0000000000
84897  -32.555  12.716  -9.198 0.0000000000
84898  -32.839  12.335  -9.292 0.0000000000
84901  -33.116  13.493  -9.470 0.0000000000
84902  -33.841  13.148  -9.574 0.0000000000
84903  -35.793  13.305  -10.455 0.0000000000
84904  -37.022  12.702  -10.598 0.0000000000
84905  -36.791  12.302  -10.943 0.0000000000
84908  -36.268  13.704  -11.099 0.0000000000
84909  -36.861  13.367  -11.232 0.0000000000
84910  -37.520  12.771  -11.359 0.0000000000
84913  -36.994  13.760  -13.641 0.0000000000
84914  -37.345  13.348  -12.737 0.0000000000
84915  -37.386  13.312  -11.870 0.0000000000
84916  -37.489  13.005  -11.489 0.0000000000
84964  -22.703  14.074  -22.526 0.0000000000
84986  -22.609  14.028  -23.405 0.0000000000
85750  -32.489  13.646  -8.621 0.0000000000
85752  -32.974  14.002  -9.326 0.0000000000
85754  -33.934  14.323  -9.651 0.0000000000
85755  -35.327  14.475  -10.607 0.0000000000
85756  -35.963  13.918  -10.963 0.0000000000
85758  -36.033  15.017  -11.509 0.0000000000
85759  -36.485  14.224  -11.553 0.0000000000
85760  -37.414  13.746  -11.713 0.0000000000
85761  -37.665  13.346  -11.560 0.0000000000
85763  -37.110  15.267  -13.764 0.0000000000
85764  -37.243  14.266  -12.706 0.0000000000
85765  -36.997  13.763  -11.884 0.0000000000
85766  -37.399  13.519  -11.696 0.0000000000
85768  -36.601  15.445  -14.831 0.0000000000
85813  -22.559  14.496  -21.709 0.0000000000
85814  -22.925  14.557  -21.567 0.0000000000
85832  -23.050  14.774  -21.630 0.0000000000
85833  -22.785  14.951  -21.636 0.0000000000
86592  -32.888  14.824  -7.791 0.0000000000
86597  -33.109  14.988  -8.957 0.0000000000
86599  -33.668  15.235  -9.627 0.0000000000
86600  -34.607  15.589  -10.347 0.0000000000
86602  -35.425  15.861  -11.728 0.0000000000
86603  -36.515  15.139  -12.317 0.0000000000
86604  -37.204  14.517  -12.169 0.0000000000
86606  -36.529  16.380  -13.143 0.0000000000
86607  -37.192  15.059  -12.785 0.0000000000
86608  -37.072  14.281  -12.098 0.0000000000
86611  -36.326  16.679  -14.313 0.0000000000
86614  -35.326  16.271  -15.229 0.0000000000
86618  -34.778  16.083  -16.018 0.0000000000
86649  -22.652  15.485  -21.346 0.0000000000
86650  -23.629  15.733  -21.241 0.0000000000
86670  -23.589  15.294  -21.286 0.0000000000
86671  -23.714  15.928  -21.325 0.0000000000
86672  -23.721  16.317  -21.019 0.0000000000
87396  -33.943  16.643  -7.033 0.0000000000
87397  -33.561  16.141  -6.965 0.0000000000
87402  -34.006  16.683  -7.310 0.0000000000
87403  -33.670  16.242  -8.234 0.0000000000
87409  -33.888  16.368  -9.550 0.0000000000
87410  -34.069  16.947  -10.443 0.0000000000
87416  -34.013  16.207  -10.259 0.0000000000
87417  -34.482  16.981  -11.209 0.0000000000
87419  -35.473  17.668  -12.615 0.0000000000
87421  -35.670  17.919  -13.823 0.0000000000
87424  -35.224  17.837  -14.766 0.0000000000
87426  -34.518  17.579  -15.652 0.0000000000
87432  -32.520  18.902  -17.058 0.0000000000
87433  -33.470  17.655  -16.569 0.0000000000
87443  -32.479  18.922  -17.606 0.0000000000
87444  -33.741  18.165  -17.762 0.0000000000
87450  -30.015  18.804  -18.870 0.0000000000
87451  -31.693  18.819  -18.443 0.0000000000
87465  -25.445  17.105  -20.338 0.0000000000
87490  -24.404  16.546  -20.721 0.0000000000
87491  -24.885  16.929  -20.619 0.0000000000
88234  -34.058  16.829  -6.921 0.0000000000
88235  -33.936  17.087  -6.401 0.0000000000
88241  -34.183  16.873  -7.121 0.0000000000
88242  -34.281  17.377  -7.525 0.0000000000
88248  -33.976  17.715  -9.382 0.0000000000
88249  -34.356  17.305  -10.034 0.0000000000
88254  -33.400  18.385  -10.454 0.0000000000
88255  -33.662  17.881  -10.934 0.0000000000
88258  -34.080  18.216  -12.266 0.0000000000
88261  -34.373  19.319  -13.926 0.0000000000
88262  -34.545  18.796  -13.448 0.0000000000
88265  -33.966  18.889  -14.442 0.0000000000
88266  -34.707  18.724  -14.331 0.0000000000
88269  -32.492  17.740  -15.218 0.0000000000
88270  -34.376  18.501  -15.181 0.0000000000
88279  -30.776  18.230  -16.707 0.0000000000
88280  -31.770  17.965  -16.102 0.0000000000
88281  -33.421  17.947  -15.881 0.0000000000
88287  -30.702  19.225  -17.758 0.0000000000
88288  -31.808  19.227  -17.367 0.0000000000
88292  -27.728  18.444  -19.105 0.0000000000
88293  -28.633  18.756  -18.921 0.0000000000
88294  -30.109  19.114  -18.501 0.0000000000
88295  -31.450  19.228  -17.945 0.0000000000
88306  -23.991  17.594  -20.929 0.0000000000
88307  -24.883  17.790  -20.563 0.0000000000
88308  -25.692  17.883  -20.230 0.0000000000
88309  -26.673  18.055  -19.628 0.0000000000
88310  -27.305  17.995  -19.375 0.0000000000
88311  -28.606  18.111  -18.644 0.0000000000
89056  -33.743  18.048  -5.830 0.0000000000
89066  -33.713  18.389  -7.061 0.0000000000
89068  -32.691  20.577  -9.776 0.0000000000
89069  -33.666  20.188  -9.456 0.0000000000
89070  -34.214  19.094  -8.501 0.0000000000
89072  -32.626  20.399  -10.448 0.0000000000
89073  -32.912  19.747  -10.250 0.0000000000
89074  -33.383  18.975  -10.197 0.0000000000
89077  -33.006  20.175  -12.551 0.0000000000
89078  -32.655  20.130  -11.800 0.0000000000
89079  -32.694  19.520  -11.386 0.0000000000
89080  -33.084  18.971  -11.412 0.0000000000
89081  -33.378  18.658  -12.131 0.0000000000
89084  -32.993  20.111  -12.792 0.0000000000
89085  -32.788  19.861  -12.819 0.0000000000
89086  -33.239  19.730  -12.520 0.0000000000
89087  -33.498  19.529  -12.710 0.0000000000
89088  -33.326  18.600  -13.215 0.0000000000
89090  -32.795  19.590  -13.393 0.0000000000
89091  -32.256  19.259  -13.331 0.0000000000
89092  -33.532  19.339  -13.735 0.0000000000
89093  -34.203  19.372  -13.691 0.0000000000
89097  -31.392  18.637  -14.270 0.0000000000
89098  -31.872  18.021  -14.648 0.0000000000
89102  -30.636  18.219  -15.274 0.0000000000
89103  -31.063  17.799  -15.608 0.0000000000
89112  -28.551  19.550  -18.528 0.0000000000
89113  -29.168  19.270  -18.301 0.0000000000
89114  -30.140  18.635  -16.777 0.0000000000
89115  -30.728  17.911  -16.169 0.0000000000
89120  -27.768  19.932  -19.532 0.0000000000
89121  -28.270  19.651  -19.264 0.0000000000
89122  -28.962  19.058  -18.620 0.0000000000
89123  -29.650  19.209  -18.309 0.0000000000
89128  -27.371  19.641  -19.390 0.0000000000
89129  -27.465  18.719  -19.089 0.0000000000
89130  -28.652  19.009  -18.851 0.0000000000
89131  -29.309  19.133  -18.652 0.0000000000
89146  -24.045  18.477  -20.751 0.0000000000
89147  -24.955  18.607  -20.214 0.0000000000
89148  -26.075  18.654  -19.496 0.0000000000
89149  -26.445  18.309  -19.552 0.0000000000
89849  -33.595  18.777  -5.593 0.0000000000
89855  -32.966  19.817  -5.742 0.0000000000
89856  -33.676  19.658  -6.217 0.0000000000
89857  -33.203  19.009  -6.709 0.0000000000
89864  -33.882  19.738  -7.263 0.0000000000
89865  -33.722  19.222  -7.457 0.0000000000
89869  -33.347  20.598  -9.189 0.0000000000
89870  -34.026  20.005  -8.239 0.0000000000
89871  -33.599  19.601  -7.872 0.0000000000
89875  -32.862  20.823  -10.272 0.0000000000
89880  -33.107  20.556  -12.540 0.0000000000
89881  -33.001  20.748  -11.624 0.0000000000
89886  -33.555  20.294  -13.061 0.0000000000
89887  -33.311  20.263  -13.557 0.0000000000
89894  -32.447  19.887  -14.372 0.0000000000
89895  -31.934  19.265  -13.625 0.0000000000
89899  -31.254  19.663  -15.656 0.0000000000
89900  -31.355  19.055  -14.198 0.0000000000
89903  -30.353  19.445  -16.498 0.0000000000
89904  -30.472  18.699  -15.065 0.0000000000
89909  -28.418  20.435  -18.464 0.0000000000
89910  -29.019  19.830  -18.312 0.0000000000
89911  -29.821  19.281  -17.447 0.0000000000
89912  -30.177  18.632  -16.016 0.0000000000
89924  -26.352  20.401  -18.420 0.0000000000
89925  -26.848  20.422  -18.330 0.0000000000
89926  -27.827  20.179  -18.985 0.0000000000
89927  -28.414  19.934  -18.805 0.0000000000
89938  -25.631  20.075  -18.775 0.0000000000
89939  -26.359  19.917  -18.717 0.0000000000
89940  -27.313  20.007  -19.423 0.0000000000
89955  -23.407  19.232  -21.648 0.0000000000
89956  -24.102  19.384  -20.862 0.0000000000
89957  -24.785  19.581  -19.677 0.0000000000
89958  -25.670  19.379  -19.206 0.0000000000
89959  -26.584  19.454  -19.050 0.0000000000
90756  -31.108  20.868  -5.504 0.0000000000
90757  -32.042  20.656  -6.093 0.0000000000
90758  -33.305  20.288  -6.563 0.0000000000
90762  -32.907  21.095  -7.755 0.0000000000
90763  -33.700  20.240  -7.626 0.0000000000
90766  -33.632  21.205  -9.379 0.0000000000
90767  -33.456  20.528  -8.459 0.0000000000
90772  -33.686  21.610  -11.473 0.0000000000
90777  -33.805  20.615  -13.137 0.0000000000
90778  -33.760  21.415  -13.258 0.0000000000
90784  -33.525  20.756  -13.348 0.0000000000
90785  -32.893  21.366  -14.735 0.0000000000
90793  -32.087  21.115  -16.284 0.0000000000
90798  -30.547  22.160  -18.283 0.0000000000
90799  -30.842  21.101  -17.339 0.0000000000
90807  -28.759  22.211  -18.152 0.0000000000
90808  -29.467  21.663  -17.950 0.0000000000
90809  -29.688  20.325  -17.384 0.0000000000
90818  -27.347  21.851  -18.423 0.0000000000
90819  -28.048  21.473  -18.287 0.0000000000
90820  -29.081  20.621  -18.139 0.0000000000
90821  -29.360  19.983  -17.807 0.0000000000
90833  -26.175  20.579  -19.049 0.0000000000
90834  -26.659  21.232  -18.401 0.0000000000
90835  -27.195  20.812  -18.325 0.0000000000
90842  -24.463  20.852  -20.056 0.0000000000
90843  -25.214  20.888  -19.225 0.0000000000
90844  -25.991  21.762  -19.254 0.0000000000
90857  -23.061  20.021  -21.152 0.0000000000
90858  -23.722  20.347  -20.494 0.0000000000
90859  -24.286  20.199  -19.807 0.0000000000
91713  -29.965  21.261  -4.672 0.0000000000
91718  -31.187  21.595  -5.709 0.0000000000
91719  -31.618  21.291  -6.066 0.0000000000
91726  -31.993  22.153  -6.659 0.0000000000
91727  -32.405  21.842  -7.121 0.0000000000
91734  -33.267  22.165  -9.136 0.0000000000
91741  -33.898  22.426  -10.978 0.0000000000
91747  -33.781  22.782  -12.910 0.0000000000
91754  -31.691  24.543  -15.917 0.0000000000
91755  -32.832  23.402  -15.144 0.0000000000
91762  -28.024  25.141  -16.438 0.0000000000
91763  -29.030  24.948  -16.806 0.0000000000
91764  -30.989  24.236  -16.855 0.0000000000
91765  -31.947  22.529  -16.602 0.0000000000
91770  -28.145  24.788  -17.053 0.0000000000
91771  -29.457  24.152  -17.706 0.0000000000
91772  -30.839  22.821  -17.957 0.0000000000
91773  -31.696  21.982  -17.352 0.0000000000
91783  -26.622  24.505  -17.839 0.0000000000
91784  -27.662  24.306  -17.860 0.0000000000
91785  -29.173  23.013  -18.291 0.0000000000
91786  -30.231  22.499  -18.248 0.0000000000
91793  -26.460  23.985  -18.357 0.0000000000
91794  -27.314  22.778  -18.571 0.0000000000
91795  -28.324  22.482  -18.163 0.0000000000
91803  -25.424  22.950  -18.862 0.0000000000
91804  -26.231  22.233  -19.184 0.0000000000
91812  -24.202  21.722  -20.030 0.0000000000
91813  -25.570  21.992  -19.380 0.0000000000
91814  -25.971  22.126  -19.305 0.0000000000
92617  -29.114  21.697  -3.978 0.0000000000
92625  -30.437  21.940  -4.602 0.0000000000
92626  -30.605  21.743  -5.158 0.0000000000
92630  -31.081  22.748  -5.068 0.0000000000
92631  -31.384  22.451  -5.420 0.0000000000
92633  -32.237  22.648  -6.250 0.0000000000
92634  -32.893  22.845  -7.177 0.0000000000
92636  -33.241  23.059  -8.653 0.0000000000
92638  -33.955  23.443  -10.428 0.0000000000
92639  -33.636  24.053  -10.976 0.0000000000
92642  -28.157  25.310  -14.380 0.0000000000
92643  -29.650  25.672  -14.513 0.0000000000
92644  -30.616  25.527  -14.338 0.0000000000
92645  -33.661  23.540  -12.119 0.0000000000
92646  -33.496  24.103  -11.647 0.0000000000
92650  -27.845  25.095  -14.902 0.0000000000
92651  -29.467  25.392  -15.223 0.0000000000
92652  -31.407  25.107  -14.872 0.0000000000
92653  -33.131  24.262  -13.675 0.0000000000
92654  -33.347  24.341  -12.660 0.0000000000
92658  -27.698  25.030  -15.639 0.0000000000
92659  -29.273  25.107  -15.976 0.0000000000
92660  -30.625  24.929  -15.886 0.0000000000
92668  -27.329  24.913  -16.172 0.0000000000
92681  -27.171  25.015  -16.853 0.0000000000
93448  -28.850  21.935  -2.615 0.0000000000
93459  -29.987  22.383  -3.356 0.0000000000
93460  -30.458  22.414  -4.109 0.0000000000
93470  -31.063  23.475  -4.001 0.0000000000
93471  -31.293  23.369  -4.867 0.0000000000
93472  -32.130  23.884  -5.585 0.0000000000
93476  -31.445  23.313  -5.482 0.0000000000
93477  -32.149  23.794  -6.286 0.0000000000
93478  -32.887  24.273  -7.235 0.0000000000
93480  -32.558  23.558  -7.073 0.0000000000
93481  -33.229  24.100  -8.181 0.0000000000
93482  -33.808  24.641  -9.115 0.0000000000
93483  -33.859  24.031  -9.456 0.0000000000
93484  -33.556  24.555  -10.033 0.0000000000
93489  -27.418  25.789  -13.025 0.0000000000
93490  -28.913  25.824  -12.947 0.0000000000
93491  -33.774  24.111  -10.417 0.0000000000
93492  -33.262  24.559  -11.189 0.0000000000
93497  -27.191  24.678  -13.334 0.0000000000
93498  -28.398  25.875  -13.895 0.0000000000
93499  -30.156  25.683  -13.645 0.0000000000
93500  -31.286  25.589  -13.570 0.0000000000
93501  -33.126  24.788  -12.304 0.0000000000
93508  -31.136  25.435  -14.083 0.0000000000
93509  -32.042  25.109  -13.669 0.0000000000
93510  -32.880  24.864  -13.112 0.0000000000
94177  -28.265  23.036  -0.526 0.0000000000
94178  -29.678  23.361  -0.810 0.0000000000
94192  -28.582  22.860  -1.494 0.0000000000
94193  -30.254  23.103  -1.349 0.0000000000
94208  -29.184  22.466  -1.962 0.0000000000
94209  -30.244  23.275  -2.380 0.0000000000
94221  -31.252  23.917  -3.240 0.0000000000
94222  -32.276  24.497  -3.646 0.0000000000
94229  -31.773  24.104  -3.763 0.0000000000
94230  -32.254  24.299  -4.311 0.0000000000
94231  -32.469  24.523  -5.300 0.0000000000
94232  -32.681  24.705  -6.127 0.0000000000
94233  -33.060  24.806  -6.844 0.0000000000
94234  -33.264  24.941  -7.755 0.0000000000
94235  -33.586  25.026  -8.550 0.0000000000
94241  -27.003  26.742  -11.591 0.0000000000
94242  -28.012  26.572  -11.243 0.0000000000
94243  -33.320  25.043  -9.510 0.0000000000
94249  -26.498  26.037  -12.229 0.0000000000
94250  -28.239  26.283  -11.995 0.0000000000
94251  -30.427  26.126  -12.307 0.0000000000
94252  -32.086  26.039  -11.563 0.0000000000
94253  -32.886  25.186  -10.760 0.0000000000
94257  -30.988  25.812  -13.167 0.0000000000
94258  -31.932  25.682  -12.865 0.0000000000
94259  -32.748  25.347  -11.991 0.0000000000
94265  -32.452  25.271  -13.168 0.0000000000
94266  -32.737  25.287  -12.780 0.0000000000
94880  -27.327  24.288  1.663 0.0000000000
94882  -28.193  24.260  0.905 0.0000000000
94883  -29.078  24.648  0.081 0.0000000000
94888  -28.636  23.762  0.255 0.0000000000
94889  -29.746  24.017  -0.239 0.0000000000
94898  -30.932  24.151  -0.845 0.0000000000
94899  -31.597  25.136  -1.435 0.0000000000
94912  -31.691  24.009  -1.681 0.0000000000
94913  -32.364  25.340  -1.815 0.0000000000
94914  -32.815  25.633  -1.846 0.0000000000
94924  -31.703  23.808  -2.395 0.0000000000
94925  -32.503  25.160  -2.876 0.0000000000
94926  -32.741  25.556  -2.082 0.0000000000
94929  -32.701  25.179  -4.170 0.0000000000
94930  -32.676  25.219  -5.050 0.0000000000
94933  -24.810  27.951  -9.348 0.0000000000
94934  -25.587  27.864  -9.162 0.0000000000
94935  -32.682  25.664  -6.339 0.0000000000
94936  -32.954  25.260  -6.674 0.0000000000
94943  -25.686  27.517  -9.716 0.0000000000
94944  -27.369  27.347  -9.634 0.0000000000
94945  -28.362  27.336  -9.476 0.0000000000
94946  -32.390  26.137  -7.229 0.0000000000
94947  -32.774  25.683  -7.660 0.0000000000
94948  -33.285  25.301  -8.175 0.0000000000
94955  -26.318  27.193  -10.877 0.0000000000
94956  -28.400  26.976  -10.344 0.0000000000
94957  -30.443  26.824  -9.861 0.0000000000
94958  -31.836  26.042  -9.283 0.0000000000
94959  -32.971  25.424  -8.833 0.0000000000
94963  -28.509  26.607  -11.173 0.0000000000
94964  -29.558  26.689  -11.109 0.0000000000
94965  -31.208  26.502  -10.771 0.0000000000
94966  -32.370  25.674  -10.128 0.0000000000
95609  -26.351  25.663  2.040 0.0000000000
95610  -26.881  25.457  1.364 0.0000000000
95613  -27.580  25.444  0.740 0.0000000000
95614  -28.850  25.960  0.034 0.0000000000
95615  -29.295  26.968  -0.479 0.0000000000
95618  -30.039  25.309  -0.375 0.0000000000
95619  -30.513  26.497  -0.233 0.0000000000
95625  -30.454  24.881  -0.794 0.0000000000
95626  -31.701  25.737  -0.700 0.0000000000
95627  -32.486  26.218  -0.961 0.0000000000
95633  -32.332  25.461  -1.159 0.0000000000
95634  -32.496  25.925  -1.529 0.0000000000
95637  -32.103  26.860  -3.190 0.0000000000
95638  -32.712  26.002  -2.232 0.0000000000
95643  -27.219  28.127  -6.849 0.0000000000
95644  -29.303  27.401  -5.832 0.0000000000
95645  -31.688  26.477  -4.713 0.0000000000
95646  -32.406  25.800  -4.899 0.0000000000
95654  -24.392  28.450  -8.761 0.0000000000
95655  -26.043  28.198  -8.481 0.0000000000
95656  -28.049  27.574  -7.507 0.0000000000
95657  -30.233  26.921  -6.580 0.0000000000
95658  -32.091  26.212  -5.802 0.0000000000
95666  -26.013  27.807  -9.056 0.0000000000
95667  -26.985  27.737  -8.856 0.0000000000
95668  -28.853  27.201  -8.461 0.0000000000
95669  -31.350  26.505  -7.403 0.0000000000
95670  -32.103  26.256  -7.630 0.0000000000
95674  -28.857  27.211  -9.336 0.0000000000
95675  -29.840  26.792  -8.952 0.0000000000
95676  -31.396  26.342  -8.452 0.0000000000
96363  -26.744  26.808  2.538 0.0000000000
96364  -27.152  26.893  1.237 0.0000000000
96365  -28.015  27.778  0.621 0.0000000000
96366  -28.787  28.080  0.824 0.0000000000
96372  -27.275  26.110  0.932 0.0000000000
96373  -27.936  26.710  0.654 0.0000000000
96374  -28.759  27.630  0.127 0.0000000000
96382  -29.422  29.167  -0.708 0.0000000000
96383  -30.119  28.295  -0.156 0.0000000000
96384  -30.095  27.652  -0.097 0.0000000000
96392  -29.271  29.310  -1.999 0.0000000000
96393  -30.535  28.565  -1.233 0.0000000000
96394  -31.377  27.261  -0.640 0.0000000000
96395  -32.195  26.476  -0.878 0.0000000000
96401  -28.588  28.872  -3.257 0.0000000000
96402  -30.372  28.732  -2.536 0.0000000000
96403  -31.636  27.842  -1.769 0.0000000000
96404  -32.387  26.849  -1.244 0.0000000000
96408  -25.746  28.927  -5.516 0.0000000000
96409  -27.450  28.328  -4.609 0.0000000000
96410  -29.597  28.356  -3.815 0.0000000000
96411  -31.339  27.931  -2.962 0.0000000000
96412  -32.461  27.075  -2.160 0.0000000000
96421  -24.922  29.171  -6.878 0.0000000000
96422  -26.445  28.562  -6.172 0.0000000000
96423  -28.298  27.814  -5.201 0.0000000000
96424  -30.613  27.665  -4.322 0.0000000000
96434  -25.487  28.740  -7.608 0.0000000000
97056  -27.115  27.824  2.927 0.0000000000
97057  -27.656  27.843  2.188 0.0000000000
97058  -28.385  28.252  1.486 0.0000000000
97059  -28.820  28.160  1.156 0.0000000000
97063  -27.711  30.035  0.461 0.0000000000
97064  -28.601  29.392  0.988 0.0000000000
97065  -28.923  28.859  1.079 0.0000000000
97066  -28.970  28.372  0.942 0.0000000000
97072  -25.811  29.868  -1.527 0.0000000000
97073  -27.307  30.075  -0.831 0.0000000000
97074  -28.519  29.655  -0.127 0.0000000000
97075  -29.298  28.956  0.430 0.0000000000
97076  -29.548  28.432  0.554 0.0000000000
97085  -25.087  29.296  -2.775 0.0000000000
97086  -26.683  29.627  -2.089 0.0000000000
97087  -28.233  29.734  -1.416 0.0000000000
97092  -25.852  29.047  -3.384 0.0000000000
97093  -27.600  29.280  -2.668 0.0000000000
97101  -25.065  29.155  -4.841 0.0000000000
97102  -26.629  28.708  -3.993 0.0000000000
97708  -26.947  29.297  2.629 0.0000000000
97709  -27.660  28.668  2.134 0.0000000000
97710  -28.025  28.466  1.852 0.0000000000
97717  -26.950  30.411  1.105 0.0000000000
97718  -27.859  29.530  1.600 0.0000000000
97719  -28.347  28.925  1.599 0.0000000000
97726  -26.451  30.356  -0.273 0.0000000000
