#!ascii label  , from subject Yale_0050563 vox2ras=TkReg
1944
23643  -27.834  -49.815  -38.300 0.0000000000
24803  -28.499  -48.502  -36.670 0.0000000000
24804  -28.796  -48.529  -36.590 0.0000000000
24805  -29.415  -48.503  -36.594 0.0000000000
24806  -29.971  -48.459  -36.750 0.0000000000
24807  -30.274  -48.487  -37.029 0.0000000000
24822  -27.776  -49.180  -37.841 0.0000000000
24823  -28.297  -48.903  -37.069 0.0000000000
24824  -29.044  -49.226  -36.874 0.0000000000
24841  -27.495  -48.689  -39.329 0.0000000000
24842  -27.674  -49.256  -38.751 0.0000000000
24857  -27.820  -49.343  -40.178 0.0000000000
24858  -27.826  -49.930  -39.392 0.0000000000
24874  -27.685  -49.337  -41.571 0.0000000000
25909  -14.947  -46.633  -34.067 0.0000000000
25923  -14.741  -46.732  -34.140 0.0000000000
25935  -27.866  -47.736  -36.621 0.0000000000
25936  -28.427  -48.024  -36.474 0.0000000000
25937  -29.092  -47.838  -36.259 0.0000000000
25938  -29.622  -47.710  -36.372 0.0000000000
25939  -29.957  -47.759  -36.695 0.0000000000
25940  -30.245  -48.112  -37.140 0.0000000000
25951  -26.962  -47.600  -37.672 0.0000000000
25952  -27.446  -48.110  -37.295 0.0000000000
25953  -27.983  -48.226  -36.803 0.0000000000
25968  -26.581  -47.355  -38.884 0.0000000000
25969  -26.921  -47.865  -38.520 0.0000000000
25970  -27.418  -48.639  -38.025 0.0000000000
25984  -26.677  -47.363  -39.490 0.0000000000
25985  -27.126  -48.170  -39.922 0.0000000000
26000  -27.056  -47.029  -40.987 0.0000000000
26001  -27.493  -48.198  -41.256 0.0000000000
26013  -27.159  -47.058  -42.440 0.0000000000
27044  -15.190  -46.027  -34.110 0.0000000000
27045  -15.565  -45.430  -34.255 0.0000000000
27054  -14.593  -46.317  -34.348 0.0000000000
27055  -15.204  -45.877  -34.380 0.0000000000
27056  -15.397  -45.607  -34.292 0.0000000000
27057  -28.349  -46.369  -35.821 0.0000000000
27058  -28.954  -46.337  -35.701 0.0000000000
27059  -29.404  -46.243  -35.769 0.0000000000
27060  -29.629  -46.190  -35.848 0.0000000000
27070  -14.298  -45.661  -34.577 0.0000000000
27071  -14.863  -45.714  -34.519 0.0000000000
27072  -26.752  -46.550  -37.088 0.0000000000
27073  -27.472  -46.995  -36.697 0.0000000000
27074  -28.111  -47.145  -36.189 0.0000000000
27075  -28.736  -47.151  -35.978 0.0000000000
27076  -29.295  -47.010  -35.970 0.0000000000
27077  -29.633  -46.703  -36.151 0.0000000000
27078  -29.837  -47.052  -36.674 0.0000000000
27085  -25.972  -46.779  -38.032 0.0000000000
27086  -26.633  -47.053  -37.772 0.0000000000
27087  -27.071  -47.252  -37.299 0.0000000000
27088  -29.913  -47.622  -37.585 0.0000000000
27101  -25.837  -46.316  -39.727 0.0000000000
27102  -26.146  -46.844  -38.848 0.0000000000
27103  -26.417  -47.075  -38.273 0.0000000000
27123  -26.242  -45.928  -40.703 0.0000000000
27124  -26.488  -46.611  -40.128 0.0000000000
27139  -26.457  -45.342  -41.560 0.0000000000
27140  -26.722  -45.964  -41.359 0.0000000000
27152  -26.502  -45.056  -42.696 0.0000000000
27153  -26.689  -45.964  -42.660 0.0000000000
28189  -15.758  -45.204  -34.201 0.0000000000
28190  -16.638  -44.823  -34.493 0.0000000000
28197  -15.444  -45.313  -34.576 0.0000000000
28198  -15.871  -45.117  -34.543 0.0000000000
28199  -16.928  -44.488  -34.837 0.0000000000
28200  -27.367  -45.268  -35.961 0.0000000000
28201  -27.832  -45.503  -35.797 0.0000000000
28202  -28.593  -45.502  -35.607 0.0000000000
28203  -29.114  -45.553  -35.577 0.0000000000
28204  -29.454  -45.590  -35.723 0.0000000000
28205  -29.507  -45.367  -35.772 0.0000000000
28214  -15.143  -44.871  -34.900 0.0000000000
28215  -16.406  -44.358  -35.115 0.0000000000
28216  -17.103  -44.241  -35.141 0.0000000000
28217  -25.643  -45.324  -37.391 0.0000000000
28218  -26.127  -45.692  -37.055 0.0000000000
28219  -27.188  -45.773  -36.398 0.0000000000
28220  -27.784  -46.388  -36.093 0.0000000000
28221  -29.587  -45.952  -35.838 0.0000000000
28222  -29.546  -45.866  -36.072 0.0000000000
28229  -25.255  -45.477  -39.037 0.0000000000
28230  -25.469  -45.910  -38.054 0.0000000000
28231  -26.095  -46.447  -37.541 0.0000000000
28232  -29.194  -46.155  -36.864 0.0000000000
28248  -25.697  -45.464  -40.115 0.0000000000
28249  -25.502  -46.110  -39.096 0.0000000000
28251  -28.745  -46.854  -38.072 0.0000000000
28273  -26.080  -45.151  -41.178 0.0000000000
28286  -26.278  -44.504  -42.198 0.0000000000
28300  -26.865  -43.718  -43.788 0.0000000000
29394  -17.106  -44.337  -34.146 0.0000000000
29399  -16.694  -44.714  -34.277 0.0000000000
29400  -17.459  -44.285  -34.506 0.0000000000
29401  -17.940  -43.912  -34.651 0.0000000000
29402  -28.579  -43.943  -35.477 0.0000000000
29403  -28.806  -44.015  -35.418 0.0000000000
29404  -29.046  -44.076  -35.353 0.0000000000
29405  -29.279  -44.145  -35.296 0.0000000000
29409  -17.518  -44.110  -34.948 0.0000000000
29410  -17.840  -43.596  -34.930 0.0000000000
29411  -27.152  -44.413  -36.012 0.0000000000
29412  -27.439  -44.632  -35.855 0.0000000000
29413  -28.348  -44.359  -35.561 0.0000000000
29414  -28.858  -44.734  -35.449 0.0000000000
29415  -29.185  -44.762  -35.579 0.0000000000
29416  -29.320  -44.604  -35.599 0.0000000000
29417  -29.300  -44.857  -35.692 0.0000000000
29425  -14.123  -43.486  -35.066 0.0000000000
29426  -15.483  -43.365  -35.080 0.0000000000
29427  -17.049  -43.662  -35.133 0.0000000000
29428  -17.591  -43.308  -35.023 0.0000000000
29429  -25.920  -44.736  -37.050 0.0000000000
29430  -26.860  -44.658  -36.394 0.0000000000
29431  -27.162  -45.106  -36.062 0.0000000000
29432  -29.165  -44.988  -36.097 0.0000000000
29443  -14.823  -42.480  -35.142 0.0000000000
29444  -25.125  -44.778  -38.560 0.0000000000
29445  -25.339  -44.812  -37.648 0.0000000000
29446  -28.583  -44.999  -36.640 0.0000000000
29459  -25.289  -44.605  -39.758 0.0000000000
29462  -27.966  -45.546  -37.553 0.0000000000
29479  -26.610  -42.861  -42.166 0.0000000000
29480  -25.909  -44.103  -41.283 0.0000000000
29494  -27.104  -42.236  -43.277 0.0000000000
29495  -26.854  -43.259  -42.944 0.0000000000
29508  -27.332  -41.941  -43.815 0.0000000000
30632  -17.861  -43.620  -34.079 0.0000000000
30633  -18.275  -43.092  -33.945 0.0000000000
30644  -17.996  -43.841  -34.415 0.0000000000
30645  -18.127  -43.149  -34.270 0.0000000000
30646  -18.313  -42.481  -34.146 0.0000000000
30647  -28.339  -43.278  -35.346 0.0000000000
30648  -28.627  -43.527  -35.248 0.0000000000
30649  -28.941  -43.472  -35.013 0.0000000000
30650  -29.180  -43.448  -34.968 0.0000000000
30651  -29.152  -43.631  -35.121 0.0000000000
30652  -29.143  -43.258  -35.081 0.0000000000
30658  -17.819  -42.858  -34.668 0.0000000000
30659  -18.148  -42.554  -34.319 0.0000000000
30660  -27.270  -43.891  -35.972 0.0000000000
30661  -27.973  -43.651  -35.697 0.0000000000
30662  -28.366  -43.692  -35.536 0.0000000000
30663  -29.190  -44.291  -35.400 0.0000000000
30664  -28.979  -43.928  -35.465 0.0000000000
30667  -15.135  -42.429  -34.595 0.0000000000
30668  -16.115  -42.730  -34.876 0.0000000000
30669  -17.124  -42.854  -34.756 0.0000000000
30670  -26.473  -43.836  -36.778 0.0000000000
30671  -26.950  -43.702  -36.385 0.0000000000
30672  -28.573  -44.235  -36.118 0.0000000000
30684  -25.173  -43.984  -38.048 0.0000000000
30685  -25.762  -43.774  -37.296 0.0000000000
30686  -26.559  -43.928  -37.180 0.0000000000
30687  -27.333  -44.185  -36.793 0.0000000000
30698  -25.264  -42.917  -40.077 0.0000000000
30699  -25.040  -43.438  -39.289 0.0000000000
30701  -26.305  -44.261  -37.904 0.0000000000
30702  -27.099  -44.857  -37.623 0.0000000000
30712  -25.732  -42.859  -40.875 0.0000000000
30713  -25.320  -43.815  -40.350 0.0000000000
30728  -26.829  -41.901  -42.248 0.0000000000
30741  -27.092  -41.537  -43.280 0.0000000000
31833  -28.871  -42.273  -34.607 0.0000000000
31834  -28.955  -42.289  -34.378 0.0000000000
31835  -29.199  -42.232  -34.277 0.0000000000
31836  -29.442  -42.168  -34.263 0.0000000000
31848  -18.309  -42.678  -33.929 0.0000000000
31849  -18.328  -42.129  -33.884 0.0000000000
31850  -28.131  -42.900  -35.383 0.0000000000
31851  -28.638  -42.556  -34.939 0.0000000000
31852  -28.953  -42.787  -34.798 0.0000000000
31853  -29.179  -42.755  -34.697 0.0000000000
31854  -29.322  -42.550  -34.566 0.0000000000
31855  -29.216  -42.656  -34.736 0.0000000000
31862  -17.861  -42.132  -34.287 0.0000000000
31863  -18.139  -41.854  -34.015 0.0000000000
31864  -27.212  -43.120  -36.201 0.0000000000
31865  -27.623  -42.844  -35.744 0.0000000000
31866  -29.090  -42.745  -35.075 0.0000000000
31870  -16.089  -41.888  -33.957 0.0000000000
31871  -17.224  -41.923  -34.227 0.0000000000
31872  -26.337  -43.124  -36.951 0.0000000000
31873  -26.760  -42.921  -36.517 0.0000000000
31874  -28.153  -43.191  -35.703 0.0000000000
31886  -25.571  -42.884  -37.907 0.0000000000
31887  -25.850  -42.855  -37.149 0.0000000000
31888  -26.275  -43.363  -37.087 0.0000000000
31889  -27.131  -43.106  -36.353 0.0000000000
31899  -25.336  -42.354  -39.891 0.0000000000
31900  -25.061  -42.665  -38.854 0.0000000000
31903  -25.730  -43.546  -37.818 0.0000000000
31912  -26.236  -41.333  -41.188 0.0000000000
32990  -28.804  -42.025  -34.366 0.0000000000
32991  -29.128  -41.644  -34.003 0.0000000000
32992  -29.442  -41.536  -33.990 0.0000000000
32993  -29.600  -41.524  -34.173 0.0000000000
32994  -29.871  -41.178  -34.140 0.0000000000
33007  -18.205  -41.025  -33.544 0.0000000000
33009  -28.075  -42.116  -35.225 0.0000000000
33010  -28.526  -41.867  -34.721 0.0000000000
33011  -29.476  -42.134  -34.406 0.0000000000
33012  -29.619  -41.613  -34.420 0.0000000000
33013  -29.695  -41.038  -34.366 0.0000000000
33021  -17.485  -41.172  -33.896 0.0000000000
33022  -17.868  -41.080  -33.700 0.0000000000
33023  -26.648  -41.577  -36.536 0.0000000000
33024  -27.127  -42.147  -36.142 0.0000000000
33025  -27.616  -41.960  -35.699 0.0000000000
33026  -28.683  -41.677  -35.085 0.0000000000
33027  -29.424  -41.262  -34.568 0.0000000000
33034  -16.285  -40.960  -34.041 0.0000000000
33035  -16.931  -41.123  -33.918 0.0000000000
33036  -26.292  -42.189  -36.874 0.0000000000
33037  -26.600  -42.219  -36.337 0.0000000000
33038  -26.847  -41.799  -36.529 0.0000000000
33039  -27.544  -42.242  -36.018 0.0000000000
33050  -25.357  -41.821  -37.913 0.0000000000
33051  -25.698  -42.251  -37.338 0.0000000000
33052  -25.606  -42.092  -38.009 0.0000000000
33053  -26.063  -42.356  -37.126 0.0000000000
33054  -26.675  -42.562  -36.555 0.0000000000
33062  -25.520  -41.393  -39.881 0.0000000000
33063  -25.334  -42.069  -38.777 0.0000000000
33066  -25.601  -42.960  -37.866 0.0000000000
34105  -29.505  -40.616  -33.715 0.0000000000
34106  -29.670  -40.348  -33.631 0.0000000000
34107  -29.823  -39.983  -33.389 0.0000000000
34125  -28.794  -41.248  -34.251 0.0000000000
34126  -29.238  -40.878  -33.771 0.0000000000
34127  -29.480  -40.965  -33.740 0.0000000000
34128  -29.789  -40.565  -33.650 0.0000000000
34129  -29.974  -40.489  -33.835 0.0000000000
34130  -30.122  -40.011  -33.778 0.0000000000
34140  -18.240  -40.357  -33.155 0.0000000000
34142  -27.029  -40.936  -35.423 0.0000000000
34143  -27.687  -41.294  -35.305 0.0000000000
34144  -28.227  -41.319  -34.827 0.0000000000
34145  -29.948  -40.956  -34.062 0.0000000000
34146  -29.930  -40.503  -34.094 0.0000000000
34154  -17.173  -40.152  -33.940 0.0000000000
34155  -17.771  -40.267  -33.499 0.0000000000
34156  -18.406  -39.778  -33.257 0.0000000000
34157  -26.056  -40.869  -36.240 0.0000000000
34158  -26.633  -41.067  -35.898 0.0000000000
34159  -27.192  -41.486  -35.670 0.0000000000
34160  -28.693  -40.589  -35.247 0.0000000000
34161  -29.302  -40.606  -34.580 0.0000000000
34168  -16.691  -40.326  -34.199 0.0000000000
34169  -25.894  -41.087  -36.722 0.0000000000
34170  -27.146  -41.041  -36.572 0.0000000000
34171  -27.916  -41.134  -35.961 0.0000000000
34181  -25.581  -41.128  -38.144 0.0000000000
34182  -25.733  -41.361  -37.404 0.0000000000
34183  -25.684  -41.375  -38.103 0.0000000000
34184  -26.282  -41.421  -37.267 0.0000000000
34193  -25.411  -41.099  -38.877 0.0000000000
35128  -29.473  -40.208  -33.718 0.0000000000
35129  -29.669  -39.720  -33.399 0.0000000000
35130  -29.902  -39.410  -33.177 0.0000000000
35131  -30.029  -39.201  -33.136 0.0000000000
35151  -27.934  -39.967  -34.866 0.0000000000
35152  -28.392  -40.400  -34.657 0.0000000000
35153  -29.129  -40.217  -34.080 0.0000000000
35154  -29.915  -39.777  -33.284 0.0000000000
35155  -30.070  -39.588  -33.306 0.0000000000
35156  -30.149  -39.490  -33.514 0.0000000000
35169  -26.519  -40.341  -35.525 0.0000000000
35170  -27.452  -40.370  -35.100 0.0000000000
35171  -27.932  -40.862  -34.939 0.0000000000
35172  -30.088  -39.441  -33.785 0.0000000000
35183  -17.126  -39.160  -34.081 0.0000000000
35184  -17.987  -39.104  -33.349 0.0000000000
35185  -18.867  -39.046  -33.173 0.0000000000
35186  -25.575  -40.395  -36.373 0.0000000000
35187  -25.946  -40.364  -35.992 0.0000000000
35188  -29.109  -39.686  -34.928 0.0000000000
35189  -29.687  -39.534  -34.251 0.0000000000
35196  -16.777  -39.702  -34.236 0.0000000000
35197  -25.360  -40.486  -37.003 0.0000000000
35198  -27.686  -40.586  -36.328 0.0000000000
35199  -28.386  -39.903  -35.819 0.0000000000
35208  -25.825  -40.517  -38.823 0.0000000000
35209  -25.319  -40.533  -37.822 0.0000000000
35210  -26.230  -41.014  -37.790 0.0000000000
35211  -27.304  -40.262  -37.132 0.0000000000
35212  -28.301  -39.414  -36.365 0.0000000000
35220  -26.206  -40.525  -40.163 0.0000000000
35221  -26.068  -40.726  -38.657 0.0000000000
35222  -26.885  -39.974  -38.108 0.0000000000
36096  -29.312  -39.082  -34.046 0.0000000000
36097  -29.431  -39.379  -33.741 0.0000000000
36098  -29.871  -38.925  -33.295 0.0000000000
36099  -30.114  -38.673  -33.083 0.0000000000
36100  -30.197  -38.441  -33.089 0.0000000000
36101  -30.319  -38.024  -33.177 0.0000000000
36117  -28.302  -39.539  -34.711 0.0000000000
36118  -29.011  -39.536  -34.289 0.0000000000
36119  -29.236  -39.734  -34.045 0.0000000000
36120  -30.243  -38.830  -33.224 0.0000000000
36121  -30.117  -38.370  -33.411 0.0000000000
36136  -19.357  -38.117  -33.126 0.0000000000
36138  -26.778  -39.604  -35.348 0.0000000000
36139  -27.586  -39.530  -34.997 0.0000000000
36140  -30.046  -38.489  -33.918 0.0000000000
36152  -17.674  -38.151  -33.846 0.0000000000
36153  -18.481  -38.167  -33.234 0.0000000000
36154  -25.537  -40.010  -36.143 0.0000000000
36155  -25.889  -39.642  -35.991 0.0000000000
36156  -29.050  -39.137  -35.232 0.0000000000
36157  -29.520  -38.485  -34.612 0.0000000000
36162  -25.459  -39.638  -36.731 0.0000000000
36163  -25.602  -39.407  -36.356 0.0000000000
36164  -29.070  -38.531  -35.666 0.0000000000
36165  -29.602  -37.944  -34.936 0.0000000000
36174  -25.582  -39.841  -38.454 0.0000000000
36175  -25.329  -39.922  -37.549 0.0000000000
36176  -27.435  -39.477  -37.791 0.0000000000
36177  -28.340  -38.939  -36.990 0.0000000000
36184  -26.391  -39.816  -39.597 0.0000000000
36185  -26.313  -40.617  -40.092 0.0000000000
36186  -26.899  -39.526  -39.099 0.0000000000
36187  -27.795  -38.790  -37.992 0.0000000000
37055  -30.536  -37.309  -33.320 0.0000000000
37056  -30.663  -37.244  -33.143 0.0000000000
37057  -30.773  -37.051  -33.056 0.0000000000
37072  -29.704  -38.603  -34.111 0.0000000000
37073  -30.026  -38.399  -33.719 0.0000000000
37074  -30.317  -37.875  -33.340 0.0000000000
37075  -30.410  -37.781  -33.104 0.0000000000
37076  -30.615  -37.396  -33.026 0.0000000000
37077  -30.770  -37.208  -33.182 0.0000000000
37078  -31.171  -36.382  -33.052 0.0000000000
37096  -28.721  -39.004  -34.609 0.0000000000
37097  -29.280  -38.777  -34.419 0.0000000000
37098  -30.408  -37.522  -33.559 0.0000000000
37099  -30.947  -36.682  -33.270 0.0000000000
37115  -19.008  -37.444  -33.223 0.0000000000
37116  -19.836  -36.943  -33.161 0.0000000000
37117  -20.581  -36.307  -33.257 0.0000000000
37118  -27.231  -39.022  -35.326 0.0000000000
37119  -28.120  -38.734  -35.107 0.0000000000
37120  -29.037  -38.454  -34.880 0.0000000000
37121  -30.122  -37.615  -33.998 0.0000000000
37122  -30.659  -36.927  -33.633 0.0000000000
37134  -18.298  -37.262  -33.724 0.0000000000
37135  -19.129  -36.824  -33.540 0.0000000000
37136  -26.612  -38.826  -35.913 0.0000000000
37137  -27.393  -38.472  -35.582 0.0000000000
37138  -29.927  -37.409  -34.433 0.0000000000
37139  -30.388  -37.117  -33.989 0.0000000000
37146  -25.582  -38.829  -37.327 0.0000000000
37147  -25.831  -38.978  -36.599 0.0000000000
37148  -29.422  -37.763  -35.799 0.0000000000
37149  -29.813  -37.433  -35.246 0.0000000000
37158  -26.170  -39.250  -39.250 0.0000000000
37159  -25.742  -39.058  -38.148 0.0000000000
37160  -29.177  -37.965  -36.463 0.0000000000
37161  -29.984  -37.383  -36.173 0.0000000000
37167  -26.512  -38.561  -39.814 0.0000000000
37168  -27.975  -38.611  -38.879 0.0000000000
37169  -28.787  -37.913  -37.664 0.0000000000
37170  -29.629  -37.429  -36.905 0.0000000000
37173  -26.919  -38.623  -40.813 0.0000000000
37174  -27.062  -38.517  -40.324 0.0000000000
37175  -28.429  -37.854  -39.029 0.0000000000
38068  -30.866  -36.824  -33.280 0.0000000000
38069  -31.031  -36.573  -33.095 0.0000000000
38070  -31.152  -36.416  -32.953 0.0000000000
38071  -31.384  -35.908  -32.782 0.0000000000
38085  -29.960  -37.890  -34.009 0.0000000000
38086  -30.346  -37.433  -33.708 0.0000000000
38087  -30.632  -37.150  -33.464 0.0000000000
38088  -30.923  -36.803  -33.023 0.0000000000
38089  -31.283  -36.204  -32.916 0.0000000000
38090  -31.743  -35.881  -32.820 0.0000000000
38108  -29.556  -37.749  -34.520 0.0000000000
38109  -30.160  -37.193  -34.151 0.0000000000
38110  -31.710  -36.023  -33.023 0.0000000000
38119  -20.478  -36.058  -33.472 0.0000000000
38120  -21.185  -35.367  -33.494 0.0000000000
38121  -21.769  -34.752  -33.575 0.0000000000
38122  -27.989  -38.000  -35.596 0.0000000000
38123  -28.823  -37.685  -35.226 0.0000000000
38124  -31.638  -36.314  -33.447 0.0000000000
38130  -17.888  -36.736  -34.260 0.0000000000
38131  -18.590  -36.253  -34.156 0.0000000000
38132  -19.834  -36.028  -33.877 0.0000000000
38133  -20.740  -35.488  -33.916 0.0000000000
38134  -26.428  -38.235  -36.679 0.0000000000
38135  -27.379  -37.784  -36.360 0.0000000000
38136  -28.270  -37.278  -35.899 0.0000000000
38137  -30.457  -37.035  -34.218 0.0000000000
38138  -31.253  -36.754  -34.050 0.0000000000
38145  -18.329  -35.387  -34.827 0.0000000000
38146  -25.816  -38.480  -37.953 0.0000000000
38147  -26.064  -38.032  -37.666 0.0000000000
38148  -26.854  -37.485  -37.331 0.0000000000
38149  -30.570  -36.892  -34.660 0.0000000000
38150  -31.526  -36.332  -34.765 0.0000000000
38160  -26.199  -37.764  -39.050 0.0000000000
38161  -26.160  -37.162  -38.629 0.0000000000
38162  -31.041  -36.720  -35.724 0.0000000000
38163  -31.757  -36.216  -35.371 0.0000000000
38169  -26.618  -37.728  -40.851 0.0000000000
38170  -29.748  -37.297  -37.480 0.0000000000
38171  -30.526  -36.830  -36.992 0.0000000000
38175  -26.233  -38.443  -41.752 0.0000000000
38176  -28.257  -37.277  -39.855 0.0000000000
38177  -29.616  -36.988  -38.235 0.0000000000
38178  -30.587  -36.436  -37.582 0.0000000000
39090  -30.730  -36.314  -33.586 0.0000000000
39091  -30.801  -36.427  -33.387 0.0000000000
39092  -30.962  -35.916  -33.094 0.0000000000
39093  -31.200  -35.620  -32.878 0.0000000000
39094  -31.468  -35.388  -32.704 0.0000000000
39095  -31.616  -35.004  -32.625 0.0000000000
39108  -30.537  -36.488  -33.775 0.0000000000
39109  -30.656  -36.917  -33.613 0.0000000000
39110  -31.582  -35.612  -32.690 0.0000000000
39111  -31.743  -35.245  -32.663 0.0000000000
39112  -31.854  -34.944  -32.799 0.0000000000
39128  -29.344  -37.013  -34.939 0.0000000000
39129  -29.818  -36.120  -34.459 0.0000000000
39130  -32.058  -35.471  -32.783 0.0000000000
39131  -32.027  -34.972  -33.017 0.0000000000
39138  -21.919  -34.529  -33.925 0.0000000000
39139  -22.237  -34.237  -33.774 0.0000000000
39140  -28.944  -36.322  -35.459 0.0000000000
39141  -29.453  -35.653  -35.033 0.0000000000
39142  -32.097  -35.561  -33.194 0.0000000000
39143  -32.325  -34.937  -33.406 0.0000000000
39148  -19.254  -35.404  -34.374 0.0000000000
39149  -20.359  -34.821  -34.352 0.0000000000
39150  -21.380  -34.779  -34.118 0.0000000000
39151  -27.308  -37.008  -37.043 0.0000000000
39152  -27.935  -36.385  -36.730 0.0000000000
39153  -32.158  -35.626  -34.021 0.0000000000
39154  -32.374  -34.869  -33.847 0.0000000000
39159  -19.069  -34.489  -34.937 0.0000000000
39160  -20.056  -34.275  -34.725 0.0000000000
39161  -26.365  -37.026  -38.099 0.0000000000
39162  -26.899  -36.205  -37.748 0.0000000000
39163  -27.514  -35.827  -37.366 0.0000000000
39164  -32.107  -35.767  -34.994 0.0000000000
39174  -26.277  -36.818  -39.344 0.0000000000
39175  -26.245  -36.055  -39.266 0.0000000000
39176  -26.534  -35.551  -38.637 0.0000000000
39177  -31.350  -36.375  -36.483 0.0000000000
39178  -32.010  -35.889  -36.011 0.0000000000
39188  -26.218  -36.383  -40.765 0.0000000000
39189  -26.062  -35.557  -40.613 0.0000000000
39190  -31.413  -35.937  -37.107 0.0000000000
39191  -32.107  -35.435  -36.624 0.0000000000
39199  -25.449  -37.061  -41.792 0.0000000000
39201  -29.139  -36.232  -39.070 0.0000000000
39202  -30.411  -36.067  -38.017 0.0000000000
40076  -30.687  -35.938  -33.515 0.0000000000
40077  -31.053  -35.257  -33.351 0.0000000000
40078  -31.296  -34.809  -32.974 0.0000000000
40079  -31.434  -34.568  -32.724 0.0000000000
40080  -31.336  -34.488  -32.678 0.0000000000
40081  -31.329  -34.292  -32.509 0.0000000000
40098  -23.223  -32.839  -33.450 0.0000000000
40099  -30.811  -35.230  -33.841 0.0000000000
40100  -31.353  -34.416  -33.560 0.0000000000
40101  -31.509  -34.320  -32.762 0.0000000000
40102  -31.503  -34.271  -33.048 0.0000000000
40120  -22.717  -33.515  -33.679 0.0000000000
40121  -23.221  -33.097  -33.474 0.0000000000
40122  -30.516  -34.531  -34.445 0.0000000000
40123  -31.634  -34.246  -33.318 0.0000000000
40132  -21.948  -34.255  -34.203 0.0000000000
40133  -22.568  -33.605  -34.060 0.0000000000
40134  -23.188  -33.017  -33.794 0.0000000000
40135  -29.344  -35.155  -35.503 0.0000000000
40136  -29.791  -34.976  -34.954 0.0000000000
40137  -32.135  -34.306  -33.758 0.0000000000
40144  -20.540  -34.160  -34.689 0.0000000000
40145  -21.389  -33.788  -34.494 0.0000000000
40146  -22.219  -33.327  -34.363 0.0000000000
40147  -28.723  -35.216  -36.350 0.0000000000
40148  -32.361  -35.282  -34.648 0.0000000000
40149  -32.401  -34.552  -34.433 0.0000000000
40155  -18.291  -33.534  -35.995 0.0000000000
40156  -19.961  -33.604  -35.077 0.0000000000
40157  -20.769  -33.262  -34.904 0.0000000000
40158  -27.361  -35.539  -37.710 0.0000000000
40159  -27.846  -35.075  -37.386 0.0000000000
40160  -32.435  -35.111  -35.262 0.0000000000
40161  -32.527  -34.235  -35.372 0.0000000000
40168  -26.288  -34.897  -39.390 0.0000000000
40169  -27.028  -34.935  -38.348 0.0000000000
40170  -27.419  -34.442  -37.905 0.0000000000
40171  -32.469  -34.739  -36.198 0.0000000000
40172  -32.645  -34.030  -35.923 0.0000000000
40181  -25.609  -35.057  -41.470 0.0000000000
40182  -26.028  -34.839  -40.593 0.0000000000
40183  -31.047  -35.044  -37.711 0.0000000000
40184  -32.081  -34.983  -37.028 0.0000000000
40190  -22.391  -35.486  -42.289 0.0000000000
40191  -24.130  -35.835  -42.149 0.0000000000
40192  -25.243  -35.703  -41.789 0.0000000000
40195  -29.819  -35.432  -38.472 0.0000000000
41063  -31.607  -33.115  -32.734 0.0000000000
41064  -31.504  -33.086  -32.594 0.0000000000
41065  -31.364  -33.063  -32.381 0.0000000000
41078  -23.892  -31.673  -32.778 0.0000000000
41079  -31.660  -33.589  -33.561 0.0000000000
41080  -31.578  -33.907  -33.352 0.0000000000
41081  -31.620  -33.461  -32.775 0.0000000000
41082  -31.489  -33.696  -32.594 0.0000000000
41083  -31.445  -33.494  -32.238 0.0000000000
41084  -31.497  -33.619  -32.482 0.0000000000
41101  -23.675  -32.237  -32.974 0.0000000000
41102  -23.776  -31.851  -33.032 0.0000000000
41103  -31.417  -33.700  -33.877 0.0000000000
41104  -31.569  -34.024  -33.585 0.0000000000
41105  -31.630  -33.650  -32.813 0.0000000000
41106  -31.625  -33.601  -33.229 0.0000000000
41124  -23.331  -32.308  -33.333 0.0000000000
41125  -23.531  -31.722  -33.092 0.0000000000
41126  -30.887  -33.365  -34.679 0.0000000000
41127  -31.670  -33.524  -33.579 0.0000000000
41135  -22.487  -32.801  -34.202 0.0000000000
41136  -22.952  -32.659  -33.854 0.0000000000
41137  -29.627  -34.522  -35.369 0.0000000000
41138  -30.031  -33.800  -35.234 0.0000000000
41139  -31.839  -33.521  -34.078 0.0000000000
41148  -21.138  -32.788  -34.821 0.0000000000
41149  -21.909  -32.854  -34.490 0.0000000000
41150  -29.355  -34.086  -35.990 0.0000000000
41151  -29.678  -33.494  -35.744 0.0000000000
41152  -32.216  -33.505  -34.863 0.0000000000
41161  -17.366  -32.319  -37.019 0.0000000000
41162  -18.847  -32.478  -35.847 0.0000000000
41163  -20.167  -32.675  -35.125 0.0000000000
41164  -28.507  -34.091  -36.895 0.0000000000
41165  -32.493  -33.498  -35.678 0.0000000000
41173  -17.043  -32.507  -38.224 0.0000000000
41174  -17.173  -31.795  -37.725 0.0000000000
41175  -26.424  -33.769  -39.466 0.0000000000
41176  -26.976  -33.691  -38.353 0.0000000000
41177  -27.722  -33.908  -37.614 0.0000000000
41178  -32.442  -34.301  -36.822 0.0000000000
41179  -32.587  -33.721  -36.452 0.0000000000
41187  -17.856  -32.726  -39.769 0.0000000000
41188  -18.536  -32.632  -40.873 0.0000000000
41189  -23.603  -33.221  -41.765 0.0000000000
41190  -25.168  -33.668  -41.652 0.0000000000
41191  -25.897  -33.978  -40.391 0.0000000000
41192  -30.983  -33.938  -37.828 0.0000000000
41193  -32.025  -34.153  -37.253 0.0000000000
41194  -32.505  -33.917  -36.938 0.0000000000
41199  -19.496  -33.018  -41.868 0.0000000000
41200  -21.366  -33.740  -41.479 0.0000000000
41201  -23.110  -34.135  -42.305 0.0000000000
41202  -24.501  -34.502  -42.023 0.0000000000
41205  -29.706  -34.484  -38.467 0.0000000000
42125  -31.570  -32.696  -32.608 0.0000000000
42126  -31.433  -32.410  -32.414 0.0000000000
42127  -31.290  -32.509  -32.226 0.0000000000
42138  -23.888  -31.133  -32.421 0.0000000000
42139  -23.802  -30.817  -32.279 0.0000000000
42140  -31.590  -33.039  -33.507 0.0000000000
42141  -31.607  -32.724  -33.061 0.0000000000
42142  -31.552  -32.353  -32.666 0.0000000000
42143  -31.344  -32.766  -32.228 0.0000000000
42144  -31.467  -32.843  -32.443 0.0000000000
42157  -23.978  -31.500  -32.658 0.0000000000
42158  -23.758  -31.155  -32.738 0.0000000000
42159  -31.504  -32.435  -33.902 0.0000000000
42160  -31.808  -32.817  -32.904 0.0000000000
42161  -31.782  -32.797  -33.330 0.0000000000
42179  -23.014  -32.042  -33.525 0.0000000000
42180  -23.219  -31.387  -33.141 0.0000000000
42181  -31.361  -32.247  -34.557 0.0000000000
42182  -31.563  -32.698  -33.677 0.0000000000
42190  -22.131  -32.311  -34.263 0.0000000000
42191  -22.434  -31.540  -33.855 0.0000000000
42192  -22.902  -30.932  -33.278 0.0000000000
42193  -30.637  -32.458  -35.330 0.0000000000
42194  -31.469  -32.546  -34.332 0.0000000000
42201  -20.533  -32.085  -34.943 0.0000000000
42202  -21.272  -31.663  -34.435 0.0000000000
42203  -21.804  -31.280  -34.154 0.0000000000
42204  -29.478  -33.240  -36.072 0.0000000000
42205  -29.826  -32.779  -35.839 0.0000000000
42206  -32.002  -32.713  -35.290 0.0000000000
42215  -17.395  -31.402  -37.432 0.0000000000
42216  -18.203  -31.176  -36.818 0.0000000000
42217  -19.476  -31.504  -35.474 0.0000000000
42218  -20.351  -31.461  -34.988 0.0000000000
42219  -27.747  -32.014  -37.223 0.0000000000
42220  -28.818  -32.885  -36.517 0.0000000000
42221  -29.381  -32.817  -36.124 0.0000000000
42222  -32.298  -32.841  -36.098 0.0000000000
42230  -17.943  -32.302  -39.120 0.0000000000
42231  -17.877  -31.430  -38.383 0.0000000000
42232  -17.781  -31.002  -37.554 0.0000000000
42233  -26.753  -32.094  -39.654 0.0000000000
42234  -27.279  -32.692  -37.951 0.0000000000
42235  -28.022  -33.174  -37.201 0.0000000000
42236  -32.333  -33.034  -36.672 0.0000000000
42239  -18.179  -32.439  -39.531 0.0000000000
42240  -18.453  -31.989  -39.793 0.0000000000
42241  -22.455  -31.957  -41.231 0.0000000000
42242  -24.111  -32.065  -41.527 0.0000000000
42243  -25.618  -32.626  -40.870 0.0000000000
42244  -30.882  -33.037  -37.894 0.0000000000
42245  -31.756  -33.316  -37.426 0.0000000000
42246  -32.392  -33.502  -37.019 0.0000000000
42248  -19.200  -32.032  -41.112 0.0000000000
42249  -20.375  -32.316  -41.941 0.0000000000
42250  -22.069  -32.902  -41.660 0.0000000000
42253  -29.784  -33.484  -38.490 0.0000000000
43054  -23.448  -29.479  -31.538 0.0000000000
43055  -23.406  -29.406  -31.348 0.0000000000
43056  -31.471  -31.006  -32.586 0.0000000000
43057  -31.461  -31.543  -32.380 0.0000000000
43058  -31.365  -31.496  -32.095 0.0000000000
43059  -31.335  -31.749  -32.028 0.0000000000
43060  -31.697  -31.207  -31.932 0.0000000000
43071  -23.591  -30.183  -32.038 0.0000000000
43072  -23.609  -29.997  -31.698 0.0000000000
43073  -23.590  -30.150  -32.061 0.0000000000
43074  -31.527  -31.586  -33.423 0.0000000000
43075  -31.564  -31.746  -32.849 0.0000000000
43076  -31.518  -31.697  -32.597 0.0000000000
43077  -31.398  -32.305  -32.250 0.0000000000
43078  -31.515  -31.815  -32.452 0.0000000000
43079  -31.648  -31.382  -32.649 0.0000000000
43089  -23.515  -30.527  -32.520 0.0000000000
43090  -23.535  -30.262  -32.329 0.0000000000
43091  -31.544  -31.500  -34.107 0.0000000000
43092  -31.617  -32.289  -33.032 0.0000000000
43093  -31.665  -31.970  -33.110 0.0000000000
43110  -23.176  -30.404  -32.793 0.0000000000
43111  -23.311  -30.003  -32.416 0.0000000000
43112  -31.317  -30.966  -34.504 0.0000000000
43113  -31.626  -31.805  -33.623 0.0000000000
43122  -22.121  -30.402  -33.773 0.0000000000
43123  -22.604  -30.188  -33.317 0.0000000000
43124  -30.871  -31.125  -35.130 0.0000000000
43125  -31.556  -31.623  -34.118 0.0000000000
43134  -20.759  -30.488  -34.559 0.0000000000
43135  -21.471  -30.458  -34.188 0.0000000000
43136  -28.909  -30.830  -36.115 0.0000000000
43137  -29.632  -31.227  -35.784 0.0000000000
43138  -31.412  -31.803  -34.796 0.0000000000
43147  -18.426  -30.295  -37.181 0.0000000000
43148  -19.039  -30.369  -36.436 0.0000000000
43149  -19.959  -30.423  -35.162 0.0000000000
43150  -27.531  -30.990  -37.288 0.0000000000
43151  -28.435  -31.135  -36.562 0.0000000000
43152  -29.241  -32.218  -36.121 0.0000000000
43153  -31.715  -31.983  -35.715 0.0000000000
43159  -18.479  -30.671  -38.527 0.0000000000
43160  -18.222  -30.388  -37.842 0.0000000000
43161  -26.125  -30.656  -39.632 0.0000000000
43162  -27.087  -30.844  -38.501 0.0000000000
43163  -31.524  -31.921  -36.972 0.0000000000
43164  -31.828  -32.112  -36.609 0.0000000000
43167  -18.960  -30.836  -39.370 0.0000000000
43168  -19.274  -30.198  -40.860 0.0000000000
43169  -20.875  -30.638  -40.726 0.0000000000
43170  -22.625  -30.568  -40.879 0.0000000000
43171  -24.649  -30.651  -40.317 0.0000000000
43172  -30.743  -32.615  -37.818 0.0000000000
43173  -31.233  -32.305  -37.449 0.0000000000
43174  -32.060  -32.876  -37.040 0.0000000000
43177  -18.872  -31.053  -40.730 0.0000000000
43178  -19.779  -31.216  -41.302 0.0000000000
43179  -21.165  -31.837  -41.336 0.0000000000
43181  -30.086  -32.470  -38.387 0.0000000000
43182  -30.556  -31.885  -37.919 0.0000000000
43962  -23.255  -28.856  -31.085 0.0000000000
43963  -23.522  -28.797  -31.073 0.0000000000
43964  -23.481  -28.427  -30.955 0.0000000000
43965  -31.888  -29.479  -33.110 0.0000000000
43966  -31.666  -29.863  -32.798 0.0000000000
43967  -31.568  -30.160  -32.328 0.0000000000
43968  -31.527  -30.405  -31.977 0.0000000000
43969  -31.678  -30.489  -31.822 0.0000000000
43970  -31.898  -30.449  -31.714 0.0000000000
43980  -23.554  -29.110  -31.275 0.0000000000
43981  -23.328  -28.783  -31.305 0.0000000000
43982  -31.681  -29.867  -33.296 0.0000000000
43983  -31.647  -30.977  -32.792 0.0000000000
43984  -31.991  -30.620  -31.858 0.0000000000
43985  -32.099  -30.599  -32.154 0.0000000000
43994  -23.304  -29.514  -31.997 0.0000000000
43995  -23.517  -29.994  -32.123 0.0000000000
43996  -31.463  -30.108  -34.008 0.0000000000
43997  -31.645  -30.939  -32.866 0.0000000000
44012  -22.255  -28.534  -33.029 0.0000000000
44013  -22.880  -29.280  -32.578 0.0000000000
44014  -23.337  -29.830  -32.227 0.0000000000
44015  -31.057  -29.690  -34.806 0.0000000000
44016  -31.563  -30.970  -33.589 0.0000000000
44025  -22.001  -29.234  -33.801 0.0000000000
44026  -22.455  -29.313  -33.136 0.0000000000
44027  -30.221  -30.003  -35.378 0.0000000000
44028  -31.501  -30.927  -34.346 0.0000000000
44037  -20.519  -29.314  -34.822 0.0000000000
44038  -21.303  -29.326  -34.403 0.0000000000
44039  -28.524  -29.981  -36.007 0.0000000000
44040  -29.496  -30.115  -35.742 0.0000000000
44041  -31.151  -31.012  -35.154 0.0000000000
44047  -18.726  -29.494  -37.692 0.0000000000
44048  -19.527  -29.342  -36.528 0.0000000000
44049  -20.102  -29.355  -35.673 0.0000000000
44050  -27.532  -29.604  -37.700 0.0000000000
44051  -27.916  -30.017  -36.563 0.0000000000
44052  -31.500  -31.217  -36.033 0.0000000000
44055  -18.936  -29.929  -38.592 0.0000000000
44056  -18.550  -29.599  -38.185 0.0000000000
44057  -25.331  -29.227  -39.336 0.0000000000
44058  -26.775  -29.484  -38.631 0.0000000000
44059  -31.194  -31.350  -36.971 0.0000000000
44060  -31.414  -31.406  -36.448 0.0000000000
44063  -19.635  -29.865  -39.462 0.0000000000
44064  -19.867  -29.159  -40.729 0.0000000000
44065  -21.211  -29.140  -40.488 0.0000000000
44066  -22.701  -29.221  -40.160 0.0000000000
44067  -23.897  -28.925  -40.318 0.0000000000
44068  -30.766  -31.454  -37.678 0.0000000000
44072  -30.192  -31.651  -38.373 0.0000000000
44073  -30.577  -31.547  -38.039 0.0000000000
44793  -22.069  -28.291  -30.236 0.0000000000
44794  -23.186  -28.307  -30.222 0.0000000000
44795  -23.795  -27.981  -30.216 0.0000000000
44796  -24.034  -27.615  -30.244 0.0000000000
44797  -31.892  -28.368  -31.636 0.0000000000
44798  -32.045  -28.552  -31.241 0.0000000000
44799  -32.155  -28.535  -31.020 0.0000000000
44806  -22.920  -28.508  -30.555 0.0000000000
44807  -23.460  -28.368  -30.694 0.0000000000
44808  -23.840  -27.735  -30.672 0.0000000000
44809  -24.032  -27.416  -31.002 0.0000000000
44810  -32.005  -28.650  -33.254 0.0000000000
44811  -31.958  -28.824  -32.639 0.0000000000
44812  -31.764  -29.174  -32.013 0.0000000000
44813  -31.832  -29.402  -31.623 0.0000000000
44814  -32.135  -29.198  -31.336 0.0000000000
44815  -32.520  -29.454  -31.404 0.0000000000
44816  -33.033  -29.011  -31.257 0.0000000000
44826  -23.808  -27.085  -31.283 0.0000000000
44827  -31.796  -28.562  -33.758 0.0000000000
44828  -32.329  -30.024  -31.763 0.0000000000
44829  -32.796  -29.459  -31.644 0.0000000000
44838  -23.185  -27.753  -31.591 0.0000000000
44839  -31.326  -28.477  -34.319 0.0000000000
44840  -32.645  -29.620  -32.221 0.0000000000
44841  -33.089  -29.051  -32.308 0.0000000000
44854  -22.004  -27.495  -32.434 0.0000000000
44855  -22.665  -28.266  -31.950 0.0000000000
44856  -30.960  -28.493  -34.798 0.0000000000
44857  -32.036  -30.152  -32.988 0.0000000000
44858  -32.581  -29.316  -32.640 0.0000000000
44871  -21.729  -27.582  -33.493 0.0000000000
44872  -29.025  -27.897  -35.268 0.0000000000
44873  -30.282  -28.533  -35.140 0.0000000000
44874  -31.709  -30.161  -33.735 0.0000000000
44875  -31.931  -29.476  -33.152 0.0000000000
44885  -20.519  -28.044  -35.128 0.0000000000
44886  -21.174  -28.100  -34.495 0.0000000000
44887  -27.233  -27.070  -36.977 0.0000000000
44888  -28.012  -27.732  -36.326 0.0000000000
44889  -29.160  -29.129  -35.422 0.0000000000
44890  -31.368  -30.042  -34.556 0.0000000000
44897  -18.877  -28.984  -38.189 0.0000000000
44898  -19.370  -28.569  -37.995 0.0000000000
44899  -20.422  -28.202  -36.444 0.0000000000
44900  -25.424  -26.779  -38.285 0.0000000000
44901  -26.569  -27.297  -37.714 0.0000000000
44902  -27.726  -28.994  -36.798 0.0000000000
44903  -31.254  -29.841  -36.308 0.0000000000
44904  -31.205  -30.010  -35.757 0.0000000000
44909  -19.184  -29.432  -38.438 0.0000000000
44910  -18.847  -28.969  -38.583 0.0000000000
44911  -19.743  -28.147  -39.086 0.0000000000
44912  -24.872  -27.418  -38.634 0.0000000000
44913  -26.188  -28.577  -38.372 0.0000000000
44914  -31.231  -30.183  -36.748 0.0000000000
44915  -31.296  -30.825  -36.367 0.0000000000
44918  -19.289  -29.390  -38.886 0.0000000000
44919  -19.896  -29.012  -39.388 0.0000000000
44920  -20.412  -28.175  -40.301 0.0000000000
44921  -21.613  -27.905  -40.614 0.0000000000
44922  -23.047  -27.663  -39.943 0.0000000000
44924  -29.989  -30.608  -38.743 0.0000000000
44925  -30.756  -30.475  -37.948 0.0000000000
44929  -30.108  -31.091  -38.690 0.0000000000
44930  -30.555  -31.223  -38.175 0.0000000000
45755  -22.734  -28.242  -30.158 0.0000000000
45756  -23.620  -27.873  -29.972 0.0000000000
45757  -24.150  -27.215  -30.153 0.0000000000
45758  -24.607  -26.298  -30.459 0.0000000000
45759  -32.021  -27.483  -31.823 0.0000000000
45760  -32.004  -27.731  -31.350 0.0000000000
45761  -32.137  -27.910  -30.911 0.0000000000
45762  -32.422  -27.826  -30.672 0.0000000000
45766  -24.224  -27.060  -30.424 0.0000000000
45767  -24.676  -26.209  -30.796 0.0000000000
45768  -32.095  -27.797  -33.366 0.0000000000
45769  -32.135  -27.220  -33.326 0.0000000000
45770  -32.198  -27.656  -32.453 0.0000000000
45771  -32.275  -28.341  -30.924 0.0000000000
45772  -32.646  -28.333  -30.849 0.0000000000
45773  -33.164  -28.455  -30.958 0.0000000000
45780  -24.677  -25.611  -31.205 0.0000000000
45781  -32.014  -27.551  -33.587 0.0000000000
45782  -31.786  -26.376  -33.738 0.0000000000
45783  -33.468  -28.562  -31.243 0.0000000000
45784  -33.744  -28.340  -31.476 0.0000000000
45791  -23.803  -24.151  -32.523 0.0000000000
45792  -23.925  -25.442  -31.807 0.0000000000
45793  -31.516  -26.723  -34.053 0.0000000000
45794  -31.683  -26.124  -33.971 0.0000000000
45795  -33.317  -28.926  -31.672 0.0000000000
45796  -33.586  -28.460  -31.991 0.0000000000
45802  -22.668  -25.424  -32.603 0.0000000000
45803  -22.859  -26.939  -32.055 0.0000000000
45804  -30.631  -27.223  -34.622 0.0000000000
45805  -33.164  -28.559  -32.524 0.0000000000
45815  -21.126  -25.452  -34.352 0.0000000000
45816  -21.471  -26.129  -33.285 0.0000000000
45817  -28.435  -26.523  -35.374 0.0000000000
45818  -29.527  -27.214  -34.912 0.0000000000
45819  -31.791  -29.274  -33.854 0.0000000000
45820  -32.185  -28.583  -33.101 0.0000000000
45831  -20.889  -26.612  -35.383 0.0000000000
45832  -20.937  -26.712  -34.007 0.0000000000
45833  -26.919  -26.339  -36.663 0.0000000000
45834  -27.810  -26.452  -36.182 0.0000000000
45835  -31.378  -28.876  -34.708 0.0000000000
45836  -31.750  -28.421  -33.864 0.0000000000
45845  -20.204  -27.339  -38.256 0.0000000000
45846  -20.858  -26.508  -37.288 0.0000000000
45847  -24.873  -25.969  -38.169 0.0000000000
45848  -25.824  -25.632  -37.428 0.0000000000
45849  -31.410  -29.336  -36.523 0.0000000000
45850  -31.481  -28.917  -35.778 0.0000000000
45858  -21.015  -27.898  -39.109 0.0000000000
45859  -21.545  -26.724  -38.554 0.0000000000
45860  -23.099  -26.467  -38.576 0.0000000000
45861  -31.167  -29.491  -37.378 0.0000000000
45868  -21.498  -28.281  -39.598 0.0000000000
45869  -21.858  -27.632  -39.563 0.0000000000
45870  -22.223  -26.932  -39.415 0.0000000000
45872  -30.244  -29.948  -38.339 0.0000000000
45873  -30.832  -29.547  -37.915 0.0000000000
46806  -22.115  -28.148  -30.247 0.0000000000
46807  -23.271  -27.743  -29.770 0.0000000000
46808  -24.088  -26.985  -29.928 0.0000000000
46809  -24.767  -26.029  -30.279 0.0000000000
46810  -25.495  -24.835  -30.823 0.0000000000
46811  -26.616  -23.155  -31.308 0.0000000000
46812  -32.158  -26.844  -31.886 0.0000000000
46813  -32.162  -27.041  -31.333 0.0000000000
46814  -32.416  -27.127  -30.900 0.0000000000
46815  -32.850  -27.276  -30.552 0.0000000000
46816  -33.393  -27.049  -30.545 0.0000000000
46828  -25.887  -24.080  -31.333 0.0000000000
46829  -27.270  -22.622  -31.831 0.0000000000
46830  -31.980  -25.705  -33.366 0.0000000000
46831  -32.146  -26.672  -32.435 0.0000000000
46832  -33.195  -27.717  -30.654 0.0000000000
46833  -33.860  -27.385  -30.894 0.0000000000
46834  -34.367  -26.990  -31.193 0.0000000000
46845  -25.814  -23.356  -32.034 0.0000000000
46846  -26.672  -22.819  -31.812 0.0000000000
46847  -31.654  -25.305  -33.750 0.0000000000
46848  -33.860  -27.999  -31.228 0.0000000000
46849  -34.183  -27.542  -31.493 0.0000000000
46855  -24.337  -23.269  -32.846 0.0000000000
46856  -24.765  -23.344  -32.406 0.0000000000
46857  -31.314  -25.528  -34.143 0.0000000000
46858  -31.512  -25.451  -34.014 0.0000000000
46859  -34.198  -27.566  -32.037 0.0000000000
46864  -23.488  -23.796  -33.194 0.0000000000
46865  -30.629  -25.458  -34.196 0.0000000000
46866  -31.017  -24.813  -34.062 0.0000000000
46867  -33.859  -27.780  -32.469 0.0000000000
46875  -21.537  -24.453  -34.779 0.0000000000
46876  -22.086  -24.436  -33.805 0.0000000000
46877  -26.841  -24.533  -35.322 0.0000000000
46878  -28.008  -24.947  -35.108 0.0000000000
46879  -29.344  -25.680  -34.617 0.0000000000
46880  -33.083  -27.748  -32.968 0.0000000000
46890  -21.344  -25.022  -35.438 0.0000000000
46891  -24.338  -24.092  -36.786 0.0000000000
46892  -25.848  -24.606  -36.389 0.0000000000
46893  -27.276  -25.581  -35.771 0.0000000000
46894  -31.760  -27.838  -34.419 0.0000000000
46895  -32.334  -27.789  -33.675 0.0000000000
46902  -21.477  -25.268  -36.798 0.0000000000
46903  -23.231  -24.911  -37.377 0.0000000000
46904  -24.862  -24.785  -37.466 0.0000000000
46905  -31.648  -28.357  -36.323 0.0000000000
46906  -31.547  -28.049  -35.337 0.0000000000
46911  -21.420  -25.933  -37.725 0.0000000000
46912  -22.084  -25.785  -37.852 0.0000000000
46913  -31.077  -28.587  -37.491 0.0000000000
46914  -31.371  -28.649  -37.069 0.0000000000
46921  -30.519  -29.080  -37.881 0.0000000000
46922  -31.064  -29.037  -37.605 0.0000000000
47867  -21.532  -28.285  -30.467 0.0000000000
47868  -22.709  -27.513  -29.644 0.0000000000
47869  -23.783  -26.692  -29.683 0.0000000000
47870  -24.690  -25.786  -30.083 0.0000000000
47871  -25.552  -24.660  -30.585 0.0000000000
47872  -26.642  -23.355  -31.179 0.0000000000
47873  -27.877  -22.467  -32.031 0.0000000000
47874  -28.673  -22.177  -32.798 0.0000000000
47875  -32.230  -26.317  -31.978 0.0000000000
47876  -32.396  -26.161  -31.766 0.0000000000
47877  -32.767  -26.369  -30.997 0.0000000000
47878  -33.270  -26.430  -30.616 0.0000000000
47879  -33.799  -26.448  -30.671 0.0000000000
47888  -28.263  -22.130  -32.533 0.0000000000
47889  -29.272  -22.394  -33.193 0.0000000000
47890  -30.950  -24.034  -33.636 0.0000000000
47891  -32.208  -25.616  -33.066 0.0000000000
47892  -32.246  -25.818  -32.355 0.0000000000
47893  -34.253  -26.339  -30.880 0.0000000000
47894  -34.495  -26.498  -31.110 0.0000000000
47908  -26.615  -22.326  -32.480 0.0000000000
47909  -27.618  -22.244  -32.488 0.0000000000
47910  -29.410  -22.584  -33.242 0.0000000000
47911  -30.771  -23.809  -33.654 0.0000000000
47912  -34.747  -26.464  -31.511 0.0000000000
47913  -35.027  -25.909  -31.748 0.0000000000
47916  -24.963  -22.719  -32.804 0.0000000000
47917  -25.940  -22.455  -32.658 0.0000000000
47918  -27.025  -22.147  -32.646 0.0000000000
47919  -29.679  -22.799  -33.469 0.0000000000
47920  -30.498  -23.836  -33.717 0.0000000000
47921  -34.647  -26.881  -31.933 0.0000000000
47922  -35.017  -26.143  -31.955 0.0000000000
47924  -24.559  -22.946  -33.249 0.0000000000
47925  -25.348  -22.631  -32.969 0.0000000000
47926  -29.562  -24.310  -34.035 0.0000000000
47927  -30.305  -24.189  -33.835 0.0000000000
47928  -34.462  -27.057  -32.418 0.0000000000
47929  -34.915  -26.379  -32.370 0.0000000000
47935  -22.413  -24.016  -34.887 0.0000000000
47936  -23.863  -23.243  -34.323 0.0000000000
47937  -25.777  -23.649  -34.832 0.0000000000
47938  -27.259  -23.927  -34.578 0.0000000000
47939  -28.504  -24.107  -34.427 0.0000000000
47940  -34.097  -26.998  -33.028 0.0000000000
47941  -34.704  -26.562  -32.784 0.0000000000
47949  -21.904  -24.270  -35.594 0.0000000000
47950  -23.150  -23.887  -35.955 0.0000000000
47951  -24.596  -23.580  -35.813 0.0000000000
47952  -32.545  -27.110  -34.350 0.0000000000
47953  -33.217  -27.055  -33.645 0.0000000000
47962  -21.612  -24.647  -36.056 0.0000000000
47963  -22.208  -24.502  -36.367 0.0000000000
47964  -31.966  -27.606  -36.032 0.0000000000
47965  -32.054  -27.222  -35.141 0.0000000000
47972  -31.291  -28.241  -37.197 0.0000000000
47973  -31.674  -27.678  -36.686 0.0000000000
47979  -30.669  -28.099  -37.290 0.0000000000
47980  -31.356  -27.127  -36.787 0.0000000000
48904  -21.024  -28.444  -30.534 0.0000000000
48905  -22.026  -27.148  -29.616 0.0000000000
48906  -23.262  -26.269  -29.507 0.0000000000
48907  -24.393  -25.459  -29.882 0.0000000000
48908  -25.413  -24.557  -30.402 0.0000000000
48909  -26.446  -23.586  -31.021 0.0000000000
48910  -27.484  -22.538  -31.790 0.0000000000
48911  -28.427  -22.178  -32.502 0.0000000000
48912  -32.404  -25.578  -32.277 0.0000000000
48913  -32.677  -25.473  -31.983 0.0000000000
48914  -33.184  -25.739  -31.197 0.0000000000
48915  -33.712  -25.820  -31.023 0.0000000000
48925  -29.089  -22.265  -33.125 0.0000000000
48926  -30.023  -22.935  -33.603 0.0000000000
48927  -31.305  -24.088  -33.637 0.0000000000
48928  -32.286  -25.213  -33.034 0.0000000000
48929  -32.520  -25.301  -32.717 0.0000000000
48930  -34.215  -25.733  -31.101 0.0000000000
48931  -34.658  -25.610  -31.345 0.0000000000
48932  -34.891  -24.993  -31.707 0.0000000000
48944  -28.819  -22.226  -33.137 0.0000000000
48945  -29.285  -22.544  -33.409 0.0000000000
48946  -34.748  -26.040  -31.366 0.0000000000
48947  -34.995  -25.462  -31.663 0.0000000000
48953  -26.889  -22.224  -32.881 0.0000000000
48954  -28.015  -22.349  -33.057 0.0000000000
48955  -29.426  -22.799  -33.510 0.0000000000
48956  -30.051  -23.514  -33.635 0.0000000000
48957  -35.113  -25.408  -31.991 0.0000000000
48960  -25.176  -22.709  -33.260 0.0000000000
48961  -26.066  -22.527  -33.154 0.0000000000
48962  -27.338  -22.677  -33.384 0.0000000000
48963  -28.650  -23.199  -33.711 0.0000000000
48964  -29.663  -23.520  -33.696 0.0000000000
48965  -35.113  -25.560  -32.364 0.0000000000
48968  -24.720  -23.039  -33.562 0.0000000000
48969  -25.330  -23.100  -33.740 0.0000000000
48970  -26.570  -23.277  -33.791 0.0000000000
48971  -27.686  -23.387  -33.946 0.0000000000
48972  -34.630  -26.318  -33.202 0.0000000000
48973  -34.952  -25.806  -32.890 0.0000000000
48978  -33.342  -26.445  -34.300 0.0000000000
48979  -34.185  -26.232  -33.773 0.0000000000
48980  -34.786  -25.763  -33.459 0.0000000000
48991  -32.278  -26.820  -35.983 0.0000000000
48992  -32.842  -26.248  -35.098 0.0000000000
49000  -32.002  -26.528  -36.324 0.0000000000
49004  -30.347  -27.079  -36.697 0.0000000000
49005  -31.461  -26.248  -36.526 0.0000000000
49907  -20.806  -27.341  -30.919 0.0000000000
49908  -21.366  -26.470  -29.812 0.0000000000
49909  -22.625  -25.677  -29.620 0.0000000000
49910  -23.931  -25.026  -29.839 0.0000000000
49911  -25.108  -24.309  -30.302 0.0000000000
49912  -26.246  -23.565  -30.869 0.0000000000
49913  -27.313  -22.616  -31.698 0.0000000000
49914  -28.385  -22.033  -32.686 0.0000000000
49915  -28.956  -21.927  -33.123 0.0000000000
49916  -32.878  -24.576  -32.707 0.0000000000
49917  -33.254  -25.111  -32.069 0.0000000000
49918  -33.680  -25.205  -31.687 0.0000000000
49931  -28.818  -22.060  -32.978 0.0000000000
49932  -29.302  -22.202  -33.321 0.0000000000
49933  -30.556  -22.896  -33.560 0.0000000000
49934  -31.721  -23.840  -33.534 0.0000000000
49935  -32.488  -24.698  -33.069 0.0000000000
49936  -34.140  -25.045  -31.608 0.0000000000
49937  -34.639  -24.886  -31.626 0.0000000000
49938  -35.027  -24.590  -31.573 0.0000000000
49942  -35.377  -24.345  -31.749 0.0000000000
49943  -35.847  -23.861  -31.813 0.0000000000
49948  -35.294  -24.639  -31.976 0.0000000000
49949  -35.762  -24.026  -31.969 0.0000000000
49952  -35.355  -24.609  -32.325 0.0000000000
49953  -35.680  -24.169  -32.163 0.0000000000
49956  -35.193  -24.829  -32.792 0.0000000000
49962  -33.852  -25.458  -34.584 0.0000000000
49963  -34.645  -25.204  -33.921 0.0000000000
49964  -35.015  -25.026  -33.338 0.0000000000
49974  -32.652  -25.848  -35.907 0.0000000000
49975  -33.239  -25.227  -35.382 0.0000000000
49981  -32.264  -25.443  -36.215 0.0000000000
49982  -32.890  -25.049  -35.912 0.0000000000
49987  -30.590  -25.940  -36.351 0.0000000000
49988  -31.555  -25.427  -36.324 0.0000000000
50988  -20.517  -27.214  -31.230 0.0000000000
50989  -20.986  -25.834  -30.343 0.0000000000
50990  -21.939  -24.892  -30.010 0.0000000000
50991  -23.382  -24.522  -30.050 0.0000000000
50992  -24.677  -23.995  -30.378 0.0000000000
50993  -25.876  -23.391  -30.922 0.0000000000
50994  -26.961  -22.769  -31.708 0.0000000000
50995  -28.047  -22.195  -32.277 0.0000000000
50996  -28.998  -21.741  -32.882 0.0000000000
50997  -29.517  -21.502  -32.988 0.0000000000
50998  -32.859  -23.997  -32.747 0.0000000000
50999  -33.246  -24.378  -32.384 0.0000000000
51000  -33.533  -24.750  -32.046 0.0000000000
51011  -20.424  -26.807  -31.594 0.0000000000
51012  -20.700  -25.432  -30.757 0.0000000000
51013  -21.231  -24.955  -30.297 0.0000000000
51014  -29.241  -21.854  -33.217 0.0000000000
51015  -29.888  -21.902  -33.240 0.0000000000
51016  -31.150  -22.611  -33.430 0.0000000000
51017  -32.355  -23.446  -33.204 0.0000000000
51018  -33.073  -23.495  -32.580 0.0000000000
51019  -33.829  -24.090  -31.936 0.0000000000
51020  -34.580  -24.027  -31.529 0.0000000000
51021  -35.121  -23.958  -31.463 0.0000000000
51027  -35.532  -23.798  -31.492 0.0000000000
51028  -35.924  -23.577  -31.659 0.0000000000
51032  -36.122  -23.497  -31.882 0.0000000000
51035  -35.764  -23.927  -32.364 0.0000000000
51036  -36.053  -23.594  -32.187 0.0000000000
51039  -35.668  -23.796  -32.730 0.0000000000
51040  -35.972  -23.570  -32.443 0.0000000000
51047  -34.411  -24.282  -34.326 0.0000000000
51048  -34.959  -24.241  -33.704 0.0000000000
51049  -35.326  -24.231  -33.218 0.0000000000
51055  -33.785  -24.382  -35.028 0.0000000000
51060  -31.870  -23.980  -35.884 0.0000000000
51061  -32.642  -24.337  -35.922 0.0000000000
51062  -33.230  -24.467  -35.587 0.0000000000
51072  -29.586  -25.466  -35.939 0.0000000000
51073  -30.912  -24.783  -35.898 0.0000000000
51074  -31.962  -24.776  -36.177 0.0000000000
51942  -22.249  -24.413  -30.364 0.0000000000
51943  -22.890  -24.184  -30.472 0.0000000000
51944  -24.165  -23.672  -30.672 0.0000000000
51945  -25.452  -23.246  -31.091 0.0000000000
51946  -26.723  -22.796  -31.824 0.0000000000
51947  -27.859  -22.330  -31.941 0.0000000000
51948  -28.842  -21.990  -32.412 0.0000000000
51949  -29.473  -21.387  -32.606 0.0000000000
51950  -30.188  -21.349  -32.664 0.0000000000
51959  -19.640  -26.079  -32.761 0.0000000000
51960  -20.684  -25.267  -31.762 0.0000000000
51961  -21.956  -24.438  -30.893 0.0000000000
51962  -23.563  -23.454  -31.183 0.0000000000
51963  -24.983  -23.023  -31.392 0.0000000000
51964  -26.278  -22.933  -31.935 0.0000000000
51965  -26.990  -22.177  -31.978 0.0000000000
51966  -29.920  -21.473  -32.992 0.0000000000
51967  -30.748  -21.597  -33.145 0.0000000000
51968  -31.675  -22.141  -33.137 0.0000000000
51969  -32.598  -22.396  -32.741 0.0000000000
51970  -33.610  -22.579  -32.278 0.0000000000
51971  -34.446  -22.957  -31.632 0.0000000000
51972  -35.188  -23.065  -31.282 0.0000000000
51973  -35.718  -22.752  -31.192 0.0000000000
51981  -35.555  -23.325  -31.316 0.0000000000
51982  -35.973  -22.946  -31.382 0.0000000000
51985  -36.258  -22.859  -31.710 0.0000000000
51988  -36.295  -22.837  -32.021 0.0000000000
51991  -35.777  -23.037  -32.784 0.0000000000
51992  -36.092  -22.896  -32.424 0.0000000000
52001  -34.396  -23.727  -34.269 0.0000000000
52002  -34.607  -23.430  -33.945 0.0000000000
52003  -35.288  -23.197  -33.205 0.0000000000
52008  -34.067  -23.472  -34.495 0.0000000000
52009  -34.185  -22.754  -34.023 0.0000000000
52013  -31.809  -23.283  -35.700 0.0000000000
52014  -32.411  -23.321  -35.639 0.0000000000
52015  -33.270  -23.403  -35.284 0.0000000000
52025  -29.228  -24.200  -35.870 0.0000000000
52026  -30.897  -23.440  -35.559 0.0000000000
52866  -27.655  -22.327  -31.983 0.0000000000
52867  -28.719  -22.160  -31.856 0.0000000000
52868  -29.319  -21.459  -31.857 0.0000000000
52869  -30.017  -21.171  -31.911 0.0000000000
52870  -31.038  -21.198  -32.250 0.0000000000
52871  -32.020  -21.058  -31.819 0.0000000000
52872  -32.510  -20.904  -31.532 0.0000000000
52883  -20.670  -25.638  -33.503 0.0000000000
52884  -21.891  -24.705  -32.569 0.0000000000
52885  -23.131  -23.414  -32.366 0.0000000000
52886  -24.596  -22.817  -32.004 0.0000000000
52887  -26.061  -22.914  -32.202 0.0000000000
52888  -27.060  -22.404  -32.266 0.0000000000
52889  -27.978  -22.218  -32.251 0.0000000000
52890  -28.518  -22.170  -31.972 0.0000000000
52891  -31.341  -21.556  -32.939 0.0000000000
52892  -31.898  -21.627  -32.552 0.0000000000
52893  -32.947  -21.436  -31.915 0.0000000000
52894  -34.124  -21.800  -31.546 0.0000000000
52895  -34.953  -22.102  -31.131 0.0000000000
52896  -35.601  -22.165  -31.049 0.0000000000
52897  -36.021  -22.116  -31.173 0.0000000000
52906  -20.311  -25.598  -34.613 0.0000000000
52907  -21.414  -24.485  -33.706 0.0000000000
52908  -22.254  -23.775  -33.069 0.0000000000
52909  -36.352  -21.965  -31.490 0.0000000000
52910  -36.531  -21.467  -31.583 0.0000000000
52913  -36.449  -22.137  -31.852 0.0000000000
52914  -36.552  -21.540  -31.757 0.0000000000
52918  -36.402  -21.877  -32.116 0.0000000000
52919  -36.541  -21.663  -31.959 0.0000000000
52925  -35.708  -22.179  -32.659 0.0000000000
52926  -36.153  -22.056  -32.380 0.0000000000
52937  -34.523  -22.259  -33.379 0.0000000000
52938  -35.195  -22.257  -33.026 0.0000000000
52945  -33.538  -22.387  -34.400 0.0000000000
52946  -33.957  -22.206  -33.777 0.0000000000
52957  -31.714  -22.432  -35.431 0.0000000000
52958  -32.721  -22.506  -35.266 0.0000000000
52959  -33.203  -22.548  -35.059 0.0000000000
52973  -29.759  -22.765  -35.688 0.0000000000
52974  -30.747  -22.571  -35.353 0.0000000000
53819  -28.793  -22.190  -31.619 0.0000000000
53820  -29.155  -21.594  -31.323 0.0000000000
53821  -29.869  -21.199  -30.811 0.0000000000
53822  -30.653  -21.109  -30.871 0.0000000000
53823  -31.461  -20.965  -31.051 0.0000000000
53824  -32.128  -20.779  -31.022 0.0000000000
53833  -23.803  -23.149  -33.288 0.0000000000
53834  -24.538  -22.829  -32.971 0.0000000000
53835  -25.738  -22.501  -32.685 0.0000000000
53836  -26.921  -22.075  -32.555 0.0000000000
53837  -28.106  -22.089  -32.466 0.0000000000
53838  -28.747  -21.966  -31.983 0.0000000000
53839  -29.246  -21.481  -31.125 0.0000000000
53840  -29.497  -21.272  -30.848 0.0000000000
53841  -32.814  -20.771  -30.993 0.0000000000
53842  -33.716  -21.013  -30.940 0.0000000000
53843  -34.647  -21.231  -30.719 0.0000000000
53844  -35.470  -21.340  -30.742 0.0000000000
53845  -35.962  -21.515  -30.916 0.0000000000
53856  -21.218  -24.103  -34.684 0.0000000000
53857  -22.940  -23.324  -34.055 0.0000000000
53858  -24.393  -22.878  -33.689 0.0000000000
53859  -25.448  -22.634  -33.323 0.0000000000
53860  -26.498  -22.405  -33.178 0.0000000000
53861  -36.337  -21.272  -31.117 0.0000000000
53862  -36.489  -21.308  -31.403 0.0000000000
53872  -22.295  -23.006  -35.430 0.0000000000
53873  -23.363  -22.625  -35.295 0.0000000000
53874  -36.559  -20.875  -31.298 0.0000000000
53875  -36.604  -20.973  -31.600 0.0000000000
53880  -36.439  -21.106  -32.138 0.0000000000
53881  -36.575  -21.004  -31.951 0.0000000000
53888  -35.721  -21.285  -32.601 0.0000000000
53889  -36.157  -21.199  -32.371 0.0000000000
53900  -34.433  -21.349  -33.182 0.0000000000
53901  -35.105  -21.331  -32.855 0.0000000000
53911  -32.753  -20.986  -34.831 0.0000000000
53912  -33.053  -21.259  -34.510 0.0000000000
53913  -33.798  -21.341  -33.636 0.0000000000
53926  -31.592  -21.471  -35.338 0.0000000000
53927  -32.414  -21.330  -35.120 0.0000000000
53928  -32.989  -22.008  -34.875 0.0000000000
53944  -28.985  -21.751  -36.048 0.0000000000
53945  -30.605  -21.614  -35.517 0.0000000000
54877  -30.269  -20.920  -30.288 0.0000000000
54878  -30.599  -20.917  -30.184 0.0000000000
54879  -31.247  -20.873  -30.268 0.0000000000
54880  -31.689  -20.815  -30.460 0.0000000000
54881  -34.026  -19.912  -30.096 0.0000000000
54882  -34.619  -19.837  -30.142 0.0000000000
54883  -35.012  -19.668  -30.169 0.0000000000
54893  -27.261  -21.950  -33.043 0.0000000000
54894  -28.064  -21.828  -32.784 0.0000000000
54895  -28.960  -21.773  -32.285 0.0000000000
54896  -29.460  -21.321  -31.457 0.0000000000
54897  -29.981  -20.920  -30.606 0.0000000000
54898  -30.586  -20.554  -30.068 0.0000000000
54899  -31.234  -20.443  -30.052 0.0000000000
54900  -32.099  -20.440  -30.273 0.0000000000
54901  -33.340  -20.259  -30.323 0.0000000000
54902  -34.287  -20.447  -30.383 0.0000000000
54903  -35.216  -20.254  -30.379 0.0000000000
54904  -36.053  -20.567  -30.777 0.0000000000
54911  -24.162  -22.510  -34.565 0.0000000000
54912  -25.108  -22.278  -33.885 0.0000000000
54913  -26.026  -22.012  -33.521 0.0000000000
54914  -26.993  -21.626  -33.534 0.0000000000
54915  -27.708  -21.640  -33.224 0.0000000000
54916  -36.480  -20.437  -31.122 0.0000000000
54925  -21.937  -22.307  -36.365 0.0000000000
54926  -23.043  -22.212  -36.159 0.0000000000
54927  -24.032  -21.887  -35.701 0.0000000000
54928  -24.828  -21.687  -34.565 0.0000000000
54929  -25.759  -21.590  -34.026 0.0000000000
54930  -26.387  -21.610  -33.796 0.0000000000
54931  -36.590  -20.333  -31.413 0.0000000000
54932  -36.596  -20.249  -31.742 0.0000000000
54937  -22.796  -21.809  -36.856 0.0000000000
54938  -23.454  -21.827  -36.443 0.0000000000
54939  -36.398  -20.294  -32.163 0.0000000000
54940  -36.562  -20.251  -31.974 0.0000000000
54944  -35.698  -20.380  -32.554 0.0000000000
54945  -36.145  -20.304  -32.368 0.0000000000
54958  -34.410  -20.382  -33.105 0.0000000000
54959  -35.110  -20.388  -32.775 0.0000000000
54968  -32.674  -20.404  -34.771 0.0000000000
54969  -33.217  -20.365  -33.982 0.0000000000
54970  -33.716  -20.356  -33.472 0.0000000000
54981  -31.506  -20.566  -35.461 0.0000000000
54982  -32.208  -20.471  -35.160 0.0000000000
54998  -29.713  -20.685  -36.119 0.0000000000
54999  -30.676  -20.614  -35.786 0.0000000000
55856  -33.572  -19.545  -29.867 0.0000000000
55857  -34.227  -19.446  -29.904 0.0000000000
55858  -34.790  -19.309  -29.981 0.0000000000
55869  -28.304  -21.541  -33.196 0.0000000000
55870  -28.981  -21.477  -32.776 0.0000000000
55871  -29.820  -21.015  -31.928 0.0000000000
55872  -30.014  -20.439  -30.851 0.0000000000
55873  -30.474  -20.090  -30.208 0.0000000000
55874  -31.185  -19.906  -29.973 0.0000000000
55875  -32.044  -19.804  -29.961 0.0000000000
55876  -32.832  -19.829  -29.958 0.0000000000
55877  -35.304  -19.305  -30.201 0.0000000000
55878  -35.900  -19.468  -30.533 0.0000000000
55884  -27.435  -21.348  -34.054 0.0000000000
55885  -28.002  -21.403  -33.836 0.0000000000
55886  -28.812  -21.223  -33.486 0.0000000000
55887  -29.468  -20.791  -32.851 0.0000000000
55888  -36.422  -19.541  -31.024 0.0000000000
55889  -36.542  -19.199  -31.235 0.0000000000
55898  -24.355  -21.257  -35.734 0.0000000000
55899  -24.619  -21.240  -35.112 0.0000000000
55900  -25.566  -20.849  -34.540 0.0000000000
55901  -26.733  -21.160  -34.171 0.0000000000
55902  -27.777  -20.998  -34.237 0.0000000000
55903  -28.638  -20.937  -34.103 0.0000000000
55904  -29.226  -20.714  -33.637 0.0000000000
55905  -36.557  -19.955  -31.242 0.0000000000
55906  -36.532  -19.460  -31.462 0.0000000000
55915  -22.290  -20.929  -36.842 0.0000000000
55916  -23.641  -21.057  -36.172 0.0000000000
55917  -24.694  -20.493  -35.149 0.0000000000
55918  -25.357  -20.112  -34.630 0.0000000000
55919  -36.344  -19.685  -32.193 0.0000000000
55920  -36.424  -19.378  -31.996 0.0000000000
55924  -35.695  -19.710  -32.559 0.0000000000
55925  -36.040  -19.288  -32.434 0.0000000000
55926  -36.347  -18.637  -32.274 0.0000000000
55940  -34.410  -19.459  -33.169 0.0000000000
55941  -35.122  -19.405  -32.804 0.0000000000
55942  -35.477  -18.435  -32.903 0.0000000000
55951  -32.598  -19.824  -34.843 0.0000000000
55952  -32.956  -19.544  -34.578 0.0000000000
55953  -33.769  -19.360  -33.695 0.0000000000
55964  -31.459  -19.917  -35.558 0.0000000000
55965  -32.137  -19.633  -35.329 0.0000000000
55966  -32.792  -18.811  -35.089 0.0000000000
55982  -28.698  -19.678  -36.476 0.0000000000
55983  -30.659  -19.604  -36.000 0.0000000000
55984  -31.545  -18.772  -35.899 0.0000000000
56841  -33.536  -19.206  -29.800 0.0000000000
56842  -33.842  -19.128  -29.792 0.0000000000
56843  -34.405  -19.011  -29.838 0.0000000000
56859  -29.988  -20.400  -31.667 0.0000000000
56860  -30.156  -20.058  -31.302 0.0000000000
56861  -30.467  -19.652  -30.616 0.0000000000
56862  -31.099  -19.394  -30.242 0.0000000000
56863  -31.978  -19.184  -30.059 0.0000000000
56864  -33.157  -19.066  -29.886 0.0000000000
56865  -34.124  -18.626  -29.876 0.0000000000
56866  -34.954  -18.625  -29.979 0.0000000000
56867  -35.716  -18.573  -30.313 0.0000000000
56871  -30.206  -20.397  -32.203 0.0000000000
56872  -30.452  -19.683  -31.701 0.0000000000
56873  -36.252  -18.591  -30.740 0.0000000000
56874  -36.544  -18.607  -31.251 0.0000000000
56879  -26.450  -20.598  -34.466 0.0000000000
56880  -27.217  -20.436  -34.477 0.0000000000
56881  -28.336  -20.272  -34.437 0.0000000000
56882  -29.236  -20.302  -34.059 0.0000000000
56883  -29.974  -20.162  -33.294 0.0000000000
56884  -36.601  -18.345  -31.769 0.0000000000
56894  -23.019  -19.675  -36.093 0.0000000000
56895  -24.206  -19.589  -35.525 0.0000000000
56896  -25.142  -19.483  -34.929 0.0000000000
56897  -26.252  -19.768  -34.713 0.0000000000
56898  -27.582  -19.525  -34.703 0.0000000000
56899  -28.494  -19.402  -34.572 0.0000000000
56900  -36.509  -18.062  -32.198 0.0000000000
56908  -35.827  -18.035  -32.793 0.0000000000
56909  -36.247  -17.875  -32.605 0.0000000000
56921  -34.512  -18.810  -33.450 0.0000000000
56922  -35.109  -18.107  -33.654 0.0000000000
56923  -35.626  -17.614  -33.407 0.0000000000
56933  -33.439  -18.508  -34.673 0.0000000000
56934  -34.478  -18.016  -34.488 0.0000000000
56935  -35.163  -17.491  -34.513 0.0000000000
56949  -32.334  -18.459  -35.627 0.0000000000
56950  -33.276  -18.046  -35.713 0.0000000000
56951  -34.028  -17.804  -35.370 0.0000000000
56968  -29.093  -18.416  -36.667 0.0000000000
56969  -30.666  -18.207  -36.443 0.0000000000
56970  -31.780  -17.963  -36.290 0.0000000000
56971  -32.605  -17.799  -36.198 0.0000000000
57806  -30.548  -19.421  -31.121 0.0000000000
57807  -31.007  -19.014  -30.778 0.0000000000
57808  -31.798  -18.701  -30.504 0.0000000000
57809  -32.784  -18.294  -30.331 0.0000000000
57810  -33.722  -18.114  -30.081 0.0000000000
57811  -34.609  -17.914  -30.077 0.0000000000
57812  -35.437  -17.814  -30.219 0.0000000000
57813  -36.075  -17.772  -30.545 0.0000000000
57816  -30.614  -19.810  -32.528 0.0000000000
57817  -31.100  -19.139  -31.841 0.0000000000
57818  -31.695  -18.463  -31.213 0.0000000000
57819  -32.398  -17.932  -30.912 0.0000000000
57820  -33.034  -17.539  -30.762 0.0000000000
57821  -36.481  -17.682  -31.000 0.0000000000
57822  -36.686  -17.491  -31.565 0.0000000000
57827  -29.070  -19.715  -34.327 0.0000000000
57828  -29.891  -19.550  -33.994 0.0000000000
57829  -30.950  -19.316  -33.363 0.0000000000
57830  -31.641  -18.829  -32.902 0.0000000000
57831  -36.746  -17.168  -32.168 0.0000000000
57840  -23.620  -18.292  -35.202 0.0000000000
57841  -24.748  -18.528  -35.195 0.0000000000
57842  -25.837  -18.617  -35.313 0.0000000000
57843  -27.020  -18.628  -35.204 0.0000000000
57844  -28.152  -18.609  -34.849 0.0000000000
57845  -29.285  -18.763  -34.456 0.0000000000
57846  -30.521  -18.648  -34.079 0.0000000000
57847  -31.211  -18.651  -33.822 0.0000000000
57848  -36.595  -17.136  -32.650 0.0000000000
57858  -36.082  -17.318  -33.265 0.0000000000
57859  -36.393  -16.969  -33.152 0.0000000000
57868  -35.535  -17.242  -34.222 0.0000000000
57869  -35.972  -16.837  -34.033 0.0000000000
57870  -36.192  -16.739  -33.647 0.0000000000
57878  -35.074  -17.279  -35.068 0.0000000000
57879  -35.549  -16.893  -35.019 0.0000000000
57880  -35.809  -16.624  -34.641 0.0000000000
57889  -34.018  -17.322  -36.145 0.0000000000
57890  -34.705  -17.193  -35.604 0.0000000000
57891  -35.303  -16.882  -35.533 0.0000000000
57906  -27.730  -17.023  -36.585 0.0000000000
57907  -29.661  -17.180  -36.864 0.0000000000
57908  -31.164  -17.219  -37.075 0.0000000000
57909  -32.306  -17.250  -36.967 0.0000000000
57910  -33.214  -17.282  -36.538 0.0000000000
58717  -33.475  -17.625  -30.467 0.0000000000
58718  -34.195  -17.355  -30.423 0.0000000000
58719  -35.063  -17.160  -30.431 0.0000000000
58720  -35.821  -17.082  -30.566 0.0000000000
58721  -36.302  -17.104  -30.828 0.0000000000
58729  -31.829  -18.510  -32.096 0.0000000000
58730  -32.457  -17.969  -31.856 0.0000000000
58731  -33.057  -17.239  -31.530 0.0000000000
58732  -33.680  -16.957  -30.988 0.0000000000
58733  -34.601  -16.629  -30.932 0.0000000000
58734  -35.444  -16.471  -30.934 0.0000000000
58735  -36.116  -16.482  -31.053 0.0000000000
58736  -36.575  -16.707  -31.356 0.0000000000
58737  -36.762  -16.578  -31.925 0.0000000000
58743  -31.626  -18.658  -33.563 0.0000000000
58744  -32.445  -18.348  -33.224 0.0000000000
58745  -33.292  -17.372  -32.961 0.0000000000
58746  -33.368  -16.837  -32.169 0.0000000000
58747  -36.816  -16.294  -32.386 0.0000000000
58755  -24.209  -17.505  -35.091 0.0000000000
58756  -25.278  -17.656  -35.388 0.0000000000
58757  -26.493  -17.430  -35.657 0.0000000000
58758  -27.742  -17.672  -35.357 0.0000000000
58759  -28.815  -17.717  -34.925 0.0000000000
58760  -30.079  -17.630  -34.756 0.0000000000
58761  -31.595  -17.882  -34.240 0.0000000000
58762  -32.880  -17.348  -33.849 0.0000000000
58763  -33.447  -17.104  -33.566 0.0000000000
58764  -36.753  -16.478  -32.735 0.0000000000
58775  -26.793  -16.592  -35.834 0.0000000000
58776  -27.481  -16.718  -35.673 0.0000000000
58777  -28.479  -16.826  -35.408 0.0000000000
58778  -29.359  -16.995  -35.273 0.0000000000
58779  -36.576  -16.464  -33.162 0.0000000000
58785  -36.090  -16.161  -34.122 0.0000000000
58786  -36.250  -16.323  -33.615 0.0000000000
58795  -35.867  -16.107  -35.157 0.0000000000
58796  -36.050  -16.039  -34.693 0.0000000000
58802  -34.487  -16.503  -36.336 0.0000000000
58803  -35.120  -16.357  -35.989 0.0000000000
58804  -35.501  -16.199  -35.525 0.0000000000
58812  -26.757  -15.541  -36.664 0.0000000000
58813  -28.705  -15.868  -36.839 0.0000000000
58814  -30.450  -16.146  -37.317 0.0000000000
58815  -31.795  -16.332  -37.403 0.0000000000
58816  -32.899  -16.459  -37.119 0.0000000000
58817  -33.770  -16.560  -36.708 0.0000000000
59620  -33.606  -16.731  -31.767 0.0000000000
59621  -34.180  -16.312  -31.666 0.0000000000
59622  -35.001  -15.932  -31.640 0.0000000000
59623  -35.742  -15.909  -31.529 0.0000000000
59624  -36.287  -15.948  -31.616 0.0000000000
59625  -36.622  -15.994  -31.937 0.0000000000
59626  -36.786  -16.045  -32.191 0.0000000000
59631  -33.699  -16.980  -33.408 0.0000000000
59632  -33.981  -16.535  -32.849 0.0000000000
59633  -34.501  -15.749  -32.349 0.0000000000
59634  -34.975  -15.443  -32.369 0.0000000000
59635  -36.569  -15.820  -32.325 0.0000000000
59636  -36.495  -15.771  -32.583 0.0000000000
59644  -23.893  -16.868  -35.498 0.0000000000
59645  -24.915  -16.927  -35.613 0.0000000000
59646  -25.684  -17.117  -35.801 0.0000000000
59647  -30.060  -16.663  -35.293 0.0000000000
59648  -31.011  -16.729  -35.067 0.0000000000
59649  -32.333  -16.357  -34.738 0.0000000000
59650  -33.462  -16.406  -33.715 0.0000000000
59651  -33.992  -15.994  -33.336 0.0000000000
59652  -36.553  -15.904  -32.866 0.0000000000
59665  -24.773  -16.051  -36.242 0.0000000000
59666  -26.037  -16.271  -36.024 0.0000000000
59667  -27.147  -15.844  -35.645 0.0000000000
59668  -28.181  -15.811  -35.480 0.0000000000
59669  -29.331  -15.974  -35.384 0.0000000000
59670  -30.440  -15.851  -35.380 0.0000000000
59671  -31.341  -15.741  -35.244 0.0000000000
59672  -36.494  -15.962  -33.206 0.0000000000
59675  -36.108  -15.641  -34.072 0.0000000000
59676  -36.238  -15.877  -33.587 0.0000000000
59686  -35.946  -15.254  -35.189 0.0000000000
59687  -36.194  -15.303  -34.712 0.0000000000
59694  -34.605  -15.407  -36.304 0.0000000000
59695  -35.284  -15.422  -35.881 0.0000000000
59696  -35.666  -15.520  -35.489 0.0000000000
59700  -27.962  -14.522  -37.158 0.0000000000
59701  -29.681  -14.907  -37.398 0.0000000000
59702  -31.157  -15.190  -37.527 0.0000000000
59703  -32.406  -15.404  -37.318 0.0000000000
59704  -33.408  -15.634  -36.983 0.0000000000
59705  -34.080  -15.822  -36.626 0.0000000000
60565  -35.381  -15.438  -32.194 0.0000000000
60566  -35.845  -15.488  -32.138 0.0000000000
60567  -36.189  -15.609  -32.226 0.0000000000
60568  -36.396  -15.670  -32.282 0.0000000000
60573  -34.399  -15.675  -33.121 0.0000000000
60574  -34.774  -15.279  -32.882 0.0000000000
60575  -35.060  -14.936  -32.929 0.0000000000
60576  -35.405  -15.076  -32.849 0.0000000000
60577  -35.715  -15.196  -32.843 0.0000000000
60578  -36.049  -15.325  -32.811 0.0000000000
60579  -36.226  -15.516  -32.783 0.0000000000
60586  -30.622  -14.032  -35.076 0.0000000000
60587  -31.802  -14.654  -34.828 0.0000000000
60588  -33.010  -15.074  -34.163 0.0000000000
60589  -33.902  -15.203  -33.502 0.0000000000
60590  -34.484  -14.878  -33.169 0.0000000000
60591  -34.793  -14.797  -33.064 0.0000000000
60592  -35.792  -14.951  -33.294 0.0000000000
60593  -36.071  -15.372  -33.083 0.0000000000
60608  -25.599  -15.064  -36.516 0.0000000000
60609  -26.708  -14.921  -35.808 0.0000000000
60610  -27.829  -14.733  -35.508 0.0000000000
60611  -28.954  -14.760  -35.458 0.0000000000
60612  -29.980  -14.916  -35.419 0.0000000000
60613  -30.840  -15.027  -35.260 0.0000000000
60614  -35.987  -14.823  -33.876 0.0000000000
60615  -36.080  -15.475  -33.343 0.0000000000
60623  -36.065  -15.201  -33.990 0.0000000000
60624  -36.048  -15.514  -33.585 0.0000000000
60633  -34.841  -13.572  -35.591 0.0000000000
60634  -35.688  -14.082  -35.032 0.0000000000
60635  -36.152  -14.880  -34.521 0.0000000000
60645  -33.511  -13.961  -36.594 0.0000000000
60646  -34.177  -14.343  -36.365 0.0000000000
60647  -34.792  -14.371  -36.035 0.0000000000
60648  -35.463  -14.675  -35.582 0.0000000000
60656  -27.259  -13.221  -37.237 0.0000000000
60657  -28.902  -13.672  -37.357 0.0000000000
60658  -30.395  -13.927  -37.399 0.0000000000
60659  -31.785  -14.137  -37.216 0.0000000000
60660  -32.987  -14.506  -37.014 0.0000000000
60661  -33.855  -14.949  -36.667 0.0000000000
61637  -31.699  -12.640  -33.310 0.0000000000
61638  -32.044  -12.807  -33.234 0.0000000000
61639  -32.745  -13.041  -33.160 0.0000000000
61640  -34.904  -14.568  -33.216 0.0000000000
61641  -35.132  -14.485  -33.243 0.0000000000
61642  -35.380  -14.475  -33.299 0.0000000000
61643  -35.581  -14.622  -33.332 0.0000000000
61649  -29.245  -12.883  -34.724 0.0000000000
61650  -29.851  -13.074  -34.635 0.0000000000
61651  -31.339  -12.920  -34.018 0.0000000000
61652  -32.415  -13.715  -33.789 0.0000000000
61653  -33.370  -13.908  -33.371 0.0000000000
61654  -34.148  -14.127  -33.266 0.0000000000
61655  -34.773  -14.137  -33.236 0.0000000000
61656  -35.138  -13.601  -33.428 0.0000000000
61657  -35.400  -13.621  -33.597 0.0000000000
61658  -35.645  -14.134  -33.646 0.0000000000
61659  -35.804  -14.728  -33.532 0.0000000000
61672  -26.246  -13.866  -35.899 0.0000000000
61673  -27.346  -13.724  -35.365 0.0000000000
61674  -28.724  -13.351  -35.104 0.0000000000
61675  -29.652  -13.975  -35.276 0.0000000000
61676  -36.038  -13.993  -34.011 0.0000000000
61677  -35.936  -14.937  -33.571 0.0000000000
61688  -35.705  -13.240  -34.562 0.0000000000
61691  -32.910  -11.861  -35.519 0.0000000000
61692  -36.082  -14.345  -34.437 0.0000000000
61704  -31.583  -12.535  -36.606 0.0000000000
61705  -33.766  -13.050  -36.077 0.0000000000
61726  -28.176  -12.477  -37.171 0.0000000000
61727  -29.529  -12.779  -37.175 0.0000000000
61728  -30.911  -12.682  -36.906 0.0000000000
61729  -32.377  -13.048  -36.653 0.0000000000
62729  -31.629  -12.199  -32.869 0.0000000000
62730  -32.429  -12.209  -32.693 0.0000000000
62731  -33.431  -12.491  -32.855 0.0000000000
62732  -34.262  -11.919  -32.863 0.0000000000
62733  -34.776  -11.576  -33.076 0.0000000000
62734  -34.939  -11.405  -33.230 0.0000000000
62739  -25.557  -11.864  -35.267 0.0000000000
62740  -26.458  -11.821  -35.059 0.0000000000
62741  -27.370  -11.825  -34.706 0.0000000000
62742  -28.223  -11.955  -34.386 0.0000000000
62743  -29.177  -12.256  -34.375 0.0000000000
62744  -30.229  -12.189  -33.720 0.0000000000
62745  -30.921  -12.031  -33.061 0.0000000000
62746  -33.840  -13.410  -33.129 0.0000000000
62747  -34.274  -13.116  -33.087 0.0000000000
62748  -34.819  -12.695  -33.216 0.0000000000
62749  -35.190  -12.211  -33.457 0.0000000000
62750  -35.524  -12.637  -33.879 0.0000000000
62751  -35.705  -12.722  -34.195 0.0000000000
62761  -25.784  -12.815  -35.617 0.0000000000
62762  -26.870  -12.734  -35.364 0.0000000000
62763  -27.866  -12.621  -35.049 0.0000000000
62764  -28.521  -12.481  -34.822 0.0000000000
62790  -29.009  -11.072  -36.514 0.0000000000
62807  -27.583  -11.335  -36.893 0.0000000000
62808  -28.744  -11.763  -36.915 0.0000000000
62809  -29.695  -11.963  -36.821 0.0000000000
62810  -30.008  -11.431  -36.279 0.0000000000
63719  -29.131  -10.821  -32.606 0.0000000000
63720  -29.993  -11.082  -32.168 0.0000000000
63721  -30.962  -11.418  -32.104 0.0000000000
63722  -31.943  -11.377  -32.082 0.0000000000
63723  -32.731  -11.259  -32.315 0.0000000000
63724  -33.512  -11.091  -32.456 0.0000000000
63725  -34.135  -10.842  -32.731 0.0000000000
63726  -34.497  -10.846  -33.087 0.0000000000
63730  -26.066  -11.015  -34.708 0.0000000000
63731  -26.859  -11.128  -34.038 0.0000000000
63732  -27.704  -11.301  -33.653 0.0000000000
63733  -28.661  -11.433  -33.479 0.0000000000
63734  -29.607  -11.525  -33.191 0.0000000000
63735  -30.346  -11.636  -32.789 0.0000000000
63736  -34.860  -11.171  -33.375 0.0000000000
63737  -35.221  -11.696  -33.761 0.0000000000
63738  -35.474  -12.086  -34.020 0.0000000000
63746  -34.873  -11.628  -34.079 0.0000000000
63783  -28.120  -9.817  -36.401 0.0000000000
63799  -28.163  -10.847  -36.657 0.0000000000
64707  -32.430  -9.839  -31.717 0.0000000000
64708  -32.606  -9.707  -31.834 0.0000000000
64718  -27.896  -9.887  -32.535 0.0000000000
64719  -28.747  -9.987  -32.278 0.0000000000
64720  -29.636  -10.101  -31.848 0.0000000000
64721  -30.633  -10.239  -31.687 0.0000000000
64722  -31.578  -10.393  -31.648 0.0000000000
64723  -32.303  -10.414  -31.809 0.0000000000
64724  -32.785  -10.100  -32.010 0.0000000000
64725  -33.326  -9.986  -32.436 0.0000000000
64726  -33.597  -9.984  -32.895 0.0000000000
64733  -26.479  -10.370  -33.647 0.0000000000
64734  -27.283  -10.536  -33.093 0.0000000000
64735  -28.249  -10.650  -32.935 0.0000000000
64736  -33.880  -10.356  -33.266 0.0000000000
64737  -34.520  -10.904  -33.652 0.0000000000
64745  -31.467  -8.486  -34.353 0.0000000000
65703  -30.821  -8.336  -31.509 0.0000000000
65704  -31.088  -8.495  -31.504 0.0000000000
65705  -32.263  -9.659  -31.654 0.0000000000
65706  -32.425  -9.575  -31.765 0.0000000000
65718  -27.814  -9.362  -32.403 0.0000000000
65719  -28.362  -9.293  -32.116 0.0000000000
65720  -29.209  -9.193  -31.736 0.0000000000
65721  -30.375  -8.962  -31.528 0.0000000000
65722  -31.371  -9.152  -31.528 0.0000000000
65723  -32.195  -9.380  -31.660 0.0000000000
65724  -32.497  -9.328  -31.884 0.0000000000
65725  -32.617  -9.078  -32.280 0.0000000000
65726  -32.639  -8.969  -32.764 0.0000000000
65737  -26.158  -9.602  -33.681 0.0000000000
65738  -27.110  -9.467  -32.804 0.0000000000
65739  -32.412  -8.717  -31.886 0.0000000000
65740  -32.495  -8.613  -32.095 0.0000000000
65741  -32.501  -8.284  -32.361 0.0000000000
65742  -32.428  -8.897  -33.386 0.0000000000
65743  -32.938  -9.868  -33.891 0.0000000000
65754  -31.542  -7.291  -35.373 0.0000000000
65755  -31.758  -7.880  -34.560 0.0000000000
65756  -31.817  -9.029  -34.033 0.0000000000
65771  -31.146  -7.337  -35.570 0.0000000000
65772  -31.420  -8.046  -34.746 0.0000000000
66682  -31.160  -7.991  -31.532 0.0000000000
66683  -31.684  -7.997  -31.537 0.0000000000
66684  -32.316  -7.611  -31.678 0.0000000000
66685  -32.749  -7.330  -31.788 0.0000000000
66703  -27.945  -8.820  -32.307 0.0000000000
66704  -28.785  -8.503  -31.963 0.0000000000
66705  -29.731  -8.222  -31.679 0.0000000000
66706  -30.676  -7.866  -31.562 0.0000000000
66707  -32.009  -8.453  -31.601 0.0000000000
66708  -32.426  -8.067  -31.841 0.0000000000
66709  -32.941  -7.362  -31.944 0.0000000000
66710  -32.705  -8.096  -32.659 0.0000000000
66711  -32.681  -7.672  -33.392 0.0000000000
66728  -26.589  -8.608  -33.392 0.0000000000
66729  -27.496  -8.310  -32.771 0.0000000000
66730  -32.481  -8.156  -32.061 0.0000000000
66731  -32.567  -8.051  -32.260 0.0000000000
66732  -32.813  -7.707  -32.491 0.0000000000
66733  -32.394  -6.910  -34.613 0.0000000000
66749  -26.668  -7.954  -33.652 0.0000000000
66750  -31.642  -6.442  -36.068 0.0000000000
66751  -32.116  -6.529  -35.644 0.0000000000
67671  -33.148  -6.621  -31.654 0.0000000000
67672  -33.361  -6.571  -31.736 0.0000000000
67698  -31.509  -7.210  -31.545 0.0000000000
67699  -32.291  -7.002  -31.537 0.0000000000
67700  -32.877  -6.845  -31.611 0.0000000000
67701  -33.296  -6.788  -31.796 0.0000000000
67720  -28.378  -7.932  -32.387 0.0000000000
67721  -29.330  -7.518  -32.098 0.0000000000
67722  -30.258  -7.302  -31.819 0.0000000000
67723  -30.956  -7.024  -31.649 0.0000000000
67724  -32.764  -7.657  -32.068 0.0000000000
67725  -33.403  -6.947  -32.225 0.0000000000
67726  -33.317  -6.835  -33.006 0.0000000000
67727  -33.048  -6.122  -34.295 0.0000000000
67745  -27.212  -7.789  -33.364 0.0000000000
67746  -28.087  -7.235  -33.065 0.0000000000
67747  -28.842  -7.164  -32.597 0.0000000000
67748  -32.628  -7.833  -32.180 0.0000000000
67749  -32.866  -7.581  -32.279 0.0000000000
67750  -33.119  -7.293  -32.504 0.0000000000
67751  -32.932  -5.639  -35.467 0.0000000000
67770  -27.536  -7.233  -33.530 0.0000000000
68650  -33.212  -6.394  -31.588 0.0000000000
68651  -33.436  -6.442  -31.683 0.0000000000
68664  -31.505  -6.332  -31.576 0.0000000000
68665  -32.247  -6.218  -31.494 0.0000000000
68666  -33.072  -6.116  -31.502 0.0000000000
68667  -33.647  -6.123  -31.647 0.0000000000
68683  -29.425  -6.782  -32.475 0.0000000000
68684  -30.034  -6.706  -32.146 0.0000000000
68685  -30.817  -6.379  -31.835 0.0000000000
68686  -34.013  -6.009  -31.918 0.0000000000
68687  -34.031  -5.606  -32.657 0.0000000000
68688  -33.723  -4.681  -34.172 0.0000000000
68689  -33.960  -3.398  -35.028 0.0000000000
68706  -28.373  -6.595  -33.307 0.0000000000
68707  -28.991  -6.305  -32.983 0.0000000000
68708  -29.867  -6.126  -32.478 0.0000000000
68709  -30.444  -6.023  -32.137 0.0000000000
68710  -33.351  -4.747  -35.481 0.0000000000
68711  -33.719  -3.510  -35.705 0.0000000000
68732  -27.846  -6.486  -33.712 0.0000000000
68733  -28.477  -6.262  -33.394 0.0000000000
69589  -34.286  -3.994  -31.649 0.0000000000
69590  -34.509  -3.789  -31.706 0.0000000000
69604  -31.415  -5.752  -31.685 0.0000000000
69605  -32.062  -5.407  -31.553 0.0000000000
69606  -32.939  -5.211  -31.515 0.0000000000
69607  -33.939  -4.881  -31.644 0.0000000000
69608  -34.455  -4.032  -31.813 0.0000000000
69609  -34.361  -3.454  -33.738 0.0000000000
69610  -34.405  -3.175  -33.914 0.0000000000
69625  -31.043  -5.454  -31.957 0.0000000000
69626  -31.620  -5.177  -31.715 0.0000000000
69627  -34.158  -5.489  -31.754 0.0000000000
69628  -34.438  -4.697  -32.158 0.0000000000
69629  -34.376  -4.117  -33.303 0.0000000000
69630  -34.297  -3.064  -34.485 0.0000000000
69631  -34.477  -2.232  -35.065 0.0000000000
69650  -29.395  -5.494  -33.288 0.0000000000
69651  -29.894  -5.499  -32.877 0.0000000000
69652  -30.475  -5.440  -32.398 0.0000000000
69653  -34.272  -2.397  -35.898 0.0000000000
69654  -34.401  -2.296  -35.293 0.0000000000
69679  -28.719  -5.662  -33.650 0.0000000000
70554  -34.057  -3.846  -31.635 0.0000000000
70555  -34.403  -3.568  -31.698 0.0000000000
70568  -32.017  -4.746  -31.694 0.0000000000
70569  -32.620  -4.398  -31.633 0.0000000000
70570  -33.447  -4.186  -31.607 0.0000000000
70571  -34.651  -3.549  -31.804 0.0000000000
70572  -34.421  -3.436  -33.495 0.0000000000
70573  -34.440  -3.227  -33.677 0.0000000000
70590  -30.982  -4.872  -32.263 0.0000000000
70591  -31.587  -4.537  -31.984 0.0000000000
70592  -32.164  -4.197  -31.805 0.0000000000
70593  -34.668  -3.597  -32.162 0.0000000000
70594  -34.439  -3.390  -33.064 0.0000000000
70595  -34.452  -2.819  -33.928 0.0000000000
70596  -34.632  -2.094  -34.831 0.0000000000
70614  -29.386  -5.020  -33.628 0.0000000000
70615  -29.921  -4.890  -33.266 0.0000000000
70616  -30.621  -4.616  -32.786 0.0000000000
70617  -31.227  -4.322  -32.399 0.0000000000
70639  -29.042  -4.666  -34.255 0.0000000000
70640  -29.879  -4.377  -33.762 0.0000000000
70641  -30.372  -4.302  -33.337 0.0000000000
71506  -33.697  -3.401  -31.718 0.0000000000
71507  -34.087  -3.048  -31.848 0.0000000000
71508  -34.122  -2.610  -32.226 0.0000000000
71520  -32.529  -3.690  -31.880 0.0000000000
71521  -33.102  -3.358  -31.824 0.0000000000
71522  -34.407  -3.114  -31.987 0.0000000000
71523  -34.232  -2.493  -32.532 0.0000000000
71540  -31.620  -3.913  -32.333 0.0000000000
71541  -32.081  -3.640  -32.127 0.0000000000
71542  -34.548  -3.147  -32.187 0.0000000000
71543  -34.386  -2.640  -32.890 0.0000000000
71544  -34.520  -2.255  -33.677 0.0000000000
71559  -30.811  -3.932  -33.178 0.0000000000
71560  -31.334  -3.656  -32.790 0.0000000000
71561  -31.819  -3.365  -32.469 0.0000000000
71579  -29.886  -3.650  -34.371 0.0000000000
71580  -30.573  -3.619  -33.697 0.0000000000
71581  -31.091  -3.391  -33.288 0.0000000000
72476  -33.573  -2.570  -32.032 0.0000000000
72477  -33.889  -2.299  -32.266 0.0000000000
72478  -33.997  -2.100  -32.535 0.0000000000
72486  -32.669  -2.852  -32.268 0.0000000000
72487  -33.143  -2.458  -32.181 0.0000000000
72488  -34.184  -1.900  -32.707 0.0000000000
72506  -32.210  -2.933  -32.514 0.0000000000
72507  -34.322  -1.898  -32.944 0.0000000000
72518  -31.515  -2.923  -33.185 0.0000000000
72519  -31.918  -2.726  -32.859 0.0000000000
72536  -30.664  -2.779  -34.274 0.0000000000
72537  -31.206  -2.788  -33.674 0.0000000000
73393  -33.745  -1.729  -32.296 0.0000000000
73394  -34.052  -1.666  -32.306 0.0000000000
73395  -34.359  -1.581  -32.413 0.0000000000
73405  -33.014  -1.760  -32.468 0.0000000000
73406  -33.421  -1.708  -32.320 0.0000000000
73407  -34.637  -1.491  -32.630 0.0000000000
73426  -32.318  -1.348  -33.144 0.0000000000
73427  -32.455  -1.939  -32.826 0.0000000000
73437  -31.909  -1.965  -33.378 0.0000000000
73438  -32.109  -2.224  -33.001 0.0000000000
73454  -31.318  -1.913  -34.215 0.0000000000
74305  -34.077  -1.246  -32.001 0.0000000000
74306  -34.539  -1.001  -31.951 0.0000000000
74307  -34.929  -1.119  -32.232 0.0000000000
74320  -33.357  -0.799  -32.241 0.0000000000
74321  -33.803  -0.918  -31.955 0.0000000000
74322  -34.227  -0.772  -31.767 0.0000000000
74338  -32.543  -0.719  -32.920 0.0000000000
74339  -32.928  -0.779  -32.550 0.0000000000
74348  -32.176  -0.764  -33.376 0.0000000000
74363  -31.696  -0.903  -33.972 0.0000000000
75229  -34.789  -0.497  -31.737 0.0000000000
75230  -34.965  -0.577  -31.953 0.0000000000
75235  -33.731  0.060  -31.830 0.0000000000
75236  -34.207  -0.137  -31.713 0.0000000000
75237  -34.550  -0.404  -31.671 0.0000000000
75245  -32.773  0.219  -32.528 0.0000000000
75246  -33.244  0.170  -32.139 0.0000000000
75255  -32.332  0.206  -33.036 0.0000000000
75267  -31.443  0.008  -34.275 0.0000000000
75268  -31.874  0.115  -33.645 0.0000000000
76107  -34.728  -0.218  -31.655 0.0000000000
76108  -34.892  -0.200  -31.821 0.0000000000
76114  -33.636  1.014  -31.815 0.0000000000
76115  -34.238  0.917  -31.676 0.0000000000
76116  -34.651  0.302  -31.774 0.0000000000
76117  -34.921  0.100  -32.050 0.0000000000
76124  -32.550  1.165  -32.684 0.0000000000
76125  -33.065  1.103  -32.159 0.0000000000
76126  -34.608  1.275  -31.844 0.0000000000
76127  -34.850  1.064  -32.056 0.0000000000
76136  -32.078  1.102  -33.340 0.0000000000
76148  -31.305  0.567  -34.471 0.0000000000
76149  -31.555  0.975  -34.098 0.0000000000
76170  -31.396  1.269  -34.412 0.0000000000
76912  -34.098  1.784  -31.840 0.0000000000
76913  -34.521  1.872  -31.794 0.0000000000
76922  -32.840  2.023  -32.456 0.0000000000
76923  -33.496  1.856  -32.045 0.0000000000
76924  -34.760  1.957  -32.028 0.0000000000
76934  -31.881  2.677  -33.632 0.0000000000
76935  -32.234  2.184  -33.066 0.0000000000
76943  -31.625  2.573  -34.282 0.0000000000
76944  -31.835  1.883  -33.773 0.0000000000
76966  -31.481  1.703  -34.402 0.0000000000
77724  -33.905  2.363  -31.817 0.0000000000
77725  -34.390  2.398  -31.906 0.0000000000
77735  -32.419  2.962  -32.779 0.0000000000
77736  -33.071  2.623  -32.276 0.0000000000
77737  -34.655  2.523  -32.052 0.0000000000
77746  -31.759  3.363  -34.065 0.0000000000
77747  -32.035  3.206  -33.396 0.0000000000
77755  -31.359  3.385  -34.792 0.0000000000
78622  -34.545  2.748  -32.054 0.0000000000
78632  -32.644  3.469  -32.937 0.0000000000
78634  -34.473  3.159  -32.722 0.0000000000
78642  -31.953  3.841  -33.966 0.0000000000
78643  -32.284  3.876  -33.660 0.0000000000
78644  -32.570  4.139  -33.538 0.0000000000
78650  -31.610  4.300  -34.736 0.0000000000
78651  -31.945  4.345  -34.316 0.0000000000
78665  -31.073  4.180  -35.216 0.0000000000
79648  -32.949  4.426  -33.910 0.0000000000
79649  -33.622  4.285  -34.006 0.0000000000
79656  -32.053  4.692  -34.589 0.0000000000
79657  -32.488  4.316  -34.393 0.0000000000
79658  -32.902  4.406  -34.449 0.0000000000
79663  -31.465  5.176  -35.264 0.0000000000
79664  -31.759  4.928  -34.945 0.0000000000
79672  -31.110  5.108  -35.489 0.0000000000
80684  -32.981  4.527  -34.917 0.0000000000
80693  -31.836  5.300  -35.248 0.0000000000
80694  -32.148  5.320  -35.324 0.0000000000
80695  -32.597  4.753  -35.079 0.0000000000
80703  -31.268  5.726  -35.685 0.0000000000
80704  -31.544  5.811  -35.684 0.0000000000
80705  -31.791  5.897  -35.671 0.0000000000
80713  -30.985  6.257  -36.019 0.0000000000
80714  -31.257  6.389  -36.046 0.0000000000
81652  -32.732  4.905  -35.313 0.0000000000
81660  -31.620  7.508  -36.465 0.0000000000
81661  -31.848  6.705  -36.226 0.0000000000
81662  -32.630  5.895  -35.765 0.0000000000
81671  -31.438  7.033  -36.343 0.0000000000
81672  -31.633  6.351  -35.993 0.0000000000
81681  -30.750  7.434  -36.351 0.0000000000
81682  -31.117  7.262  -36.272 0.0000000000
82538  -31.815  7.779  -36.522 0.0000000000
82539  -32.212  7.567  -36.550 0.0000000000
82549  -31.483  9.103  -35.628 0.0000000000
82550  -31.685  8.370  -36.157 0.0000000000
82551  -32.139  8.389  -36.212 0.0000000000
82562  -31.052  8.516  -36.097 0.0000000000
82563  -31.316  7.833  -36.279 0.0000000000
83433  -32.572  8.565  -35.991 0.0000000000
83443  -30.805  10.000  -35.514 0.0000000000
83444  -31.313  9.746  -35.468 0.0000000000
83445  -31.889  9.296  -35.391 0.0000000000
83446  -32.527  8.950  -35.487 0.0000000000
83458  -30.440  9.675  -35.801 0.0000000000
83459  -31.084  9.442  -35.682 0.0000000000
84304  -30.204  10.540  -35.368 0.0000000000
84305  -30.786  10.448  -35.302 0.0000000000
84306  -31.522  10.092  -35.396 0.0000000000
84307  -32.377  9.658  -35.333 0.0000000000
85138  -30.013  11.112  -35.337 0.0000000000
85139  -30.838  10.905  -35.251 0.0000000000
113903  -26.098  -40.685  -43.570 0.0000000000
113905  -27.066  -40.840  -42.299 0.0000000000
113906  -26.727  -40.773  -41.802 0.0000000000
113908  -26.446  -39.626  -42.335 0.0000000000
113912  -26.696  -40.409  -41.508 0.0000000000
113923  -26.876  -39.503  -40.970 0.0000000000
113924  -26.670  -39.120  -40.169 0.0000000000
114119  -36.076  -14.066  -34.260 0.0000000000
114120  -35.248  -12.285  -34.490 0.0000000000
114122  -30.673  -9.097  -34.803 0.0000000000
114123  -31.455  -9.254  -34.377 0.0000000000
114126  -33.982  -11.903  -34.899 0.0000000000
114129  -31.144  -10.284  -35.082 0.0000000000
114131  -31.991  -9.409  -33.951 0.0000000000
114133  -32.374  -12.054  -35.890 0.0000000000
114137  -31.228  -11.845  -36.095 0.0000000000
114139  -31.245  -8.268  -34.708 0.0000000000
114140  -29.988  -10.428  -35.589 0.0000000000
114142  -30.019  -9.041  -35.095 0.0000000000
114143  -30.886  -8.147  -34.998 0.0000000000
114144  -29.868  -9.481  -35.223 0.0000000000
114149  -29.591  -8.771  -35.306 0.0000000000
114151  -29.180  -10.373  -36.083 0.0000000000
114154  -29.872  -7.669  -35.762 0.0000000000
114156  -28.829  -8.943  -35.773 0.0000000000
