#!ascii label  , from subject Yale_0050574 vox2ras=TkReg
249
116226  5.797  53.113  -16.041 0.0000000000
116227  4.756  53.295  -15.165 0.0000000000
116915  5.190  54.492  -15.603 0.0000000000
116916  3.940  54.387  -14.438 0.0000000000
116923  6.358  54.270  -17.100 0.0000000000
117617  4.256  56.605  -14.101 0.0000000000
117625  6.281  57.091  -15.149 0.0000000000
117626  5.270  56.442  -14.980 0.0000000000
117627  4.083  55.499  -14.381 0.0000000000
117633  6.645  57.458  -15.280 0.0000000000
117634  6.445  56.265  -15.916 0.0000000000
117637  6.247  55.401  -17.473 0.0000000000
117639  6.028  56.182  -17.706 0.0000000000
118277  5.949  58.098  -14.375 0.0000000000
118278  5.279  57.607  -14.248 0.0000000000
118287  6.366  57.903  -14.727 0.0000000000
118288  5.899  57.282  -14.794 0.0000000000
118294  6.932  58.032  -15.021 0.0000000000
118295  6.792  57.685  -15.417 0.0000000000
118298  6.672  57.197  -16.204 0.0000000000
118299  6.416  57.535  -16.684 0.0000000000
118301  6.425  56.667  -17.039 0.0000000000
118302  5.870  57.206  -17.484 0.0000000000
118969  4.300  58.815  -12.958 0.0000000000
118977  5.933  58.741  -14.078 0.0000000000
118978  4.714  58.316  -13.502 0.0000000000
118984  6.905  58.794  -14.721 0.0000000000
118985  7.079  59.194  -14.870 0.0000000000
118990  7.001  58.264  -15.030 0.0000000000
118991  6.924  58.553  -15.263 0.0000000000
118994  6.608  58.382  -16.097 0.0000000000
118995  6.024  58.343  -16.885 0.0000000000
119651  4.273  60.280  -12.420 0.0000000000
119659  5.385  60.390  -13.040 0.0000000000
119660  4.726  60.036  -12.762 0.0000000000
119668  5.738  60.054  -13.429 0.0000000000
119669  5.078  59.213  -13.381 0.0000000000
119674  6.620  59.856  -14.071 0.0000000000
119675  6.896  59.797  -14.569 0.0000000000
119678  6.998  59.657  -14.955 0.0000000000
119681  6.724  59.418  -15.554 0.0000000000
119682  6.162  59.350  -16.302 0.0000000000
119685  5.435  59.408  -17.215 0.0000000000
120378  5.188  61.632  -12.333 0.0000000000
120379  4.398  60.828  -12.229 0.0000000000
120387  5.532  61.020  -12.839 0.0000000000
120388  4.873  60.639  -12.648 0.0000000000
120394  6.446  60.969  -13.554 0.0000000000
120400  6.789  60.788  -14.079 0.0000000000
120401  6.774  60.626  -14.526 0.0000000000
120404  6.569  60.538  -15.185 0.0000000000
120405  5.939  60.900  -15.750 0.0000000000
120408  6.280  60.124  -15.822 0.0000000000
120409  5.595  60.490  -16.486 0.0000000000
120411  5.218  60.644  -17.438 0.0000000000
121004  4.011  62.817  -11.735 0.0000000000
121014  4.601  62.327  -11.903 0.0000000000
121021  5.783  62.359  -12.412 0.0000000000
121027  6.374  62.156  -13.067 0.0000000000
121033  6.726  61.832  -13.661 0.0000000000
121034  6.802  61.653  -14.077 0.0000000000
121037  6.482  61.568  -14.636 0.0000000000
121038  6.012  61.649  -15.309 0.0000000000
121041  5.388  61.890  -16.363 0.0000000000
121042  5.201  62.725  -17.126 0.0000000000
121044  5.274  61.256  -16.951 0.0000000000
121638  4.165  63.596  -11.615 0.0000000000
121648  6.046  64.287  -12.172 0.0000000000
121649  5.571  63.477  -12.067 0.0000000000
121655  6.145  64.316  -12.400 0.0000000000
121656  6.260  63.587  -12.562 0.0000000000
121662  6.487  63.076  -13.292 0.0000000000
121663  6.248  63.557  -13.563 0.0000000000
121669  6.720  62.317  -13.738 0.0000000000
121670  6.217  62.889  -14.200 0.0000000000
121671  5.485  63.571  -14.883 0.0000000000
121674  6.061  62.226  -14.823 0.0000000000
121675  5.505  62.959  -15.439 0.0000000000
121678  5.207  63.338  -16.711 0.0000000000
122265  4.449  64.726  -11.470 0.0000000000
122266  3.338  64.810  -11.111 0.0000000000
122272  5.973  64.860  -12.062 0.0000000000
122273  5.451  64.738  -11.812 0.0000000000
122280  6.005  64.852  -12.306 0.0000000000
122281  6.069  64.631  -12.419 0.0000000000
122288  6.186  64.338  -12.764 0.0000000000
122289  6.062  64.254  -13.285 0.0000000000
122295  5.687  64.198  -13.891 0.0000000000
122296  5.354  64.251  -14.654 0.0000000000
122298  5.114  64.418  -15.598 0.0000000000
122302  5.102  64.088  -16.317 0.0000000000
122879  3.885  66.637  -10.874 0.0000000000
122880  3.091  65.852  -10.299 0.0000000000
122885  5.481  66.450  -11.806 0.0000000000
122886  4.614  65.775  -11.434 0.0000000000
122887  3.728  65.770  -10.944 0.0000000000
122894  5.810  65.697  -12.064 0.0000000000
122895  5.468  65.650  -11.795 0.0000000000
122902  5.803  65.575  -12.286 0.0000000000
122903  5.854  65.437  -12.568 0.0000000000
122909  5.738  65.347  -13.070 0.0000000000
122910  5.379  65.297  -13.718 0.0000000000
122913  5.052  65.328  -14.491 0.0000000000
123562  4.065  67.478  -10.651 0.0000000000
123563  3.555  67.258  -9.951 0.0000000000
123567  5.645  67.217  -11.754 0.0000000000
123568  4.832  67.390  -11.300 0.0000000000
123574  5.955  67.002  -12.051 0.0000000000
123580  5.836  66.715  -12.164 0.0000000000
123581  5.813  66.534  -12.424 0.0000000000
123587  5.549  66.490  -12.933 0.0000000000
123588  5.052  66.506  -13.658 0.0000000000
124148  4.255  68.343  -10.131 0.0000000000
124149  3.272  68.223  -8.638 0.0000000000
124153  5.858  68.029  -11.623 0.0000000000
124154  5.343  68.471  -10.916 0.0000000000
124161  6.171  67.935  -12.150 0.0000000000
124169  6.073  67.643  -12.302 0.0000000000
124170  5.612  67.567  -12.733 0.0000000000
124682  6.981  69.001  -7.085 0.0000000000
124690  6.800  69.163  -8.121 0.0000000000
124691  5.512  69.340  -8.284 0.0000000000
124692  3.764  69.023  -7.514 0.0000000000
124695  5.364  69.293  -9.961 0.0000000000
124696  4.266  69.091  -8.938 0.0000000000
124699  6.433  69.049  -11.435 0.0000000000
124700  6.231  68.815  -10.975 0.0000000000
124708  6.222  68.746  -12.010 0.0000000000
124715  5.725  68.500  -12.461 0.0000000000
125241  8.471  68.838  -7.279 0.0000000000
125244  7.678  69.245  -8.181 0.0000000000
125245  6.681  69.547  -8.699 0.0000000000
125248  7.280  69.863  -9.164 0.0000000000
125249  6.355  69.635  -9.510 0.0000000000
125252  7.040  69.807  -10.406 0.0000000000
125253  6.509  69.360  -10.517 0.0000000000
125783  9.307  69.224  -6.822 0.0000000000
125786  8.482  69.486  -7.418 0.0000000000
125788  7.638  69.921  -8.337 0.0000000000
125790  7.206  70.176  -9.514 0.0000000000
126287  10.266  70.115  -5.854 0.0000000000
126295  9.994  69.910  -6.387 0.0000000000
126296  9.327  69.987  -6.954 0.0000000000
126299  8.214  70.277  -7.585 0.0000000000
126300  7.806  70.818  -7.531 0.0000000000
126302  7.515  70.237  -8.711 0.0000000000
126303  7.432  70.686  -8.010 0.0000000000
126791  11.172  72.281  -5.297 0.0000000000
126792  10.772  71.474  -5.453 0.0000000000
126793  10.484  70.951  -6.000 0.0000000000
126801  9.881  70.844  -6.441 0.0000000000
126802  8.844  71.020  -6.782 0.0000000000
126805  7.886  71.137  -7.010 0.0000000000
127329  11.215  72.664  -5.464 0.0000000000
127330  10.886  72.216  -5.859 0.0000000000
127331  10.385  71.629  -6.210 0.0000000000
127340  10.418  72.404  -6.198 0.0000000000
127341  9.487  72.004  -6.456 0.0000000000
127342  7.937  72.067  -6.558 0.0000000000
127922  11.645  73.635  -5.292 0.0000000000
127923  11.315  73.424  -5.724 0.0000000000
127934  10.799  73.199  -6.109 0.0000000000
127935  9.966  73.119  -6.362 0.0000000000
127936  8.584  73.157  -6.379 0.0000000000
128499  11.925  74.543  -4.896 0.0000000000
128505  11.721  74.518  -5.482 0.0000000000
128506  11.018  74.385  -6.156 0.0000000000
128507  10.356  74.917  -6.223 0.0000000000
128519  10.438  73.742  -6.300 0.0000000000
128520  9.566  74.284  -6.258 0.0000000000
128521  7.541  74.205  -5.792 0.0000000000
129045  12.358  76.099  -4.769 0.0000000000
129046  12.146  75.563  -4.540 0.0000000000
129058  12.396  76.184  -4.979 0.0000000000
129059  12.110  75.692  -5.046 0.0000000000
129065  11.653  75.501  -5.674 0.0000000000
129066  10.754  75.557  -6.016 0.0000000000
129067  9.675  75.441  -6.137 0.0000000000
129080  8.279  75.256  -5.876 0.0000000000
129081  6.488  75.279  -5.269 0.0000000000
129585  12.301  76.274  -4.600 0.0000000000
129586  12.057  76.490  -4.357 0.0000000000
129599  12.355  76.341  -4.831 0.0000000000
129600  12.152  76.585  -4.864 0.0000000000
129601  11.870  76.989  -5.182 0.0000000000
129612  12.019  76.285  -5.345 0.0000000000
129613  11.229  76.619  -5.561 0.0000000000
129614  9.828  76.532  -5.809 0.0000000000
129615  8.499  76.726  -5.570 0.0000000000
129626  8.772  76.044  -5.836 0.0000000000
129627  7.294  76.259  -5.180 0.0000000000
129628  5.684  76.271  -4.896 0.0000000000
130097  11.511  77.425  -3.765 0.0000000000
130107  11.882  77.433  -4.326 0.0000000000
130108  11.788  77.605  -4.773 0.0000000000
130119  11.373  77.745  -5.207 0.0000000000
130120  10.378  77.705  -5.526 0.0000000000
130121  8.853  77.647  -5.541 0.0000000000
130122  7.422  77.812  -5.282 0.0000000000
130133  7.670  77.111  -5.314 0.0000000000
130134  6.430  77.171  -4.938 0.0000000000
130602  11.523  78.075  -3.807 0.0000000000
130603  11.577  78.281  -4.273 0.0000000000
130612  11.298  78.527  -4.738 0.0000000000
130613  10.682  78.704  -5.218 0.0000000000
130614  9.605  78.788  -5.562 0.0000000000
130615  8.154  78.808  -5.639 0.0000000000
130628  6.192  78.378  -5.295 0.0000000000
131058  8.811  78.301  -1.969 0.0000000000
131071  9.449  78.797  -2.611 0.0000000000
131078  10.944  78.397  -3.376 0.0000000000
131079  10.697  78.916  -3.490 0.0000000000
131085  11.339  78.647  -3.810 0.0000000000
131086  11.115  79.180  -4.190 0.0000000000
131092  10.675  79.413  -4.807 0.0000000000
131093  10.020  79.674  -5.351 0.0000000000
131094  8.861  79.833  -5.773 0.0000000000
131095  7.242  79.742  -5.775 0.0000000000
131106  5.304  79.405  -5.650 0.0000000000
131481  7.581  78.179  -1.551 0.0000000000
131482  6.840  78.613  -2.107 0.0000000000
131491  9.933  79.052  -3.035 0.0000000000
131492  8.695  79.160  -2.865 0.0000000000
131493  7.325  79.019  -2.658 0.0000000000
131502  10.231  79.529  -3.700 0.0000000000
131503  9.547  80.193  -4.093 0.0000000000
131511  10.431  79.962  -4.469 0.0000000000
131512  9.774  80.426  -4.791 0.0000000000
131516  10.135  80.084  -4.973 0.0000000000
131517  9.232  80.452  -5.303 0.0000000000
131518  7.957  80.589  -5.758 0.0000000000
131519  5.979  80.313  -5.670 0.0000000000
131888  7.704  79.370  -3.036 0.0000000000
131889  6.392  79.262  -2.979 0.0000000000
131901  8.241  80.025  -3.768 0.0000000000
131902  7.326  80.619  -4.311 0.0000000000
131903  6.614  81.041  -4.757 0.0000000000
131914  8.797  80.897  -4.755 0.0000000000
131915  7.652  81.356  -5.140 0.0000000000
131916  7.154  81.411  -5.147 0.0000000000
131924  8.273  80.998  -5.386 0.0000000000
131925  7.015  81.031  -5.533 0.0000000000
131926  5.036  80.689  -5.745 0.0000000000
132312  7.368  81.435  -5.139 0.0000000000
132313  6.115  81.135  -5.239 0.0000000000
132328  6.991  81.315  -5.235 0.0000000000
132329  5.653  81.009  -5.437 0.0000000000
135994  6.508  69.606  -11.256 0.0000000000
135996  7.038  70.096  -10.420 0.0000000000
