#!ascii label  , from subject Yale_0050565 vox2ras=TkReg
138
26802  -45.636  34.421  13.065 0.0000000000
26791  -49.599  33.013  17.518 0.0000000000
26416  -44.631  31.562  9.646 0.0000000000
26972  -46.606  34.794  15.036 0.0000000000
26028  -42.123  21.708  11.460 0.0000000000
27331  -50.760  36.795  20.090 0.0000000000
27926  -50.602  38.589  11.768 0.0000000000
26601  -45.833  32.775  10.890 0.0000000000
26808  -43.555  34.362  10.998 0.0000000000
26978  -41.869  34.722  13.255 0.0000000000
26973  -46.367  34.557  13.938 0.0000000000
26586  -47.310  32.192  14.320 0.0000000000
26800  -46.845  33.696  12.444 0.0000000000
26237  -47.286  29.529  11.293 0.0000000000
26035  -39.851  25.418  8.493 0.0000000000
26223  -39.127  23.757  11.827 0.0000000000
26218  -36.680  25.847  11.799 0.0000000000
26244  -43.014  29.519  9.867 0.0000000000
26430  -41.912  33.069  8.144 0.0000000000
26815  -43.738  35.014  7.942 0.0000000000
26788  -46.375  33.995  16.843 0.0000000000
25863  -46.232  23.148  11.787 0.0000000000
25869  -44.544  25.502  9.920 0.0000000000
27155  -50.578  35.549  18.379 0.0000000000
27735  -51.782  37.920  17.683 0.0000000000
27332  -49.883  36.478  17.314 0.0000000000
27343  -47.676  36.273  15.680 0.0000000000
26213  -39.387  25.285  14.712 0.0000000000
26390  -38.328  27.114  16.222 0.0000000000
26801  -45.260  33.449  11.898 0.0000000000
26805  -44.431  33.460  11.251 0.0000000000
26975  -42.428  34.790  14.148 0.0000000000
26974  -45.519  34.926  13.650 0.0000000000
26596  -47.366  32.661  11.685 0.0000000000
26039  -39.527  27.074  8.804 0.0000000000
26036  -38.959  24.137  10.283 0.0000000000
26422  -43.272  33.613  8.098 0.0000000000
26605  -44.205  33.766  8.737 0.0000000000
26979  -41.565  35.471  12.535 0.0000000000
26986  -42.617  36.108  10.796 0.0000000000
27158  -46.887  35.725  15.758 0.0000000000
26580  -45.929  31.960  16.663 0.0000000000
26403  -48.683  30.341  13.113 0.0000000000
26030  -47.551  25.980  12.795 0.0000000000
26238  -46.312  30.508  10.577 0.0000000000
26041  -45.791  27.647  10.890 0.0000000000
26239  -44.837  29.191  10.447 0.0000000000
26043  -43.472  27.067  10.265 0.0000000000
26786  -50.936  34.083  18.554 0.0000000000
27154  -50.894  35.115  18.730 0.0000000000
27923  -52.205  40.287  16.610 0.0000000000
27922  -51.470  39.862  15.408 0.0000000000
27517  -50.226  38.080  16.633 0.0000000000
27742  -50.147  38.935  14.834 0.0000000000
27523  -48.420  37.224  15.554 0.0000000000
27740  -48.853  37.822  14.588 0.0000000000
26819  -41.501  34.019  7.847 0.0000000000
26026  -43.059  21.431  12.995 0.0000000000
26215  -41.326  22.542  13.855 0.0000000000
26222  -37.305  25.933  13.215 0.0000000000
26399  -37.706  26.650  14.533 0.0000000000
26600  -44.821  33.254  9.873 0.0000000000
26794  -46.832  33.572  14.602 0.0000000000
26798  -47.103  33.735  13.404 0.0000000000
26588  -48.181  32.408  12.915 0.0000000000
26404  -49.017  31.333  12.107 0.0000000000
26231  -49.849  29.196  11.838 0.0000000000
26594  -48.001  32.110  11.351 0.0000000000
26595  -46.599  31.996  10.728 0.0000000000
26034  -40.949  23.344  9.660 0.0000000000
26243  -41.092  29.347  9.210 0.0000000000
26415  -40.169  30.874  9.002 0.0000000000
26421  -42.511  31.357  9.064 0.0000000000
26822  -42.758  34.823  7.588 0.0000000000
27004  -42.681  35.757  7.639 0.0000000000
26809  -43.861  35.324  8.984 0.0000000000
26995  -43.096  36.045  9.126 0.0000000000
26790  -47.806  33.135  17.451 0.0000000000
26384  -48.099  31.580  17.720 0.0000000000
26387  -46.347  31.309  17.314 0.0000000000
26392  -46.402  29.601  15.256 0.0000000000
25861  -44.511  21.688  11.488 0.0000000000
26031  -47.288  27.130  11.248 0.0000000000
25865  -46.731  25.045  10.488 0.0000000000
25860  -43.738  22.137  10.480 0.0000000000
25868  -42.773  23.908  9.316 0.0000000000
26051  -41.578  27.377  9.175 0.0000000000
27521  -44.759  35.902  13.651 0.0000000000
27162  -43.575  35.257  14.352 0.0000000000
26573  -50.723  32.935  17.775 0.0000000000
26970  -49.807  34.480  17.782 0.0000000000
27734  -51.595  38.402  19.627 0.0000000000
27916  -52.819  39.182  17.721 0.0000000000
27516  -51.469  37.298  18.366 0.0000000000
27157  -49.804  35.606  17.348 0.0000000000
27156  -48.256  35.643  16.729 0.0000000000
27344  -46.738  35.387  14.171 0.0000000000
27531  -46.140  35.510  13.122 0.0000000000
26224  -39.136  24.324  13.036 0.0000000000
26803  -43.636  33.930  12.900 0.0000000000
26574  -50.280  31.664  17.402 0.0000000000
26037  -37.920  26.384  8.902 0.0000000000
26789  -45.996  33.553  15.913 0.0000000000
27153  -50.419  35.652  19.849 0.0000000000
26969  -50.631  34.870  19.224 0.0000000000
27927  -51.258  39.587  13.449 0.0000000000
26029  -41.327  21.966  12.502 0.0000000000
27178  -43.059  36.461  8.434 0.0000000000
26581  -46.085  31.791  15.661 0.0000000000
26022  -45.078  22.190  13.281 0.0000000000
25859  -46.432  23.957  11.028 0.0000000000
26240  -48.521  29.175  11.649 0.0000000000
26230  -48.456  28.017  12.188 0.0000000000
25870  -46.235  25.773  10.393 0.0000000000
25864  -45.282  24.022  10.274 0.0000000000
27737  -51.650  38.843  16.963 0.0000000000
27736  -52.414  38.287  18.310 0.0000000000
27744  -46.340  36.718  12.307 0.0000000000
26604  -39.518  31.853  8.712 0.0000000000
26211  -38.469  27.368  17.804 0.0000000000
26033  -39.240  24.619  9.114 0.0000000000
26228  -35.746  27.292  10.274 0.0000000000
26987  -43.506  35.370  10.133 0.0000000000
26400  -47.752  30.372  14.045 0.0000000000
26042  -44.651  27.294  10.805 0.0000000000
28096  -51.510  40.702  14.205 0.0000000000
27741  -50.528  38.834  16.347 0.0000000000
26229  -49.582  29.124  12.257 0.0000000000
26408  -49.463  29.854  11.779 0.0000000000
26411  -47.990  30.803  11.278 0.0000000000
26236  -39.122  28.476  8.879 0.0000000000
25862  -43.521  21.387  11.026 0.0000000000
26040  -42.393  25.364  9.117 0.0000000000
26038  -40.199  26.172  8.358 0.0000000000
27915  -53.003  39.736  18.213 0.0000000000
27330  -51.103  36.048  19.044 0.0000000000
27522  -47.642  36.078  12.986 0.0000000000
26209  -39.907  25.184  16.808 0.0000000000
