#!ascii label  , from subject Yale_0050565 vox2ras=TkReg
621
6769  -25.321  -52.757  4.324 0.0000000000
13256  -33.430  -29.275  -1.728 0.0000000000
12509  -20.495  -31.885  -0.160 0.0000000000
11237  -29.932  -35.652  6.954 0.0000000000
9184  -20.078  -44.298  0.883 0.0000000000
10471  -25.905  -38.249  -1.105 0.0000000000
15622  -31.875  -18.914  -1.360 0.0000000000
11253  -20.207  -36.132  4.842 0.0000000000
12267  -25.534  -33.032  1.909 0.0000000000
10121  -25.536  -38.529  5.771 0.0000000000
5245  -24.098  -60.416  3.166 0.0000000000
6268  -20.634  -54.628  -2.286 0.0000000000
8007  -21.408  -48.686  5.250 0.0000000000
9860  -26.588  -42.837  0.816 0.0000000000
8635  -28.280  -45.868  2.120 0.0000000000
14041  -25.951  -29.626  -3.824 0.0000000000
14897  -25.909  -24.043  -3.061 0.0000000000
16616  -27.957  -18.198  -5.841 0.0000000000
14278  -30.634  -26.313  -3.300 0.0000000000
4100  -23.726  -62.199  6.272 0.0000000000
6261  -25.805  -56.308  1.617 0.0000000000
8033  -21.700  -48.635  0.101 0.0000000000
14033  -21.434  -28.886  -1.383 0.0000000000
13510  -25.752  -29.306  1.359 0.0000000000
12748  -31.453  -31.732  5.226 0.0000000000
31719  -13.000  -48.327  -0.167 0.0000000000
9872  -16.167  -37.424  -0.609 0.0000000000
10460  -24.183  -36.829  1.204 0.0000000000
10751  -29.203  -37.217  2.088 0.0000000000
12024  -28.263  -31.036  0.915 0.0000000000
9888  -19.953  -41.245  -2.656 0.0000000000
12042  -21.482  -31.492  -2.793 0.0000000000
12539  -29.976  -29.864  -4.547 0.0000000000
31784  -27.005  -24.136  -5.176 0.0000000000
15180  -30.219  -18.983  -6.291 0.0000000000
16847  -33.895  -15.714  -4.725 0.0000000000
17325  -32.737  -17.040  -10.031 0.0000000000
10438  -22.713  -38.697  5.302 0.0000000000
9640  -19.012  -38.686  4.787 0.0000000000
6248  -22.970  -53.797  2.988 0.0000000000
5775  -23.207  -57.562  -1.730 0.0000000000
6512  -21.940  -52.774  1.245 0.0000000000
6780  -19.216  -52.091  -0.396 0.0000000000
7702  -23.771  -48.754  6.122 0.0000000000
8887  -26.374  -45.641  5.410 0.0000000000
8012  -26.842  -47.721  4.053 0.0000000000
13783  -28.869  -30.193  -2.842 0.0000000000
14284  -26.140  -26.658  -5.146 0.0000000000
14045  -29.988  -27.668  -4.282 0.0000000000
14896  -26.682  -24.192  -2.176 0.0000000000
13788  -31.136  -28.166  -3.714 0.0000000000
4719  -27.684  -60.772  3.024 0.0000000000
5505  -25.610  -58.680  3.897 0.0000000000
6271  -24.287  -57.832  -1.196 0.0000000000
6783  -22.639  -54.121  -0.906 0.0000000000
6525  -23.749  -56.610  -3.921 0.0000000000
13775  -20.858  -28.922  -0.582 0.0000000000
11734  -26.267  -35.380  4.237 0.0000000000
12751  -26.032  -31.203  3.424 0.0000000000
12265  -28.546  -32.661  3.637 0.0000000000
13018  -29.673  -30.684  4.900 0.0000000000
11728  -29.719  -33.466  5.024 0.0000000000
8639  -15.279  -46.387  -0.777 0.0000000000
9407  -15.847  -41.561  -0.274 0.0000000000
9187  -17.460  -41.789  -0.218 0.0000000000
10137  -19.971  -37.578  -0.058 0.0000000000
10138  -21.939  -39.391  -0.217 0.0000000000
9885  -29.090  -40.118  -1.020 0.0000000000
10148  -28.847  -39.654  -0.130 0.0000000000
10759  -28.376  -37.530  -0.791 0.0000000000
11760  -27.997  -33.622  2.706 0.0000000000
11266  -23.939  -33.898  0.495 0.0000000000
8664  -20.759  -47.037  -3.502 0.0000000000
9200  -20.834  -44.980  -2.339 0.0000000000
12050  -23.853  -31.028  -6.420 0.0000000000
12036  -25.753  -30.089  -2.819 0.0000000000
12303  -25.778  -29.338  -4.884 0.0000000000
31786  -28.159  -26.753  -4.998 0.0000000000
13269  -25.704  -26.239  -6.824 0.0000000000
15181  -33.068  -18.700  -4.834 0.0000000000
16068  -30.366  -17.395  -3.500 0.0000000000
16860  -29.949  -18.666  -8.171 0.0000000000
16617  -30.971  -16.375  -4.821 0.0000000000
17072  -32.703  -15.944  -7.003 0.0000000000
16380  -32.385  -16.852  -3.430 0.0000000000
11994  -21.066  -33.929  1.444 0.0000000000
12272  -22.572  -32.920  0.703 0.0000000000
11732  -21.753  -35.157  4.182 0.0000000000
11248  -24.577  -36.625  5.627 0.0000000000
10441  -27.183  -37.935  6.117 0.0000000000
5520  -20.900  -60.154  -2.101 0.0000000000
8624  -21.942  -47.264  1.944 0.0000000000
9645  -22.108  -42.446  0.794 0.0000000000
9171  -24.032  -45.276  4.064 0.0000000000
9185  -28.420  -44.216  2.073 0.0000000000
9203  -27.846  -43.823  -1.321 0.0000000000
14282  -23.624  -27.832  -5.665 0.0000000000
14587  -24.636  -26.363  -5.815 0.0000000000
15634  -25.319  -22.208  -6.014 0.0000000000
16073  -26.619  -20.370  -5.486 0.0000000000
15625  -26.900  -20.916  -3.558 0.0000000000
15400  -28.540  -21.091  -1.208 0.0000000000
15163  -31.033  -21.316  -1.040 0.0000000000
4391  -20.994  -61.618  5.766 0.0000000000
5504  -24.240  -57.816  5.490 0.0000000000
6513  -26.897  -54.158  3.266 0.0000000000
7716  -24.847  -49.685  2.984 0.0000000000
7246  -24.518  -51.747  1.027 0.0000000000
7736  -21.487  -49.202  -2.571 0.0000000000
14270  -20.241  -28.709  -3.682 0.0000000000
13241  -22.211  -29.818  0.708 0.0000000000
13509  -22.427  -29.371  -0.063 0.0000000000
14034  -23.433  -29.846  -2.468 0.0000000000
13778  -25.394  -29.829  -1.326 0.0000000000
13517  -30.539  -29.248  0.213 0.0000000000
12760  -33.409  -30.259  1.540 0.0000000000
18051  -35.479  -11.211  -10.350 0.0000000000
16848  -36.676  -14.355  -4.602 0.0000000000
8904  -13.102  -44.153  0.766 0.0000000000
9865  -13.846  -37.660  0.578 0.0000000000
10132  -15.654  -36.088  1.883 0.0000000000
10452  -19.620  -36.049  2.062 0.0000000000
10447  -24.962  -36.288  3.713 0.0000000000
10448  -28.026  -36.995  3.967 0.0000000000
9875  -24.070  -40.223  0.006 0.0000000000
10458  -28.024  -37.222  2.562 0.0000000000
11012  -30.732  -36.466  5.197 0.0000000000
11756  -29.287  -32.959  3.980 0.0000000000
11762  -28.375  -32.332  2.760 0.0000000000
12032  -31.975  -31.661  -1.217 0.0000000000
8346  -24.712  -46.796  1.890 0.0000000000
8933  -23.959  -44.601  -0.208 0.0000000000
9889  -22.145  -40.126  -1.670 0.0000000000
10762  -19.518  -37.241  -2.935 0.0000000000
11023  -22.513  -35.582  -0.862 0.0000000000
11772  -23.027  -31.812  -0.349 0.0000000000
12038  -28.726  -31.506  -2.317 0.0000000000
12528  -33.213  -30.786  -4.014 0.0000000000
13040  -31.343  -27.690  -4.016 0.0000000000
14052  -29.163  -24.841  -3.667 0.0000000000
14589  -29.569  -22.550  -2.882 0.0000000000
31787  -26.638  -22.372  -8.249 0.0000000000
14913  -29.003  -19.804  -4.481 0.0000000000
15170  -31.074  -19.687  -1.995 0.0000000000
16075  -35.363  -18.053  -3.109 0.0000000000
16382  -35.729  -16.636  -4.115 0.0000000000
17564  -34.902  -12.997  -6.648 0.0000000000
17574  -33.694  -13.489  -10.072 0.0000000000
9633  -21.971  -40.698  6.108 0.0000000000
6768  -23.856  -52.860  3.752 0.0000000000
7003  -23.712  -51.490  4.197 0.0000000000
7006  -22.141  -50.984  3.228 0.0000000000
7464  -24.027  -50.050  5.371 0.0000000000
7465  -25.630  -49.074  5.637 0.0000000000
7469  -26.531  -49.061  4.955 0.0000000000
13519  -32.085  -29.376  -1.554 0.0000000000
13784  -30.617  -29.431  -2.825 0.0000000000
13787  -30.339  -28.672  -3.835 0.0000000000
13259  -32.140  -28.599  -3.345 0.0000000000
4724  -28.778  -60.865  1.273 0.0000000000
5776  -27.178  -60.058  -0.060 0.0000000000
5777  -26.031  -59.559  0.768 0.0000000000
6021  -25.724  -59.082  -1.428 0.0000000000
6273  -23.314  -57.686  -2.735 0.0000000000
13024  -20.882  -29.921  0.024 0.0000000000
11726  -27.864  -35.367  6.406 0.0000000000
11478  -29.695  -34.607  5.820 0.0000000000
12505  -29.296  -32.067  4.977 0.0000000000
8640  -19.725  -46.761  0.148 0.0000000000
8342  -15.937  -48.128  -0.671 0.0000000000
8916  -18.364  -44.433  0.028 0.0000000000
9408  -19.043  -42.620  0.188 0.0000000000
9650  -19.760  -40.594  -0.203 0.0000000000
10466  -28.113  -38.732  -1.218 0.0000000000
11020  -28.254  -36.620  0.009 0.0000000000
11024  -25.996  -36.389  -0.235 0.0000000000
8932  -20.378  -45.488  -3.705 0.0000000000
12535  -26.245  -28.624  -5.335 0.0000000000
13046  -26.668  -27.337  -5.440 0.0000000000
11746  -19.867  -34.720  3.328 0.0000000000
11747  -22.023  -34.457  3.047 0.0000000000
9846  -23.980  -39.229  6.038 0.0000000000
11007  -23.554  -37.407  5.123 0.0000000000
10439  -24.605  -38.414  6.170 0.0000000000
11009  -25.820  -36.733  6.733 0.0000000000
5255  -24.746  -60.660  1.247 0.0000000000
6015  -22.124  -56.310  -2.379 0.0000000000
5781  -21.284  -58.802  -3.110 0.0000000000
5780  -20.111  -58.505  -3.210 0.0000000000
6267  -18.293  -54.848  -3.171 0.0000000000
7231  -20.567  -49.669  3.446 0.0000000000
7010  -18.398  -51.045  1.004 0.0000000000
8327  -20.886  -48.664  3.281 0.0000000000
8891  -22.761  -47.124  3.451 0.0000000000
8906  -22.956  -45.837  3.162 0.0000000000
8617  -23.056  -47.147  5.129 0.0000000000
8899  -28.593  -44.978  3.670 0.0000000000
9173  -27.438  -44.743  4.373 0.0000000000
8636  -29.349  -44.826  1.343 0.0000000000
8922  -29.349  -44.564  -0.455 0.0000000000
8658  -28.560  -45.328  -0.188 0.0000000000
14047  -23.922  -28.918  -4.796 0.0000000000
14285  -23.852  -26.966  -5.697 0.0000000000
14283  -24.816  -27.536  -5.629 0.0000000000
14906  -25.688  -24.832  -4.508 0.0000000000
15167  -25.353  -23.155  -5.245 0.0000000000
15635  -26.034  -21.790  -4.936 0.0000000000
15402  -25.829  -22.373  -2.954 0.0000000000
14583  -29.776  -25.055  -2.536 0.0000000000
15162  -28.114  -23.406  -1.007 0.0000000000
14899  -29.770  -23.534  -0.904 0.0000000000
15399  -29.610  -21.852  -0.620 0.0000000000
14584  -30.511  -24.459  -2.226 0.0000000000
4099  -24.669  -62.983  4.841 0.0000000000
4707  -22.412  -60.742  6.431 0.0000000000
6009  -25.002  -57.563  2.221 0.0000000000
5503  -25.185  -57.817  4.637 0.0000000000
6004  -25.560  -56.236  3.076 0.0000000000
6001  -25.512  -55.146  3.918 0.0000000000
6520  -27.206  -53.656  2.400 0.0000000000
7014  -26.313  -53.058  1.411 0.0000000000
7016  -25.217  -53.705  0.426 0.0000000000
7255  -22.463  -52.537  -2.435 0.0000000000
7496  -21.884  -50.649  -2.062 0.0000000000
7497  -22.401  -50.985  -3.493 0.0000000000
7737  -21.669  -49.996  -3.952 0.0000000000
14268  -19.675  -28.495  -3.033 0.0000000000
12511  -23.555  -31.783  1.122 0.0000000000
13242  -25.163  -29.854  2.652 0.0000000000
13776  -23.469  -29.363  -0.707 0.0000000000
13777  -26.240  -29.546  0.253 0.0000000000
12747  -30.612  -31.644  5.500 0.0000000000
13506  -30.081  -29.367  2.000 0.0000000000
13020  -31.292  -30.289  4.530 0.0000000000
13237  -32.634  -29.767  2.436 0.0000000000
13021  -32.361  -30.724  4.086 0.0000000000
18055  -36.017  -11.809  -11.752 0.0000000000
7240  -12.836  -49.992  -0.613 0.0000000000
7471  -11.706  -49.461  0.275 0.0000000000
8015  -11.848  -47.671  0.635 0.0000000000
8628  -12.918  -46.487  -0.454 0.0000000000
9649  -15.635  -39.350  -0.074 0.0000000000
10136  -15.040  -36.380  0.582 0.0000000000
10451  -16.901  -35.796  0.903 0.0000000000
10133  -17.349  -36.011  2.054 0.0000000000
10462  -16.630  -36.143  -0.000 0.0000000000
10140  -22.077  -37.820  0.257 0.0000000000
10753  -22.196  -36.842  1.049 0.0000000000
10454  -23.581  -36.502  2.548 0.0000000000
10130  -26.153  -36.612  4.366 0.0000000000
10449  -26.426  -36.412  3.080 0.0000000000
9869  -23.742  -41.918  0.457 0.0000000000
9870  -25.722  -41.711  0.481 0.0000000000
10457  -28.817  -38.214  1.282 0.0000000000
10459  -29.197  -37.382  3.033 0.0000000000
11015  -29.269  -35.800  3.459 0.0000000000
11256  -29.465  -34.519  4.747 0.0000000000
11491  -29.001  -34.400  3.740 0.0000000000
11764  -27.174  -33.208  2.212 0.0000000000
12023  -29.084  -31.638  1.860 0.0000000000
12033  -31.479  -31.489  1.501 0.0000000000
12025  -29.949  -31.275  0.353 0.0000000000
7717  -23.704  -49.435  1.889 0.0000000000
8023  -24.365  -47.944  2.642 0.0000000000
8657  -22.206  -46.735  1.047 0.0000000000
9664  -19.934  -42.375  -2.523 0.0000000000
9201  -21.649  -44.305  -1.448 0.0000000000
9669  -21.577  -41.953  -1.703 0.0000000000
9424  -23.446  -42.408  -0.961 0.0000000000
11776  -20.280  -32.342  -3.355 0.0000000000
11500  -20.181  -33.045  -2.353 0.0000000000
10763  -20.665  -36.682  -1.837 0.0000000000
11265  -21.062  -34.259  -1.391 0.0000000000
11501  -22.180  -33.527  -0.514 0.0000000000
12026  -22.901  -30.957  -1.707 0.0000000000
12300  -28.332  -30.601  -3.760 0.0000000000
12044  -27.338  -30.701  -2.914 0.0000000000
12301  -30.261  -31.237  -4.213 0.0000000000
12297  -31.569  -31.988  -3.867 0.0000000000
12532  -31.540  -31.067  -4.474 0.0000000000
12772  -33.478  -29.728  -3.879 0.0000000000
12780  -31.122  -28.728  -4.881 0.0000000000
31782  -28.078  -25.087  -4.122 0.0000000000
31783  -28.488  -26.054  -4.487 0.0000000000
14597  -28.171  -24.234  -4.183 0.0000000000
14286  -29.142  -23.996  -3.512 0.0000000000
14593  -28.289  -21.842  -4.034 0.0000000000
14917  -27.718  -20.177  -7.040 0.0000000000
15174  -31.200  -18.939  -4.106 0.0000000000
15175  -31.661  -18.934  -3.256 0.0000000000
15404  -33.527  -19.379  -2.233 0.0000000000
16076  -36.946  -17.653  -4.236 0.0000000000
16383  -37.190  -16.112  -4.686 0.0000000000
16378  -26.923  -19.022  -5.762 0.0000000000
16859  -28.242  -19.541  -8.587 0.0000000000
17075  -31.376  -18.427  -8.205 0.0000000000
17081  -30.915  -18.359  -9.682 0.0000000000
17069  -33.232  -15.321  -5.916 0.0000000000
17324  -33.723  -14.525  -9.279 0.0000000000
17319  -34.111  -13.774  -7.799 0.0000000000
17070  -34.819  -14.230  -5.847 0.0000000000
11008  -21.727  -37.172  4.999 0.0000000000
9632  -23.457  -39.044  5.459 0.0000000000
9859  -22.149  -37.876  4.695 0.0000000000
5998  -22.787  -55.392  3.169 0.0000000000
5765  -23.779  -57.398  1.250 0.0000000000
5999  -22.841  -55.751  1.951 0.0000000000
6516  -21.978  -53.252  -0.136 0.0000000000
6519  -21.883  -54.246  -1.566 0.0000000000
6779  -20.841  -52.844  -0.758 0.0000000000
7011  -20.632  -51.244  1.958 0.0000000000
7232  -21.312  -50.160  3.705 0.0000000000
8006  -23.240  -48.005  6.107 0.0000000000
8618  -24.631  -46.307  5.691 0.0000000000
8322  -25.578  -47.017  6.094 0.0000000000
8328  -27.628  -46.355  4.945 0.0000000000
8334  -27.396  -46.680  3.345 0.0000000000
14044  -26.190  -28.443  -4.816 0.0000000000
13786  -28.718  -29.562  -3.775 0.0000000000
14048  -28.352  -27.505  -4.697 0.0000000000
14582  -26.522  -25.293  -3.971 0.0000000000
14276  -29.166  -26.616  -4.269 0.0000000000
4116  -27.461  -62.213  2.832 0.0000000000
4395  -26.080  -62.009  4.967 0.0000000000
4711  -25.295  -61.013  5.997 0.0000000000
5246  -26.495  -59.933  3.591 0.0000000000
6013  -25.301  -58.185  0.894 0.0000000000
6265  -25.572  -56.905  0.171 0.0000000000
6782  -23.888  -54.925  -0.333 0.0000000000
6523  -23.984  -57.064  -0.721 0.0000000000
6785  -22.393  -54.635  -1.786 0.0000000000
6786  -22.782  -54.883  -2.931 0.0000000000
11989  -27.150  -34.129  2.964 0.0000000000
12506  -26.004  -32.301  2.298 0.0000000000
12266  -27.558  -33.104  2.714 0.0000000000
12746  -27.891  -31.159  4.326 0.0000000000
13505  -27.818  -29.461  2.660 0.0000000000
13236  -27.712  -30.001  3.751 0.0000000000
12501  -30.194  -32.798  5.215 0.0000000000
8638  -14.422  -48.711  -0.926 0.0000000000
8632  -14.163  -47.212  -0.718 0.0000000000
8633  -14.386  -44.440  -0.783 0.0000000000
9873  -18.314  -39.225  -0.278 0.0000000000
10463  -18.244  -36.654  -0.088 0.0000000000
9646  -28.443  -41.996  0.287 0.0000000000
9877  -28.436  -40.558  0.019 0.0000000000
9656  -29.200  -40.858  -0.685 0.0000000000
10464  -29.353  -38.526  -0.348 0.0000000000
10755  -29.278  -37.265  0.265 0.0000000000
11261  -28.153  -35.652  1.911 0.0000000000
11263  -26.719  -35.323  1.009 0.0000000000
11496  -25.893  -33.257  1.617 0.0000000000
8363  -21.300  -47.928  -2.586 0.0000000000
8662  -21.404  -45.929  -1.551 0.0000000000
9204  -19.871  -43.649  -4.091 0.0000000000
9665  -19.657  -42.164  -3.376 0.0000000000
12047  -22.241  -31.098  -4.718 0.0000000000
12296  -23.027  -30.354  -3.062 0.0000000000
12043  -24.342  -30.075  -4.097 0.0000000000
12048  -26.604  -29.668  -4.134 0.0000000000
12538  -28.008  -28.854  -4.616 0.0000000000
12781  -30.169  -28.630  -4.906 0.0000000000
13270  -26.441  -26.176  -5.588 0.0000000000
31785  -26.523  -25.235  -5.857 0.0000000000
16074  -28.814  -17.944  -3.658 0.0000000000
16853  -28.926  -18.541  -7.156 0.0000000000
16851  -29.696  -17.354  -5.826 0.0000000000
16855  -30.718  -17.721  -6.688 0.0000000000
17076  -31.889  -17.547  -7.210 0.0000000000
17077  -32.340  -17.636  -8.584 0.0000000000
16852  -31.344  -16.384  -5.862 0.0000000000
12003  -18.259  -33.549  1.271 0.0000000000
12271  -20.760  -32.974  0.288 0.0000000000
12510  -21.821  -31.508  0.077 0.0000000000
11988  -23.551  -33.587  1.610 0.0000000000
11987  -24.820  -34.078  2.477 0.0000000000
11247  -22.334  -36.096  4.759 0.0000000000
11476  -23.776  -36.150  4.939 0.0000000000
11733  -24.910  -35.289  3.886 0.0000000000
11477  -25.849  -35.938  5.639 0.0000000000
11236  -28.785  -36.378  7.517 0.0000000000
5513  -24.252  -58.958  -0.161 0.0000000000
5263  -21.094  -61.434  -0.923 0.0000000000
6777  -17.528  -52.861  -2.341 0.0000000000
8629  -20.206  -47.595  0.472 0.0000000000
8913  -21.586  -46.115  1.513 0.0000000000
9402  -20.303  -42.663  0.565 0.0000000000
9180  -21.503  -44.492  1.838 0.0000000000
9401  -23.096  -43.474  1.979 0.0000000000
9641  -25.015  -43.218  1.417 0.0000000000
9172  -25.298  -44.406  3.486 0.0000000000
9643  -28.087  -43.296  0.959 0.0000000000
9193  -29.786  -42.620  -0.596 0.0000000000
9418  -28.780  -42.798  -1.480 0.0000000000
10165  -25.953  -39.824  -1.388 0.0000000000
14281  -22.628  -27.215  -5.930 0.0000000000
14592  -22.280  -26.257  -6.046 0.0000000000
14907  -23.273  -25.009  -6.076 0.0000000000
15168  -24.464  -23.236  -6.053 0.0000000000
14905  -24.870  -24.961  -5.870 0.0000000000
15847  -25.370  -21.258  -6.241 0.0000000000
16079  -25.891  -19.923  -6.320 0.0000000000
15848  -28.055  -18.956  -3.690 0.0000000000
15398  -26.743  -22.764  -1.574 0.0000000000
15626  -27.787  -20.633  -2.337 0.0000000000
15636  -29.254  -19.784  -2.077 0.0000000000
15627  -30.130  -19.992  -1.290 0.0000000000
5241  -22.340  -60.332  4.843 0.0000000000
4708  -23.858  -59.890  6.361 0.0000000000
5501  -22.919  -58.566  5.389 0.0000000000
5995  -23.439  -56.049  4.736 0.0000000000
6509  -24.788  -54.348  4.161 0.0000000000
6770  -26.404  -52.358  4.339 0.0000000000
7707  -26.587  -49.599  4.219 0.0000000000
7007  -27.141  -52.498  3.606 0.0000000000
7481  -23.177  -50.636  0.467 0.0000000000
7247  -23.462  -52.749  -0.126 0.0000000000
7732  -21.533  -49.621  -1.047 0.0000000000
8667  -20.992  -46.831  -4.523 0.0000000000
12754  -23.573  -30.674  1.778 0.0000000000
14039  -21.432  -29.103  -2.532 0.0000000000
14274  -21.300  -28.440  -4.030 0.0000000000
14273  -22.164  -28.936  -4.674 0.0000000000
14043  -24.070  -29.793  -3.662 0.0000000000
14040  -25.061  -29.853  -2.957 0.0000000000
13511  -28.424  -29.634  0.292 0.0000000000
13779  -27.064  -30.147  -0.934 0.0000000000
13782  -27.341  -30.326  -2.470 0.0000000000
13780  -30.307  -29.602  -1.354 0.0000000000
13252  -32.700  -29.275  -0.197 0.0000000000
13034  -33.645  -29.620  0.296 0.0000000000
8912  -13.565  -43.690  -0.262 0.0000000000
9179  -13.328  -42.656  0.463 0.0000000000
9858  -17.490  -37.204  4.173 0.0000000000
9868  -20.525  -37.708  4.361 0.0000000000
10750  -20.031  -36.118  0.885 0.0000000000
10135  -22.893  -36.819  3.897 0.0000000000
10129  -23.985  -37.007  4.657 0.0000000000
10125  -26.089  -37.599  5.241 0.0000000000
10442  -27.659  -37.252  4.999 0.0000000000
10745  -29.932  -37.286  6.405 0.0000000000
9874  -22.045  -40.904  -0.099 0.0000000000
10139  -24.456  -38.204  0.298 0.0000000000
9876  -26.788  -40.022  0.387 0.0000000000
10141  -26.732  -38.538  0.682 0.0000000000
10456  -26.308  -37.087  1.460 0.0000000000
10744  -29.801  -37.414  5.207 0.0000000000
11001  -30.683  -35.949  6.067 0.0000000000
12005  -30.833  -32.599  4.950 0.0000000000
11761  -28.835  -32.920  3.271 0.0000000000
12004  -29.900  -32.192  3.305 0.0000000000
12274  -32.174  -31.693  4.272 0.0000000000
12273  -32.506  -31.336  2.413 0.0000000000
12285  -33.675  -31.151  -0.182 0.0000000000
12766  -34.191  -29.963  -1.010 0.0000000000
8022  -25.647  -48.157  3.399 0.0000000000
8344  -26.478  -46.800  2.767 0.0000000000
8646  -26.262  -45.935  0.993 0.0000000000
8665  -22.885  -45.470  0.157 0.0000000000
8659  -26.788  -44.902  -0.416 0.0000000000
9202  -25.095  -43.591  -0.754 0.0000000000
9666  -24.513  -41.541  -1.099 0.0000000000
10164  -24.110  -39.579  -1.317 0.0000000000
10163  -19.914  -40.217  -2.630 0.0000000000
10470  -20.248  -38.714  -2.354 0.0000000000
10469  -23.291  -37.939  -1.337 0.0000000000
11771  -23.703  -32.591  0.598 0.0000000000
11766  -26.374  -31.648  0.997 0.0000000000
12027  -24.159  -30.278  -1.803 0.0000000000
12028  -26.375  -30.539  -0.671 0.0000000000
12029  -27.816  -30.716  -0.371 0.0000000000
12031  -30.395  -31.746  -1.585 0.0000000000
12293  -33.111  -31.598  -2.815 0.0000000000
12769  -33.667  -29.507  -2.767 0.0000000000
13789  -31.332  -27.749  -3.810 0.0000000000
13792  -30.679  -26.403  -3.634 0.0000000000
14049  -29.770  -26.097  -4.048 0.0000000000
14287  -30.177  -24.850  -2.825 0.0000000000
15164  -31.506  -20.473  -1.234 0.0000000000
14915  -27.486  -21.616  -5.401 0.0000000000
14912  -28.931  -21.359  -3.274 0.0000000000
14911  -30.260  -20.044  -2.619 0.0000000000
15628  -33.008  -19.206  -1.398 0.0000000000
16069  -33.440  -18.183  -1.835 0.0000000000
16381  -33.882  -16.710  -3.728 0.0000000000
15409  -35.747  -18.802  -3.807 0.0000000000
16849  -35.698  -14.678  -4.907 0.0000000000
17312  -35.913  -13.199  -5.271 0.0000000000
17566  -35.098  -10.897  -6.006 0.0000000000
16865  -28.490  -19.375  -9.630 0.0000000000
17330  -33.404  -15.707  -10.657 0.0000000000
17832  -34.225  -13.547  -11.729 0.0000000000
18049  -34.768  -12.263  -10.920 0.0000000000
17571  -34.458  -11.948  -8.931 0.0000000000
13518  -32.162  -29.083  -2.508 0.0000000000
6270  -24.592  -59.005  -2.336 0.0000000000
11466  -28.471  -35.697  7.172 0.0000000000
11985  -28.514  -34.633  4.482 0.0000000000
8914  -20.235  -45.837  0.587 0.0000000000
12299  -25.144  -29.805  -5.578 0.0000000000
13045  -25.790  -27.669  -6.625 0.0000000000
5782  -21.918  -57.718  -2.899 0.0000000000
6022  -19.658  -56.621  -3.103 0.0000000000
5784  -18.234  -56.607  -3.181 0.0000000000
9170  -23.469  -46.198  4.162 0.0000000000
8654  -28.911  -45.490  0.476 0.0000000000
4093  -21.354  -62.918  6.385 0.0000000000
5760  -25.240  -57.170  3.868 0.0000000000
6521  -26.467  -54.387  0.965 0.0000000000
10455  -25.142  -36.233  2.532 0.0000000000
11016  -28.761  -36.190  2.233 0.0000000000
11765  -27.561  -32.140  2.094 0.0000000000
8354  -22.263  -47.890  1.342 0.0000000000
8663  -21.721  -46.307  -0.086 0.0000000000
9423  -20.494  -43.196  -2.264 0.0000000000
11770  -21.836  -32.208  -1.430 0.0000000000
12536  -28.920  -30.075  -4.077 0.0000000000
14916  -28.442  -19.763  -6.316 0.0000000000
16620  -27.175  -19.761  -7.249 0.0000000000
5764  -23.516  -57.684  2.832 0.0000000000
7233  -22.750  -50.420  4.483 0.0000000000
7463  -21.727  -49.300  5.413 0.0000000000
14277  -27.874  -26.314  -4.569 0.0000000000
4405  -28.343  -61.562  1.811 0.0000000000
4712  -26.845  -60.722  4.412 0.0000000000
6016  -25.717  -59.105  -0.412 0.0000000000
8915  -16.242  -44.766  -0.645 0.0000000000
9205  -19.768  -43.810  -3.053 0.0000000000
9668  -20.583  -42.099  -4.450 0.0000000000
16379  -28.484  -17.629  -4.793 0.0000000000
11993  -19.647  -34.302  2.203 0.0000000000
10440  -25.929  -38.265  6.524 0.0000000000
10738  -27.276  -37.236  7.377 0.0000000000
5769  -23.405  -56.508  -0.489 0.0000000000
5526  -23.060  -59.768  -1.982 0.0000000000
8623  -20.578  -48.182  1.323 0.0000000000
9181  -22.783  -44.442  2.747 0.0000000000
9642  -26.649  -43.671  1.529 0.0000000000
9404  -29.015  -43.694  1.008 0.0000000000
9667  -27.087  -41.903  -1.597 0.0000000000
14280  -22.777  -28.066  -5.126 0.0000000000
14588  -23.645  -26.091  -6.147 0.0000000000
16078  -24.988  -20.344  -6.955 0.0000000000
14900  -30.622  -22.765  -0.984 0.0000000000
4987  -25.368  -59.655  5.761 0.0000000000
6000  -24.486  -55.954  4.752 0.0000000000
7254  -22.444  -51.809  -1.046 0.0000000000
8048  -21.088  -48.820  -4.088 0.0000000000
14269  -22.050  -29.360  -3.995 0.0000000000
13243  -29.471  -29.631  3.596 0.0000000000
8627  -12.054  -45.410  1.395 0.0000000000
8905  -12.294  -43.766  1.663 0.0000000000
9400  -13.868  -41.176  0.685 0.0000000000
9639  -12.720  -39.003  1.416 0.0000000000
9867  -18.942  -37.200  3.761 0.0000000000
10134  -20.973  -36.941  3.487 0.0000000000
10453  -21.988  -36.473  2.179 0.0000000000
10142  -28.089  -39.198  0.494 0.0000000000
10748  -29.798  -36.982  3.656 0.0000000000
11013  -30.374  -35.847  4.742 0.0000000000
7709  -26.109  -49.458  3.747 0.0000000000
9207  -22.602  -43.410  -1.077 0.0000000000
11022  -19.436  -35.142  -2.797 0.0000000000
12037  -27.419  -30.724  -1.692 0.0000000000
12030  -29.090  -31.004  -0.643 0.0000000000
12527  -34.168  -30.622  -1.964 0.0000000000
13047  -28.940  -28.098  -4.838 0.0000000000
14585  -30.369  -21.774  -2.258 0.0000000000
15169  -31.458  -20.041  -1.710 0.0000000000
15629  -34.754  -18.980  -2.281 0.0000000000
17323  -33.414  -16.065  -9.360 0.0000000000
9390  -20.431  -41.178  5.409 0.0000000000
6774  -22.408  -52.120  2.477 0.0000000000
5266  -28.564  -60.436  0.450 0.0000000000
5256  -26.798  -60.319  1.637 0.0000000000
8340  -18.179  -48.410  0.210 0.0000000000
8341  -17.452  -47.076  -0.251 0.0000000000
9206  -20.669  -44.940  -4.809 0.0000000000
5265  -24.558  -60.992  -0.196 0.0000000000
5262  -18.619  -60.867  -0.370 0.0000000000
7468  -18.324  -49.989  1.150 0.0000000000
8892  -27.901  -45.313  4.820 0.0000000000
14898  -28.697  -24.358  -1.596 0.0000000000
5770  -25.107  -58.122  3.003 0.0000000000
13244  -31.559  -29.402  2.268 0.0000000000
8634  -13.048  -45.207  -0.117 0.0000000000
11497  -27.274  -34.453  2.297 0.0000000000
8355  -23.473  -47.341  2.055 0.0000000000
11268  -19.951  -34.011  -3.677 0.0000000000
11021  -19.783  -35.542  -2.121 0.0000000000
12045  -29.785  -31.965  -3.469 0.0000000000
15187  -29.076  -19.194  -7.754 0.0000000000
15176  -32.388  -19.235  -2.667 0.0000000000
17318  -33.446  -15.018  -7.819 0.0000000000
5508  -23.219  -58.302  3.923 0.0000000000
5509  -24.362  -58.927  2.079 0.0000000000
6260  -22.617  -54.883  -0.698 0.0000000000
8331  -28.394  -46.018  3.647 0.0000000000
14581  -28.615  -25.107  -2.719 0.0000000000
4110  -26.345  -62.616  3.572 0.0000000000
5514  -25.620  -59.437  2.549 0.0000000000
6522  -24.761  -56.145  -0.349 0.0000000000
6524  -23.657  -56.368  -0.980 0.0000000000
10147  -18.549  -37.649  -0.280 0.0000000000
12789  -29.524  -28.835  -4.557 0.0000000000
16854  -29.962  -18.397  -6.879 0.0000000000
5525  -23.306  -61.332  -1.220 0.0000000000
8330  -18.831  -48.867  0.845 0.0000000000
9403  -21.563  -43.355  1.486 0.0000000000
16619  -26.086  -20.143  -7.521 0.0000000000
15403  -26.701  -21.628  -2.069 0.0000000000
5254  -24.255  -62.002  2.547 0.0000000000
6249  -23.831  -54.347  3.967 0.0000000000
7473  -26.251  -51.532  2.863 0.0000000000
14275  -20.181  -27.845  -4.703 0.0000000000
14279  -21.677  -28.151  -4.837 0.0000000000
9178  -12.748  -42.302  1.459 0.0000000000
10443  -28.312  -37.838  6.537 0.0000000000
11000  -29.369  -36.888  7.188 0.0000000000
10168  -19.996  -39.935  -3.987 0.0000000000
12039  -31.111  -32.224  -2.887 0.0000000000
