#!ascii label  , from subject Yale_0050565 vox2ras=TkReg
198
78594  -0.172  15.218  14.995 0.0000000000
78604  -0.065  15.012  14.355 0.0000000000
78605  -0.195  15.128  14.666 0.0000000000
79391  -0.190  16.023  16.485 0.0000000000
79393  -0.474  15.790  16.182 0.0000000000
79394  -0.411  15.580  15.968 0.0000000000
79400  -0.475  15.636  15.736 0.0000000000
79401  -0.204  15.502  15.555 0.0000000000
79409  -0.171  15.435  15.106 0.0000000000
79410  -0.185  15.279  15.289 0.0000000000
79419  0.109  15.033  14.055 0.0000000000
79420  0.063  15.193  14.241 0.0000000000
79431  0.294  15.075  13.640 0.0000000000
79432  0.342  15.200  13.430 0.0000000000
79443  0.730  15.209  12.822 0.0000000000
79444  0.537  15.206  12.949 0.0000000000
80118  -0.203  16.251  16.574 0.0000000000
80121  -0.393  16.060  16.368 0.0000000000
80126  -0.375  15.898  15.978 0.0000000000
80134  -0.524  15.691  15.507 0.0000000000
80142  -0.288  15.470  14.755 0.0000000000
80150  0.195  15.374  13.967 0.0000000000
80159  1.417  15.230  11.802 0.0000000000
80160  0.840  15.315  12.502 0.0000000000
80161  0.460  15.351  13.172 0.0000000000
80889  -0.437  16.340  16.751 0.0000000000
80894  -0.491  16.253  16.597 0.0000000000
80899  -0.463  16.101  16.059 0.0000000000
80908  -0.523  15.805  15.257 0.0000000000
80916  0.001  15.691  14.445 0.0000000000
80917  0.207  15.659  14.106 0.0000000000
80924  0.343  15.591  13.640 0.0000000000
80925  0.296  15.560  13.857 0.0000000000
80935  1.952  15.341  11.313 0.0000000000
80936  1.489  15.578  11.813 0.0000000000
80937  0.709  15.677  12.745 0.0000000000
80952  2.517  15.605  10.867 0.0000000000
80953  1.957  15.984  11.542 0.0000000000
81657  -0.275  16.480  16.747 0.0000000000
81658  -0.449  16.527  16.609 0.0000000000
81662  -0.630  16.309  16.390 0.0000000000
81665  -0.588  16.194  15.729 0.0000000000
81673  -0.468  16.061  14.936 0.0000000000
81680  0.092  16.000  14.223 0.0000000000
81681  0.302  15.789  13.926 0.0000000000
81687  0.368  15.910  13.542 0.0000000000
81688  0.369  15.729  13.714 0.0000000000
81699  1.238  16.149  12.153 0.0000000000
81700  0.634  16.140  12.786 0.0000000000
81715  2.469  16.320  11.077 0.0000000000
81716  1.818  16.465  11.661 0.0000000000
82415  -0.479  16.767  16.506 0.0000000000
82416  -0.289  16.708  16.656 0.0000000000
82419  -0.645  16.956  16.132 0.0000000000
82420  -0.589  16.561  16.450 0.0000000000
82423  -0.879  17.036  15.559 0.0000000000
82424  -0.634  16.566  16.014 0.0000000000
82432  -0.861  17.052  14.803 0.0000000000
82433  -0.785  16.508  15.306 0.0000000000
82442  -0.480  17.052  13.987 0.0000000000
82443  -0.416  16.508  14.557 0.0000000000
82451  -0.140  16.985  13.136 0.0000000000
82452  0.019  16.448  13.795 0.0000000000
82463  1.152  17.317  12.088 0.0000000000
82464  0.678  16.766  12.567 0.0000000000
82465  0.270  16.395  13.111 0.0000000000
82476  2.403  16.883  10.543 0.0000000000
82477  1.849  17.111  11.467 0.0000000000
82478  1.423  16.778  12.038 0.0000000000
83154  -0.655  17.416  16.040 0.0000000000
83157  -0.842  17.663  15.688 0.0000000000
83163  -0.928  17.718  15.048 0.0000000000
83173  -0.880  17.735  14.233 0.0000000000
83183  -0.679  17.758  13.305 0.0000000000
83193  1.048  17.939  11.539 0.0000000000
83194  0.227  17.842  12.538 0.0000000000
83206  2.229  17.293  9.678 0.0000000000
83207  1.551  17.742  10.396 0.0000000000
83829  -0.826  18.479  15.557 0.0000000000
83833  -0.962  18.476  15.246 0.0000000000
83836  -0.811  18.521  14.591 0.0000000000
83844  -0.527  18.566  13.733 0.0000000000
83851  -0.626  18.691  12.680 0.0000000000
83859  0.709  18.530  10.571 0.0000000000
83860  0.104  18.925  11.540 0.0000000000
83877  1.764  18.148  9.038 0.0000000000
83878  0.909  18.758  9.439 0.0000000000
84496  -0.987  19.189  15.302 0.0000000000
84497  -1.005  19.783  15.454 0.0000000000
84499  -0.687  19.427  14.876 0.0000000000
84500  -0.980  19.921  15.133 0.0000000000
84503  -0.438  19.346  14.226 0.0000000000
84510  -0.331  19.496  13.342 0.0000000000
84517  -0.569  19.669  12.161 0.0000000000
84528  0.465  19.367  10.093 0.0000000000
84529  0.228  19.868  11.035 0.0000000000
84545  1.640  19.489  8.282 0.0000000000
84546  0.750  19.944  8.756 0.0000000000
85186  -0.841  20.761  15.515 0.0000000000
85187  -0.854  21.399  15.478 0.0000000000
85189  -0.916  20.665  15.299 0.0000000000
85190  -0.716  21.480  15.207 0.0000000000
85193  -0.783  19.921  14.470 0.0000000000
85194  -0.859  20.672  14.652 0.0000000000
85195  -0.549  21.708  14.841 0.0000000000
85198  -0.773  20.186  13.872 0.0000000000
85199  -1.047  21.096  13.574 0.0000000000
85206  -0.726  20.424  12.882 0.0000000000
85207  -0.530  21.297  12.679 0.0000000000
85215  -0.093  20.585  11.997 0.0000000000
85216  0.255  21.509  11.728 0.0000000000
85226  0.522  20.422  9.540 0.0000000000
85227  1.149  20.951  10.737 0.0000000000
85228  1.357  21.749  11.159 0.0000000000
85241  0.441  21.124  8.079 0.0000000000
85940  -0.854  21.868  15.623 0.0000000000
85941  -0.798  22.582  15.641 0.0000000000
85944  -0.792  22.255  15.404 0.0000000000
85945  -0.790  22.949  15.587 0.0000000000
85947  -0.365  22.346  15.135 0.0000000000
85951  -0.692  21.582  14.290 0.0000000000
85952  -0.051  22.326  14.583 0.0000000000
85956  -0.207  21.977  13.642 0.0000000000
85957  0.305  22.671  14.125 0.0000000000
85965  0.466  22.038  12.620 0.0000000000
85974  1.321  22.100  11.647 0.0000000000
85984  0.184  21.767  9.219 0.0000000000
85985  1.150  21.973  10.678 0.0000000000
85986  1.648  22.106  11.192 0.0000000000
86635  -0.829  23.292  15.783 0.0000000000
86638  -0.468  23.194  15.448 0.0000000000
86639  -0.722  23.445  15.648 0.0000000000
86642  0.337  23.947  14.790 0.0000000000
86643  0.091  23.326  14.984 0.0000000000
86646  0.518  23.644  14.457 0.0000000000
86647  0.366  22.992  14.360 0.0000000000
86652  1.429  24.731  12.609 0.0000000000
86653  1.372  24.316  12.906 0.0000000000
86654  0.804  23.202  13.581 0.0000000000
86655  0.486  22.939  14.077 0.0000000000
86660  1.249  24.426  12.174 0.0000000000
86661  1.357  23.613  12.285 0.0000000000
86662  1.251  22.745  12.126 0.0000000000
86669  0.893  23.951  11.276 0.0000000000
86670  1.307  23.053  11.332 0.0000000000
86671  1.574  22.371  11.335 0.0000000000
86680  -0.062  23.278  9.719 0.0000000000
86681  1.463  22.418  11.051 0.0000000000
86682  1.822  22.278  11.189 0.0000000000
86693  -0.228  22.627  8.346 0.0000000000
87377  -0.632  24.494  15.711 0.0000000000
87378  -0.645  24.126  15.797 0.0000000000
87381  -0.605  24.047  15.564 0.0000000000
87382  -0.692  23.722  15.789 0.0000000000
87385  0.215  24.331  15.049 0.0000000000
87386  -0.136  24.088  15.400 0.0000000000
87393  0.992  24.991  14.302 0.0000000000
87394  0.667  24.505  14.556 0.0000000000
87402  1.530  25.030  12.888 0.0000000000
87403  1.163  24.649  13.752 0.0000000000
87404  0.826  23.990  14.142 0.0000000000
87409  0.391  25.330  11.573 0.0000000000
87410  1.168  24.993  12.269 0.0000000000
87419  0.553  24.748  11.460 0.0000000000
87428  0.066  24.528  10.390 0.0000000000
88083  -0.454  25.654  15.728 0.0000000000
88084  -0.574  25.063  15.690 0.0000000000
88092  -0.350  25.371  15.435 0.0000000000
88093  -0.596  24.714  15.533 0.0000000000
88101  0.041  25.082  15.338 0.0000000000
88102  -0.312  24.648  15.511 0.0000000000
88110  0.690  25.439  14.549 0.0000000000
88111  0.380  25.080  14.956 0.0000000000
88115  1.252  25.596  13.333 0.0000000000
88116  1.090  25.362  14.059 0.0000000000
88120  0.241  25.742  11.677 0.0000000000
88121  0.996  25.444  12.444 0.0000000000
88738  -0.378  25.918  15.815 0.0000000000
88747  -0.179  26.176  15.783 0.0000000000
88752  0.055  26.104  15.588 0.0000000000
88755  0.583  26.031  14.683 0.0000000000
88756  0.353  26.034  15.175 0.0000000000
88759  0.925  26.050  13.368 0.0000000000
88760  0.801  26.044  14.070 0.0000000000
88764  0.042  25.942  11.714 0.0000000000
88765  0.576  25.968  12.565 0.0000000000
89329  0.045  26.688  16.118 0.0000000000
89334  0.119  26.929  16.013 0.0000000000
89337  0.303  26.896  15.771 0.0000000000
89340  0.437  26.566  14.807 0.0000000000
89341  0.387  27.016  15.436 0.0000000000
89344  0.523  26.396  13.409 0.0000000000
89345  0.335  26.775  14.241 0.0000000000
89904  0.278  27.738  16.222 0.0000000000
89907  0.334  28.058  15.812 0.0000000000
89908  0.357  27.571  15.901 0.0000000000
89911  0.300  27.486  15.025 0.0000000000
89912  0.369  27.531  15.592 0.0000000000
