#!ascii label  , from subject Yale_0050565 vox2ras=TkReg
1171
33338  9.012  -32.836  65.617 0.0000000000
33355  9.428  -32.516  64.449 0.0000000000
33356  8.354  -32.668  65.450 0.0000000000
33373  9.803  -32.483  63.454 0.0000000000
33374  8.790  -32.447  64.305 0.0000000000
33375  7.684  -32.239  65.302 0.0000000000
33388  10.045  -32.433  62.701 0.0000000000
33389  9.161  -32.385  63.256 0.0000000000
33390  8.105  -32.105  64.204 0.0000000000
33401  9.668  -32.362  62.386 0.0000000000
33402  9.026  -32.276  62.785 0.0000000000
34258  9.579  -33.053  67.084 0.0000000000
34267  9.752  -32.713  66.112 0.0000000000
34268  9.565  -32.662  65.579 0.0000000000
34279  11.028  -31.938  64.217 0.0000000000
34280  10.499  -32.091  64.640 0.0000000000
34281  9.965  -32.432  64.525 0.0000000000
34294  11.323  -32.016  63.808 0.0000000000
34295  10.948  -32.269  63.651 0.0000000000
34296  10.423  -32.433  63.548 0.0000000000
34310  11.958  -32.251  62.935 0.0000000000
34311  11.432  -32.434  62.713 0.0000000000
34312  10.711  -32.484  62.675 0.0000000000
34313  7.116  -31.653  65.187 0.0000000000
34328  13.319  -32.605  61.410 0.0000000000
34329  12.702  -32.540  61.812 0.0000000000
34330  11.580  -32.639  61.825 0.0000000000
34331  10.631  -32.524  61.971 0.0000000000
34332  8.487  -32.069  63.319 0.0000000000
34333  7.279  -31.308  64.198 0.0000000000
34347  13.369  -32.695  60.891 0.0000000000
34348  12.388  -32.866  60.959 0.0000000000
34349  11.320  -32.824  61.088 0.0000000000
34350  10.178  -32.492  61.473 0.0000000000
34351  8.710  -31.916  62.430 0.0000000000
34367  13.048  -32.724  60.144 0.0000000000
34368  12.083  -32.750  60.331 0.0000000000
34369  10.962  -32.596  60.560 0.0000000000
34370  9.691  -32.145  61.043 0.0000000000
34371  8.203  -31.319  61.674 0.0000000000
34388  12.742  -32.480  59.739 0.0000000000
34389  11.915  -32.231  59.792 0.0000000000
34390  10.596  -32.152  60.279 0.0000000000
34391  9.398  -31.544  60.644 0.0000000000
34410  11.981  -31.658  59.576 0.0000000000
34411  11.217  -31.694  59.963 0.0000000000
34412  10.374  -31.713  60.214 0.0000000000
35152  9.923  -32.534  67.426 0.0000000000
35153  9.783  -32.775  67.977 0.0000000000
35158  10.132  -32.184  66.337 0.0000000000
35163  10.908  -31.561  64.979 0.0000000000
35164  10.413  -31.914  65.377 0.0000000000
35170  11.276  -31.687  64.296 0.0000000000
35171  10.745  -31.775  64.786 0.0000000000
35179  12.936  -31.848  62.869 0.0000000000
35180  12.209  -31.863  63.358 0.0000000000
35189  13.385  -31.970  62.391 0.0000000000
35190  12.921  -32.219  62.406 0.0000000000
35203  14.304  -32.142  61.190 0.0000000000
35204  13.744  -32.303  61.553 0.0000000000
35205  13.176  -32.427  61.932 0.0000000000
35218  14.467  -32.155  60.768 0.0000000000
35219  14.118  -32.453  60.570 0.0000000000
35237  15.119  -31.875  59.255 0.0000000000
35238  14.791  -32.058  59.727 0.0000000000
35239  13.938  -32.484  59.917 0.0000000000
35256  15.053  -31.841  58.929 0.0000000000
35257  14.465  -32.033  59.047 0.0000000000
35258  13.602  -32.208  59.262 0.0000000000
35259  12.950  -32.041  59.303 0.0000000000
35260  9.495  -31.179  60.536 0.0000000000
35277  14.908  -31.678  58.394 0.0000000000
35278  14.349  -31.604  58.346 0.0000000000
35279  13.587  -31.633  58.648 0.0000000000
35280  12.740  -31.445  59.149 0.0000000000
35281  11.946  -30.817  59.753 0.0000000000
35282  10.264  -30.731  60.408 0.0000000000
35290  14.139  -31.221  58.071 0.0000000000
35291  13.717  -30.814  58.533 0.0000000000
35292  13.068  -30.237  59.275 0.0000000000
35293  12.468  -29.584  59.941 0.0000000000
35988  10.580  -31.261  68.102 0.0000000000
35989  9.987  -31.845  68.593 0.0000000000
35999  10.455  -31.605  67.588 0.0000000000
36000  9.940  -32.346  67.983 0.0000000000
36009  11.211  -30.943  66.006 0.0000000000
36010  10.547  -31.593  66.631 0.0000000000
36017  11.497  -31.113  64.923 0.0000000000
36018  10.738  -31.494  65.673 0.0000000000
36025  12.795  -31.013  63.691 0.0000000000
36026  12.120  -31.305  63.958 0.0000000000
36033  13.277  -31.436  62.869 0.0000000000
36034  12.689  -31.509  63.324 0.0000000000
36043  14.195  -31.350  61.890 0.0000000000
36044  13.776  -31.724  62.152 0.0000000000
36056  15.188  -31.184  60.515 0.0000000000
36057  14.520  -31.759  61.186 0.0000000000
36058  14.129  -31.856  61.731 0.0000000000
36067  15.503  -31.374  59.746 0.0000000000
36068  14.983  -31.757  60.282 0.0000000000
36076  15.991  -31.058  58.345 0.0000000000
36077  15.427  -31.595  59.114 0.0000000000
36078  15.218  -31.744  59.717 0.0000000000
36084  15.821  -30.830  57.775 0.0000000000
36085  15.416  -31.414  58.317 0.0000000000
36096  15.707  -30.446  57.520 0.0000000000
36097  15.117  -31.065  57.810 0.0000000000
36098  14.539  -31.177  57.864 0.0000000000
36099  11.522  -29.470  60.210 0.0000000000
36110  15.808  -29.962  57.300 0.0000000000
36111  15.435  -29.988  57.475 0.0000000000
36112  14.647  -30.321  57.991 0.0000000000
36113  14.002  -29.214  58.939 0.0000000000
36114  13.127  -28.762  59.625 0.0000000000
36115  12.227  -28.487  60.043 0.0000000000
36123  15.213  -29.253  57.796 0.0000000000
36124  14.745  -28.590  58.351 0.0000000000
36125  14.154  -27.829  58.811 0.0000000000
36799  10.405  -30.800  71.141 0.0000000000
36808  10.658  -30.663  70.337 0.0000000000
36809  9.945  -31.298  70.265 0.0000000000
36816  10.611  -30.777  69.579 0.0000000000
36817  10.130  -31.355  69.235 0.0000000000
36825  10.636  -30.944  68.659 0.0000000000
36826  10.251  -31.358  68.813 0.0000000000
36833  11.584  -30.446  67.219 0.0000000000
36834  11.212  -30.720  67.631 0.0000000000
36843  11.605  -30.492  66.685 0.0000000000
36844  11.036  -31.069  66.905 0.0000000000
36857  12.503  -30.228  64.926 0.0000000000
36858  12.132  -30.393  65.378 0.0000000000
36873  12.723  -30.379  64.354 0.0000000000
36874  12.267  -30.801  64.433 0.0000000000
36886  13.693  -30.344  62.830 0.0000000000
36887  13.423  -30.552  63.204 0.0000000000
36900  14.068  -30.527  62.332 0.0000000000
36901  13.742  -31.142  62.470 0.0000000000
36913  15.311  -30.493  60.651 0.0000000000
36914  14.724  -30.809  61.385 0.0000000000
36922  16.418  -30.422  59.013 0.0000000000
36923  15.837  -30.637  59.799 0.0000000000
36928  16.490  -30.526  58.391 0.0000000000
36929  16.042  -31.014  59.056 0.0000000000
36933  16.623  -29.700  57.322 0.0000000000
36934  16.352  -30.439  57.782 0.0000000000
36944  16.435  -29.086  56.891 0.0000000000
36945  16.133  -30.035  57.304 0.0000000000
36957  16.183  -28.005  56.833 0.0000000000
36958  15.881  -28.995  57.216 0.0000000000
36959  15.538  -29.096  57.534 0.0000000000
36960  13.526  -27.731  59.189 0.0000000000
36961  12.534  -27.153  59.395 0.0000000000
36971  15.950  -27.057  57.127 0.0000000000
36972  15.778  -27.241  57.274 0.0000000000
36973  15.341  -27.709  57.898 0.0000000000
36974  14.413  -26.969  58.449 0.0000000000
36975  13.583  -26.736  58.736 0.0000000000
36976  13.071  -26.826  58.997 0.0000000000
37664  11.304  -29.925  71.163 0.0000000000
37665  10.923  -30.436  71.753 0.0000000000
37673  11.486  -29.859  70.232 0.0000000000
37674  11.085  -30.326  70.779 0.0000000000
37682  11.584  -29.875  69.397 0.0000000000
37683  11.135  -30.279  69.912 0.0000000000
37693  11.622  -29.977  68.743 0.0000000000
37694  11.165  -30.324  69.107 0.0000000000
37703  11.770  -29.970  68.123 0.0000000000
37704  11.366  -30.352  68.356 0.0000000000
37714  11.793  -30.155  67.323 0.0000000000
37715  11.584  -30.288  67.865 0.0000000000
37726  12.327  -29.868  65.848 0.0000000000
37727  12.129  -30.037  66.320 0.0000000000
37747  12.573  -29.978  65.055 0.0000000000
37748  12.363  -30.042  65.676 0.0000000000
37767  13.457  -29.747  63.462 0.0000000000
37768  13.222  -29.890  63.860 0.0000000000
37781  13.639  -29.932  63.011 0.0000000000
37782  13.464  -30.136  63.379 0.0000000000
37789  14.774  -29.616  61.633 0.0000000000
37790  14.463  -29.691  62.088 0.0000000000
37797  14.993  -29.884  61.256 0.0000000000
37798  14.585  -30.244  61.774 0.0000000000
37808  16.352  -29.858  59.406 0.0000000000
37809  15.655  -29.776  60.261 0.0000000000
37821  17.112  -29.269  57.920 0.0000000000
37822  16.884  -29.771  58.415 0.0000000000
37833  16.992  -29.337  57.493 0.0000000000
37834  16.760  -30.032  57.841 0.0000000000
37848  16.841  -28.930  56.825 0.0000000000
37866  16.571  -28.227  56.500 0.0000000000
37867  12.045  -26.616  58.642 0.0000000000
37885  15.803  -27.024  56.513 0.0000000000
37886  15.334  -26.414  57.000 0.0000000000
37887  15.007  -26.111  57.369 0.0000000000
37888  14.247  -25.880  57.742 0.0000000000
37889  13.206  -26.064  57.628 0.0000000000
37890  12.118  -26.374  57.805 0.0000000000
37902  15.776  -26.130  56.247 0.0000000000
37903  15.045  -25.815  56.239 0.0000000000
37904  14.627  -25.374  56.756 0.0000000000
37905  13.954  -25.257  56.829 0.0000000000
37906  13.010  -25.613  56.523 0.0000000000
37907  11.890  -26.080  55.974 0.0000000000
37908  10.745  -26.567  55.363 0.0000000000
37916  14.837  -24.966  56.119 0.0000000000
37917  14.474  -24.906  56.233 0.0000000000
37918  13.774  -24.879  56.256 0.0000000000
37919  13.050  -25.370  55.928 0.0000000000
37920  12.020  -26.844  55.121 0.0000000000
37921  10.683  -27.426  54.092 0.0000000000
37928  11.501  -28.011  53.507 0.0000000000
38626  11.288  -29.479  71.524 0.0000000000
38634  11.652  -29.426  70.402 0.0000000000
38644  11.832  -29.496  69.636 0.0000000000
38655  12.082  -29.369  67.941 0.0000000000
38656  11.986  -29.514  68.677 0.0000000000
38668  12.014  -29.449  67.319 0.0000000000
38669  11.989  -29.674  67.730 0.0000000000
38683  12.057  -29.529  66.574 0.0000000000
38684  12.033  -29.735  66.933 0.0000000000
38696  12.321  -29.646  65.683 0.0000000000
38697  12.194  -29.750  66.285 0.0000000000
38711  12.773  -29.500  64.636 0.0000000000
38728  13.442  -29.396  63.461 0.0000000000
38729  13.165  -29.337  63.977 0.0000000000
38746  13.896  -29.160  62.770 0.0000000000
38764  14.866  -29.269  61.533 0.0000000000
38765  14.537  -28.854  62.118 0.0000000000
38779  15.715  -28.771  60.249 0.0000000000
38780  15.421  -29.049  60.654 0.0000000000
38793  16.024  -29.085  59.913 0.0000000000
38794  15.691  -29.309  60.263 0.0000000000
38805  17.044  -29.004  58.220 0.0000000000
38806  16.669  -29.134  58.971 0.0000000000
38817  17.121  -28.783  57.539 0.0000000000
38828  17.115  -28.117  56.338 0.0000000000
38829  17.016  -28.462  56.774 0.0000000000
38845  17.111  -27.963  56.180 0.0000000000
38846  16.941  -28.280  56.424 0.0000000000
38862  16.724  -27.212  55.537 0.0000000000
38863  16.629  -27.561  56.098 0.0000000000
38875  16.702  -26.701  55.391 0.0000000000
38876  15.953  -26.560  55.442 0.0000000000
38877  15.735  -25.763  56.156 0.0000000000
38884  16.132  -25.581  55.217 0.0000000000
38885  15.248  -25.325  55.746 0.0000000000
38886  14.548  -24.686  55.974 0.0000000000
38887  13.782  -24.917  55.881 0.0000000000
38888  13.021  -25.422  55.692 0.0000000000
38889  12.640  -25.902  55.465 0.0000000000
38892  16.102  -25.284  54.987 0.0000000000
38893  15.555  -24.973  55.265 0.0000000000
38894  14.739  -24.714  55.620 0.0000000000
38895  13.914  -24.839  55.670 0.0000000000
38896  13.054  -26.050  55.357 0.0000000000
38897  12.294  -26.701  54.947 0.0000000000
38902  12.370  -26.694  54.429 0.0000000000
38903  11.863  -27.725  53.307 0.0000000000
39614  11.222  -28.810  71.201 0.0000000000
39622  11.620  -28.876  70.429 0.0000000000
39630  11.989  -28.983  69.338 0.0000000000
39641  12.104  -29.210  67.655 0.0000000000
39642  12.237  -29.028  68.300 0.0000000000
39655  12.005  -29.216  67.006 0.0000000000
39656  12.228  -28.885  67.682 0.0000000000
39671  12.031  -29.350  66.117 0.0000000000
39687  12.345  -29.243  65.141 0.0000000000
39703  13.241  -28.667  63.732 0.0000000000
39704  12.999  -28.903  64.109 0.0000000000
39722  13.452  -28.745  63.409 0.0000000000
39723  13.281  -29.066  63.749 0.0000000000
39735  14.060  -28.441  62.665 0.0000000000
39747  15.028  -28.542  61.427 0.0000000000
39748  14.683  -28.129  62.034 0.0000000000
39759  15.606  -28.592  60.418 0.0000000000
39760  15.447  -28.213  60.711 0.0000000000
39768  15.835  -28.331  60.061 0.0000000000
39769  15.622  -27.779  60.223 0.0000000000
39776  16.756  -28.515  58.542 0.0000000000
39777  16.311  -28.282  59.228 0.0000000000
39785  16.973  -28.296  57.860 0.0000000000
39794  17.045  -28.024  56.552 0.0000000000
39795  17.017  -28.070  57.000 0.0000000000
39803  16.996  -27.786  56.103 0.0000000000
39810  16.923  -27.346  55.601 0.0000000000
39819  16.940  -26.762  54.945 0.0000000000
39820  16.690  -26.488  55.283 0.0000000000
39829  17.031  -26.384  54.395 0.0000000000
39830  16.707  -26.176  55.080 0.0000000000
39837  17.024  -26.265  54.092 0.0000000000
39838  16.741  -25.775  54.506 0.0000000000
39839  15.964  -25.025  54.884 0.0000000000
39840  15.113  -24.617  55.273 0.0000000000
39841  14.137  -24.882  55.567 0.0000000000
39842  13.530  -25.309  55.551 0.0000000000
39845  16.754  -25.837  53.954 0.0000000000
39846  16.528  -25.218  54.375 0.0000000000
39847  15.692  -24.762  54.786 0.0000000000
39848  14.498  -24.800  55.304 0.0000000000
39849  12.974  -26.146  55.129 0.0000000000
39850  12.062  -27.064  53.984 0.0000000000
39857  12.405  -26.758  54.348 0.0000000000
39858  11.807  -27.785  53.036 0.0000000000
40536  11.057  -28.423  70.995 0.0000000000
40550  11.364  -28.351  70.478 0.0000000000
40551  10.879  -28.073  70.602 0.0000000000
40564  11.754  -28.246  69.491 0.0000000000
40565  11.324  -27.925  69.968 0.0000000000
40574  12.175  -28.377  68.227 0.0000000000
40581  11.939  -29.110  66.488 0.0000000000
40582  12.165  -28.688  67.039 0.0000000000
40587  12.018  -28.986  65.726 0.0000000000
40588  11.889  -28.883  66.390 0.0000000000
40591  12.431  -28.824  64.700 0.0000000000
40594  13.245  -28.435  63.642 0.0000000000
40595  12.931  -28.461  63.966 0.0000000000
40598  13.552  -28.136  63.159 0.0000000000
40599  13.231  -28.207  63.587 0.0000000000
40602  14.218  -27.818  62.467 0.0000000000
40605  15.101  -27.837  61.378 0.0000000000
40606  14.737  -27.517  61.804 0.0000000000
40610  15.281  -27.405  60.651 0.0000000000
40611  15.006  -27.397  61.290 0.0000000000
40615  15.883  -27.547  59.580 0.0000000000
40616  15.576  -27.401  60.063 0.0000000000
40620  16.443  -27.711  58.370 0.0000000000
40621  16.207  -27.609  59.002 0.0000000000
40626  16.650  -27.621  57.398 0.0000000000
40634  16.883  -27.685  56.352 0.0000000000
40635  16.405  -27.598  56.520 0.0000000000
40643  16.638  -27.277  55.738 0.0000000000
40644  16.595  -27.384  56.159 0.0000000000
40651  16.881  -26.867  55.156 0.0000000000
40658  17.031  -26.524  54.608 0.0000000000
40665  17.218  -26.275  54.280 0.0000000000
40674  17.305  -26.225  53.815 0.0000000000
40675  17.053  -26.224  53.805 0.0000000000
40678  17.304  -26.136  53.299 0.0000000000
40679  16.968  -26.108  53.529 0.0000000000
40680  16.750  -25.786  53.560 0.0000000000
40681  16.381  -25.121  53.932 0.0000000000
40682  15.497  -24.601  54.657 0.0000000000
40683  13.653  -25.282  55.500 0.0000000000
40684  12.703  -26.254  55.002 0.0000000000
40690  17.223  -26.126  53.023 0.0000000000
40691  17.071  -26.057  52.825 0.0000000000
40692  16.732  -25.759  52.962 0.0000000000
40693  16.417  -25.204  53.192 0.0000000000
40694  16.127  -24.745  53.847 0.0000000000
40695  12.912  -26.318  54.892 0.0000000000
40696  12.147  -26.909  54.151 0.0000000000
40705  17.044  -25.945  52.280 0.0000000000
40706  16.796  -25.713  52.242 0.0000000000
40707  16.506  -25.469  52.299 0.0000000000
41307  10.966  -27.713  69.879 0.0000000000
41308  10.428  -27.754  70.166 0.0000000000
41316  11.852  -27.846  68.571 0.0000000000
41317  11.342  -27.662  69.119 0.0000000000
41318  10.625  -27.581  69.289 0.0000000000
41327  12.042  -27.754  67.848 0.0000000000
41328  11.597  -27.508  68.022 0.0000000000
41329  10.890  -27.425  68.273 0.0000000000
41330  10.073  -27.646  68.516 0.0000000000
41339  12.142  -28.041  67.178 0.0000000000
41340  11.828  -27.613  67.043 0.0000000000
41341  11.175  -27.438  67.068 0.0000000000
41342  10.333  -27.574  67.432 0.0000000000
41343  9.516  -28.179  67.657 0.0000000000
41351  11.847  -28.827  65.674 0.0000000000
41352  11.982  -28.414  66.162 0.0000000000
41353  12.006  -27.930  66.624 0.0000000000
41354  11.010  -27.503  66.437 0.0000000000
41355  10.585  -27.676  66.348 0.0000000000
41356  9.819  -28.152  66.604 0.0000000000
41363  12.022  -28.692  65.138 0.0000000000
41364  11.747  -28.663  65.522 0.0000000000
41365  10.492  -27.815  65.862 0.0000000000
41366  10.137  -28.158  65.694 0.0000000000
41367  9.213  -28.941  65.635 0.0000000000
41372  12.529  -28.384  64.294 0.0000000000
41373  9.553  -28.703  64.810 0.0000000000
41379  13.415  -27.882  63.163 0.0000000000
41380  13.087  -28.031  63.580 0.0000000000
41381  9.133  -28.806  64.075 0.0000000000
41385  13.710  -27.665  62.766 0.0000000000
41387  14.234  -27.267  62.120 0.0000000000
41390  15.139  -26.887  60.505 0.0000000000
41391  14.760  -26.939  61.170 0.0000000000
41394  15.775  -27.145  59.373 0.0000000000
41395  15.456  -26.900  59.766 0.0000000000
41398  16.225  -27.250  58.313 0.0000000000
41399  15.895  -27.019  58.742 0.0000000000
41400  15.354  -26.426  59.039 0.0000000000
41403  16.154  -27.116  57.792 0.0000000000
41404  15.510  -26.720  57.776 0.0000000000
41407  16.006  -27.176  56.764 0.0000000000
41413  16.603  -26.858  55.748 0.0000000000
41414  16.184  -27.064  56.002 0.0000000000
41421  16.751  -26.713  55.300 0.0000000000
41428  17.045  -26.357  54.759 0.0000000000
41434  17.396  -26.123  54.234 0.0000000000
41443  17.567  -26.009  53.757 0.0000000000
41450  17.666  -25.945  53.223 0.0000000000
41451  15.834  -24.480  54.498 0.0000000000
41452  15.017  -24.544  55.137 0.0000000000
41453  13.167  -25.597  55.481 0.0000000000
41454  11.960  -26.530  55.233 0.0000000000
41455  10.733  -26.905  54.858 0.0000000000
41456  9.666  -27.151  54.769 0.0000000000
41459  17.598  -25.868  52.563 0.0000000000
41460  17.379  -25.864  52.147 0.0000000000
41461  16.221  -25.124  52.910 0.0000000000
41462  15.904  -24.488  53.633 0.0000000000
41463  15.298  -23.971  54.482 0.0000000000
41464  11.933  -27.077  54.291 0.0000000000
41465  11.146  -27.508  53.862 0.0000000000
41466  9.954  -27.785  53.670 0.0000000000
41467  8.999  -27.543  54.225 0.0000000000
41475  17.736  -25.597  51.742 0.0000000000
41476  17.326  -25.613  51.507 0.0000000000
41477  16.813  -25.548  51.526 0.0000000000
41478  16.374  -25.123  51.931 0.0000000000
41479  15.986  -24.528  51.996 0.0000000000
41494  17.192  -25.235  50.917 0.0000000000
41495  16.814  -25.094  50.791 0.0000000000
41496  16.348  -24.705  50.783 0.0000000000
41497  15.983  -24.426  51.126 0.0000000000
42170  11.778  -27.595  66.641 0.0000000000
42171  11.567  -27.514  66.643 0.0000000000
42175  11.799  -28.246  65.939 0.0000000000
42176  11.706  -27.910  66.243 0.0000000000
42177  11.278  -27.646  66.206 0.0000000000
42178  10.956  -27.696  66.029 0.0000000000
42183  11.862  -28.548  65.263 0.0000000000
42184  11.640  -28.417  65.471 0.0000000000
42185  11.427  -28.092  65.423 0.0000000000
42186  11.138  -27.989  65.414 0.0000000000
42187  10.698  -27.936  65.443 0.0000000000
42188  10.256  -28.318  64.914 0.0000000000
42193  12.082  -28.353  64.743 0.0000000000
42194  11.929  -28.048  64.606 0.0000000000
42195  11.593  -27.990  64.564 0.0000000000
42196  11.166  -27.978  64.541 0.0000000000
42197  10.624  -28.124  64.368 0.0000000000
42198  9.882  -28.463  64.141 0.0000000000
42205  13.268  -27.684  63.145 0.0000000000
42206  12.698  -27.817  63.660 0.0000000000
42207  12.193  -27.704  63.673 0.0000000000
42208  11.662  -27.722  63.696 0.0000000000
42209  11.029  -27.785  63.626 0.0000000000
42210  10.222  -28.057  63.454 0.0000000000
42211  9.094  -28.409  63.371 0.0000000000
42217  13.525  -27.235  62.563 0.0000000000
42218  12.878  -27.090  62.638 0.0000000000
42219  12.198  -27.259  62.893 0.0000000000
42220  11.506  -27.371  62.871 0.0000000000
42221  10.681  -27.520  62.772 0.0000000000
42222  9.665  -27.719  62.624 0.0000000000
42230  14.082  -26.722  61.640 0.0000000000
42231  13.508  -26.604  61.813 0.0000000000
42238  14.922  -26.459  60.306 0.0000000000
42239  14.280  -26.199  60.655 0.0000000000
42240  13.853  -26.343  61.228 0.0000000000
42243  14.955  -26.043  59.477 0.0000000000
42244  14.637  -26.044  60.037 0.0000000000
42246  15.125  -26.290  58.222 0.0000000000
42247  15.073  -26.070  58.862 0.0000000000
42250  15.613  -26.703  57.061 0.0000000000
42251  15.181  -26.345  57.329 0.0000000000
42255  15.749  -26.416  56.445 0.0000000000
42256  15.600  -26.151  56.973 0.0000000000
42261  16.561  -26.546  55.597 0.0000000000
42262  16.024  -26.422  55.659 0.0000000000
42266  16.851  -26.117  54.961 0.0000000000
42267  16.388  -26.264  55.329 0.0000000000
42272  17.385  -25.885  54.308 0.0000000000
42279  17.750  -25.751  53.760 0.0000000000
42287  17.879  -25.713  53.301 0.0000000000
42295  17.991  -25.516  52.677 0.0000000000
42296  14.285  -24.270  55.344 0.0000000000
42297  12.879  -25.098  55.601 0.0000000000
42298  11.439  -25.676  55.518 0.0000000000
42299  10.045  -26.346  55.317 0.0000000000
42300  8.595  -26.694  55.008 0.0000000000
42301  7.772  -26.382  55.188 0.0000000000
42304  18.062  -25.314  51.819 0.0000000000
42305  15.578  -23.873  53.178 0.0000000000
42306  14.814  -23.573  54.154 0.0000000000
42307  13.599  -23.680  54.912 0.0000000000
42308  12.399  -24.442  55.433 0.0000000000
42310  7.876  -27.525  54.070 0.0000000000
42311  6.917  -26.582  55.006 0.0000000000
42312  5.485  -25.622  55.243 0.0000000000
42316  17.839  -24.969  50.920 0.0000000000
42317  17.470  -25.139  50.816 0.0000000000
42318  15.654  -24.049  51.674 0.0000000000
42319  15.050  -23.446  52.526 0.0000000000
42320  14.328  -23.158  53.629 0.0000000000
42323  6.364  -27.836  54.224 0.0000000000
42333  17.787  -24.346  50.161 0.0000000000
42334  17.373  -24.461  50.086 0.0000000000
42335  16.869  -24.524  50.105 0.0000000000
42336  16.626  -24.236  49.833 0.0000000000
42337  16.027  -24.081  50.285 0.0000000000
42338  15.407  -23.707  51.078 0.0000000000
42353  17.307  -23.899  49.259 0.0000000000
42354  17.058  -23.947  49.179 0.0000000000
42355  16.572  -23.823  49.040 0.0000000000
42356  16.041  -23.687  49.260 0.0000000000
42367  16.920  -23.721  48.419 0.0000000000
42368  16.678  -23.582  48.174 0.0000000000
43144  12.890  -26.785  62.294 0.0000000000
43145  12.630  -26.785  62.276 0.0000000000
43146  11.989  -26.809  62.245 0.0000000000
43147  11.178  -26.983  62.127 0.0000000000
43148  10.240  -27.111  62.051 0.0000000000
43149  9.294  -27.198  61.983 0.0000000000
43155  13.014  -26.551  61.913 0.0000000000
43156  12.515  -26.333  61.614 0.0000000000
43157  11.660  -26.313  61.609 0.0000000000
43158  10.709  -26.436  61.539 0.0000000000
43159  9.686  -26.616  61.452 0.0000000000
43167  14.048  -25.806  60.380 0.0000000000
43168  13.380  -25.834  60.717 0.0000000000
43169  12.192  -25.612  61.088 0.0000000000
43170  11.163  -25.643  61.115 0.0000000000
43171  10.115  -25.815  61.006 0.0000000000
43172  9.058  -26.161  60.792 0.0000000000
43181  14.729  -25.657  59.280 0.0000000000
43182  14.324  -25.470  59.689 0.0000000000
43183  13.697  -25.105  59.929 0.0000000000
43193  14.872  -25.938  58.128 0.0000000000
43194  14.752  -25.609  58.569 0.0000000000
43195  14.536  -25.055  58.917 0.0000000000
43204  14.934  -25.755  57.658 0.0000000000
43205  14.664  -25.508  57.926 0.0000000000
43213  15.611  -25.719  56.559 0.0000000000
43214  15.082  -25.916  56.743 0.0000000000
43219  15.829  -25.708  55.936 0.0000000000
43220  15.444  -25.445  56.405 0.0000000000
43224  16.836  -25.713  54.777 0.0000000000
43225  16.316  -25.780  55.189 0.0000000000
43228  17.235  -25.514  54.367 0.0000000000
43229  16.732  -25.424  54.580 0.0000000000
43235  17.705  -25.409  53.845 0.0000000000
43242  17.986  -25.235  53.107 0.0000000000
43251  18.202  -24.891  52.116 0.0000000000
43252  10.434  -25.277  55.475 0.0000000000
43253  9.292  -25.531  55.364 0.0000000000
43254  8.125  -25.748  55.233 0.0000000000
43255  7.484  -26.047  55.184 0.0000000000
43262  18.198  -24.596  51.165 0.0000000000
43263  12.566  -23.590  54.765 0.0000000000
43264  11.357  -24.168  55.206 0.0000000000
43265  9.962  -24.297  55.218 0.0000000000
43266  8.569  -24.403  55.202 0.0000000000
43267  7.045  -25.113  55.157 0.0000000000
43268  5.382  -24.555  55.139 0.0000000000
43273  18.052  -24.190  50.264 0.0000000000
43274  14.286  -23.104  52.524 0.0000000000
43275  13.337  -23.084  53.475 0.0000000000
43276  11.990  -23.105  53.956 0.0000000000
43277  10.581  -23.209  54.232 0.0000000000
43278  9.453  -23.493  54.753 0.0000000000
43285  17.790  -23.795  49.384 0.0000000000
43286  17.516  -23.843  49.328 0.0000000000
43287  15.470  -23.595  49.958 0.0000000000
43288  14.699  -23.293  51.049 0.0000000000
43289  13.737  -22.839  51.760 0.0000000000
43290  12.519  -22.701  52.311 0.0000000000
43291  11.372  -22.771  53.051 0.0000000000
43306  17.802  -23.413  48.621 0.0000000000
43307  17.462  -23.538  48.470 0.0000000000
43308  17.156  -23.664  48.366 0.0000000000
43309  16.253  -23.511  48.417 0.0000000000
43310  15.634  -23.354  48.840 0.0000000000
43311  14.928  -23.114  49.536 0.0000000000
43312  14.071  -22.787  50.154 0.0000000000
43313  13.165  -22.699  50.934 0.0000000000
43324  17.372  -23.179  47.557 0.0000000000
43325  16.980  -23.350  47.641 0.0000000000
43326  16.423  -23.292  47.661 0.0000000000
43327  15.847  -23.153  47.892 0.0000000000
43328  15.064  -22.765  48.349 0.0000000000
43329  14.530  -22.714  49.163 0.0000000000
43342  16.522  -23.017  47.039 0.0000000000
43343  16.024  -22.986  47.091 0.0000000000
43344  15.390  -22.811  47.354 0.0000000000
43345  14.986  -22.654  47.604 0.0000000000
44212  12.481  -25.002  60.440 0.0000000000
44213  11.587  -24.861  60.640 0.0000000000
44214  10.553  -24.981  60.568 0.0000000000
44215  9.509  -25.327  60.292 0.0000000000
44216  8.496  -25.936  59.960 0.0000000000
44232  13.844  -24.709  59.483 0.0000000000
44233  13.107  -24.518  59.762 0.0000000000
44234  12.019  -24.187  60.049 0.0000000000
44235  10.963  -24.215  60.090 0.0000000000
44236  10.046  -24.612  59.799 0.0000000000
44237  9.055  -25.187  59.080 0.0000000000
44238  7.478  -26.193  58.999 0.0000000000
44253  14.549  -24.868  58.434 0.0000000000
44254  14.235  -24.468  58.803 0.0000000000
44255  13.680  -24.129  59.120 0.0000000000
44256  8.805  -24.908  58.189 0.0000000000
44257  8.088  -25.475  57.966 0.0000000000
44258  6.512  -25.488  57.531 0.0000000000
44271  14.800  -25.457  56.923 0.0000000000
44272  14.583  -25.018  57.593 0.0000000000
44273  14.524  -24.331  58.118 0.0000000000
44274  6.063  -24.970  56.706 0.0000000000
44283  14.886  -25.298  56.267 0.0000000000
44284  14.858  -24.931  56.714 0.0000000000
44287  15.807  -25.300  55.328 0.0000000000
44288  15.292  -25.181  55.709 0.0000000000
44297  16.185  -25.032  54.676 0.0000000000
44298  15.620  -24.835  55.132 0.0000000000
44307  17.538  -25.170  53.963 0.0000000000
44308  17.090  -24.898  54.070 0.0000000000
44316  17.750  -24.876  53.505 0.0000000000
44317  17.521  -24.241  53.376 0.0000000000
44326  18.058  -24.305  52.587 0.0000000000
44327  17.711  -23.784  52.793 0.0000000000
44338  18.272  -24.110  51.493 0.0000000000
44350  18.230  -23.787  50.517 0.0000000000
44351  7.703  -24.031  54.999 0.0000000000
44352  6.721  -23.940  54.452 0.0000000000
44353  4.819  -23.482  54.298 0.0000000000
44363  18.078  -23.457  49.589 0.0000000000
44364  9.666  -22.852  54.170 0.0000000000
44365  8.398  -23.134  54.216 0.0000000000
44366  6.430  -22.324  53.480 0.0000000000
44367  4.516  -22.019  54.050 0.0000000000
44368  3.748  -21.930  54.489 0.0000000000
44377  17.990  -23.222  48.713 0.0000000000
44378  11.519  -22.568  52.083 0.0000000000
44379  10.150  -22.163  52.516 0.0000000000
44380  7.954  -21.751  52.915 0.0000000000
44381  6.933  -21.245  52.881 0.0000000000
44395  17.806  -23.090  48.040 0.0000000000
44396  17.609  -23.114  47.691 0.0000000000
44397  13.317  -22.595  50.058 0.0000000000
44398  12.243  -22.227  50.685 0.0000000000
44399  11.071  -21.463  50.354 0.0000000000
44411  17.691  -22.841  47.482 0.0000000000
44412  17.470  -22.791  47.105 0.0000000000
44413  17.193  -22.973  47.055 0.0000000000
44414  14.691  -22.518  47.889 0.0000000000
44415  13.846  -22.281  48.760 0.0000000000
44416  12.152  -21.360  48.717 0.0000000000
44417  11.232  -20.889  49.387 0.0000000000
44434  17.203  -22.673  46.632 0.0000000000
44435  16.839  -22.732  46.503 0.0000000000
44436  16.225  -22.784  46.397 0.0000000000
44437  15.533  -22.718  46.499 0.0000000000
44438  14.659  -22.389  47.063 0.0000000000
44439  13.307  -21.530  47.048 0.0000000000
44440  12.414  -21.124  47.526 0.0000000000
44462  16.757  -22.489  46.046 0.0000000000
44463  16.475  -22.440  45.923 0.0000000000
44464  15.828  -22.450  45.748 0.0000000000
44465  15.042  -22.299  45.896 0.0000000000
44466  14.241  -21.933  46.105 0.0000000000
45323  13.189  -23.686  59.062 0.0000000000
45324  12.386  -23.572  59.320 0.0000000000
45325  11.333  -23.598  59.393 0.0000000000
45326  10.358  -23.980  59.259 0.0000000000
45327  9.762  -24.431  59.144 0.0000000000
45334  14.346  -23.941  58.179 0.0000000000
45335  13.789  -23.451  58.327 0.0000000000
45336  12.729  -22.981  58.551 0.0000000000
45337  11.646  -22.985  58.591 0.0000000000
45338  10.601  -23.405  58.436 0.0000000000
45339  9.493  -24.242  58.143 0.0000000000
45340  8.479  -24.759  57.493 0.0000000000
45341  7.581  -25.105  57.105 0.0000000000
45347  14.603  -24.523  56.892 0.0000000000
45348  14.492  -23.699  57.331 0.0000000000
45349  13.884  -22.762  57.417 0.0000000000
45350  8.834  -24.261  57.072 0.0000000000
45351  7.879  -24.413  56.530 0.0000000000
45352  6.702  -24.751  56.379 0.0000000000
45353  5.672  -24.532  56.103 0.0000000000
45359  15.022  -24.917  55.811 0.0000000000
45360  14.679  -24.410  55.982 0.0000000000
45361  14.558  -23.231  56.236 0.0000000000
45362  7.084  -24.205  55.745 0.0000000000
45363  6.171  -24.277  55.208 0.0000000000
45364  5.045  -24.072  55.063 0.0000000000
45370  15.123  -24.638  55.294 0.0000000000
45371  15.011  -23.982  54.949 0.0000000000
45380  16.305  -24.737  54.112 0.0000000000
45381  15.738  -24.236  54.450 0.0000000000
45382  15.064  -23.726  54.277 0.0000000000
45391  16.705  -24.229  53.797 0.0000000000
45392  16.061  -23.769  53.554 0.0000000000
45399  17.052  -23.565  53.179 0.0000000000
45400  16.368  -23.202  53.132 0.0000000000
45406  17.937  -23.709  52.385 0.0000000000
45407  17.468  -23.174  52.274 0.0000000000
45416  18.068  -23.578  51.812 0.0000000000
45417  17.804  -22.824  51.262 0.0000000000
45430  18.185  -23.322  50.862 0.0000000000
45431  17.980  -22.633  50.325 0.0000000000
45432  3.499  -21.939  54.574 0.0000000000
45447  18.174  -22.960  49.827 0.0000000000
45448  18.076  -22.562  49.832 0.0000000000
45449  6.462  -21.045  53.004 0.0000000000
45450  5.555  -20.733  53.146 0.0000000000
45451  3.851  -21.236  53.934 0.0000000000
45462  18.118  -22.867  48.919 0.0000000000
45463  9.881  -21.147  50.972 0.0000000000
45464  8.706  -20.850  51.855 0.0000000000
45465  7.043  -20.128  52.465 0.0000000000
45466  6.072  -19.748  52.779 0.0000000000
45482  17.915  -22.604  47.966 0.0000000000
45483  17.761  -22.157  47.414 0.0000000000
45484  10.530  -20.474  49.967 0.0000000000
45485  9.212  -19.860  50.601 0.0000000000
45486  8.224  -19.841  51.604 0.0000000000
45502  17.803  -22.739  47.633 0.0000000000
45503  17.670  -22.375  47.138 0.0000000000
45504  11.888  -20.768  47.778 0.0000000000
45505  10.879  -20.312  48.532 0.0000000000
45506  10.056  -19.895  49.588 0.0000000000
45525  17.278  -22.276  46.370 0.0000000000
45526  17.080  -22.488  46.304 0.0000000000
45527  12.974  -21.130  46.269 0.0000000000
45528  12.158  -20.719  46.741 0.0000000000
45529  11.456  -20.462  47.476 0.0000000000
45550  17.127  -22.078  45.986 0.0000000000
45551  16.853  -22.180  45.887 0.0000000000
45552  16.168  -21.851  45.263 0.0000000000
45553  15.421  -21.907  45.209 0.0000000000
45554  14.615  -21.701  45.338 0.0000000000
45555  13.607  -21.245  45.612 0.0000000000
45556  12.819  -20.743  45.910 0.0000000000
45570  16.055  -21.423  44.921 0.0000000000
45571  15.695  -21.373  44.869 0.0000000000
45572  15.026  -21.266  44.800 0.0000000000
45573  14.322  -21.110  44.884 0.0000000000
46337  13.055  -22.479  57.675 0.0000000000
46338  11.945  -22.413  57.718 0.0000000000
46339  10.873  -22.773  57.515 0.0000000000
46340  9.869  -23.430  57.263 0.0000000000
46341  9.292  -23.944  57.148 0.0000000000
46348  14.120  -22.626  56.584 0.0000000000
46349  13.287  -22.180  56.753 0.0000000000
46350  12.194  -22.009  56.694 0.0000000000
46351  11.129  -22.226  56.675 0.0000000000
46352  9.908  -22.697  56.040 0.0000000000
46353  8.659  -23.642  56.205 0.0000000000
46354  7.681  -23.949  55.843 0.0000000000
46360  14.780  -23.279  55.398 0.0000000000
46361  14.257  -22.611  55.609 0.0000000000
46362  13.343  -22.073  55.677 0.0000000000
46363  12.610  -21.914  56.016 0.0000000000
46364  9.308  -22.614  54.870 0.0000000000
46365  8.537  -23.028  54.897 0.0000000000
46366  7.185  -23.760  54.775 0.0000000000
46367  5.696  -23.601  54.320 0.0000000000
46368  4.554  -23.361  54.421 0.0000000000
46374  14.880  -23.332  54.636 0.0000000000
46375  14.483  -22.703  54.642 0.0000000000
46376  13.625  -22.265  54.743 0.0000000000
46377  5.928  -22.808  54.151 0.0000000000
46378  5.215  -22.737  54.010 0.0000000000
46379  4.299  -22.340  54.269 0.0000000000
46384  15.590  -23.507  54.005 0.0000000000
46385  15.019  -23.007  53.946 0.0000000000
46386  14.398  -22.625  53.831 0.0000000000
46395  15.636  -23.224  53.333 0.0000000000
46396  15.204  -22.654  53.100 0.0000000000
46406  16.825  -22.978  52.779 0.0000000000
46407  16.070  -22.568  52.737 0.0000000000
46408  15.355  -22.117  52.680 0.0000000000
46418  16.829  -22.602  52.318 0.0000000000
46419  16.318  -22.162  51.961 0.0000000000
46426  17.100  -22.387  51.615 0.0000000000
46427  16.371  -21.864  51.063 0.0000000000
46436  17.228  -22.069  50.582 0.0000000000
46437  16.612  -21.766  50.538 0.0000000000
46447  18.085  -22.533  49.585 0.0000000000
46448  17.674  -22.141  49.598 0.0000000000
46449  5.620  -19.705  52.877 0.0000000000
46450  4.777  -19.843  53.039 0.0000000000
46451  3.581  -20.258  53.009 0.0000000000
46463  18.043  -22.463  49.151 0.0000000000
46464  17.645  -21.889  48.622 0.0000000000
46465  6.843  -19.252  51.994 0.0000000000
46466  5.973  -18.871  52.233 0.0000000000
46467  4.248  -18.982  52.265 0.0000000000
46484  17.938  -22.361  48.452 0.0000000000
46485  17.670  -21.872  47.728 0.0000000000
46486  8.589  -19.413  50.085 0.0000000000
46487  7.497  -19.035  50.808 0.0000000000
46488  6.310  -18.294  51.243 0.0000000000
46507  17.558  -21.765  46.957 0.0000000000
46508  10.248  -19.712  48.071 0.0000000000
46509  9.178  -19.191  49.033 0.0000000000
46510  7.970  -18.434  49.588 0.0000000000
46527  17.371  -21.810  46.404 0.0000000000
46528  11.645  -20.154  46.403 0.0000000000
46529  10.861  -19.846  47.079 0.0000000000
46530  9.998  -19.388  47.866 0.0000000000
46545  17.044  -21.730  45.878 0.0000000000
46546  16.436  -21.342  45.233 0.0000000000
46547  16.224  -21.415  45.016 0.0000000000
46548  13.073  -20.485  45.362 0.0000000000
46549  12.106  -20.037  45.725 0.0000000000
46550  11.394  -19.874  46.236 0.0000000000
46563  16.222  -20.985  44.918 0.0000000000
46564  15.954  -20.993  44.836 0.0000000000
46565  15.274  -20.721  44.540 0.0000000000
46566  14.579  -20.604  44.445 0.0000000000
46567  13.718  -20.420  44.747 0.0000000000
46568  12.884  -19.971  44.967 0.0000000000
47403  11.894  -21.818  55.705 0.0000000000
47404  11.203  -21.969  55.792 0.0000000000
47405  10.611  -22.205  55.857 0.0000000000
47418  12.852  -21.908  54.616 0.0000000000
47419  12.161  -21.832  54.926 0.0000000000
47420  11.145  -21.904  54.732 0.0000000000
47421  10.040  -22.235  54.692 0.0000000000
47422  8.696  -22.549  53.933 0.0000000000
47423  7.463  -22.784  53.900 0.0000000000
47424  6.506  -23.082  54.044 0.0000000000
47434  13.818  -22.276  53.893 0.0000000000
47435  12.975  -21.888  53.769 0.0000000000
47436  12.038  -21.757  53.655 0.0000000000
47437  11.098  -21.680  53.596 0.0000000000
47438  10.124  -21.749  53.428 0.0000000000
47439  8.972  -21.957  53.090 0.0000000000
47440  7.774  -21.931  53.090 0.0000000000
47441  6.312  -22.094  53.480 0.0000000000
47442  5.002  -21.601  53.790 0.0000000000
47449  14.707  -22.516  53.441 0.0000000000
47450  14.150  -22.180  53.293 0.0000000000
47451  13.332  -21.777  52.997 0.0000000000
47452  12.122  -21.469  52.455 0.0000000000
47453  10.999  -21.346  52.401 0.0000000000
47454  10.053  -21.124  52.415 0.0000000000
47459  14.756  -22.019  52.927 0.0000000000
47460  13.951  -21.796  52.456 0.0000000000
47461  12.873  -21.469  51.847 0.0000000000
47462  11.765  -20.980  51.141 0.0000000000
47468  15.667  -22.038  52.247 0.0000000000
47469  14.826  -21.833  52.085 0.0000000000
47470  13.708  -21.494  51.417 0.0000000000
47471  12.515  -20.938  50.711 0.0000000000
47472  11.558  -20.494  50.376 0.0000000000
47483  15.576  -21.806  51.578 0.0000000000
47484  14.645  -21.536  51.102 0.0000000000
47485  13.558  -21.071  50.390 0.0000000000
47486  12.599  -20.501  50.080 0.0000000000
47498  15.472  -21.598  50.844 0.0000000000
47499  14.727  -21.298  50.260 0.0000000000
47500  13.927  -20.831  49.717 0.0000000000
47514  16.706  -21.719  50.283 0.0000000000
47515  15.974  -21.507  50.174 0.0000000000
47516  14.866  -20.992  49.426 0.0000000000
47517  14.036  -20.572  49.261 0.0000000000
47532  16.821  -21.636  49.797 0.0000000000
47533  15.981  -21.197  49.174 0.0000000000
47534  15.137  -20.639  48.631 0.0000000000
47547  16.950  -21.446  48.896 0.0000000000
47548  16.065  -20.801  48.215 0.0000000000
47549  15.416  -20.493  48.204 0.0000000000
47550  5.869  -18.027  51.371 0.0000000000
47551  5.071  -17.794  51.338 0.0000000000
47552  3.872  -18.236  51.249 0.0000000000
47566  17.061  -21.279  47.950 0.0000000000
47567  16.457  -20.669  47.352 0.0000000000
47568  7.369  -17.827  49.863 0.0000000000
47569  6.236  -17.581  50.517 0.0000000000
47570  5.311  -17.448  50.787 0.0000000000
47580  17.121  -21.134  46.982 0.0000000000
47581  16.546  -20.512  46.666 0.0000000000
47582  8.888  -18.200  48.331 0.0000000000
47583  8.052  -17.657  48.924 0.0000000000
47584  7.088  -17.503  49.642 0.0000000000
47596  17.162  -21.290  46.314 0.0000000000
47597  16.718  -20.681  46.175 0.0000000000
47598  10.425  -19.203  46.718 0.0000000000
47599  9.611  -18.685  47.469 0.0000000000
47600  8.766  -17.819  48.142 0.0000000000
47618  17.122  -21.444  46.003 0.0000000000
47619  16.661  -20.927  45.605 0.0000000000
47620  11.677  -19.506  45.419 0.0000000000
47621  10.979  -19.274  45.962 0.0000000000
47622  10.231  -18.913  46.577 0.0000000000
47635  16.079  -20.614  44.924 0.0000000000
47636  15.352  -20.056  44.453 0.0000000000
47637  14.760  -20.043  44.198 0.0000000000
47638  14.094  -19.933  44.148 0.0000000000
47639  13.206  -19.490  44.305 0.0000000000
47640  12.116  -19.420  44.935 0.0000000000
47641  11.487  -19.220  45.298 0.0000000000
47645  15.025  -19.467  44.233 0.0000000000
47646  14.781  -19.476  44.097 0.0000000000
47647  14.244  -19.451  43.968 0.0000000000
47648  13.797  -19.453  43.984 0.0000000000
48477  9.121  -21.081  52.439 0.0000000000
48478  8.170  -21.116  52.484 0.0000000000
48479  7.175  -20.669  52.699 0.0000000000
48480  5.727  -20.536  53.318 0.0000000000
48493  10.941  -20.788  51.351 0.0000000000
48494  10.032  -20.555  51.402 0.0000000000
48495  9.048  -20.273  51.391 0.0000000000
48496  8.299  -20.452  51.926 0.0000000000
48497  7.918  -20.598  52.304 0.0000000000
48501  10.941  -20.321  50.512 0.0000000000
48502  10.139  -20.110  50.608 0.0000000000
48503  9.589  -20.152  50.960 0.0000000000
48507  11.864  -20.260  50.063 0.0000000000
48508  11.146  -19.979  50.051 0.0000000000
48509  10.584  -20.054  50.214 0.0000000000
48515  13.069  -20.432  49.729 0.0000000000
48516  12.196  -19.872  49.684 0.0000000000
48517  11.638  -19.933  49.838 0.0000000000
48530  13.460  -20.388  49.349 0.0000000000
48531  12.859  -19.807  49.304 0.0000000000
48546  14.382  -20.536  48.930 0.0000000000
48547  13.594  -20.068  48.895 0.0000000000
48548  13.097  -19.514  49.118 0.0000000000
48563  14.356  -20.236  48.553 0.0000000000
48564  13.883  -19.695  48.444 0.0000000000
48578  15.527  -20.428  47.991 0.0000000000
48579  14.858  -20.078  48.020 0.0000000000
48580  14.095  -19.436  48.072 0.0000000000
48581  4.970  -17.402  50.870 0.0000000000
48582  4.511  -17.429  50.899 0.0000000000
48596  15.683  -20.307  47.606 0.0000000000
48597  15.162  -19.755  47.340 0.0000000000
48598  5.990  -17.434  50.026 0.0000000000
48599  5.205  -17.416  50.331 0.0000000000
48600  3.922  -17.505  50.455 0.0000000000
48614  15.872  -20.071  46.854 0.0000000000
48615  15.272  -19.530  46.816 0.0000000000
48616  7.710  -17.407  48.667 0.0000000000
48617  6.669  -17.436  49.343 0.0000000000
48618  4.650  -17.565  49.295 0.0000000000
48633  16.197  -20.074  46.165 0.0000000000
48634  9.325  -18.166  47.197 0.0000000000
48635  8.402  -17.664  47.889 0.0000000000
48636  6.542  -17.861  48.517 0.0000000000
48653  16.233  -20.168  45.596 0.0000000000
48654  10.665  -18.795  45.753 0.0000000000
48655  9.940  -18.396  46.417 0.0000000000
48656  9.086  -17.944  46.748 0.0000000000
48663  16.034  -20.133  45.097 0.0000000000
48664  15.614  -19.823  44.697 0.0000000000
48665  12.932  -18.953  44.064 0.0000000000
48666  12.332  -18.910  44.370 0.0000000000
48667  11.193  -18.643  45.167 0.0000000000
48668  10.305  -18.119  45.711 0.0000000000
48671  15.150  -19.344  44.389 0.0000000000
48672  14.774  -19.014  44.107 0.0000000000
48673  14.278  -18.886  43.946 0.0000000000
48674  13.502  -18.885  43.906 0.0000000000
48675  12.647  -18.534  44.050 0.0000000000
48676  11.965  -18.413  44.381 0.0000000000
49405  8.090  -18.732  52.818 0.0000000000
49406  7.598  -19.085  52.867 0.0000000000
49407  6.439  -19.133  53.370 0.0000000000
49421  9.111  -19.313  51.741 0.0000000000
49422  8.447  -19.188  52.257 0.0000000000
49423  7.889  -20.081  52.326 0.0000000000
49435  10.230  -19.365  50.970 0.0000000000
49436  9.717  -19.353  51.350 0.0000000000
49444  11.272  -19.278  50.467 0.0000000000
49445  10.745  -19.376  50.664 0.0000000000
49454  12.218  -19.089  50.105 0.0000000000
49455  11.807  -19.188  50.327 0.0000000000
49467  12.489  -19.011  49.861 0.0000000000
49479  13.216  -19.219  48.955 0.0000000000
49480  12.781  -18.866  49.504 0.0000000000
49490  13.395  -18.863  48.574 0.0000000000
49501  14.502  -19.416  47.654 0.0000000000
49502  13.928  -18.969  47.923 0.0000000000
49520  14.658  -19.130  47.186 0.0000000000
49521  14.292  -19.036  47.553 0.0000000000
49539  15.594  -19.559  46.296 0.0000000000
49540  15.000  -19.088  46.576 0.0000000000
49550  15.769  -19.567  45.694 0.0000000000
49551  15.250  -19.003  45.964 0.0000000000
49552  8.216  -17.738  47.718 0.0000000000
49553  6.701  -18.210  47.834 0.0000000000
49567  15.755  -19.601  45.166 0.0000000000
49568  15.336  -18.988  45.333 0.0000000000
49569  9.706  -17.944  46.351 0.0000000000
49570  8.908  -17.865  47.050 0.0000000000
49571  7.989  -17.787  47.623 0.0000000000
49575  15.685  -19.661  44.886 0.0000000000
49576  15.288  -19.073  44.745 0.0000000000
49577  10.845  -17.908  45.188 0.0000000000
49578  10.065  -17.877  45.916 0.0000000000
49579  9.647  -17.912  46.568 0.0000000000
49583  14.798  -18.648  44.313 0.0000000000
49584  14.326  -18.381  44.071 0.0000000000
49585  13.731  -18.248  43.965 0.0000000000
49586  12.982  -18.119  44.001 0.0000000000
49587  12.185  -18.026  44.231 0.0000000000
49588  11.544  -18.085  44.646 0.0000000000
50347  6.406  -16.471  53.828 0.0000000000
50359  8.779  -16.776  52.628 0.0000000000
50360  8.088  -17.846  53.080 0.0000000000
50361  7.041  -17.846  53.587 0.0000000000
50374  10.110  -17.159  51.975 0.0000000000
50375  9.305  -18.060  52.123 0.0000000000
50376  8.690  -17.997  52.613 0.0000000000
50391  11.335  -17.569  51.619 0.0000000000
50392  10.458  -18.270  51.377 0.0000000000
50393  9.854  -18.181  51.636 0.0000000000
50404  12.293  -17.681  51.195 0.0000000000
50405  11.502  -18.356  50.871 0.0000000000
50406  10.984  -18.368  51.104 0.0000000000
50419  12.959  -17.457  50.922 0.0000000000
50420  12.353  -18.229  50.494 0.0000000000
50421  11.958  -18.340  50.674 0.0000000000
50433  12.794  -17.588  50.380 0.0000000000
50434  12.643  -18.194  50.159 0.0000000000
50446  12.828  -18.194  49.584 0.0000000000
50447  12.735  -18.187  49.903 0.0000000000
50458  12.931  -18.153  49.164 0.0000000000
50469  13.379  -18.350  48.437 0.0000000000
50483  14.425  -18.817  47.227 0.0000000000
50484  14.073  -18.616  47.566 0.0000000000
50497  14.491  -18.726  46.992 0.0000000000
50498  14.044  -18.202  47.142 0.0000000000
50514  14.665  -18.550  46.427 0.0000000000
50515  14.246  -17.972  46.391 0.0000000000
50516  6.884  -18.086  47.927 0.0000000000
50528  14.857  -18.394  45.747 0.0000000000
50529  14.395  -17.822  45.587 0.0000000000
50530  9.007  -17.806  47.159 0.0000000000
50531  8.076  -17.853  47.419 0.0000000000
50536  14.904  -18.336  45.080 0.0000000000
50537  14.370  -17.770  44.907 0.0000000000
50538  11.001  -17.638  45.209 0.0000000000
50539  10.496  -17.711  45.696 0.0000000000
50540  9.732  -17.794  46.643 0.0000000000
50544  14.751  -18.324  44.613 0.0000000000
50545  14.266  -17.918  44.377 0.0000000000
50546  13.823  -17.823  44.163 0.0000000000
50547  13.234  -17.700  44.147 0.0000000000
50548  12.501  -17.644  44.327 0.0000000000
50549  11.599  -17.639  44.756 0.0000000000
51277  9.003  -15.392  54.879 0.0000000000
51278  8.500  -15.609  54.369 0.0000000000
51279  7.301  -15.576  54.200 0.0000000000
51291  10.429  -15.679  54.122 0.0000000000
51292  9.578  -15.698  54.059 0.0000000000
51293  8.245  -16.251  53.516 0.0000000000
51294  7.379  -16.647  53.489 0.0000000000
51305  11.732  -16.056  53.524 0.0000000000
51306  10.906  -16.062  53.456 0.0000000000
51307  9.647  -16.547  52.599 0.0000000000
51319  12.854  -16.385  52.826 0.0000000000
51320  12.128  -16.448  52.871 0.0000000000
51321  10.987  -17.051  52.201 0.0000000000
51330  13.552  -16.480  52.196 0.0000000000
51331  13.068  -16.672  52.274 0.0000000000
51332  12.100  -17.372  51.784 0.0000000000
51340  13.437  -16.661  51.774 0.0000000000
51341  12.885  -17.344  51.329 0.0000000000
51351  13.563  -16.418  51.237 0.0000000000
51352  13.426  -16.673  51.244 0.0000000000
51365  13.362  -16.557  51.035 0.0000000000
51366  12.956  -17.214  50.507 0.0000000000
51379  13.049  -16.836  50.620 0.0000000000
51380  12.672  -17.526  49.981 0.0000000000
51392  12.762  -17.779  49.285 0.0000000000
51406  13.174  -17.945  48.300 0.0000000000
51420  13.392  -17.745  47.387 0.0000000000
51441  13.755  -17.579  46.267 0.0000000000
51442  6.849  -17.947  48.161 0.0000000000
51457  13.832  -17.431  45.463 0.0000000000
51458  9.759  -17.711  46.790 0.0000000000
51459  8.896  -17.406  47.162 0.0000000000
51460  7.890  -17.689  47.677 0.0000000000
51465  13.650  -17.348  44.814 0.0000000000
51466  12.918  -17.197  44.825 0.0000000000
51467  12.276  -17.232  44.971 0.0000000000
51468  11.658  -17.335  45.218 0.0000000000
51469  11.012  -17.481  45.435 0.0000000000
51470  10.200  -17.641  46.125 0.0000000000
51471  9.885  -17.732  46.502 0.0000000000
51476  13.800  -17.590  44.384 0.0000000000
51477  13.392  -17.457  44.421 0.0000000000
51478  12.770  -17.372  44.512 0.0000000000
51479  12.110  -17.395  44.750 0.0000000000
51480  11.636  -17.434  44.986 0.0000000000
52273  11.534  -15.112  54.744 0.0000000000
52274  10.730  -15.285  54.761 0.0000000000
52275  10.042  -15.236  55.023 0.0000000000
52285  12.945  -15.188  53.936 0.0000000000
52286  12.033  -15.540  54.075 0.0000000000
52287  11.327  -15.498  54.294 0.0000000000
52298  13.898  -15.480  53.069 0.0000000000
52299  13.179  -15.929  53.199 0.0000000000
52300  12.612  -15.806  53.564 0.0000000000
52309  13.842  -16.005  52.429 0.0000000000
52310  13.569  -16.040  52.769 0.0000000000
52317  14.052  -15.717  51.879 0.0000000000
52318  13.934  -16.095  51.889 0.0000000000
52327  13.743  -16.084  51.430 0.0000000000
52328  13.871  -16.149  51.636 0.0000000000
52338  13.361  -16.207  51.006 0.0000000000
52351  12.850  -16.648  50.451 0.0000000000
52352  12.539  -17.329  49.908 0.0000000000
52365  12.665  -16.436  50.455 0.0000000000
52366  12.507  -17.120  49.785 0.0000000000
52380  12.624  -17.558  48.858 0.0000000000
52395  12.670  -17.458  48.116 0.0000000000
52396  12.366  -17.424  48.115 0.0000000000
52397  7.629  -17.629  49.938 0.0000000000
52417  13.171  -17.473  46.972 0.0000000000
52418  12.654  -17.374  47.196 0.0000000000
52419  12.201  -17.341  47.130 0.0000000000
52420  11.706  -17.350  47.268 0.0000000000
52421  11.090  -17.379  47.570 0.0000000000
52422  10.242  -17.522  48.038 0.0000000000
52423  8.979  -17.576  48.858 0.0000000000
52424  7.549  -17.395  48.790 0.0000000000
52437  13.275  -17.335  46.175 0.0000000000
52438  12.783  -17.246  46.151 0.0000000000
52439  12.285  -17.233  46.170 0.0000000000
52440  11.709  -17.255  46.350 0.0000000000
52441  11.010  -17.390  46.682 0.0000000000
52442  10.082  -17.620  47.131 0.0000000000
52443  8.877  -17.334  47.685 0.0000000000
52444  8.023  -17.618  48.003 0.0000000000
52455  13.316  -17.224  45.499 0.0000000000
52456  12.909  -17.151  45.374 0.0000000000
52457  12.329  -17.200  45.443 0.0000000000
52458  11.691  -17.249  45.650 0.0000000000
52459  10.999  -17.392  45.938 0.0000000000
52460  10.419  -17.539  46.187 0.0000000000
53264  14.195  -15.138  52.853 0.0000000000
53272  14.120  -15.323  52.078 0.0000000000
53273  14.161  -15.188  52.368 0.0000000000
53282  13.998  -15.374  51.843 0.0000000000
53290  13.654  -15.476  51.484 0.0000000000
53305  13.240  -15.648  51.057 0.0000000000
53306  13.023  -15.388  51.068 0.0000000000
53327  12.923  -15.977  50.720 0.0000000000
53328  12.698  -15.853  50.711 0.0000000000
53329  12.412  -15.636  50.817 0.0000000000
53352  12.340  -16.846  50.035 0.0000000000
53353  12.124  -16.602  50.159 0.0000000000
53354  11.871  -16.390  50.309 0.0000000000
53355  11.483  -16.220  50.572 0.0000000000
53374  12.278  -17.334  49.310 0.0000000000
53375  12.088  -17.327  49.133 0.0000000000
53376  11.729  -17.155  49.415 0.0000000000
53377  11.283  -17.017  49.661 0.0000000000
53378  10.635  -16.899  49.923 0.0000000000
53379  9.741  -17.048  50.284 0.0000000000
53380  8.524  -17.311  50.383 0.0000000000
53393  12.102  -17.379  48.173 0.0000000000
53394  11.699  -17.369  48.336 0.0000000000
53395  11.177  -17.329  48.586 0.0000000000
53396  10.458  -17.335  48.926 0.0000000000
53397  9.533  -17.372  49.299 0.0000000000
53398  9.036  -17.408  49.488 0.0000000000
54257  14.078  -14.930  52.204 0.0000000000
54265  13.833  -14.644  52.013 0.0000000000
54274  13.414  -14.879  51.577 0.0000000000
54290  13.179  -15.080  51.315 0.0000000000
54306  12.653  -14.993  51.184 0.0000000000
