#!ascii label  , from subject Yale_0050560 vox2ras=TkReg
2039
17977  -51.184  -49.070  3.781 0.0000000000
17978  -51.484  -49.227  3.775 0.0000000000
17992  -49.447  -49.965  2.707 0.0000000000
17993  -51.025  -49.430  3.530 0.0000000000
17994  -52.159  -49.311  3.511 0.0000000000
17995  -52.639  -49.051  3.335 0.0000000000
18009  -50.562  -50.820  2.717 0.0000000000
18010  -52.010  -50.020  3.016 0.0000000000
18011  -52.566  -49.175  2.824 0.0000000000
18029  -53.206  -49.891  1.482 0.0000000000
18030  -54.624  -49.183  -0.231 0.0000000000
18031  -55.615  -48.790  -1.370 0.0000000000
18032  -55.955  -48.589  -2.038 0.0000000000
18054  -54.247  -50.340  -0.163 0.0000000000
18055  -55.645  -49.529  -1.237 0.0000000000
18056  -56.539  -48.890  -2.330 0.0000000000
18810  -48.038  -48.907  3.004 0.0000000000
18811  -49.342  -48.935  3.258 0.0000000000
18812  -50.561  -49.212  3.492 0.0000000000
18813  -51.188  -49.349  3.420 0.0000000000
18822  -48.596  -49.414  2.925 0.0000000000
18823  -49.811  -49.230  3.268 0.0000000000
18824  -51.941  -49.361  2.912 0.0000000000
18825  -52.358  -49.140  3.154 0.0000000000
18836  -52.202  -48.508  2.569 0.0000000000
18837  -52.661  -48.905  2.354 0.0000000000
18838  -53.292  -48.014  1.383 0.0000000000
18856  -53.234  -48.866  1.903 0.0000000000
18857  -53.875  -48.311  0.504 0.0000000000
18858  -54.786  -48.210  -0.953 0.0000000000
18859  -55.432  -48.296  -1.915 0.0000000000
18876  -56.028  -48.305  -2.606 0.0000000000
18877  -56.629  -48.479  -3.071 0.0000000000
18891  -56.120  -48.210  -3.561 0.0000000000
18899  -53.507  -46.010  -7.082 0.0000000000
18900  -54.553  -46.988  -6.222 0.0000000000
19616  -47.264  -48.747  3.000 0.0000000000
19617  -48.986  -48.414  3.022 0.0000000000
19618  -49.922  -49.193  2.859 0.0000000000
19619  -50.668  -49.472  2.988 0.0000000000
19630  -49.561  -48.070  2.272 0.0000000000
19631  -50.337  -48.559  2.254 0.0000000000
19632  -51.111  -48.913  2.540 0.0000000000
19644  -49.895  -47.296  1.359 0.0000000000
19645  -50.647  -47.712  1.511 0.0000000000
19646  -51.761  -47.980  1.652 0.0000000000
19647  -52.826  -47.364  0.966 0.0000000000
19648  -53.504  -47.311  0.378 0.0000000000
19662  -50.044  -46.919  0.602 0.0000000000
19663  -50.501  -46.852  -0.341 0.0000000000
19664  -51.970  -46.656  -0.447 0.0000000000
19665  -53.235  -46.573  -0.642 0.0000000000
19666  -54.237  -47.013  -0.899 0.0000000000
19667  -55.001  -47.609  -1.900 0.0000000000
19668  -55.439  -47.974  -2.479 0.0000000000
19683  -50.840  -45.715  -2.491 0.0000000000
19684  -52.601  -45.720  -2.196 0.0000000000
19685  -53.818  -46.082  -2.189 0.0000000000
19686  -54.724  -46.655  -2.409 0.0000000000
19687  -55.288  -47.437  -2.819 0.0000000000
19688  -55.706  -47.925  -3.025 0.0000000000
19705  -51.799  -45.210  -4.152 0.0000000000
19706  -53.320  -45.470  -3.799 0.0000000000
19707  -54.372  -46.108  -3.580 0.0000000000
19708  -55.023  -47.026  -3.554 0.0000000000
19709  -55.572  -47.703  -3.703 0.0000000000
19717  -52.762  -45.219  -5.713 0.0000000000
19718  -53.976  -45.893  -5.191 0.0000000000
19719  -54.793  -46.958  -4.634 0.0000000000
19720  -55.304  -47.474  -4.235 0.0000000000
20335  -48.042  -48.496  2.978 0.0000000000
20336  -48.865  -48.347  2.945 0.0000000000
20344  -46.994  -48.487  3.062 0.0000000000
20345  -48.593  -48.248  2.587 0.0000000000
20352  -49.090  -46.793  1.089 0.0000000000
20353  -49.377  -47.711  2.333 0.0000000000
20365  -49.332  -46.903  1.265 0.0000000000
20378  -49.027  -46.298  -0.802 0.0000000000
20379  -49.630  -45.796  -2.061 0.0000000000
21135  -52.213  -47.004  5.314 0.0000000000
21136  -53.033  -46.888  5.577 0.0000000000
21137  -53.448  -46.541  5.427 0.0000000000
21138  -53.601  -46.333  5.202 0.0000000000
21139  -53.694  -46.297  4.974 0.0000000000
21144  -48.458  -47.225  4.039 0.0000000000
21145  -50.336  -47.578  4.146 0.0000000000
21146  -51.867  -47.755  4.779 0.0000000000
21147  -52.851  -47.650  5.251 0.0000000000
21148  -53.459  -47.128  5.131 0.0000000000
21149  -53.583  -46.593  5.176 0.0000000000
21150  -53.715  -46.455  5.012 0.0000000000
21155  -47.513  -47.781  3.581 0.0000000000
21156  -49.622  -48.152  2.967 0.0000000000
21157  -51.483  -48.263  3.737 0.0000000000
21158  -52.700  -48.056  4.527 0.0000000000
21159  -53.222  -47.786  4.931 0.0000000000
21166  -49.329  -47.115  1.561 0.0000000000
21167  -49.387  -47.823  2.485 0.0000000000
21173  -49.137  -47.397  1.882 0.0000000000
21967  -48.441  -45.260  5.173 0.0000000000
21968  -49.887  -45.633  5.031 0.0000000000
21969  -51.375  -45.983  5.246 0.0000000000
21970  -52.556  -46.259  5.506 0.0000000000
21971  -53.257  -46.280  5.515 0.0000000000
21972  -53.559  -46.149  5.352 0.0000000000
21973  -53.541  -46.156  5.087 0.0000000000
21980  -47.391  -45.764  4.774 0.0000000000
21981  -49.236  -46.415  4.654 0.0000000000
21982  -50.884  -46.785  4.853 0.0000000000
21983  -53.746  -46.895  4.891 0.0000000000
21984  -53.644  -46.613  4.940 0.0000000000
21985  -53.512  -46.377  5.092 0.0000000000
21992  -50.278  -48.498  2.325 0.0000000000
21993  -51.087  -48.566  2.511 0.0000000000
21994  -52.572  -48.536  3.329 0.0000000000
21995  -53.518  -47.557  4.272 0.0000000000
22001  -49.132  -46.891  1.520 0.0000000000
22002  -49.942  -47.634  1.722 0.0000000000
22003  -51.178  -47.996  1.736 0.0000000000
22828  -48.034  -44.572  5.545 0.0000000000
22829  -48.917  -44.655  5.390 0.0000000000
22830  -50.372  -44.873  5.238 0.0000000000
22831  -51.882  -45.257  5.410 0.0000000000
22832  -53.090  -45.728  5.379 0.0000000000
22833  -53.392  -46.008  5.167 0.0000000000
22834  -53.651  -45.985  5.207 0.0000000000
22841  -47.208  -44.602  5.602 0.0000000000
22842  -53.722  -46.178  4.905 0.0000000000
22843  -53.484  -46.143  5.073 0.0000000000
22844  -53.636  -46.101  4.985 0.0000000000
22851  -52.180  -48.324  2.271 0.0000000000
22852  -53.432  -48.030  2.566 0.0000000000
22853  -54.238  -46.521  3.385 0.0000000000
22865  -50.407  -46.937  1.109 0.0000000000
22866  -52.030  -47.320  1.518 0.0000000000
22867  -53.662  -46.972  1.742 0.0000000000
22868  -54.680  -46.343  2.051 0.0000000000
23704  -46.954  -43.497  6.423 0.0000000000
23705  -47.647  -43.892  5.992 0.0000000000
23706  -49.175  -43.888  5.511 0.0000000000
23707  -50.827  -43.956  5.265 0.0000000000
23708  -52.663  -44.766  5.324 0.0000000000
23709  -53.532  -45.281  5.341 0.0000000000
23715  -46.448  -43.889  6.224 0.0000000000
23716  -47.086  -44.142  6.075 0.0000000000
23717  -50.998  -43.319  5.004 0.0000000000
23718  -52.025  -43.769  5.046 0.0000000000
23719  -53.810  -44.654  4.818 0.0000000000
23731  -54.997  -44.809  3.101 0.0000000000
23732  -55.522  -43.824  2.750 0.0000000000
23752  -52.040  -45.594  0.962 0.0000000000
23753  -53.816  -46.147  0.851 0.0000000000
23754  -55.030  -45.834  1.329 0.0000000000
23755  -55.833  -44.575  1.674 0.0000000000
23756  -56.681  -43.736  1.124 0.0000000000
23757  -57.034  -43.439  0.872 0.0000000000
23780  -52.060  -44.515  -0.337 0.0000000000
23781  -54.082  -45.631  -0.113 0.0000000000
23782  -55.431  -45.641  0.137 0.0000000000
23783  -56.435  -44.800  0.144 0.0000000000
23784  -57.099  -43.678  -0.019 0.0000000000
23785  -57.095  -42.908  -1.068 0.0000000000
23786  -56.843  -42.570  -1.710 0.0000000000
23787  -56.723  -42.536  -1.947 0.0000000000
23804  -52.084  -43.810  -1.453 0.0000000000
23805  -53.166  -44.649  -1.427 0.0000000000
23806  -54.524  -45.211  -1.068 0.0000000000
23807  -55.531  -45.096  -1.458 0.0000000000
23808  -56.426  -44.420  -1.317 0.0000000000
23809  -56.841  -43.627  -1.617 0.0000000000
23810  -56.768  -42.979  -2.039 0.0000000000
23811  -56.666  -42.571  -2.315 0.0000000000
23826  -55.719  -44.516  -2.539 0.0000000000
23827  -56.141  -43.842  -2.827 0.0000000000
23828  -56.489  -43.204  -2.991 0.0000000000
23829  -56.594  -42.710  -3.032 0.0000000000
23830  -56.639  -42.395  -3.074 0.0000000000
24713  -46.633  -43.220  6.485 0.0000000000
24714  -47.122  -43.028  6.479 0.0000000000
24715  -48.137  -42.967  5.946 0.0000000000
24716  -49.293  -43.084  5.456 0.0000000000
24722  -45.975  -42.556  6.607 0.0000000000
24723  -47.344  -42.060  6.350 0.0000000000
24724  -48.513  -41.951  5.595 0.0000000000
24725  -49.992  -42.615  5.024 0.0000000000
24726  -51.200  -42.849  4.612 0.0000000000
24727  -52.622  -43.222  4.696 0.0000000000
24740  -49.155  -41.465  4.848 0.0000000000
24741  -50.168  -41.620  4.214 0.0000000000
24742  -51.663  -42.328  3.919 0.0000000000
24743  -53.730  -42.985  3.977 0.0000000000
24744  -55.133  -43.132  3.372 0.0000000000
24763  -50.713  -41.308  3.351 0.0000000000
24764  -51.921  -41.683  2.981 0.0000000000
24765  -53.771  -41.721  2.575 0.0000000000
24766  -55.900  -42.759  2.288 0.0000000000
24767  -56.657  -42.880  1.092 0.0000000000
24768  -56.872  -43.236  0.629 0.0000000000
24788  -53.393  -40.963  1.367 0.0000000000
24789  -54.652  -41.217  1.474 0.0000000000
24790  -55.890  -41.647  0.866 0.0000000000
24791  -56.742  -42.245  -0.109 0.0000000000
24792  -56.809  -41.830  -1.590 0.0000000000
24793  -56.748  -42.282  -2.050 0.0000000000
24794  -56.671  -42.466  -2.183 0.0000000000
24814  -52.476  -43.463  -2.605 0.0000000000
24815  -54.221  -44.266  -2.618 0.0000000000
24816  -55.191  -44.538  -2.753 0.0000000000
24817  -56.784  -41.291  -2.356 0.0000000000
24818  -56.759  -41.758  -2.496 0.0000000000
24819  -56.666  -42.149  -2.796 0.0000000000
24841  -51.567  -42.130  -3.463 0.0000000000
24842  -53.386  -42.291  -4.456 0.0000000000
24843  -55.110  -43.649  -4.141 0.0000000000
24844  -56.073  -43.128  -4.388 0.0000000000
24845  -56.547  -42.733  -4.210 0.0000000000
24846  -56.742  -42.376  -3.865 0.0000000000
24847  -56.690  -42.123  -3.557 0.0000000000
24865  -53.672  -41.674  -5.922 0.0000000000
24866  -54.245  -42.116  -5.824 0.0000000000
24867  -55.457  -42.419  -5.596 0.0000000000
24868  -56.224  -42.281  -5.397 0.0000000000
24869  -56.571  -41.987  -4.820 0.0000000000
24870  -56.736  -41.831  -4.260 0.0000000000
24929  -58.054  -42.961  -7.747 0.0000000000
24930  -58.259  -42.905  -8.277 0.0000000000
24931  -58.302  -42.769  -8.904 0.0000000000
24961  -57.457  -43.590  -8.618 0.0000000000
24962  -58.041  -43.141  -9.122 0.0000000000
24963  -58.055  -42.840  -9.556 0.0000000000
24983  -57.148  -43.999  -9.695 0.0000000000
24984  -57.626  -43.434  -9.763 0.0000000000
24985  -57.897  -43.056  -9.775 0.0000000000
25758  -50.502  -40.676  2.346 0.0000000000
25759  -51.623  -40.969  1.921 0.0000000000
25772  -50.305  -40.166  0.913 0.0000000000
25773  -52.093  -40.467  0.988 0.0000000000
25774  -53.374  -40.309  0.469 0.0000000000
25775  -54.841  -40.298  0.097 0.0000000000
25776  -55.988  -40.613  -0.532 0.0000000000
25777  -56.509  -40.980  -1.239 0.0000000000
25791  -50.833  -39.736  -0.003 0.0000000000
25792  -51.987  -39.563  -0.401 0.0000000000
25793  -53.439  -39.409  -0.923 0.0000000000
25794  -55.020  -39.250  -1.563 0.0000000000
25795  -56.141  -39.823  -1.945 0.0000000000
25796  -56.669  -40.586  -2.462 0.0000000000
25797  -56.821  -41.046  -3.092 0.0000000000
25798  -56.749  -41.588  -3.260 0.0000000000
25818  -52.072  -41.259  -4.740 0.0000000000
25819  -55.615  -38.847  -2.860 0.0000000000
25820  -56.298  -39.344  -3.466 0.0000000000
25821  -56.758  -40.145  -3.932 0.0000000000
25822  -56.902  -40.966  -4.233 0.0000000000
25823  -56.776  -41.708  -3.743 0.0000000000
25845  -51.524  -40.564  -4.873 0.0000000000
25846  -53.361  -40.943  -5.835 0.0000000000
25847  -54.788  -41.373  -6.134 0.0000000000
25848  -55.869  -41.627  -6.206 0.0000000000
25849  -56.547  -41.515  -5.794 0.0000000000
25850  -56.797  -41.189  -5.131 0.0000000000
25851  -56.845  -41.440  -4.359 0.0000000000
25862  -53.907  -40.165  -5.881 0.0000000000
25863  -54.422  -39.955  -5.810 0.0000000000
25864  -55.314  -40.450  -5.967 0.0000000000
25865  -56.195  -40.705  -5.291 0.0000000000
25866  -56.705  -40.761  -5.757 0.0000000000
25891  -53.722  -41.820  -6.238 0.0000000000
25892  -55.368  -42.056  -6.382 0.0000000000
25893  -56.931  -42.218  -6.271 0.0000000000
25894  -58.061  -42.156  -6.607 0.0000000000
25895  -58.406  -42.083  -6.740 0.0000000000
25902  -53.173  -42.756  -6.719 0.0000000000
25903  -54.020  -43.681  -6.739 0.0000000000
25904  -55.978  -43.490  -6.657 0.0000000000
25905  -57.481  -43.019  -7.115 0.0000000000
25906  -58.490  -42.469  -7.281 0.0000000000
25907  -58.425  -42.386  -8.299 0.0000000000
25923  -53.484  -45.272  -8.158 0.0000000000
25924  -55.037  -44.777  -7.846 0.0000000000
25925  -56.463  -44.059  -7.860 0.0000000000
25926  -58.144  -42.307  -9.432 0.0000000000
25942  -53.342  -45.567  -8.933 0.0000000000
25943  -54.037  -45.513  -9.200 0.0000000000
25944  -56.039  -44.956  -9.802 0.0000000000
25945  -57.168  -44.011  -10.638 0.0000000000
25946  -57.729  -42.812  -10.796 0.0000000000
25959  -56.400  -44.631  -11.643 0.0000000000
25960  -57.063  -43.703  -12.084 0.0000000000
25961  -57.455  -42.872  -12.343 0.0000000000
26703  -49.799  -39.441  -0.232 0.0000000000
26716  -50.499  -38.828  -1.057 0.0000000000
26717  -52.089  -38.481  -1.662 0.0000000000
26718  -53.584  -38.381  -2.297 0.0000000000
26719  -54.712  -38.357  -2.980 0.0000000000
26732  -49.621  -38.000  -1.612 0.0000000000
26733  -50.760  -37.666  -2.181 0.0000000000
26734  -52.257  -37.695  -2.995 0.0000000000
26735  -53.668  -38.075  -3.779 0.0000000000
26736  -55.066  -38.516  -4.627 0.0000000000
26737  -56.233  -39.361  -4.997 0.0000000000
26738  -56.767  -40.161  -5.119 0.0000000000
26739  -56.852  -40.656  -5.112 0.0000000000
26758  -51.295  -40.225  -5.123 0.0000000000
26759  -52.418  -40.793  -5.087 0.0000000000
26760  -54.799  -38.491  -5.754 0.0000000000
26761  -55.154  -39.190  -5.976 0.0000000000
26762  -56.286  -39.847  -5.860 0.0000000000
26763  -56.801  -40.425  -5.717 0.0000000000
26772  -50.123  -39.511  -5.859 0.0000000000
26773  -51.166  -39.350  -4.901 0.0000000000
26774  -52.688  -39.935  -4.921 0.0000000000
26775  -54.654  -39.777  -6.109 0.0000000000
26776  -54.971  -39.620  -6.626 0.0000000000
26777  -55.732  -39.864  -6.144 0.0000000000
26778  -56.523  -40.216  -5.895 0.0000000000
26793  -48.291  -42.294  -6.170 0.0000000000
26794  -49.234  -41.544  -5.755 0.0000000000
26795  -50.141  -40.494  -5.447 0.0000000000
26796  -51.936  -39.899  -4.981 0.0000000000
26797  -52.713  -39.384  -4.896 0.0000000000
26798  -52.988  -39.268  -4.862 0.0000000000
26805  -48.249  -43.162  -7.118 0.0000000000
26806  -48.975  -42.478  -6.815 0.0000000000
26807  -49.869  -41.999  -6.221 0.0000000000
26808  -51.264  -41.292  -6.112 0.0000000000
26809  -52.707  -40.724  -5.473 0.0000000000
26810  -53.829  -40.256  -5.876 0.0000000000
26811  -56.236  -40.765  -6.077 0.0000000000
26812  -57.602  -41.570  -6.374 0.0000000000
26813  -58.214  -41.959  -6.631 0.0000000000
26817  -48.781  -42.631  -7.935 0.0000000000
26818  -49.534  -42.894  -7.484 0.0000000000
26819  -50.500  -42.563  -7.208 0.0000000000
26820  -51.961  -42.644  -7.060 0.0000000000
26821  -52.913  -43.250  -7.103 0.0000000000
26822  -56.485  -39.965  -6.166 0.0000000000
26823  -57.241  -40.417  -6.488 0.0000000000
26824  -58.156  -41.700  -7.080 0.0000000000
26825  -58.479  -42.092  -7.735 0.0000000000
26838  -51.553  -43.416  -8.258 0.0000000000
26839  -52.367  -44.317  -7.832 0.0000000000
26840  -57.216  -40.078  -7.395 0.0000000000
26841  -57.688  -40.578  -8.093 0.0000000000
26842  -58.211  -41.591  -8.652 0.0000000000
26855  -52.635  -45.244  -9.640 0.0000000000
26856  -54.002  -45.741  -11.073 0.0000000000
26857  -55.306  -45.269  -11.980 0.0000000000
26858  -57.918  -40.582  -9.613 0.0000000000
26859  -57.868  -41.175  -10.760 0.0000000000
26871  -52.447  -45.037  -11.863 0.0000000000
26872  -53.844  -45.024  -13.344 0.0000000000
26873  -55.851  -44.406  -13.378 0.0000000000
26874  -56.986  -43.107  -13.553 0.0000000000
26875  -57.493  -41.721  -12.926 0.0000000000
26885  -54.635  -44.022  -14.775 0.0000000000
26886  -55.899  -43.234  -15.125 0.0000000000
26887  -56.945  -41.993  -15.007 0.0000000000
26888  -57.454  -40.613  -14.834 0.0000000000
27670  -50.903  -36.793  -3.388 0.0000000000
27671  -52.546  -37.664  -4.313 0.0000000000
27672  -53.885  -38.313  -5.102 0.0000000000
27673  -54.561  -38.479  -5.512 0.0000000000
27685  -50.920  -36.549  -3.989 0.0000000000
27686  -51.618  -37.225  -4.233 0.0000000000
27687  -52.987  -38.392  -4.483 0.0000000000
27688  -54.501  -38.714  -5.722 0.0000000000
27689  -54.677  -39.061  -5.888 0.0000000000
27701  -50.658  -39.704  -5.866 0.0000000000
27702  -50.877  -38.432  -5.866 0.0000000000
27703  -51.994  -38.643  -4.902 0.0000000000
27704  -53.344  -39.003  -4.741 0.0000000000
27705  -54.870  -39.511  -6.110 0.0000000000
27715  -50.323  -40.030  -5.754 0.0000000000
27716  -51.444  -38.123  -5.543 0.0000000000
27717  -52.126  -37.589  -5.401 0.0000000000
27727  -48.493  -41.266  -5.513 0.0000000000
27728  -49.594  -40.658  -5.345 0.0000000000
27729  -51.036  -39.746  -5.841 0.0000000000
27730  -52.200  -38.759  -4.903 0.0000000000
27731  -52.970  -38.715  -4.762 0.0000000000
27734  -53.506  -38.838  -5.651 0.0000000000
27735  -54.832  -39.625  -6.856 0.0000000000
27741  -48.571  -41.138  -8.921 0.0000000000
27742  -49.264  -42.046  -8.594 0.0000000000
27743  -50.020  -42.648  -8.312 0.0000000000
27744  -50.662  -43.098  -7.882 0.0000000000
27745  -54.627  -38.693  -5.750 0.0000000000
27746  -55.605  -39.313  -6.143 0.0000000000
27747  -56.541  -39.766  -6.205 0.0000000000
27762  -48.971  -40.415  -9.638 0.0000000000
27763  -49.754  -41.210  -9.668 0.0000000000
27764  -50.851  -42.729  -9.061 0.0000000000
27765  -51.314  -44.312  -9.116 0.0000000000
27766  -55.805  -38.892  -6.798 0.0000000000
27767  -56.496  -39.452  -7.207 0.0000000000
27768  -57.209  -39.787  -8.186 0.0000000000
27779  -49.741  -40.278  -10.654 0.0000000000
27780  -50.122  -41.345  -10.963 0.0000000000
27781  -50.970  -43.831  -11.040 0.0000000000
27782  -56.869  -39.218  -8.775 0.0000000000
27783  -57.445  -39.541  -9.733 0.0000000000
27784  -57.815  -39.913  -10.941 0.0000000000
27793  -50.279  -42.230  -12.484 0.0000000000
27794  -51.686  -43.403  -13.596 0.0000000000
27795  -53.283  -43.748  -14.825 0.0000000000
27796  -57.719  -39.011  -11.410 0.0000000000
27797  -57.830  -39.134  -13.181 0.0000000000
27805  -52.403  -42.616  -15.145 0.0000000000
27806  -54.050  -42.573  -16.254 0.0000000000
27807  -56.012  -41.913  -16.567 0.0000000000
27808  -57.066  -40.755  -16.516 0.0000000000
27809  -57.747  -39.128  -16.227 0.0000000000
27820  -55.042  -41.132  -17.376 0.0000000000
27821  -56.198  -40.520  -17.691 0.0000000000
27822  -57.128  -39.621  -17.893 0.0000000000
27823  -57.589  -37.907  -18.128 0.0000000000
28608  -50.945  -36.582  -4.244 0.0000000000
28609  -51.800  -37.926  -4.422 0.0000000000
28610  -51.914  -38.381  -5.134 0.0000000000
28625  -51.215  -37.312  -4.334 0.0000000000
28626  -51.513  -38.451  -5.310 0.0000000000
28634  -51.335  -37.189  -4.532 0.0000000000
28635  -51.563  -37.300  -4.320 0.0000000000
28646  -52.391  -37.458  -5.037 0.0000000000
28647  -53.002  -37.955  -5.340 0.0000000000
28656  -52.434  -37.321  -4.818 0.0000000000
28657  -53.024  -38.091  -4.626 0.0000000000
28665  -53.892  -38.166  -5.678 0.0000000000
28666  -54.828  -38.547  -5.956 0.0000000000
28682  -48.708  -39.172  -10.583 0.0000000000
28683  -49.333  -39.922  -10.396 0.0000000000
28684  -53.719  -37.865  -6.937 0.0000000000
28685  -54.822  -38.361  -7.364 0.0000000000
28686  -55.841  -38.774  -7.481 0.0000000000
28696  -48.280  -38.222  -11.679 0.0000000000
28697  -49.401  -39.462  -12.034 0.0000000000
28698  -50.221  -40.718  -12.263 0.0000000000
28699  -55.000  -37.859  -9.218 0.0000000000
28700  -56.149  -38.326  -9.125 0.0000000000
28701  -56.944  -38.817  -9.703 0.0000000000
28708  -49.883  -39.063  -13.233 0.0000000000
28709  -50.651  -40.508  -13.803 0.0000000000
28710  -51.522  -41.952  -14.687 0.0000000000
28711  -56.488  -37.853  -10.432 0.0000000000
28712  -57.186  -38.018  -11.079 0.0000000000
28713  -57.763  -38.444  -12.126 0.0000000000
28720  -51.095  -40.148  -14.876 0.0000000000
28721  -51.869  -40.880  -15.669 0.0000000000
28722  -53.615  -40.252  -17.124 0.0000000000
28723  -57.821  -37.647  -12.814 0.0000000000
28733  -55.160  -39.650  -18.153 0.0000000000
28734  -56.336  -39.430  -18.461 0.0000000000
28735  -56.789  -38.855  -18.505 0.0000000000
29535  -51.589  -36.986  -4.591 0.0000000000
29544  -51.821  -36.939  -4.922 0.0000000000
29557  -52.070  -37.074  -5.300 0.0000000000
29558  -52.896  -37.564  -5.331 0.0000000000
29572  -52.348  -37.126  -6.025 0.0000000000
29573  -52.864  -37.361  -6.749 0.0000000000
29586  -53.445  -37.353  -8.344 0.0000000000
29587  -54.269  -37.555  -9.077 0.0000000000
29598  -48.508  -37.405  -12.487 0.0000000000
29599  -53.869  -36.930  -9.683 0.0000000000
29600  -54.829  -37.169  -10.211 0.0000000000
29601  -55.467  -37.679  -9.793 0.0000000000
29608  -49.304  -37.966  -13.155 0.0000000000
29609  -50.149  -38.471  -13.884 0.0000000000
29610  -55.514  -36.906  -10.711 0.0000000000
29611  -56.033  -37.395  -10.404 0.0000000000
29612  -56.706  -37.555  -10.721 0.0000000000
29619  -51.098  -39.044  -14.892 0.0000000000
29620  -52.334  -38.746  -16.100 0.0000000000
29621  -53.848  -37.576  -17.273 0.0000000000
29622  -56.743  -37.230  -11.051 0.0000000000
30513  -51.229  -36.181  -6.116 0.0000000000
30530  -51.794  -36.235  -7.183 0.0000000000
30531  -52.618  -36.593  -8.118 0.0000000000
30548  -52.337  -35.767  -8.665 0.0000000000
30549  -53.187  -36.130  -9.480 0.0000000000
30560  -48.581  -35.830  -12.392 0.0000000000
30561  -54.536  -36.205  -10.293 0.0000000000
30562  -55.368  -36.512  -10.661 0.0000000000
30570  -49.141  -36.421  -12.848 0.0000000000
30571  -49.812  -36.786  -13.619 0.0000000000
30572  -50.630  -36.418  -14.154 0.0000000000
30573  -56.106  -36.678  -10.965 0.0000000000
30582  -50.575  -37.569  -14.363 0.0000000000
30583  -51.500  -37.221  -15.110 0.0000000000
30584  -52.519  -37.379  -16.015 0.0000000000
31495  -51.123  -34.775  -7.895 0.0000000000
31517  -51.913  -34.947  -8.595 0.0000000000
31518  -52.867  -34.956  -9.392 0.0000000000
31528  -49.335  -34.946  -12.260 0.0000000000
31529  -49.960  -34.318  -12.301 0.0000000000
31530  -54.193  -35.008  -10.208 0.0000000000
31531  -56.284  -35.824  -11.047 0.0000000000
31538  -49.638  -35.798  -12.930 0.0000000000
31539  -50.285  -35.155  -13.132 0.0000000000
31540  -51.343  -35.531  -14.346 0.0000000000
31548  -52.564  -36.044  -15.610 0.0000000000
32467  -51.009  -33.449  -7.889 0.0000000000
32468  -51.821  -33.815  -8.551 0.0000000000
32493  -52.499  -34.169  -9.071 0.0000000000
32494  -53.424  -34.002  -9.709 0.0000000000
32495  -54.269  -33.723  -10.140 0.0000000000
32503  -49.643  -33.620  -11.802 0.0000000000
32504  -54.181  -34.173  -10.383 0.0000000000
32505  -55.441  -34.367  -10.594 0.0000000000
32506  -56.143  -34.173  -10.807 0.0000000000
32511  -50.469  -33.602  -12.371 0.0000000000
32512  -51.262  -34.176  -13.384 0.0000000000
32513  -57.253  -34.806  -11.195 0.0000000000
32517  -52.285  -34.446  -14.546 0.0000000000
32522  -58.712  -35.329  -17.968 0.0000000000
32523  -58.828  -33.968  -13.547 0.0000000000
32524  -58.950  -33.543  -14.111 0.0000000000
32530  -58.548  -35.666  -18.108 0.0000000000
32531  -58.721  -35.920  -16.882 0.0000000000
32532  -58.520  -35.959  -13.476 0.0000000000
32533  -58.991  -34.077  -14.188 0.0000000000
33450  -52.323  -32.851  -8.051 0.0000000000
33451  -53.310  -32.678  -8.243 0.0000000000
33477  -52.744  -33.486  -8.920 0.0000000000
33478  -53.723  -33.167  -9.087 0.0000000000
33479  -55.164  -33.542  -10.030 0.0000000000
33480  -56.090  -33.633  -10.340 0.0000000000
33494  -49.993  -32.532  -11.739 0.0000000000
33495  -55.789  -33.788  -10.626 0.0000000000
33496  -56.796  -34.121  -10.578 0.0000000000
33497  -57.612  -34.086  -10.686 0.0000000000
33502  -50.668  -32.522  -12.162 0.0000000000
33503  -51.265  -32.898  -12.816 0.0000000000
33504  -51.977  -32.740  -13.534 0.0000000000
33505  -57.388  -34.311  -10.899 0.0000000000
33506  -57.971  -34.059  -11.189 0.0000000000
33507  -58.512  -33.591  -11.683 0.0000000000
33511  -51.836  -33.502  -13.677 0.0000000000
33512  -52.539  -33.390  -14.433 0.0000000000
33513  -58.379  -34.121  -12.344 0.0000000000
33514  -58.837  -33.396  -12.122 0.0000000000
33515  -59.057  -33.112  -12.934 0.0000000000
33516  -59.474  -32.673  -13.716 0.0000000000
33521  -57.058  -34.954  -19.145 0.0000000000
33522  -58.304  -34.946  -18.659 0.0000000000
33523  -59.066  -33.214  -13.834 0.0000000000
33524  -59.215  -33.138  -14.469 0.0000000000
33529  -58.968  -34.658  -17.712 0.0000000000
33530  -59.082  -34.560  -16.182 0.0000000000
33531  -59.130  -33.952  -15.050 0.0000000000
34426  -54.692  -33.250  -7.794 0.0000000000
34427  -56.527  -34.578  -7.967 0.0000000000
34428  -58.073  -34.629  -8.176 0.0000000000
34449  -53.930  -32.661  -8.389 0.0000000000
34450  -54.971  -33.332  -8.919 0.0000000000
34451  -56.672  -33.959  -9.564 0.0000000000
34452  -59.045  -34.054  -8.988 0.0000000000
34453  -59.983  -32.819  -9.186 0.0000000000
34454  -60.372  -32.156  -9.326 0.0000000000
34467  -49.531  -31.467  -11.326 0.0000000000
34468  -50.542  -31.482  -11.945 0.0000000000
34469  -51.107  -30.929  -12.221 0.0000000000
34470  -56.750  -33.741  -10.211 0.0000000000
34471  -57.900  -33.937  -10.195 0.0000000000
34472  -59.347  -33.167  -10.090 0.0000000000
34473  -60.462  -32.131  -10.124 0.0000000000
34474  -60.872  -31.640  -10.684 0.0000000000
34479  -51.008  -32.131  -12.381 0.0000000000
34480  -51.594  -31.690  -12.852 0.0000000000
34481  -52.687  -32.332  -14.326 0.0000000000
34482  -58.064  -33.953  -10.722 0.0000000000
34483  -58.723  -33.425  -11.064 0.0000000000
34484  -59.824  -32.533  -11.157 0.0000000000
34485  -60.732  -31.700  -11.330 0.0000000000
34486  -61.019  -31.501  -11.725 0.0000000000
34490  -53.913  -34.078  -16.522 0.0000000000
34491  -55.162  -32.902  -18.584 0.0000000000
34492  -58.900  -33.372  -11.700 0.0000000000
34493  -59.256  -32.961  -11.947 0.0000000000
34494  -60.010  -32.060  -12.664 0.0000000000
34495  -60.780  -31.510  -12.032 0.0000000000
34500  -56.419  -33.094  -19.171 0.0000000000
34501  -57.832  -33.314  -18.871 0.0000000000
34502  -58.865  -33.520  -18.234 0.0000000000
34503  -59.824  -32.134  -14.437 0.0000000000
34509  -59.377  -33.544  -17.374 0.0000000000
34510  -59.496  -33.232  -16.251 0.0000000000
34511  -59.555  -32.880  -15.283 0.0000000000
35487  -58.099  -34.800  -6.909 0.0000000000
35488  -59.363  -33.673  -7.626 0.0000000000
35489  -59.936  -32.445  -8.018 0.0000000000
35510  -59.917  -33.140  -8.404 0.0000000000
35511  -60.203  -32.069  -8.798 0.0000000000
35512  -60.444  -31.559  -9.625 0.0000000000
35526  -49.870  -30.423  -11.411 0.0000000000
35527  -50.669  -30.307  -11.907 0.0000000000
35528  -60.663  -31.360  -10.439 0.0000000000
35529  -60.867  -31.264  -11.210 0.0000000000
35530  -60.975  -31.175  -11.738 0.0000000000
35538  -51.512  -30.277  -12.613 0.0000000000
35539  -52.493  -30.839  -13.769 0.0000000000
35540  -60.978  -31.385  -11.545 0.0000000000
35541  -60.924  -31.278  -12.060 0.0000000000
35544  -53.549  -31.395  -15.434 0.0000000000
35545  -54.598  -31.526  -17.686 0.0000000000
35546  -60.350  -31.313  -13.710 0.0000000000
35547  -60.684  -31.339  -12.750 0.0000000000
35553  -55.756  -31.368  -18.814 0.0000000000
35554  -57.121  -31.502  -18.739 0.0000000000
35555  -58.771  -31.835  -17.938 0.0000000000
35556  -59.882  -31.235  -16.735 0.0000000000
35557  -60.183  -31.206  -15.123 0.0000000000
35563  -59.292  -32.853  -17.799 0.0000000000
35564  -59.692  -32.478  -17.171 0.0000000000
35565  -59.822  -32.149  -15.890 0.0000000000
36538  -59.590  -31.641  -7.342 0.0000000000
36539  -59.911  -31.506  -8.358 0.0000000000
36557  -59.627  -30.637  -8.531 0.0000000000
36558  -59.930  -30.715  -9.460 0.0000000000
36559  -60.374  -30.860  -10.178 0.0000000000
36571  -49.387  -29.483  -11.044 0.0000000000
36572  -50.086  -29.431  -11.612 0.0000000000
36573  -50.840  -29.377  -12.159 0.0000000000
36574  -59.915  -30.151  -10.556 0.0000000000
36575  -60.372  -30.473  -11.229 0.0000000000
36576  -60.730  -30.776  -11.867 0.0000000000
36577  -60.835  -30.964  -12.227 0.0000000000
36584  -51.498  -29.269  -12.686 0.0000000000
36585  -52.277  -29.582  -13.347 0.0000000000
36586  -60.391  -30.182  -12.211 0.0000000000
36587  -60.594  -30.402  -12.789 0.0000000000
36588  -60.728  -30.930  -12.837 0.0000000000
36592  -53.242  -29.831  -14.592 0.0000000000
36593  -54.242  -29.903  -16.372 0.0000000000
36594  -60.531  -30.449  -14.038 0.0000000000
36595  -60.616  -30.986  -13.303 0.0000000000
36603  -55.062  -29.757  -18.291 0.0000000000
36604  -56.348  -29.597  -18.631 0.0000000000
36605  -57.802  -29.670  -17.999 0.0000000000
36606  -59.293  -29.848  -17.322 0.0000000000
36607  -60.149  -30.061  -15.871 0.0000000000
37578  -58.656  -29.648  -8.625 0.0000000000
37579  -59.355  -29.998  -9.335 0.0000000000
37591  -49.644  -28.530  -11.298 0.0000000000
37592  -50.346  -28.511  -11.900 0.0000000000
37593  -51.111  -28.521  -12.474 0.0000000000
37594  -58.233  -28.436  -9.957 0.0000000000
37595  -59.343  -28.884  -10.748 0.0000000000
37596  -59.922  -29.672  -11.217 0.0000000000
37602  -51.923  -28.619  -13.082 0.0000000000
37603  -52.815  -28.708  -13.957 0.0000000000
37604  -59.552  -27.723  -13.005 0.0000000000
37605  -60.074  -29.269  -12.430 0.0000000000
37606  -60.412  -29.837  -12.762 0.0000000000
37611  -53.625  -28.649  -15.424 0.0000000000
37612  -54.395  -28.385  -17.468 0.0000000000
37613  -59.515  -27.085  -14.292 0.0000000000
37614  -59.945  -28.027  -14.662 0.0000000000
37615  -60.427  -29.508  -13.630 0.0000000000
37622  -55.521  -28.050  -18.562 0.0000000000
37623  -57.110  -27.495  -18.680 0.0000000000
37624  -58.596  -27.954  -17.879 0.0000000000
37625  -59.556  -28.545  -16.360 0.0000000000
37626  -60.262  -29.279  -14.944 0.0000000000
37631  -57.480  -26.549  -18.893 0.0000000000
37632  -57.902  -26.771  -18.510 0.0000000000
38490  -56.080  -27.371  -9.609 0.0000000000
38491  -56.917  -28.462  -9.176 0.0000000000
38501  -49.913  -27.619  -11.666 0.0000000000
38502  -50.684  -27.643  -12.313 0.0000000000
38503  -56.352  -26.663  -10.617 0.0000000000
38504  -57.841  -26.927  -11.220 0.0000000000
38505  -59.014  -27.375  -12.153 0.0000000000
38509  -51.552  -27.755  -12.945 0.0000000000
38510  -52.344  -27.960  -13.533 0.0000000000
38511  -58.018  -26.079  -12.983 0.0000000000
38512  -58.852  -26.487  -13.643 0.0000000000
38518  -53.014  -27.704  -14.542 0.0000000000
38519  -53.862  -27.419  -16.130 0.0000000000
38520  -59.200  -26.716  -15.637 0.0000000000
38521  -59.400  -27.376  -16.460 0.0000000000
38529  -54.615  -27.014  -17.859 0.0000000000
38530  -55.837  -26.667  -18.633 0.0000000000
38531  -58.563  -27.011  -17.634 0.0000000000
38532  -59.137  -27.506  -17.232 0.0000000000
38537  -56.868  -26.722  -18.863 0.0000000000
38538  -57.669  -26.574  -18.782 0.0000000000
39434  -55.661  -26.312  -10.091 0.0000000000
39445  -50.143  -26.790  -12.237 0.0000000000
39446  -56.549  -26.004  -11.446 0.0000000000
39447  -57.244  -25.801  -12.721 0.0000000000
39451  -51.078  -26.783  -12.999 0.0000000000
39452  -52.174  -27.140  -13.720 0.0000000000
39453  -57.898  -25.518  -14.251 0.0000000000
39454  -58.468  -26.018  -15.248 0.0000000000
39459  -51.881  -26.312  -13.792 0.0000000000
39460  -53.072  -26.461  -14.956 0.0000000000
39461  -54.100  -26.466  -16.558 0.0000000000
39462  -57.607  -26.016  -15.555 0.0000000000
39463  -57.609  -26.780  -16.570 0.0000000000
39470  -53.848  -25.863  -16.071 0.0000000000
39471  -54.866  -25.951  -17.412 0.0000000000
39472  -55.980  -26.206  -18.201 0.0000000000
39473  -56.737  -27.179  -17.853 0.0000000000
39478  -56.723  -27.224  -18.399 0.0000000000
39479  -56.743  -27.461  -18.443 0.0000000000
40368  -55.314  -25.372  -10.187 0.0000000000
40380  -50.296  -26.186  -12.824 0.0000000000
40381  -55.994  -25.192  -11.429 0.0000000000
40382  -56.639  -25.292  -12.404 0.0000000000
40386  -49.966  -25.658  -13.145 0.0000000000
40387  -50.843  -25.804  -13.544 0.0000000000
40388  -56.383  -24.792  -12.691 0.0000000000
40389  -56.923  -24.955  -13.744 0.0000000000
40394  -52.028  -25.622  -14.241 0.0000000000
40395  -53.079  -25.440  -15.155 0.0000000000
40396  -56.769  -25.552  -15.283 0.0000000000
40397  -57.079  -25.917  -16.340 0.0000000000
40404  -54.080  -25.212  -16.188 0.0000000000
40405  -54.999  -25.470  -16.997 0.0000000000
40406  -56.129  -25.854  -16.870 0.0000000000
40407  -57.044  -26.188  -17.036 0.0000000000
41337  -55.522  -24.468  -10.938 0.0000000000
41341  -50.062  -25.112  -13.654 0.0000000000
41342  -50.979  -25.010  -14.034 0.0000000000
41343  -56.024  -24.277  -12.230 0.0000000000
41344  -56.393  -24.173  -13.564 0.0000000000
41349  -52.087  -24.868  -14.532 0.0000000000
41350  -53.155  -24.704  -15.232 0.0000000000
41351  -56.232  -24.786  -14.569 0.0000000000
41358  -54.105  -24.706  -15.948 0.0000000000
41359  -54.775  -25.355  -16.053 0.0000000000
41360  -55.840  -25.164  -15.633 0.0000000000
42271  -49.501  -24.528  -13.691 0.0000000000
42272  -55.208  -23.711  -10.495 0.0000000000
42275  -50.121  -24.441  -14.026 0.0000000000
42276  -51.032  -24.280  -14.323 0.0000000000
42277  -55.704  -23.598  -11.622 0.0000000000
42278  -56.217  -23.538  -12.888 0.0000000000
42282  -52.168  -24.128  -14.658 0.0000000000
42283  -53.154  -24.095  -15.263 0.0000000000
42284  -56.006  -24.121  -13.962 0.0000000000
42291  -54.011  -24.239  -15.744 0.0000000000
42292  -54.669  -24.845  -15.623 0.0000000000
42293  -55.542  -24.635  -14.990 0.0000000000
42299  -56.348  -25.725  -16.697 0.0000000000
42300  -57.282  -26.091  -16.871 0.0000000000
42301  -57.652  -26.844  -16.825 0.0000000000
42314  -56.421  -25.954  -17.296 0.0000000000
42315  -57.410  -26.848  -17.780 0.0000000000
42316  -58.430  -26.795  -17.241 0.0000000000
42317  -59.386  -26.930  -17.292 0.0000000000
42318  -59.705  -26.935  -17.606 0.0000000000
42331  -57.907  -26.639  -18.638 0.0000000000
42332  -58.570  -26.634  -18.399 0.0000000000
42333  -59.476  -26.910  -17.905 0.0000000000
42334  -59.747  -27.114  -17.711 0.0000000000
43272  -49.628  -24.142  -14.058 0.0000000000
43273  -55.293  -22.818  -10.304 0.0000000000
43277  -49.581  -23.287  -14.051 0.0000000000
43278  -50.047  -23.675  -14.313 0.0000000000
43279  -51.197  -23.498  -14.503 0.0000000000
43280  -55.264  -22.935  -11.120 0.0000000000
43281  -55.852  -23.019  -11.974 0.0000000000
43286  -52.195  -23.462  -14.884 0.0000000000
43287  -53.085  -23.579  -15.300 0.0000000000
43288  -55.954  -23.451  -13.082 0.0000000000
43295  -53.809  -23.931  -15.671 0.0000000000
43296  -54.579  -24.680  -15.515 0.0000000000
43297  -55.791  -24.408  -14.657 0.0000000000
43298  -56.496  -24.887  -14.760 0.0000000000
43306  -54.608  -25.030  -16.035 0.0000000000
43307  -55.351  -25.497  -16.467 0.0000000000
43308  -56.532  -25.419  -15.919 0.0000000000
43309  -57.556  -26.095  -15.912 0.0000000000
43310  -57.968  -25.710  -15.354 0.0000000000
43324  -55.644  -25.850  -17.797 0.0000000000
43325  -56.526  -25.958  -18.423 0.0000000000
43326  -57.959  -26.730  -16.548 0.0000000000
43327  -58.620  -26.361  -16.185 0.0000000000
43328  -59.750  -26.120  -16.974 0.0000000000
43329  -60.205  -25.302  -16.976 0.0000000000
43342  -57.201  -26.278  -19.002 0.0000000000
43343  -58.187  -26.704  -19.457 0.0000000000
43344  -59.598  -26.744  -19.270 0.0000000000
43345  -60.091  -26.526  -18.100 0.0000000000
43346  -60.313  -25.582  -17.405 0.0000000000
43357  -60.265  -26.288  -19.569 0.0000000000
43358  -60.346  -26.358  -19.137 0.0000000000
44230  -55.428  -21.776  -10.405 0.0000000000
44238  -49.945  -22.854  -14.223 0.0000000000
44239  -50.467  -22.883  -14.635 0.0000000000
44240  -55.219  -22.162  -11.086 0.0000000000
44241  -55.449  -22.621  -11.413 0.0000000000
44246  -51.323  -22.770  -14.823 0.0000000000
44247  -52.219  -22.826  -15.064 0.0000000000
44248  -55.334  -22.104  -11.375 0.0000000000
44249  -55.751  -22.467  -11.811 0.0000000000
44255  -53.001  -23.072  -15.337 0.0000000000
44256  -53.557  -23.717  -15.545 0.0000000000
44257  -55.766  -23.280  -13.086 0.0000000000
44258  -56.433  -24.259  -13.650 0.0000000000
44259  -56.886  -23.539  -13.614 0.0000000000
44268  -54.178  -24.247  -15.835 0.0000000000
44269  -54.695  -24.784  -16.417 0.0000000000
44270  -56.890  -25.169  -14.932 0.0000000000
44271  -57.427  -24.668  -14.402 0.0000000000
44272  -58.490  -24.850  -15.078 0.0000000000
44286  -55.197  -25.321  -17.557 0.0000000000
44287  -55.920  -25.595  -18.937 0.0000000000
44288  -56.215  -25.495  -19.573 0.0000000000
44289  -59.439  -24.983  -15.772 0.0000000000
44290  -60.161  -24.735  -16.416 0.0000000000
44291  -60.525  -24.621  -17.066 0.0000000000
44302  -56.848  -25.285  -19.132 0.0000000000
44303  -57.038  -25.884  -19.937 0.0000000000
44304  -58.756  -26.038  -20.317 0.0000000000
44305  -60.533  -25.746  -18.741 0.0000000000
44306  -60.669  -24.956  -17.947 0.0000000000
44313  -59.917  -25.743  -19.989 0.0000000000
44314  -60.509  -25.414  -19.428 0.0000000000
44315  -60.773  -24.726  -18.746 0.0000000000
45191  -56.085  -20.626  -10.331 0.0000000000
45199  -55.647  -20.818  -10.566 0.0000000000
45200  -56.373  -20.251  -10.669 0.0000000000
45208  -49.916  -22.096  -14.372 0.0000000000
45209  -50.147  -22.475  -14.637 0.0000000000
45210  -55.327  -21.295  -11.054 0.0000000000
45211  -55.876  -20.404  -11.134 0.0000000000
45216  -50.275  -21.608  -14.848 0.0000000000
45217  -50.601  -22.059  -14.909 0.0000000000
45218  -51.462  -22.062  -15.070 0.0000000000
45219  -55.375  -21.841  -11.377 0.0000000000
45220  -55.931  -21.502  -11.919 0.0000000000
45221  -56.358  -20.986  -12.218 0.0000000000
45227  -52.317  -22.102  -15.107 0.0000000000
45228  -53.030  -22.389  -15.396 0.0000000000
45229  -56.168  -23.103  -12.615 0.0000000000
45230  -56.677  -22.341  -12.664 0.0000000000
45231  -57.596  -22.837  -13.295 0.0000000000
45242  -53.598  -22.898  -15.757 0.0000000000
45243  -54.226  -23.408  -16.201 0.0000000000
45244  -58.441  -23.256  -14.004 0.0000000000
45245  -59.400  -23.508  -14.653 0.0000000000
45259  -54.876  -23.840  -17.039 0.0000000000
45260  -55.634  -24.314  -18.514 0.0000000000
45261  -55.937  -25.211  -19.350 0.0000000000
45262  -60.163  -23.553  -15.450 0.0000000000
45263  -60.698  -23.498  -16.327 0.0000000000
45264  -60.990  -23.505  -17.252 0.0000000000
45277  -56.096  -23.500  -19.202 0.0000000000
45278  -56.543  -24.534  -19.875 0.0000000000
45279  -57.997  -24.724  -20.686 0.0000000000
45280  -61.097  -23.540  -18.226 0.0000000000
45289  -59.353  -24.601  -20.655 0.0000000000
45290  -60.310  -24.164  -20.010 0.0000000000
45291  -60.871  -23.713  -19.174 0.0000000000
46114  -57.543  -19.967  -10.802 0.0000000000
46121  -57.066  -19.920  -11.143 0.0000000000
46122  -58.967  -19.640  -11.049 0.0000000000
46131  -56.495  -20.113  -11.723 0.0000000000
46132  -57.978  -19.709  -11.463 0.0000000000
46140  -50.698  -21.094  -15.147 0.0000000000
46141  -51.023  -21.576  -15.152 0.0000000000
46142  -56.309  -20.529  -12.090 0.0000000000
46143  -57.245  -20.248  -12.206 0.0000000000
46151  -51.163  -20.549  -15.270 0.0000000000
46152  -51.579  -21.146  -15.195 0.0000000000
46153  -52.515  -21.294  -15.207 0.0000000000
46154  -57.855  -21.015  -12.640 0.0000000000
46155  -58.696  -21.680  -12.948 0.0000000000
46167  -53.261  -21.474  -15.488 0.0000000000
46168  -54.035  -21.851  -15.911 0.0000000000
46169  -59.441  -21.957  -13.609 0.0000000000
46170  -60.174  -22.067  -14.443 0.0000000000
46183  -54.613  -22.414  -16.502 0.0000000000
46184  -55.239  -22.406  -17.329 0.0000000000
46185  -60.688  -22.127  -15.486 0.0000000000
46186  -61.086  -22.116  -16.471 0.0000000000
46187  -61.353  -22.008  -17.494 0.0000000000
46200  -56.056  -22.403  -18.386 0.0000000000
46201  -56.724  -22.658  -19.675 0.0000000000
46202  -57.558  -23.133  -20.834 0.0000000000
46203  -61.354  -22.039  -18.610 0.0000000000
46213  -58.703  -23.153  -21.010 0.0000000000
46214  -59.869  -22.747  -20.537 0.0000000000
46215  -60.884  -22.011  -19.657 0.0000000000
47015  -59.727  -19.498  -11.052 0.0000000000
47018  -59.287  -19.699  -11.460 0.0000000000
47019  -60.684  -19.088  -10.817 0.0000000000
47030  -50.464  -20.646  -15.143 0.0000000000
47031  -58.872  -19.653  -12.185 0.0000000000
47032  -60.190  -19.311  -11.427 0.0000000000
47044  -50.744  -19.682  -15.452 0.0000000000
47045  -50.903  -20.056  -15.353 0.0000000000
47046  -51.825  -19.959  -15.153 0.0000000000
47047  -52.155  -20.622  -15.143 0.0000000000
47048  -58.936  -20.007  -12.558 0.0000000000
47049  -59.314  -20.333  -13.001 0.0000000000
47059  -52.463  -19.455  -15.244 0.0000000000
47060  -52.704  -20.275  -15.298 0.0000000000
47061  -53.639  -20.434  -15.688 0.0000000000
47062  -60.048  -20.477  -13.628 0.0000000000
47063  -60.663  -20.355  -14.736 0.0000000000
47064  -61.214  -19.817  -15.552 0.0000000000
47073  -54.610  -20.828  -16.451 0.0000000000
47074  -55.592  -20.812  -17.558 0.0000000000
47075  -61.021  -20.955  -15.754 0.0000000000
47076  -61.469  -20.408  -16.505 0.0000000000
47077  -61.753  -20.229  -17.830 0.0000000000
47078  -61.862  -19.396  -18.603 0.0000000000
47089  -56.507  -21.023  -18.811 0.0000000000
47090  -57.451  -21.333  -20.556 0.0000000000
47091  -58.224  -22.019  -21.243 0.0000000000
47092  -61.496  -20.442  -19.001 0.0000000000
47093  -62.117  -19.371  -19.324 0.0000000000
47103  -58.412  -20.916  -21.177 0.0000000000
47104  -59.264  -21.313  -21.096 0.0000000000
47105  -60.613  -20.770  -20.384 0.0000000000
47106  -61.711  -19.923  -19.817 0.0000000000
47107  -62.415  -19.194  -19.756 0.0000000000
48017  -61.623  -17.444  -10.483 0.0000000000
48022  -61.167  -18.546  -10.957 0.0000000000
48023  -61.152  -17.741  -11.417 0.0000000000
48033  -59.299  -19.457  -12.279 0.0000000000
48034  -60.049  -18.873  -12.013 0.0000000000
48035  -60.443  -17.932  -12.272 0.0000000000
48045  -51.136  -19.119  -15.619 0.0000000000
48046  -51.493  -19.265  -15.406 0.0000000000
48047  -59.445  -19.302  -12.389 0.0000000000
48048  -59.625  -19.055  -12.621 0.0000000000
48049  -60.065  -18.149  -12.915 0.0000000000
48054  -51.642  -18.588  -15.521 0.0000000000
48055  -52.192  -18.781  -15.399 0.0000000000
48056  -53.147  -19.064  -15.535 0.0000000000
48057  -54.036  -19.475  -16.016 0.0000000000
48058  -59.774  -19.235  -13.132 0.0000000000
48059  -60.386  -18.635  -13.705 0.0000000000
48060  -60.958  -18.351  -15.030 0.0000000000
48061  -61.639  -18.003  -15.785 0.0000000000
48066  -53.833  -18.558  -16.027 0.0000000000
48067  -54.885  -18.857  -16.990 0.0000000000
48068  -55.953  -19.716  -18.104 0.0000000000
48069  -61.550  -19.043  -15.862 0.0000000000
48070  -61.813  -18.636  -16.687 0.0000000000
48071  -61.947  -18.508  -17.918 0.0000000000
48080  -55.927  -18.647  -18.277 0.0000000000
48081  -56.912  -19.540  -19.265 0.0000000000
48082  -57.903  -19.779  -20.754 0.0000000000
48083  -62.141  -18.634  -18.773 0.0000000000
48089  -59.130  -19.781  -21.459 0.0000000000
48090  -60.344  -19.548  -21.185 0.0000000000
48091  -61.720  -19.239  -20.487 0.0000000000
48092  -62.618  -18.819  -19.921 0.0000000000
48093  -62.653  -18.572  -19.372 0.0000000000
48980  -61.572  -15.476  -9.999 0.0000000000
48992  -61.551  -16.596  -10.830 0.0000000000
48993  -61.510  -15.636  -10.461 0.0000000000
48998  -61.049  -16.810  -11.771 0.0000000000
48999  -61.334  -15.761  -11.316 0.0000000000
49004  -51.364  -18.485  -15.860 0.0000000000
49005  -51.513  -18.438  -15.723 0.0000000000
49006  -60.616  -17.103  -12.641 0.0000000000
49007  -61.204  -15.930  -12.283 0.0000000000
49012  -51.689  -17.799  -16.067 0.0000000000
49013  -52.012  -17.664  -15.921 0.0000000000
49014  -52.890  -17.942  -15.731 0.0000000000
49015  -53.408  -18.202  -15.787 0.0000000000
49016  -60.439  -17.565  -13.183 0.0000000000
49017  -61.078  -16.705  -13.631 0.0000000000
49018  -61.757  -16.670  -15.323 0.0000000000
49019  -62.365  -16.008  -15.819 0.0000000000
49024  -52.369  -16.640  -16.394 0.0000000000
49025  -52.867  -16.892  -16.235 0.0000000000
49026  -53.778  -17.532  -16.388 0.0000000000
49027  -54.601  -17.289  -17.205 0.0000000000
49028  -61.874  -17.491  -16.182 0.0000000000
49029  -62.295  -16.956  -16.822 0.0000000000
49034  -55.421  -17.547  -17.997 0.0000000000
49035  -56.557  -17.909  -19.405 0.0000000000
49036  -57.337  -18.829  -20.075 0.0000000000
49037  -62.481  -17.616  -18.435 0.0000000000
49044  -57.201  -17.375  -20.437 0.0000000000
49045  -58.174  -18.287  -21.026 0.0000000000
49046  -60.220  -18.359  -22.269 0.0000000000
49047  -61.712  -18.314  -21.252 0.0000000000
49048  -62.846  -18.076  -20.308 0.0000000000
49049  -63.316  -17.565  -19.457 0.0000000000
49057  -60.761  -17.362  -22.580 0.0000000000
49058  -61.787  -17.329  -21.865 0.0000000000
49059  -63.050  -17.210  -20.850 0.0000000000
49060  -63.717  -17.114  -20.045 0.0000000000
49842  -61.342  -14.913  -10.276 0.0000000000
49855  -61.227  -14.936  -11.082 0.0000000000
49858  -61.713  -14.718  -11.765 0.0000000000
49861  -51.895  -17.092  -16.585 0.0000000000
49862  -51.938  -17.211  -16.272 0.0000000000
49863  -62.002  -14.901  -12.827 0.0000000000
49864  -61.945  -15.267  -14.170 0.0000000000
49865  -62.417  -15.287  -15.083 0.0000000000
49869  -51.747  -16.182  -17.259 0.0000000000
49870  -52.105  -16.415  -16.714 0.0000000000
49871  -52.746  -15.798  -16.892 0.0000000000
49872  -53.694  -16.316  -16.836 0.0000000000
49873  -54.219  -16.733  -17.005 0.0000000000
49874  -62.725  -15.233  -16.172 0.0000000000
49879  -51.685  -16.114  -17.778 0.0000000000
49880  -53.068  -15.118  -17.427 0.0000000000
49881  -53.670  -15.476  -17.422 0.0000000000
49882  -54.843  -16.113  -18.005 0.0000000000
49883  -55.773  -16.938  -18.689 0.0000000000
49884  -63.121  -15.903  -17.949 0.0000000000
49890  -55.570  -15.543  -19.177 0.0000000000
49891  -56.325  -16.488  -19.777 0.0000000000
49892  -57.914  -17.008  -21.878 0.0000000000
49893  -59.233  -17.585  -22.010 0.0000000000
49894  -63.784  -16.265  -19.438 0.0000000000
49900  -59.066  -15.974  -22.372 0.0000000000
49901  -60.000  -17.010  -23.131 0.0000000000
49902  -61.653  -16.407  -22.400 0.0000000000
49903  -63.142  -16.122  -21.307 0.0000000000
49904  -64.004  -16.070  -20.130 0.0000000000
50727  -60.934  -14.413  -10.327 0.0000000000
50748  -60.601  -13.486  -10.984 0.0000000000
50749  -60.820  -14.342  -10.903 0.0000000000
50762  -60.842  -12.484  -11.429 0.0000000000
50763  -61.318  -13.846  -11.366 0.0000000000
50771  -59.233  -10.274  -12.474 0.0000000000
50772  -60.936  -11.158  -12.156 0.0000000000
50773  -62.053  -13.080  -12.395 0.0000000000
50774  -62.611  -14.134  -13.667 0.0000000000
50775  -62.469  -14.633  -14.428 0.0000000000
50779  -51.775  -15.488  -17.710 0.0000000000
50780  -51.987  -15.520  -17.411 0.0000000000
50781  -52.261  -15.552  -17.140 0.0000000000
50784  -58.216  -10.787  -14.151 0.0000000000
50785  -60.373  -10.366  -13.266 0.0000000000
50786  -61.975  -11.455  -13.349 0.0000000000
50787  -62.848  -12.936  -14.130 0.0000000000
50788  -62.926  -14.229  -14.877 0.0000000000
50794  -51.824  -15.477  -19.190 0.0000000000
50795  -51.766  -15.510  -18.311 0.0000000000
50796  -51.885  -15.044  -18.103 0.0000000000
50797  -52.552  -14.829  -17.873 0.0000000000
50798  -53.594  -14.809  -17.981 0.0000000000
50799  -54.241  -15.147  -18.018 0.0000000000
50800  -58.290  -10.832  -14.757 0.0000000000
50801  -59.567  -10.193  -14.314 0.0000000000
50802  -61.583  -10.312  -14.128 0.0000000000
50803  -63.035  -11.534  -14.789 0.0000000000
50804  -63.591  -13.547  -16.292 0.0000000000
50812  -51.991  -15.147  -19.630 0.0000000000
50813  -51.906  -15.046  -18.750 0.0000000000
50814  -52.855  -14.190  -18.609 0.0000000000
50815  -53.477  -14.174  -18.558 0.0000000000
50816  -54.877  -14.514  -19.140 0.0000000000
50817  -56.182  -15.426  -20.335 0.0000000000
50818  -57.009  -16.071  -20.972 0.0000000000
50819  -64.056  -14.612  -18.800 0.0000000000
50826  -50.605  -14.802  -20.968 0.0000000000
50827  -51.738  -15.185  -20.615 0.0000000000
50828  -55.508  -13.909  -20.351 0.0000000000
50829  -56.164  -14.540  -20.984 0.0000000000
50830  -57.497  -15.696  -22.489 0.0000000000
50831  -59.698  -15.582  -23.887 0.0000000000
50832  -61.232  -15.584  -23.142 0.0000000000
50833  -62.917  -14.851  -21.843 0.0000000000
50834  -64.175  -14.720  -20.359 0.0000000000
50839  -60.530  -14.571  -23.927 0.0000000000
50840  -61.244  -14.530  -23.382 0.0000000000
50841  -62.233  -14.321  -22.603 0.0000000000
51769  -57.379  -11.319  -14.788 0.0000000000
51770  -57.910  -11.097  -14.842 0.0000000000
51777  -51.952  -14.877  -18.612 0.0000000000
51778  -52.121  -14.749  -18.532 0.0000000000
51780  -57.230  -11.196  -15.235 0.0000000000
51781  -58.573  -10.712  -15.152 0.0000000000
51782  -60.666  -10.148  -15.109 0.0000000000
51783  -62.733  -10.114  -15.343 0.0000000000
51784  -63.802  -11.532  -16.432 0.0000000000
51785  -64.165  -12.898  -17.746 0.0000000000
51791  -52.022  -15.188  -20.231 0.0000000000
51792  -52.030  -14.920  -19.399 0.0000000000
51793  -52.458  -14.286  -18.994 0.0000000000
51794  -53.187  -13.698  -19.142 0.0000000000
51795  -54.003  -13.599  -19.300 0.0000000000
51796  -60.059  -9.829  -15.617 0.0000000000
51797  -61.901  -9.122  -16.061 0.0000000000
51798  -63.304  -10.094  -17.028 0.0000000000
51799  -63.943  -11.715  -18.056 0.0000000000
51800  -64.309  -13.161  -19.241 0.0000000000
51805  -49.498  -14.624  -21.112 0.0000000000
51806  -51.247  -14.964  -20.931 0.0000000000
51807  -52.174  -15.170  -20.170 0.0000000000
51808  -52.894  -13.648  -19.921 0.0000000000
51809  -53.807  -13.306  -20.022 0.0000000000
51810  -54.865  -13.458  -20.368 0.0000000000
51811  -55.962  -13.836  -21.646 0.0000000000
51812  -57.034  -14.530  -22.707 0.0000000000
51813  -58.323  -14.936  -23.706 0.0000000000
51814  -62.957  -13.491  -21.677 0.0000000000
51815  -63.782  -13.320  -20.570 0.0000000000
51822  -51.887  -15.044  -21.466 0.0000000000
51823  -52.216  -15.539  -21.202 0.0000000000
51824  -56.818  -13.846  -22.913 0.0000000000
51825  -58.058  -13.932  -23.610 0.0000000000
51826  -59.792  -14.250  -24.061 0.0000000000
51827  -61.143  -13.737  -23.485 0.0000000000
51828  -62.210  -13.208  -22.419 0.0000000000
52678  -56.960  -10.686  -15.791 0.0000000000
52679  -58.395  -10.289  -15.811 0.0000000000
52680  -59.235  -10.037  -15.725 0.0000000000
52686  -57.961  -9.319  -16.468 0.0000000000
52687  -58.743  -9.442  -16.786 0.0000000000
52688  -60.502  -8.792  -16.642 0.0000000000
52689  -62.560  -8.835  -18.074 0.0000000000
52690  -63.386  -10.619  -18.751 0.0000000000
52691  -63.752  -12.134  -19.378 0.0000000000
52692  -64.034  -12.758  -19.835 0.0000000000
52696  -48.504  -13.709  -21.343 0.0000000000
52697  -49.983  -15.184  -21.702 0.0000000000
52698  -51.167  -15.289  -21.710 0.0000000000
52699  -52.648  -14.024  -20.960 0.0000000000
52700  -53.630  -13.197  -20.886 0.0000000000
52701  -54.642  -13.019  -21.159 0.0000000000
52702  -55.680  -13.160  -21.894 0.0000000000
52703  -56.315  -13.548  -22.569 0.0000000000
52704  -62.495  -8.958  -19.091 0.0000000000
52705  -62.744  -9.743  -19.485 0.0000000000
52706  -63.089  -11.908  -20.644 0.0000000000
52707  -63.700  -12.519  -20.111 0.0000000000
52713  -50.717  -15.724  -22.955 0.0000000000
52714  -51.641  -15.905  -22.199 0.0000000000
52715  -52.641  -15.503  -21.897 0.0000000000
52716  -53.530  -13.588  -22.025 0.0000000000
52717  -54.649  -12.903  -22.024 0.0000000000
52718  -55.787  -12.885  -22.454 0.0000000000
52719  -57.504  -13.126  -23.612 0.0000000000
52720  -59.707  -13.483  -24.341 0.0000000000
52721  -60.949  -13.258  -24.052 0.0000000000
52722  -61.641  -12.522  -22.726 0.0000000000
52723  -62.360  -12.158  -21.731 0.0000000000
52727  -51.000  -16.195  -23.878 0.0000000000
52728  -51.613  -16.496  -23.536 0.0000000000
52729  -52.593  -16.190  -23.079 0.0000000000
52730  -53.285  -15.240  -22.750 0.0000000000
52731  -59.158  -13.041  -24.807 0.0000000000
52732  -59.945  -12.980  -24.765 0.0000000000
52733  -60.928  -12.718  -24.391 0.0000000000
52734  -61.245  -12.368  -23.410 0.0000000000
52735  -50.951  -14.051  -28.733 0.0000000000
52736  -51.388  -14.403  -28.546 0.0000000000
52737  -51.944  -14.680  -28.490 0.0000000000
52738  -51.048  -13.769  -28.801 0.0000000000
52739  -51.466  -14.012  -28.665 0.0000000000
52740  -52.064  -14.316  -28.607 0.0000000000
52741  -51.206  -13.581  -28.792 0.0000000000
52742  -51.480  -13.690  -28.709 0.0000000000
52743  -51.956  -13.871  -28.671 0.0000000000
53606  -55.937  -9.848  -16.176 0.0000000000
53607  -56.409  -10.288  -16.008 0.0000000000
53611  -56.611  -9.018  -16.741 0.0000000000
53612  -57.355  -9.155  -16.470 0.0000000000
53613  -58.806  -8.889  -18.028 0.0000000000
53614  -60.409  -8.136  -18.014 0.0000000000
53615  -61.543  -8.129  -18.055 0.0000000000
53618  -47.637  -13.199  -20.733 0.0000000000
53619  -48.388  -14.181  -21.473 0.0000000000
53620  -59.848  -8.364  -19.208 0.0000000000
53621  -60.234  -8.814  -19.523 0.0000000000
53622  -61.851  -8.877  -19.917 0.0000000000
53623  -62.365  -10.778  -20.832 0.0000000000
53624  -62.528  -11.605  -21.211 0.0000000000
53629  -49.258  -14.498  -22.479 0.0000000000
53630  -53.904  -13.642  -23.282 0.0000000000
53631  -54.767  -12.811  -23.142 0.0000000000
53632  -56.021  -12.673  -23.211 0.0000000000
53633  -56.790  -12.758  -23.425 0.0000000000
53634  -61.136  -10.412  -22.447 0.0000000000
53635  -61.536  -11.205  -22.021 0.0000000000
53636  -62.112  -11.632  -21.689 0.0000000000
53637  -50.290  -14.518  -24.432 0.0000000000
53638  -51.495  -16.238  -24.747 0.0000000000
53639  -52.479  -16.259  -24.554 0.0000000000
53640  -53.460  -15.097  -24.254 0.0000000000
53641  -55.008  -12.831  -24.627 0.0000000000
53642  -56.313  -12.466  -24.195 0.0000000000
53643  -58.185  -12.431  -24.635 0.0000000000
53644  -60.155  -12.643  -25.210 0.0000000000
53645  -60.807  -11.753  -24.504 0.0000000000
53646  -61.203  -11.775  -23.444 0.0000000000
53647  -50.041  -13.829  -26.526 0.0000000000
53648  -51.219  -15.340  -26.197 0.0000000000
53649  -52.387  -16.024  -26.054 0.0000000000
53650  -53.391  -15.585  -25.894 0.0000000000
53651  -54.520  -14.162  -25.921 0.0000000000
53652  -59.637  -12.235  -25.882 0.0000000000
53653  -60.351  -12.208  -25.670 0.0000000000
53654  -60.756  -12.021  -25.322 0.0000000000
53655  -49.827  -13.592  -28.023 0.0000000000
53656  -50.864  -14.661  -27.646 0.0000000000
53657  -52.056  -15.423  -27.434 0.0000000000
53658  -53.214  -15.463  -27.250 0.0000000000
53659  -54.101  -14.815  -27.018 0.0000000000
53660  -50.038  -13.392  -28.786 0.0000000000
53661  -50.593  -14.222  -28.561 0.0000000000
53662  -51.557  -14.923  -28.330 0.0000000000
53663  -52.774  -14.911  -28.408 0.0000000000
53664  -54.029  -14.468  -27.997 0.0000000000
53665  -50.086  -13.323  -29.067 0.0000000000
53666  -50.506  -13.596  -28.930 0.0000000000
53667  -52.871  -13.860  -28.760 0.0000000000
53668  -53.822  -14.029  -28.614 0.0000000000
53669  -50.987  -13.478  -28.925 0.0000000000
53670  -51.388  -13.405  -28.781 0.0000000000
53671  -52.011  -13.433  -28.643 0.0000000000
54606  -55.464  -9.497  -16.190 0.0000000000
54611  -55.052  -8.505  -16.420 0.0000000000
54612  -56.170  -8.447  -16.933 0.0000000000
54613  -57.589  -8.255  -17.400 0.0000000000
54614  -58.271  -8.427  -17.692 0.0000000000
54617  -47.188  -12.017  -20.893 0.0000000000
54618  -47.917  -13.178  -21.169 0.0000000000
54619  -56.930  -7.312  -17.913 0.0000000000
54620  -57.573  -7.492  -18.344 0.0000000000
54621  -59.066  -7.857  -19.627 0.0000000000
54622  -60.376  -8.362  -20.494 0.0000000000
54623  -61.164  -8.545  -20.451 0.0000000000
54628  -46.901  -11.992  -22.626 0.0000000000
54629  -48.052  -13.045  -22.030 0.0000000000
54630  -60.043  -7.138  -21.635 0.0000000000
54631  -60.880  -7.729  -22.259 0.0000000000
54632  -61.277  -8.629  -21.549 0.0000000000
54633  -46.789  -11.833  -23.684 0.0000000000
54634  -48.066  -12.741  -23.805 0.0000000000
54635  -56.102  -12.311  -25.439 0.0000000000
54636  -56.712  -12.185  -25.167 0.0000000000
54637  -57.442  -12.253  -24.943 0.0000000000
54638  -61.376  -8.224  -23.952 0.0000000000
54639  -61.127  -9.641  -23.747 0.0000000000
54640  -47.158  -12.296  -26.456 0.0000000000
54641  -48.546  -12.967  -25.716 0.0000000000
54642  -55.789  -12.784  -26.177 0.0000000000
54643  -57.037  -12.048  -26.164 0.0000000000
54644  -58.629  -12.205  -26.203 0.0000000000
54645  -60.526  -11.426  -26.438 0.0000000000
54646  -60.904  -11.214  -25.331 0.0000000000
54647  -47.672  -11.843  -27.238 0.0000000000
54648  -48.623  -12.808  -27.218 0.0000000000
54649  -55.243  -13.474  -27.452 0.0000000000
54650  -56.849  -12.288  -27.289 0.0000000000
54651  -58.373  -12.007  -27.143 0.0000000000
54652  -59.491  -11.787  -27.347 0.0000000000
54653  -47.982  -11.463  -27.587 0.0000000000
54654  -49.207  -12.432  -28.224 0.0000000000
54655  -50.732  -12.117  -28.296 0.0000000000
54656  -52.184  -11.806  -28.332 0.0000000000
54657  -52.890  -11.664  -28.577 0.0000000000
54658  -54.836  -13.226  -28.436 0.0000000000
54659  -56.354  -11.906  -28.126 0.0000000000
54660  -58.067  -11.397  -27.460 0.0000000000
54661  -58.973  -11.354  -27.160 0.0000000000
54662  -49.995  -13.178  -28.864 0.0000000000
54663  -50.312  -13.074  -28.926 0.0000000000
54664  -51.386  -12.680  -28.646 0.0000000000
54665  -52.768  -12.584  -28.629 0.0000000000
54666  -54.283  -12.904  -28.876 0.0000000000
54667  -55.301  -12.436  -28.788 0.0000000000
54668  -50.710  -13.324  -29.063 0.0000000000
54669  -51.044  -13.179  -28.936 0.0000000000
54670  -51.700  -13.070  -28.722 0.0000000000
55591  -54.908  -7.691  -16.715 0.0000000000
55592  -55.575  -7.768  -17.007 0.0000000000
55596  -45.327  -10.416  -19.457 0.0000000000
55597  -46.033  -11.071  -20.089 0.0000000000
55598  -55.604  -6.965  -17.372 0.0000000000
55599  -56.446  -6.931  -17.848 0.0000000000
55600  -57.310  -6.655  -19.138 0.0000000000
55601  -58.188  -6.934  -19.826 0.0000000000
55606  -45.057  -10.678  -20.596 0.0000000000
55607  -45.565  -11.224  -21.800 0.0000000000
55608  -57.925  -6.360  -20.695 0.0000000000
55609  -58.974  -6.849  -21.819 0.0000000000
55610  -60.458  -6.878  -22.793 0.0000000000
55613  -43.955  -11.049  -24.226 0.0000000000
55614  -45.222  -11.425  -23.896 0.0000000000
55615  -46.537  -11.963  -24.565 0.0000000000
55616  -60.064  -6.630  -23.633 0.0000000000
55617  -61.009  -7.526  -24.429 0.0000000000
55618  -61.303  -8.827  -24.849 0.0000000000
55622  -44.341  -10.757  -24.922 0.0000000000
55623  -45.922  -11.598  -25.542 0.0000000000
55624  -47.093  -12.318  -25.388 0.0000000000
55625  -60.892  -9.346  -26.086 0.0000000000
55626  -61.175  -10.035  -25.443 0.0000000000
55630  -45.627  -10.630  -26.029 0.0000000000
55631  -46.557  -11.465  -26.548 0.0000000000
55632  -51.037  -9.606  -26.887 0.0000000000
55633  -52.711  -8.942  -27.900 0.0000000000
55634  -54.527  -8.887  -28.113 0.0000000000
55635  -56.227  -8.982  -27.948 0.0000000000
55636  -57.156  -9.219  -27.721 0.0000000000
55637  -59.867  -10.816  -27.105 0.0000000000
55638  -46.313  -9.862  -26.304 0.0000000000
55639  -46.969  -10.623  -27.127 0.0000000000
55640  -48.474  -10.841  -27.481 0.0000000000
55641  -50.038  -11.092  -27.523 0.0000000000
55642  -51.749  -10.811  -27.638 0.0000000000
55643  -53.324  -10.579  -28.669 0.0000000000
55644  -55.132  -10.473  -28.165 0.0000000000
55645  -56.958  -10.362  -28.104 0.0000000000
55646  -58.216  -10.996  -27.991 0.0000000000
55647  -59.167  -11.275  -27.740 0.0000000000
55648  -53.327  -11.673  -28.706 0.0000000000
55649  -54.167  -11.741  -28.893 0.0000000000
55650  -55.503  -11.739  -28.791 0.0000000000
56584  -44.614  -9.879  -19.008 0.0000000000
56587  -54.469  -7.345  -16.601 0.0000000000
56596  -43.295  -9.556  -19.656 0.0000000000
56597  -44.221  -10.112  -20.207 0.0000000000
56598  -54.316  -6.792  -16.783 0.0000000000
56599  -55.087  -6.461  -17.388 0.0000000000
56600  -56.155  -5.903  -18.452 0.0000000000
56601  -56.689  -6.177  -19.266 0.0000000000
56606  -42.805  -9.726  -21.042 0.0000000000
56607  -43.741  -10.545  -21.893 0.0000000000
56608  -44.193  -10.979  -23.148 0.0000000000
56609  -56.310  -5.520  -20.344 0.0000000000
56610  -56.883  -6.386  -21.052 0.0000000000
56611  -58.036  -5.876  -22.103 0.0000000000
56616  -42.496  -9.912  -22.506 0.0000000000
56617  -43.183  -10.505  -23.880 0.0000000000
56618  -43.974  -11.048  -23.901 0.0000000000
56619  -56.036  -5.432  -22.399 0.0000000000
56620  -57.096  -5.814  -23.297 0.0000000000
56621  -58.782  -6.186  -23.897 0.0000000000
56622  -59.966  -6.967  -24.783 0.0000000000
56627  -43.396  -9.927  -24.894 0.0000000000
56628  -50.804  -7.737  -25.847 0.0000000000
56629  -51.409  -7.620  -25.335 0.0000000000
56630  -53.143  -6.893  -25.454 0.0000000000
56631  -55.317  -6.450  -24.653 0.0000000000
56632  -57.211  -7.004  -25.189 0.0000000000
56633  -58.848  -7.434  -25.613 0.0000000000
56634  -60.129  -8.046  -25.903 0.0000000000
56638  -44.429  -9.776  -25.457 0.0000000000
56639  -48.913  -8.031  -26.646 0.0000000000
56640  -50.114  -8.521  -26.100 0.0000000000
56641  -51.938  -7.805  -26.841 0.0000000000
56642  -53.896  -8.492  -26.197 0.0000000000
56643  -55.817  -7.971  -26.714 0.0000000000
56644  -57.423  -8.335  -26.848 0.0000000000
56645  -58.715  -8.792  -26.664 0.0000000000
56646  -59.661  -9.607  -26.858 0.0000000000
56647  -45.867  -9.275  -25.835 0.0000000000
56648  -46.896  -9.159  -26.428 0.0000000000
56649  -48.352  -9.139  -26.638 0.0000000000
56650  -49.608  -9.862  -26.775 0.0000000000
56651  -57.785  -9.357  -27.345 0.0000000000
56652  -58.492  -10.017  -27.520 0.0000000000
56653  -59.245  -10.699  -27.704 0.0000000000
57590  -42.808  -8.939  -19.230 0.0000000000
57604  -42.563  -8.092  -19.703 0.0000000000
57605  -42.312  -8.629  -20.412 0.0000000000
57606  -54.566  -5.881  -17.277 0.0000000000
57607  -55.248  -5.391  -18.028 0.0000000000
57608  -55.704  -5.431  -18.535 0.0000000000
57617  -42.215  -8.744  -21.998 0.0000000000
57618  -55.883  -5.304  -19.659 0.0000000000
57625  -42.541  -8.950  -23.678 0.0000000000
57626  -42.663  -9.512  -24.704 0.0000000000
57627  -51.639  -6.824  -24.279 0.0000000000
57628  -52.269  -6.620  -23.795 0.0000000000
57629  -53.688  -6.053  -22.955 0.0000000000
57630  -55.163  -5.698  -21.547 0.0000000000
57635  -42.726  -8.614  -24.683 0.0000000000
57636  -43.441  -8.872  -25.143 0.0000000000
57637  -49.566  -7.037  -25.981 0.0000000000
57638  -50.737  -7.386  -24.873 0.0000000000
57639  -52.546  -6.583  -24.561 0.0000000000
57640  -54.116  -6.402  -23.626 0.0000000000
57641  -55.054  -6.068  -22.986 0.0000000000
57645  -45.260  -8.288  -25.604 0.0000000000
57646  -46.775  -7.621  -26.203 0.0000000000
57647  -48.882  -7.307  -26.547 0.0000000000
57648  -50.314  -7.473  -26.358 0.0000000000
57649  -46.511  -8.429  -26.022 0.0000000000
57650  -47.650  -8.160  -26.567 0.0000000000
57651  -48.521  -7.983  -26.699 0.0000000000
58604  -42.303  -7.412  -19.636 0.0000000000
58606  -53.978  -5.504  -17.155 0.0000000000
58613  -42.196  -7.416  -20.322 0.0000000000
58614  -42.082  -7.386  -21.472 0.0000000000
58615  -54.789  -4.767  -18.706 0.0000000000
58616  -55.478  -4.955  -19.075 0.0000000000
58617  -55.761  -5.080  -19.276 0.0000000000
58624  -42.400  -7.441  -22.964 0.0000000000
58625  -54.558  -4.586  -20.878 0.0000000000
58626  -55.163  -4.723  -20.281 0.0000000000
58627  -55.499  -5.106  -20.102 0.0000000000
58633  -42.715  -7.437  -24.439 0.0000000000
58634  -43.485  -6.723  -24.854 0.0000000000
58635  -51.797  -6.622  -23.821 0.0000000000
58636  -53.370  -5.548  -22.533 0.0000000000
58637  -54.637  -5.105  -21.624 0.0000000000
58638  -55.235  -4.971  -20.982 0.0000000000
58644  -43.083  -8.092  -24.946 0.0000000000
58645  -44.016  -7.438  -25.275 0.0000000000
58646  -49.250  -6.784  -25.912 0.0000000000
58647  -50.425  -6.799  -24.785 0.0000000000
58651  -45.624  -7.163  -25.726 0.0000000000
58652  -46.916  -6.753  -26.487 0.0000000000
58653  -47.852  -6.556  -26.586 0.0000000000
59623  -42.651  -6.102  -19.803 0.0000000000
59624  -43.242  -5.508  -20.412 0.0000000000
59626  -54.054  -4.554  -17.939 0.0000000000
59632  -42.368  -6.797  -20.108 0.0000000000
59633  -42.616  -6.142  -20.858 0.0000000000
59634  -54.348  -4.207  -19.710 0.0000000000
59642  -42.112  -5.920  -22.543 0.0000000000
59643  -42.119  -5.044  -23.187 0.0000000000
59644  -53.889  -4.606  -21.555 0.0000000000
59652  -42.199  -6.588  -23.686 0.0000000000
59653  -42.999  -5.810  -24.322 0.0000000000
59654  -43.786  -5.449  -25.142 0.0000000000
59655  -51.175  -6.687  -23.833 0.0000000000
59656  -52.472  -5.704  -22.666 0.0000000000
59662  -44.345  -6.473  -25.387 0.0000000000
59663  -45.202  -6.007  -25.815 0.0000000000
59664  -47.765  -6.391  -26.275 0.0000000000
59665  -49.613  -6.371  -25.143 0.0000000000
59666  -44.948  -6.820  -25.508 0.0000000000
59667  -45.637  -6.505  -25.875 0.0000000000
59668  -46.602  -6.094  -26.718 0.0000000000
60748  -43.575  -4.859  -20.136 0.0000000000
60750  -53.911  -3.975  -18.719 0.0000000000
60756  -43.432  -4.835  -20.986 0.0000000000
60757  -43.353  -4.254  -21.428 0.0000000000
60758  -53.857  -4.044  -20.391 0.0000000000
60766  -42.579  -5.295  -21.652 0.0000000000
60767  -42.403  -4.432  -22.388 0.0000000000
60768  -42.349  -4.173  -23.294 0.0000000000
60769  -53.443  -4.702  -21.961 0.0000000000
60780  -42.161  -4.619  -23.532 0.0000000000
60781  -42.797  -4.518  -24.388 0.0000000000
60782  -50.617  -6.577  -24.309 0.0000000000
60783  -52.056  -6.040  -23.073 0.0000000000
60790  -44.471  -5.410  -25.662 0.0000000000
60791  -46.400  -6.088  -26.086 0.0000000000
60792  -49.120  -6.209  -25.934 0.0000000000
60793  -45.601  -6.007  -26.260 0.0000000000
60794  -47.018  -6.177  -26.503 0.0000000000
60795  -48.615  -6.821  -26.501 0.0000000000
60796  -48.904  -6.913  -28.162 0.0000000000
60797  -49.129  -7.056  -28.203 0.0000000000
60798  -49.131  -6.822  -28.253 0.0000000000
60799  -49.758  -7.125  -28.335 0.0000000000
60800  -50.450  -7.152  -28.320 0.0000000000
60801  -49.656  -6.721  -28.443 0.0000000000
60802  -50.182  -6.793  -28.476 0.0000000000
60803  -50.820  -6.905  -28.413 0.0000000000
61788  -44.404  -3.718  -19.664 0.0000000000
61789  -45.097  -3.077  -20.223 0.0000000000
61791  -53.679  -3.678  -19.406 0.0000000000
61804  -44.086  -4.318  -20.415 0.0000000000
61805  -44.020  -3.387  -20.823 0.0000000000
61806  -43.426  -2.228  -21.691 0.0000000000
61807  -53.570  -3.972  -20.882 0.0000000000
61818  -42.792  -3.640  -21.799 0.0000000000
61819  -42.970  -3.305  -22.971 0.0000000000
61820  -53.299  -4.561  -22.090 0.0000000000
61832  -43.381  -4.022  -25.020 0.0000000000
61833  -50.995  -6.614  -24.116 0.0000000000
61834  -52.300  -5.544  -22.836 0.0000000000
61848  -44.853  -5.080  -26.140 0.0000000000
61849  -45.378  -4.821  -26.539 0.0000000000
61850  -50.141  -7.070  -25.550 0.0000000000
61860  -46.045  -6.004  -26.416 0.0000000000
61861  -47.144  -6.187  -26.952 0.0000000000
61862  -49.847  -7.423  -26.513 0.0000000000
61863  -50.912  -7.584  -26.465 0.0000000000
61864  -48.620  -6.566  -27.888 0.0000000000
61865  -49.585  -7.255  -27.875 0.0000000000
61866  -50.989  -7.751  -27.197 0.0000000000
61867  -49.137  -6.283  -28.228 0.0000000000
61868  -50.250  -7.335  -28.241 0.0000000000
61869  -51.394  -7.372  -28.193 0.0000000000
61870  -52.573  -7.223  -28.257 0.0000000000
61871  -49.850  -6.217  -28.483 0.0000000000
61872  -50.647  -6.162  -28.546 0.0000000000
61873  -51.743  -6.326  -28.527 0.0000000000
61874  -52.608  -6.732  -28.462 0.0000000000
62917  -45.503  -2.418  -20.539 0.0000000000
62918  -44.964  -2.093  -21.216 0.0000000000
62919  -53.550  -3.565  -20.400 0.0000000000
62932  -43.779  -1.564  -22.657 0.0000000000
62933  -43.924  -0.663  -23.226 0.0000000000
62934  -53.330  -4.319  -22.133 0.0000000000
62940  -43.304  -2.688  -24.398 0.0000000000
62941  -43.820  -1.461  -24.102 0.0000000000
62942  -51.081  -6.762  -24.530 0.0000000000
62943  -52.160  -5.451  -23.372 0.0000000000
62952  -43.928  -3.731  -25.332 0.0000000000
62953  -44.513  -3.197  -25.605 0.0000000000
62954  -50.904  -7.429  -25.355 0.0000000000
62955  -51.828  -6.456  -24.450 0.0000000000
62969  -45.942  -4.200  -26.649 0.0000000000
62970  -50.860  -7.427  -26.071 0.0000000000
62971  -51.964  -6.971  -25.997 0.0000000000
62972  -53.018  -6.305  -25.911 0.0000000000
62980  -47.332  -4.972  -27.339 0.0000000000
62981  -52.357  -7.359  -27.512 0.0000000000
62982  -53.365  -6.659  -26.647 0.0000000000
62983  -48.708  -5.105  -27.860 0.0000000000
62984  -49.195  -4.417  -27.964 0.0000000000
62985  -52.505  -7.351  -28.109 0.0000000000
62986  -53.581  -6.142  -27.927 0.0000000000
62987  -55.277  -5.919  -28.314 0.0000000000
62988  -49.451  -5.735  -28.351 0.0000000000
62989  -49.940  -5.078  -28.439 0.0000000000
62990  -51.552  -5.049  -28.834 0.0000000000
62991  -53.626  -5.204  -29.190 0.0000000000
62992  -55.207  -5.373  -28.886 0.0000000000
62993  -54.907  -4.225  -29.779 0.0000000000
62994  -55.291  -4.586  -29.646 0.0000000000
64091  -46.066  -1.050  -19.844 0.0000000000
64092  -46.781  -0.682  -20.262 0.0000000000
64111  -45.956  -1.887  -20.360 0.0000000000
64112  -46.275  -1.167  -20.925 0.0000000000
64113  -46.359  -0.195  -21.412 0.0000000000
64114  -53.547  -3.146  -20.897 0.0000000000
64115  -53.907  -2.311  -20.134 0.0000000000
64129  -44.790  -1.108  -21.463 0.0000000000
64130  -44.867  -0.251  -22.377 0.0000000000
64131  -53.224  -3.940  -22.319 0.0000000000
64132  -53.826  -2.858  -21.358 0.0000000000
64140  -44.631  -0.228  -23.844 0.0000000000
64141  -45.164  0.379  -24.575 0.0000000000
64142  -52.787  -4.749  -23.559 0.0000000000
64143  -53.897  -3.694  -22.616 0.0000000000
64149  -44.557  -1.502  -24.960 0.0000000000
64150  -45.336  -0.707  -25.067 0.0000000000
64151  -52.756  -5.488  -24.819 0.0000000000
64152  -53.642  -4.156  -24.031 0.0000000000
64163  -45.437  -2.314  -25.970 0.0000000000
64164  -46.311  -1.269  -26.172 0.0000000000
64165  -52.816  -5.913  -25.508 0.0000000000
64166  -53.713  -5.031  -25.554 0.0000000000
64167  -55.051  -4.519  -26.093 0.0000000000
64168  -56.109  -3.826  -26.377 0.0000000000
64179  -46.739  -3.126  -26.591 0.0000000000
64180  -47.489  -2.029  -27.019 0.0000000000
64181  -54.684  -5.901  -26.900 0.0000000000
64182  -55.834  -5.118  -27.217 0.0000000000
64183  -56.851  -3.873  -27.371 0.0000000000
64187  -47.833  -3.719  -27.211 0.0000000000
64188  -48.849  -3.151  -27.558 0.0000000000
64189  -49.752  -2.828  -27.933 0.0000000000
64190  -55.302  -5.908  -27.841 0.0000000000
64191  -56.149  -5.098  -28.339 0.0000000000
64192  -57.318  -3.518  -28.583 0.0000000000
64193  -57.918  -2.613  -28.824 0.0000000000
64194  -49.696  -3.828  -28.070 0.0000000000
64195  -50.821  -3.362  -28.361 0.0000000000
64196  -52.665  -3.333  -29.036 0.0000000000
64197  -56.378  -4.328  -29.379 0.0000000000
64198  -57.296  -2.937  -29.453 0.0000000000
64199  -57.945  -2.095  -29.057 0.0000000000
64200  -54.311  -3.218  -29.502 0.0000000000
64201  -55.871  -3.202  -29.838 0.0000000000
64202  -56.692  -2.037  -29.720 0.0000000000
65236  -47.189  0.065  -19.751 0.0000000000
65237  -47.958  0.576  -20.539 0.0000000000
65251  -47.042  -0.464  -20.537 0.0000000000
65252  -47.316  0.172  -21.027 0.0000000000
65253  -54.718  -2.157  -20.787 0.0000000000
65254  -55.927  -2.059  -20.302 0.0000000000
65269  -45.840  1.047  -22.348 0.0000000000
65270  -45.736  2.021  -23.232 0.0000000000
65271  -55.009  -2.894  -21.874 0.0000000000
65272  -56.366  -2.425  -21.289 0.0000000000
65273  -58.032  -2.351  -20.742 0.0000000000
65274  -59.057  -1.486  -21.206 0.0000000000
65275  -60.327  -1.162  -21.336 0.0000000000
65286  -44.861  0.703  -23.066 0.0000000000
65287  -45.374  1.391  -24.011 0.0000000000
65288  -54.924  -3.297  -23.198 0.0000000000
65289  -56.432  -2.675  -22.592 0.0000000000
65290  -58.336  -2.644  -21.808 0.0000000000
65291  -59.631  -2.144  -21.515 0.0000000000
65292  -60.326  -1.490  -21.440 0.0000000000
65299  -45.978  0.716  -25.570 0.0000000000
65300  -54.672  -3.687  -24.549 0.0000000000
65301  -56.184  -3.071  -24.053 0.0000000000
65302  -58.135  -2.548  -23.457 0.0000000000
65303  -59.919  -2.305  -22.616 0.0000000000
65304  -60.780  -1.631  -21.940 0.0000000000
65312  -47.282  -0.094  -26.656 0.0000000000
65313  -54.672  -4.083  -25.325 0.0000000000
65314  -55.636  -3.583  -25.282 0.0000000000
65315  -57.588  -2.902  -25.591 0.0000000000
65316  -59.820  -2.165  -24.437 0.0000000000
65317  -60.979  -1.476  -23.360 0.0000000000
65328  -48.668  -0.838  -27.395 0.0000000000
65329  -49.698  -0.131  -27.824 0.0000000000
65330  -57.939  -2.696  -27.337 0.0000000000
65331  -59.590  -2.115  -26.367 0.0000000000
65332  -60.798  -1.183  -25.250 0.0000000000
65337  -49.346  -2.108  -27.670 0.0000000000
65338  -50.137  -1.496  -27.996 0.0000000000
65339  -58.042  -2.681  -28.278 0.0000000000
65340  -58.565  -1.686  -27.978 0.0000000000
65341  -60.092  -0.758  -26.825 0.0000000000
65342  -51.819  -1.456  -28.760 0.0000000000
65343  -53.561  -1.361  -29.832 0.0000000000
65344  -54.791  -0.656  -30.383 0.0000000000
65345  -57.397  -1.782  -29.417 0.0000000000
65346  -57.937  -0.833  -29.116 0.0000000000
65347  -54.923  -1.839  -29.681 0.0000000000
65348  -55.880  -1.217  -30.104 0.0000000000
65349  -56.770  -0.872  -29.549 0.0000000000
65350  -57.066  -0.167  -29.321 0.0000000000
66367  -47.619  1.009  -18.924 0.0000000000
66368  -48.182  1.194  -20.011 0.0000000000
66380  -48.154  1.270  -21.333 0.0000000000
66381  -48.078  1.946  -22.039 0.0000000000
66395  -47.531  0.999  -21.752 0.0000000000
66396  -47.245  2.030  -22.562 0.0000000000
66398  -60.038  -0.582  -21.030 0.0000000000
66411  -45.874  2.905  -24.278 0.0000000000
66412  -60.811  -0.858  -21.439 0.0000000000
66425  -46.174  2.657  -25.616 0.0000000000
66426  -61.193  -0.605  -22.344 0.0000000000
66436  -47.219  2.076  -27.057 0.0000000000
66437  -48.214  2.922  -28.017 0.0000000000
66438  -60.518  0.771  -25.161 0.0000000000
66439  -61.270  -0.068  -24.096 0.0000000000
66451  -48.029  0.678  -27.237 0.0000000000
66452  -49.095  1.428  -27.850 0.0000000000
66453  -59.432  0.933  -26.544 0.0000000000
66454  -60.734  0.027  -25.912 0.0000000000
66462  -50.859  0.388  -28.506 0.0000000000
66463  -58.765  0.283  -28.060 0.0000000000
66464  -60.000  0.100  -26.855 0.0000000000
66465  -52.469  0.275  -29.575 0.0000000000
66466  -53.974  0.529  -30.297 0.0000000000
66467  -55.700  0.550  -30.429 0.0000000000
66468  -56.908  1.058  -30.057 0.0000000000
66469  -57.529  0.458  -29.216 0.0000000000
66470  -56.248  -0.330  -30.167 0.0000000000
66471  -56.673  0.124  -29.982 0.0000000000
66472  -57.004  0.399  -29.570 0.0000000000
67258  -48.394  2.051  -19.909 0.0000000000
67273  -48.503  1.952  -20.828 0.0000000000
67274  -48.234  2.174  -21.776 0.0000000000
67289  -47.605  2.735  -22.608 0.0000000000
67290  -59.777  0.438  -20.533 0.0000000000
67291  -60.481  -0.081  -21.318 0.0000000000
67300  -46.529  3.716  -24.023 0.0000000000
67301  -59.667  0.960  -21.483 0.0000000000
67302  -60.738  0.058  -21.541 0.0000000000
67314  -46.691  4.175  -26.099 0.0000000000
67315  -47.862  4.953  -27.187 0.0000000000
67316  -57.154  2.126  -24.024 0.0000000000
67317  -59.135  1.618  -23.012 0.0000000000
67318  -60.855  0.604  -22.618 0.0000000000
67327  -46.741  3.470  -26.774 0.0000000000
67328  -47.900  4.099  -27.801 0.0000000000
67329  -55.300  4.185  -27.108 0.0000000000
67330  -56.405  2.787  -25.685 0.0000000000
67331  -58.952  1.604  -25.032 0.0000000000
67332  -60.450  0.952  -23.960 0.0000000000
67342  -49.259  3.351  -28.607 0.0000000000
67343  -54.970  4.661  -28.587 0.0000000000
67344  -56.530  3.395  -27.677 0.0000000000
67345  -57.972  2.205  -26.658 0.0000000000
67354  -50.988  2.447  -28.900 0.0000000000
67355  -52.020  2.908  -29.285 0.0000000000
67356  -55.163  4.468  -29.651 0.0000000000
67357  -55.951  3.414  -29.404 0.0000000000
67358  -57.655  1.966  -27.954 0.0000000000
67359  -51.842  1.334  -29.155 0.0000000000
67360  -52.705  2.060  -29.903 0.0000000000
67361  -54.583  2.178  -30.433 0.0000000000
67362  -56.146  2.292  -30.373 0.0000000000
67363  -57.229  1.658  -29.337 0.0000000000
68067  -48.198  2.629  -20.535 0.0000000000
68068  -48.197  2.663  -21.500 0.0000000000
68086  -47.691  3.035  -22.463 0.0000000000
68087  -56.688  2.630  -20.637 0.0000000000
68088  -57.979  1.517  -20.428 0.0000000000
68097  -47.167  3.817  -23.796 0.0000000000
68098  -56.193  3.262  -22.187 0.0000000000
68099  -57.692  2.012  -21.658 0.0000000000
68112  -47.628  4.016  -25.299 0.0000000000
68113  -48.011  5.179  -26.742 0.0000000000
68114  -54.067  4.752  -25.476 0.0000000000
68115  -55.302  3.376  -24.121 0.0000000000
68116  -57.165  2.556  -22.880 0.0000000000
68126  -49.628  5.305  -27.823 0.0000000000
68127  -52.034  5.726  -27.883 0.0000000000
68128  -53.819  5.486  -27.124 0.0000000000
68129  -54.793  3.958  -25.825 0.0000000000
68141  -49.960  4.416  -28.779 0.0000000000
68142  -51.748  5.099  -28.683 0.0000000000
68143  -53.322  5.386  -28.493 0.0000000000
68154  -50.326  3.684  -29.167 0.0000000000
68155  -51.848  3.868  -29.332 0.0000000000
68156  -53.999  4.429  -29.407 0.0000000000
68157  -55.197  4.332  -29.953 0.0000000000
68158  -52.552  3.070  -29.426 0.0000000000
68159  -53.540  3.365  -29.983 0.0000000000
68160  -55.044  3.615  -30.218 0.0000000000
68795  -47.645  3.058  -20.105 0.0000000000
68810  -47.735  3.148  -20.912 0.0000000000
68811  -48.010  3.026  -21.344 0.0000000000
68830  -47.586  3.315  -21.672 0.0000000000
68831  -47.646  3.355  -22.302 0.0000000000
68832  -56.052  3.843  -21.101 0.0000000000
68846  -47.082  3.760  -23.523 0.0000000000
68847  -53.689  5.362  -24.596 0.0000000000
68848  -54.689  4.617  -23.557 0.0000000000
68860  -47.227  4.460  -24.785 0.0000000000
68861  -48.418  4.821  -26.252 0.0000000000
68862  -50.451  5.554  -26.303 0.0000000000
68863  -52.927  5.781  -25.808 0.0000000000
68864  -54.084  4.543  -24.594 0.0000000000
68881  -49.506  5.147  -27.007 0.0000000000
68882  -51.173  5.779  -27.158 0.0000000000
68883  -52.526  5.967  -27.119 0.0000000000
69540  -46.998  3.613  -20.193 0.0000000000
69541  -47.429  3.368  -20.618 0.0000000000
69554  -46.589  3.777  -20.990 0.0000000000
69555  -47.042  3.671  -21.454 0.0000000000
69573  -46.819  3.692  -22.540 0.0000000000
69574  -47.032  4.072  -23.467 0.0000000000
69575  -55.976  4.724  -21.431 0.0000000000
69594  -46.502  3.868  -24.598 0.0000000000
69595  -54.308  5.520  -23.932 0.0000000000
69596  -55.139  4.850  -22.522 0.0000000000
69605  -47.244  4.289  -25.616 0.0000000000
69606  -49.191  5.219  -26.484 0.0000000000
69607  -51.508  5.869  -26.332 0.0000000000
69608  -53.485  5.720  -25.520 0.0000000000
69622  -50.105  5.486  -26.835 0.0000000000
69623  -50.882  5.982  -26.726 0.0000000000
70400  -46.363  4.262  -21.785 0.0000000000
70417  -46.625  4.767  -23.236 0.0000000000
70418  -46.829  4.463  -23.383 0.0000000000
70419  -55.977  5.312  -21.998 0.0000000000
70439  -46.157  4.734  -24.347 0.0000000000
70440  -46.227  4.339  -24.752 0.0000000000
70441  -54.417  5.855  -23.886 0.0000000000
70442  -55.092  5.528  -23.117 0.0000000000
70443  -56.417  5.713  -22.486 0.0000000000
70457  -47.748  5.522  -26.061 0.0000000000
70458  -49.214  5.159  -26.932 0.0000000000
70459  -52.831  5.851  -25.949 0.0000000000
70460  -53.776  6.031  -24.773 0.0000000000
70461  -54.934  6.108  -24.219 0.0000000000
70476  -48.633  5.443  -26.877 0.0000000000
70477  -50.124  5.606  -27.130 0.0000000000
70478  -51.922  6.164  -26.399 0.0000000000
70479  -53.190  6.548  -25.729 0.0000000000
71414  -45.972  4.612  -21.635 0.0000000000
71420  -45.659  5.003  -21.971 0.0000000000
71421  -45.956  5.350  -23.078 0.0000000000
71435  -45.992  5.095  -25.002 0.0000000000
71436  -46.501  5.072  -25.742 0.0000000000
71437  -56.164  5.804  -23.866 0.0000000000
71456  -46.417  5.762  -26.084 0.0000000000
71457  -47.294  5.772  -26.252 0.0000000000
71458  -54.568  6.003  -25.344 0.0000000000
71459  -55.884  6.090  -25.022 0.0000000000
71478  -48.957  5.958  -27.242 0.0000000000
71479  -50.933  5.889  -27.442 0.0000000000
71480  -52.415  6.794  -26.678 0.0000000000
71481  -54.144  6.467  -26.283 0.0000000000
71482  -55.741  6.415  -26.012 0.0000000000
72363  -45.612  5.703  -21.527 0.0000000000
72368  -45.377  5.439  -22.936 0.0000000000
72369  -45.558  5.521  -23.520 0.0000000000
72379  -45.051  5.389  -23.789 0.0000000000
72380  -45.477  5.413  -24.417 0.0000000000
72396  -45.993  5.522  -26.281 0.0000000000
72397  -46.690  5.514  -26.442 0.0000000000
72420  -46.363  5.126  -27.388 0.0000000000
72421  -47.811  4.867  -27.241 0.0000000000
72422  -49.860  6.124  -27.645 0.0000000000
72423  -51.858  6.396  -27.733 0.0000000000
72424  -53.526  7.116  -27.237 0.0000000000
72425  -55.521  6.879  -27.089 0.0000000000
72439  -47.754  4.659  -28.141 0.0000000000
72440  -49.557  4.716  -28.350 0.0000000000
72441  -51.074  6.477  -28.375 0.0000000000
72442  -52.869  7.569  -28.107 0.0000000000
72443  -54.987  7.369  -28.129 0.0000000000
73368  -46.057  7.500  -21.432 0.0000000000
73369  -45.610  6.588  -22.082 0.0000000000
73380  -44.910  5.607  -23.276 0.0000000000
73381  -45.071  5.247  -24.399 0.0000000000
73392  -44.764  5.325  -24.491 0.0000000000
73393  -45.432  4.939  -26.002 0.0000000000
73413  -46.497  4.962  -27.953 0.0000000000
73428  -49.214  4.811  -29.034 0.0000000000
73429  -50.799  5.912  -29.163 0.0000000000
73430  -52.493  7.541  -28.953 0.0000000000
73431  -54.546  7.719  -29.050 0.0000000000
73432  -56.765  6.736  -29.752 0.0000000000
73445  -50.331  4.943  -29.877 0.0000000000
73446  -50.992  5.615  -29.948 0.0000000000
73447  -52.439  7.446  -29.726 0.0000000000
73448  -54.340  7.896  -29.828 0.0000000000
73449  -56.591  7.158  -30.452 0.0000000000
74287  -46.272  7.996  -21.319 0.0000000000
74300  -46.008  8.913  -21.673 0.0000000000
74301  -45.608  7.966  -21.914 0.0000000000
74302  -45.160  6.687  -22.458 0.0000000000
74315  -44.946  7.946  -22.647 0.0000000000
74316  -44.180  6.660  -23.233 0.0000000000
74328  -44.523  5.583  -25.908 0.0000000000
74329  -45.618  4.658  -26.812 0.0000000000
74346  -45.264  5.681  -28.032 0.0000000000
74347  -45.861  4.821  -27.489 0.0000000000
74361  -46.964  6.003  -29.336 0.0000000000
74362  -47.213  4.872  -28.700 0.0000000000
74376  -48.271  6.320  -29.955 0.0000000000
74377  -49.306  5.331  -29.948 0.0000000000
74378  -51.185  5.789  -30.391 0.0000000000
74379  -52.544  7.477  -30.531 0.0000000000
74380  -54.465  8.045  -30.524 0.0000000000
74381  -56.639  7.607  -31.175 0.0000000000
75147  -45.684  9.711  -21.718 0.0000000000
75148  -45.784  8.940  -21.936 0.0000000000
75164  -45.221  9.847  -22.330 0.0000000000
75165  -44.790  8.894  -22.673 0.0000000000
75166  -44.432  7.924  -23.089 0.0000000000
75179  -43.500  8.793  -23.855 0.0000000000
75180  -43.640  7.780  -24.385 0.0000000000
75194  -44.007  7.079  -26.789 0.0000000000
75208  -45.003  7.144  -28.874 0.0000000000
75223  -47.372  7.448  -30.227 0.0000000000
75224  -49.373  6.537  -30.803 0.0000000000
75225  -51.171  6.550  -30.981 0.0000000000
75226  -52.745  7.615  -31.294 0.0000000000
75227  -54.971  7.639  -31.659 0.0000000000
75228  -56.972  8.788  -31.573 0.0000000000
75242  -48.153  8.175  -31.140 0.0000000000
75243  -49.253  7.591  -31.360 0.0000000000
75244  -51.184  7.496  -31.465 0.0000000000
75245  -53.182  7.511  -32.068 0.0000000000
75246  -55.127  7.990  -32.211 0.0000000000
75247  -56.673  8.327  -32.327 0.0000000000
75981  -44.730  9.942  -22.808 0.0000000000
75999  -44.498  10.493  -23.141 0.0000000000
76000  -43.469  9.692  -23.982 0.0000000000
76001  -43.475  8.788  -24.316 0.0000000000
76014  -43.481  9.802  -24.890 0.0000000000
76015  -43.840  8.880  -25.283 0.0000000000
76028  -44.805  9.529  -28.783 0.0000000000
76029  -44.306  8.678  -27.596 0.0000000000
76049  -45.652  9.727  -30.176 0.0000000000
76050  -45.363  8.650  -29.620 0.0000000000
76051  -58.135  9.622  -32.020 0.0000000000
76065  -46.322  9.903  -30.968 0.0000000000
76066  -47.118  9.226  -31.403 0.0000000000
76067  -48.871  8.423  -32.224 0.0000000000
76068  -50.953  8.313  -32.116 0.0000000000
76069  -53.014  8.080  -32.607 0.0000000000
76070  -55.122  8.614  -32.981 0.0000000000
76071  -56.972  9.011  -32.860 0.0000000000
76082  -47.748  9.938  -32.696 0.0000000000
76083  -48.622  9.358  -33.016 0.0000000000
76084  -50.578  9.204  -32.958 0.0000000000
76085  -52.692  9.076  -33.104 0.0000000000
76086  -54.165  8.806  -33.218 0.0000000000
76907  -44.544  11.440  -23.230 0.0000000000
76908  -44.142  10.644  -23.739 0.0000000000
76916  -44.566  11.784  -24.014 0.0000000000
76917  -43.850  10.731  -24.924 0.0000000000
76918  -43.535  9.767  -25.196 0.0000000000
76928  -44.669  10.377  -26.988 0.0000000000
76929  -44.264  9.557  -25.830 0.0000000000
76948  -46.026  10.633  -28.506 0.0000000000
76949  -57.986  10.931  -31.095 0.0000000000
76963  -46.826  10.752  -30.128 0.0000000000
76964  -47.525  10.061  -30.884 0.0000000000
76965  -55.854  9.545  -33.254 0.0000000000
76966  -55.834  10.102  -32.035 0.0000000000
76977  -46.692  11.171  -30.784 0.0000000000
76978  -46.863  10.798  -32.577 0.0000000000
76979  -48.469  10.379  -33.892 0.0000000000
76980  -50.204  10.044  -34.022 0.0000000000
76981  -52.301  10.062  -33.991 0.0000000000
76982  -55.124  10.170  -33.764 0.0000000000
76983  -56.078  10.061  -33.167 0.0000000000
76996  -47.188  12.026  -34.000 0.0000000000
76997  -48.245  11.786  -35.270 0.0000000000
76998  -49.974  10.905  -35.474 0.0000000000
76999  -51.709  10.918  -35.045 0.0000000000
77000  -53.549  11.343  -34.866 0.0000000000
77004  -48.949  12.569  -36.650 0.0000000000
77005  -50.325  12.043  -37.012 0.0000000000
77006  -51.562  11.423  -36.653 0.0000000000
77007  -52.785  11.718  -36.165 0.0000000000
77011  -51.483  12.511  -37.852 0.0000000000
77012  -52.049  11.945  -37.589 0.0000000000
77013  -52.498  11.610  -37.261 0.0000000000
77817  -44.804  12.286  -24.560 0.0000000000
77831  -44.896  11.986  -25.914 0.0000000000
77852  -45.448  11.892  -27.476 0.0000000000
77853  -57.286  12.227  -28.385 0.0000000000
77873  -46.299  11.633  -28.793 0.0000000000
77874  -55.909  13.149  -31.810 0.0000000000
77875  -56.792  12.105  -31.145 0.0000000000
77886  -46.426  12.201  -30.024 0.0000000000
77887  -45.963  11.930  -31.626 0.0000000000
77888  -56.014  12.439  -33.231 0.0000000000
77889  -56.375  10.956  -32.867 0.0000000000
77901  -45.918  12.999  -31.393 0.0000000000
77902  -46.748  13.032  -33.098 0.0000000000
77903  -47.245  12.870  -34.877 0.0000000000
77904  -55.233  12.252  -34.895 0.0000000000
77910  -47.232  14.128  -34.785 0.0000000000
77911  -48.130  13.776  -36.324 0.0000000000
77912  -49.534  13.175  -37.216 0.0000000000
77913  -54.111  12.425  -36.026 0.0000000000
77918  -49.896  14.561  -37.398 0.0000000000
77919  -50.940  13.490  -37.744 0.0000000000
77920  -52.622  13.304  -38.098 0.0000000000
77921  -53.439  12.321  -37.380 0.0000000000
77928  -51.117  14.836  -37.879 0.0000000000
77929  -51.907  14.465  -38.027 0.0000000000
77930  -52.558  14.432  -38.029 0.0000000000
78723  -45.071  13.165  -24.101 0.0000000000
78734  -45.149  13.927  -24.245 0.0000000000
78735  -45.135  13.417  -25.188 0.0000000000
78748  -45.316  13.317  -26.797 0.0000000000
78763  -45.980  13.220  -28.545 0.0000000000
78764  -55.533  13.676  -30.194 0.0000000000
78765  -56.446  12.946  -28.192 0.0000000000
78776  -46.419  13.950  -30.271 0.0000000000
78777  -54.839  15.867  -33.819 0.0000000000
78778  -55.548  14.641  -32.743 0.0000000000
78789  -46.667  14.488  -31.932 0.0000000000
78790  -47.004  15.319  -33.837 0.0000000000
78791  -48.087  16.465  -34.952 0.0000000000
78792  -54.966  15.043  -34.560 0.0000000000
78793  -55.592  13.801  -34.745 0.0000000000
78799  -47.564  15.316  -35.425 0.0000000000
78800  -49.141  16.121  -36.461 0.0000000000
78801  -55.126  14.828  -36.078 0.0000000000
78802  -54.941  13.422  -36.133 0.0000000000
78807  -51.086  16.024  -37.726 0.0000000000
78808  -52.154  16.030  -38.201 0.0000000000
78809  -54.407  13.953  -37.528 0.0000000000
78810  -54.365  13.001  -36.960 0.0000000000
78818  -51.763  15.452  -38.204 0.0000000000
78819  -52.584  15.293  -38.119 0.0000000000
78820  -53.292  14.586  -37.910 0.0000000000
79639  -45.225  14.609  -25.004 0.0000000000
79640  -45.183  14.520  -26.271 0.0000000000
79653  -45.551  14.609  -27.733 0.0000000000
79668  -46.023  15.070  -29.406 0.0000000000
79684  -47.034  15.683  -30.957 0.0000000000
79685  -47.926  16.637  -31.969 0.0000000000
79686  -52.491  17.910  -32.928 0.0000000000
79687  -53.474  16.590  -32.440 0.0000000000
79688  -54.357  15.290  -30.221 0.0000000000
79699  -47.096  15.894  -32.448 0.0000000000
79700  -48.774  16.231  -33.199 0.0000000000
79701  -49.796  17.688  -34.818 0.0000000000
79702  -52.032  17.838  -34.165 0.0000000000
79703  -54.276  16.400  -35.139 0.0000000000
79707  -51.117  17.268  -36.544 0.0000000000
79708  -52.735  16.438  -36.392 0.0000000000
79709  -54.192  15.613  -37.026 0.0000000000
79715  -52.038  16.389  -37.629 0.0000000000
79716  -53.051  15.946  -37.903 0.0000000000
79717  -53.709  15.071  -37.761 0.0000000000
79725  -53.252  15.326  -38.000 0.0000000000
79726  -53.453  14.959  -37.850 0.0000000000
80612  -45.187  15.320  -24.794 0.0000000000
80622  -45.147  15.894  -25.175 0.0000000000
80623  -45.271  15.612  -26.035 0.0000000000
80624  -45.404  15.380  -27.126 0.0000000000
80635  -45.416  16.031  -27.348 0.0000000000
80636  -45.806  16.020  -28.553 0.0000000000
80650  -47.083  16.669  -30.133 0.0000000000
80651  -52.573  17.294  -30.032 0.0000000000
80670  -47.951  17.212  -31.230 0.0000000000
80671  -49.663  17.221  -32.006 0.0000000000
80672  -51.365  17.637  -31.900 0.0000000000
80673  -52.228  18.215  -31.858 0.0000000000
80674  -53.026  16.558  -30.328 0.0000000000
80685  -49.955  16.940  -33.200 0.0000000000
80686  -50.828  18.103  -33.324 0.0000000000
80687  -51.527  18.498  -32.943 0.0000000000
81612  -45.201  16.565  -26.354 0.0000000000
81613  -45.408  16.273  -26.923 0.0000000000
81628  -45.960  16.730  -28.140 0.0000000000
81629  -46.937  17.125  -29.595 0.0000000000
81640  -48.284  17.895  -30.570 0.0000000000
81641  -49.944  18.201  -30.233 0.0000000000
81662  -47.951  17.618  -30.897 0.0000000000
81663  -49.090  17.614  -30.871 0.0000000000
81664  -50.517  17.904  -30.838 0.0000000000
81665  -51.527  18.478  -30.975 0.0000000000
82618  -46.818  17.336  -29.446 0.0000000000
119240  -57.836  -38.358  -13.490 0.0000000000
119241  -58.198  -37.703  -17.001 0.0000000000
119242  -57.866  -38.182  -13.333 0.0000000000
119243  -58.206  -37.528  -15.057 0.0000000000
119244  -58.130  -37.141  -18.034 0.0000000000
119245  -57.347  -37.434  -11.665 0.0000000000
119246  -57.975  -37.666  -13.721 0.0000000000
119247  -55.983  -37.814  -18.747 0.0000000000
119248  -56.997  -36.170  -19.004 0.0000000000
119249  -58.155  -37.461  -17.758 0.0000000000
119250  -58.370  -36.931  -17.510 0.0000000000
119251  -57.926  -36.875  -12.910 0.0000000000
119252  -56.029  -35.914  -18.914 0.0000000000
119253  -56.897  -35.592  -19.442 0.0000000000
119254  -58.141  -36.330  -18.366 0.0000000000
119255  -58.503  -36.971  -16.494 0.0000000000
119256  -58.317  -37.084  -14.131 0.0000000000
119257  -58.650  -36.646  -15.523 0.0000000000
119258  -56.964  -36.656  -11.464 0.0000000000
119259  -57.180  -37.261  -11.551 0.0000000000
119260  -57.460  -36.323  -12.033 0.0000000000
119261  -57.545  -37.005  -12.196 0.0000000000
119262  -57.258  -35.551  -11.486 0.0000000000
119263  -55.117  -35.798  -18.188 0.0000000000
119264  -57.697  -35.630  -19.038 0.0000000000
119265  -54.794  -34.856  -17.996 0.0000000000
119266  -55.558  -35.471  -18.773 0.0000000000
119267  -56.448  -35.090  -11.113 0.0000000000
119268  -55.548  -34.736  -18.835 0.0000000000
119269  -56.568  -35.518  -19.341 0.0000000000
