#!ascii label  , from subject Yale_0050559 vox2ras=TkReg
462
32711  -21.116  41.760  52.335 0.0000000000
34152  -28.482  51.328  42.950 0.0000000000
32948  -23.478  45.278  43.055 0.0000000000
34971  -18.142  55.110  40.258 0.0000000000
32904  -28.510  47.334  59.562 0.0000000000
30883  -22.712  33.275  60.940 0.0000000000
33615  -20.733  46.446  50.161 0.0000000000
32930  -14.993  42.937  49.132 0.0000000000
32719  -24.574  43.371  47.097 0.0000000000
33277  -20.688  45.424  44.742 0.0000000000
32693  -20.645  45.012  55.400 0.0000000000
33094  -26.766  47.417  50.727 0.0000000000
34811  -21.956  57.690  40.453 0.0000000000
33287  -26.851  47.839  40.690 0.0000000000
33507  -22.621  46.644  36.150 0.0000000000
32960  -20.482  45.018  39.514 0.0000000000
32682  -35.124  42.785  57.640 0.0000000000
33419  -32.240  50.708  51.835 0.0000000000
33782  -25.756  52.366  48.297 0.0000000000
34679  -22.288  53.265  35.499 0.0000000000
36920  -27.823  35.782  57.493 0.0000000000
32275  -25.259  39.951  62.402 0.0000000000
31805  -22.825  37.915  50.488 0.0000000000
33106  -21.131  44.230  51.690 0.0000000000
33261  -17.026  44.797  52.657 0.0000000000
32924  -18.081  41.354  51.798 0.0000000000
32927  -22.610  43.197  49.528 0.0000000000
33265  -23.584  45.423  48.014 0.0000000000
32503  -21.254  42.164  52.559 0.0000000000
32914  -21.376  44.462  52.491 0.0000000000
34502  -28.255  54.946  44.811 0.0000000000
34972  -25.775  58.796  43.753 0.0000000000
34499  -24.645  53.684  43.735 0.0000000000
33286  -24.090  48.560  42.036 0.0000000000
32970  -24.679  44.388  38.083 0.0000000000
32749  -21.361  44.886  40.636 0.0000000000
33962  -23.253  50.128  47.563 0.0000000000
33964  -19.315  49.677  44.172 0.0000000000
32683  -32.501  44.312  57.842 0.0000000000
33088  -34.539  47.149  55.727 0.0000000000
33415  -29.571  51.249  56.506 0.0000000000
32937  -26.211  45.063  46.305 0.0000000000
33256  -27.820  46.508  48.368 0.0000000000
33632  -23.400  49.034  45.317 0.0000000000
33803  -25.070  52.032  44.805 0.0000000000
33998  -19.969  50.086  35.928 0.0000000000
33999  -21.156  50.436  35.531 0.0000000000
34676  -19.480  54.418  36.762 0.0000000000
30893  -27.399  32.122  56.160 0.0000000000
31101  -25.698  34.393  57.667 0.0000000000
32097  -26.604  36.949  60.265 0.0000000000
31307  -22.597  36.761  62.118 0.0000000000
31509  -21.808  36.103  46.487 0.0000000000
32729  -25.009  42.979  44.051 0.0000000000
32739  -21.877  42.109  42.297 0.0000000000
32941  -22.680  44.131  45.299 0.0000000000
33617  -23.518  47.275  46.519 0.0000000000
32901  -23.439  47.849  59.613 0.0000000000
36947  -27.259  51.911  55.744 0.0000000000
36948  -23.933  48.118  53.790 0.0000000000
32928  -26.478  44.889  48.865 0.0000000000
34514  -23.189  54.019  35.838 0.0000000000
33482  -28.147  47.181  39.536 0.0000000000
33830  -25.485  48.206  38.515 0.0000000000
33322  -26.543  45.995  37.663 0.0000000000
33153  -21.146  44.146  36.408 0.0000000000
33988  -19.670  48.915  38.476 0.0000000000
32947  -19.295  44.338  42.333 0.0000000000
33977  -19.715  49.892  41.667 0.0000000000
33254  -33.425  48.576  52.004 0.0000000000
33427  -29.252  51.361  51.517 0.0000000000
33430  -28.726  46.595  49.437 0.0000000000
33953  -28.198  52.055  50.567 0.0000000000
33806  -28.384  51.369  44.640 0.0000000000
34161  -21.927  51.513  39.829 0.0000000000
34171  -21.406  51.581  35.881 0.0000000000
34527  -24.731  52.755  33.876 0.0000000000
32116  -31.317  38.932  57.253 0.0000000000
32289  -30.929  40.841  58.186 0.0000000000
32482  -27.388  43.241  60.388 0.0000000000
36917  -21.286  39.487  63.016 0.0000000000
32283  -22.905  42.149  60.908 0.0000000000
32483  -25.478  44.114  60.946 0.0000000000
32294  -22.240  41.901  56.142 0.0000000000
32303  -22.887  41.221  53.532 0.0000000000
32310  -22.817  39.831  50.740 0.0000000000
32319  -19.649  39.607  47.491 0.0000000000
33099  -20.145  43.374  52.905 0.0000000000
32709  -20.368  40.883  52.357 0.0000000000
32705  -22.097  42.223  50.980 0.0000000000
32926  -21.838  43.142  51.366 0.0000000000
32703  -21.872  41.686  51.922 0.0000000000
32704  -21.971  42.419  51.557 0.0000000000
34501  -26.046  54.879  44.958 0.0000000000
34157  -26.825  51.075  42.033 0.0000000000
33477  -31.857  46.882  41.082 0.0000000000
33824  -29.623  49.842  41.895 0.0000000000
34153  -30.109  51.443  43.140 0.0000000000
33127  -22.819  46.876  42.512 0.0000000000
33133  -22.707  46.267  41.041 0.0000000000
32743  -22.342  45.180  42.004 0.0000000000
32690  -29.862  45.248  59.253 0.0000000000
33085  -30.159  48.544  58.102 0.0000000000
33083  -27.316  49.406  59.325 0.0000000000
32731  -25.267  44.436  44.382 0.0000000000
33111  -25.683  46.484  46.192 0.0000000000
33278  -22.794  47.863  44.443 0.0000000000
33460  -23.202  48.967  44.060 0.0000000000
34156  -19.227  51.143  37.507 0.0000000000
34515  -19.688  52.858  37.305 0.0000000000
34510  -19.000  52.710  37.943 0.0000000000
30876  -23.612  32.536  60.258 0.0000000000
30882  -25.067  32.079  58.907 0.0000000000
30888  -23.849  33.578  59.220 0.0000000000
36918  -25.240  36.231  60.101 0.0000000000
31094  -22.480  34.762  61.325 0.0000000000
33779  -21.845  47.205  49.831 0.0000000000
33778  -19.220  47.055  50.139 0.0000000000
33103  -17.077  43.466  52.989 0.0000000000
32718  -24.847  42.859  45.188 0.0000000000
32728  -23.230  42.549  44.379 0.0000000000
32717  -24.078  43.470  45.955 0.0000000000
33264  -21.725  45.672  49.840 0.0000000000
33437  -23.225  46.169  48.132 0.0000000000
33616  -22.907  47.159  48.782 0.0000000000
33948  -22.728  48.788  50.064 0.0000000000
32900  -22.041  47.625  58.018 0.0000000000
36941  -23.672  49.438  57.966 0.0000000000
32902  -22.128  47.667  56.043 0.0000000000
32920  -25.005  44.086  49.870 0.0000000000
32921  -24.675  44.742  51.054 0.0000000000
32721  -25.393  43.621  47.379 0.0000000000
32933  -26.347  44.504  47.196 0.0000000000
35086  -22.514  58.031  42.146 0.0000000000
34977  -25.859  59.218  41.371 0.0000000000
34812  -23.359  58.868  40.541 0.0000000000
34667  -23.516  56.242  37.863 0.0000000000
34665  -21.637  56.255  37.154 0.0000000000
33288  -29.128  46.750  40.863 0.0000000000
33300  -27.883  46.441  39.626 0.0000000000
33310  -27.069  45.858  38.381 0.0000000000
32754  -21.498  44.258  39.044 0.0000000000
32984  -23.302  42.896  36.470 0.0000000000
33154  -20.359  45.139  37.893 0.0000000000
33488  -19.976  47.149  37.891 0.0000000000
33302  -19.876  46.040  39.747 0.0000000000
32943  -20.754  43.460  43.816 0.0000000000
32740  -20.737  42.466  42.391 0.0000000000
33121  -19.518  45.039  43.694 0.0000000000
33459  -18.656  47.289  42.738 0.0000000000
32684  -37.047  42.135  56.638 0.0000000000
33250  -33.558  49.037  54.017 0.0000000000
33093  -32.433  47.975  50.564 0.0000000000
33428  -31.523  50.572  50.861 0.0000000000
33422  -25.648  49.502  53.551 0.0000000000
36949  -26.998  51.224  53.825 0.0000000000
33251  -28.041  49.713  51.257 0.0000000000
33622  -26.193  49.949  48.079 0.0000000000
33620  -27.334  49.994  49.623 0.0000000000
33785  -27.771  50.869  50.417 0.0000000000
33783  -26.809  51.933  50.024 0.0000000000
34137  -26.178  54.896  47.994 0.0000000000
33465  -25.760  49.214  42.357 0.0000000000
33804  -26.084  51.487  44.038 0.0000000000
33635  -26.993  49.681  43.274 0.0000000000
33466  -29.868  46.729  42.233 0.0000000000
33660  -24.285  47.197  37.160 0.0000000000
33990  -23.177  49.397  39.042 0.0000000000
33836  -22.498  48.197  36.999 0.0000000000
34173  -21.103  51.738  35.858 0.0000000000
34172  -21.840  51.369  35.217 0.0000000000
34360  -23.356  51.765  34.533 0.0000000000
34526  -23.563  52.814  34.820 0.0000000000
30900  -27.605  32.839  54.426 0.0000000000
36912  -27.536  34.576  55.473 0.0000000000
31953  -29.326  36.668  57.009 0.0000000000
32098  -26.943  38.613  61.564 0.0000000000
32100  -28.686  39.107  60.044 0.0000000000
32274  -27.231  39.950  61.540 0.0000000000
32481  -28.283  41.968  60.049 0.0000000000
32479  -26.759  41.686  61.272 0.0000000000
32288  -24.005  43.122  60.210 0.0000000000
32489  -23.077  44.629  59.328 0.0000000000
32113  -23.490  40.899  54.381 0.0000000000
32117  -24.083  40.357  53.106 0.0000000000
32121  -23.634  40.075  51.687 0.0000000000
31971  -23.237  38.931  50.224 0.0000000000
32313  -22.184  39.398  49.766 0.0000000000
31977  -22.722  37.845  48.306 0.0000000000
31988  -19.320  37.549  45.255 0.0000000000
33263  -20.179  45.618  51.473 0.0000000000
33436  -18.347  45.895  51.783 0.0000000000
33262  -18.839  44.955  52.713 0.0000000000
32925  -18.414  42.457  53.057 0.0000000000
32727  -16.523  41.751  49.778 0.0000000000
32919  -22.991  43.155  49.691 0.0000000000
32720  -23.800  43.719  47.501 0.0000000000
32931  -22.985  43.951  48.687 0.0000000000
33107  -22.136  44.320  49.919 0.0000000000
32694  -20.248  44.121  54.092 0.0000000000
32911  -21.830  45.939  53.754 0.0000000000
32697  -20.630  43.497  53.207 0.0000000000
32698  -22.058  43.476  51.680 0.0000000000
34660  -28.644  56.937  44.208 0.0000000000
34810  -27.841  58.554  43.160 0.0000000000
34657  -26.210  56.445  45.436 0.0000000000
34656  -24.665  56.598  44.954 0.0000000000
34655  -23.168  56.944  43.954 0.0000000000
33297  -25.353  48.161  40.724 0.0000000000
33296  -25.831  46.878  39.687 0.0000000000
32961  -23.766  45.966  39.397 0.0000000000
32956  -22.403  44.893  39.273 0.0000000000
32748  -21.143  44.626  40.109 0.0000000000
33631  -22.172  47.429  44.927 0.0000000000
33630  -20.042  47.378  44.376 0.0000000000
33795  -21.583  48.683  44.806 0.0000000000
32906  -33.949  45.618  57.024 0.0000000000
33249  -31.999  49.469  56.084 0.0000000000
33416  -31.718  51.269  54.090 0.0000000000
33096  -27.188  46.287  49.432 0.0000000000
33441  -24.457  49.311  46.124 0.0000000000
33784  -25.091  51.252  47.015 0.0000000000
33955  -25.215  52.762  46.676 0.0000000000
33789  -24.051  50.266  44.841 0.0000000000
33642  -24.173  49.579  43.189 0.0000000000
33674  -21.400  47.711  35.944 0.0000000000
33840  -20.607  49.213  35.672 0.0000000000
34359  -20.086  52.534  36.548 0.0000000000
34677  -19.831  54.415  36.168 0.0000000000
30886  -27.660  33.708  60.161 0.0000000000
30884  -26.911  31.997  58.750 0.0000000000
30887  -25.697  32.875  56.832 0.0000000000
36913  -26.686  35.376  58.116 0.0000000000
36919  -24.375  38.333  62.296 0.0000000000
31646  -22.406  36.690  48.065 0.0000000000
33614  -17.764  46.815  50.418 0.0000000000
32734  -24.484  43.735  43.284 0.0000000000
32733  -23.874  42.782  42.873 0.0000000000
32730  -23.253  41.907  43.033 0.0000000000
32732  -21.961  42.201  43.539 0.0000000000
33114  -21.590  44.963  45.083 0.0000000000
32936  -23.797  44.577  46.826 0.0000000000
33267  -23.384  45.895  46.689 0.0000000000
33449  -22.266  46.231  45.507 0.0000000000
33781  -23.554  48.773  47.760 0.0000000000
32903  -25.765  47.720  60.525 0.0000000000
36942  -24.849  50.186  58.762 0.0000000000
36944  -24.307  49.926  55.876 0.0000000000
33095  -25.675  47.823  52.330 0.0000000000
32922  -24.685  46.077  51.807 0.0000000000
32929  -26.232  45.622  50.367 0.0000000000
34362  -24.776  52.278  34.837 0.0000000000
34976  -18.257  55.306  39.247 0.0000000000
31090  -21.406  33.856  61.849 0.0000000000
33303  -30.001  47.171  40.453 0.0000000000
33823  -28.036  49.094  40.683 0.0000000000
33661  -26.613  47.540  38.598 0.0000000000
33326  -24.936  45.647  36.542 0.0000000000
33143  -25.954  45.167  38.359 0.0000000000
33159  -23.273  44.299  35.734 0.0000000000
33325  -21.581  45.916  36.007 0.0000000000
33321  -20.535  46.500  36.814 0.0000000000
33829  -19.563  49.317  36.707 0.0000000000
34145  -19.369  50.606  38.950 0.0000000000
32742  -21.571  43.787  41.317 0.0000000000
32746  -19.954  43.698  41.409 0.0000000000
33132  -19.877  45.148  40.924 0.0000000000
33476  -19.290  46.934  41.074 0.0000000000
33820  -19.684  47.952  39.778 0.0000000000
34144  -19.754  50.672  40.560 0.0000000000
34809  -18.476  53.839  41.172 0.0000000000
32907  -35.869  44.780  56.441 0.0000000000
33414  -27.545  51.497  57.250 0.0000000000
33606  -30.611  52.229  54.217 0.0000000000
33426  -30.174  50.818  51.329 0.0000000000
33252  -27.964  47.576  49.678 0.0000000000
33424  -29.251  48.186  50.017 0.0000000000
33425  -30.375  49.495  50.282 0.0000000000
33442  -29.201  47.132  49.223 0.0000000000
33786  -29.025  50.776  50.209 0.0000000000
34136  -26.189  53.907  46.148 0.0000000000
33469  -32.252  47.636  43.710 0.0000000000
33473  -31.093  46.305  41.336 0.0000000000
34344  -24.131  51.487  41.345 0.0000000000
34162  -22.776  52.526  41.609 0.0000000000
34343  -21.856  53.602  41.277 0.0000000000
33835  -21.521  49.412  36.455 0.0000000000
34170  -21.004  51.722  37.016 0.0000000000
34353  -20.421  54.543  37.911 0.0000000000
34513  -21.597  54.223  36.018 0.0000000000
34361  -23.250  52.216  34.918 0.0000000000
34175  -24.657  51.659  33.596 0.0000000000
34528  -25.559  52.126  32.681 0.0000000000
30889  -28.449  32.229  57.245 0.0000000000
32292  -34.175  39.676  57.196 0.0000000000
32099  -29.854  38.746  58.296 0.0000000000
32485  -32.977  42.075  57.998 0.0000000000
32681  -30.859  43.608  58.473 0.0000000000
32680  -28.448  44.135  60.051 0.0000000000
32689  -27.065  45.804  60.593 0.0000000000
31304  -20.541  35.214  62.504 0.0000000000
36914  -21.752  38.821  63.104 0.0000000000
36934  -22.943  40.355  62.646 0.0000000000
36933  -21.566  40.785  62.267 0.0000000000
32476  -24.987  41.497  62.007 0.0000000000
32287  -24.182  42.587  60.983 0.0000000000
32687  -24.261  46.103  60.569 0.0000000000
32686  -21.875  46.048  58.593 0.0000000000
32688  -20.783  45.377  57.092 0.0000000000
32494  -22.185  42.119  54.962 0.0000000000
32692  -20.507  43.925  55.512 0.0000000000
32496  -20.919  43.048  54.213 0.0000000000
32497  -21.845  41.407  52.725 0.0000000000
32502  -21.691  40.779  51.596 0.0000000000
32506  -20.702  40.167  50.773 0.0000000000
32510  -20.314  39.793  49.187 0.0000000000
32514  -17.779  40.480  47.937 0.0000000000
31832  -21.810  37.376  46.351 0.0000000000
32317  -17.542  39.794  46.509 0.0000000000
34339  -27.036  52.658  43.717 0.0000000000
33652  -30.740  48.780  41.404 0.0000000000
33112  -23.692  46.312  44.115 0.0000000000
34505  -18.454  53.046  38.706 0.0000000000
30871  -23.320  32.156  59.987 0.0000000000
30870  -23.243  32.678  60.151 0.0000000000
32935  -16.469  42.784  51.571 0.0000000000
32899  -21.063  46.419  57.146 0.0000000000
34666  -22.450  57.403  38.542 0.0000000000
34664  -21.423  57.085  38.502 0.0000000000
32752  -20.983  43.713  37.566 0.0000000000
32486  -36.189  40.423  57.330 0.0000000000
33952  -26.199  54.092  49.441 0.0000000000
34128  -25.631  53.738  48.202 0.0000000000
33289  -27.757  48.135  42.182 0.0000000000
34524  -22.516  52.253  35.100 0.0000000000
36929  -28.134  35.158  55.907 0.0000000000
31806  -22.783  38.429  52.768 0.0000000000
31969  -23.835  39.392  53.015 0.0000000000
31968  -23.963  39.233  52.115 0.0000000000
32710  -19.597  41.437  52.920 0.0000000000
34500  -23.621  55.783  43.849 0.0000000000
34340  -29.127  52.949  43.996 0.0000000000
34333  -30.770  53.153  43.577 0.0000000000
34503  -30.257  54.077  43.752 0.0000000000
33285  -23.921  47.238  40.574 0.0000000000
32954  -22.122  45.798  40.579 0.0000000000
33788  -22.941  48.813  45.781 0.0000000000
33961  -21.944  50.490  46.730 0.0000000000
33087  -32.797  47.557  56.917 0.0000000000
33100  -27.142  45.905  47.874 0.0000000000
33269  -23.667  47.559  45.227 0.0000000000
30875  -25.869  33.201  60.696 0.0000000000
32932  -23.789  44.374  47.499 0.0000000000
33082  -24.959  49.281  59.645 0.0000000000
32722  -25.786  43.823  45.365 0.0000000000
34978  -26.271  57.989  39.220 0.0000000000
34668  -25.035  54.673  37.102 0.0000000000
34516  -24.609  53.561  36.156 0.0000000000
32973  -24.554  43.427  37.084 0.0000000000
32983  -21.857  43.040  36.416 0.0000000000
33158  -22.116  43.813  35.806 0.0000000000
32741  -22.835  42.216  42.388 0.0000000000
33796  -19.905  48.724  44.566 0.0000000000
33458  -19.025  47.238  43.906 0.0000000000
34494  -19.158  52.207  41.147 0.0000000000
33091  -35.412  46.777  53.639 0.0000000000
33084  -26.254  50.341  58.902 0.0000000000
33613  -28.833  51.606  52.466 0.0000000000
36950  -29.162  51.764  54.329 0.0000000000
33612  -30.193  52.031  52.630 0.0000000000
33438  -28.107  47.001  48.936 0.0000000000
33619  -28.918  48.648  49.846 0.0000000000
33805  -27.488  50.691  43.895 0.0000000000
33965  -26.928  52.913  45.310 0.0000000000
33966  -29.217  52.495  45.001 0.0000000000
33807  -31.071  50.032  44.733 0.0000000000
33634  -29.921  48.948  44.123 0.0000000000
33991  -25.936  50.151  40.535 0.0000000000
34163  -21.157  52.530  38.889 0.0000000000
34354  -20.782  53.434  36.472 0.0000000000
34511  -20.410  55.570  37.240 0.0000000000
35094  -19.179  57.004  37.868 0.0000000000
34829  -26.749  54.334  33.615 0.0000000000
34683  -26.300  52.829  32.538 0.0000000000
30885  -28.745  33.280  58.752 0.0000000000
30676  -28.604  32.502  54.473 0.0000000000
31955  -30.339  37.508  56.800 0.0000000000
31954  -28.474  37.519  59.331 0.0000000000
32285  -29.190  40.389  59.579 0.0000000000
32484  -29.714  42.652  58.931 0.0000000000
36915  -20.622  38.111  62.952 0.0000000000
36928  -22.022  39.647  62.738 0.0000000000
32282  -21.884  41.829  61.134 0.0000000000
32475  -23.163  41.325  62.116 0.0000000000
32286  -22.808  43.010  58.632 0.0000000000
32490  -21.305  43.868  56.740 0.0000000000
32134  -21.888  38.587  47.684 0.0000000000
32715  -18.249  40.711  50.324 0.0000000000
32726  -16.167  41.207  47.381 0.0000000000
33474  -32.469  46.425  41.746 0.0000000000
33984  -31.085  50.590  42.451 0.0000000000
32905  -31.340  46.380  57.943 0.0000000000
34817  -19.130  54.127  37.784 0.0000000000
30874  -24.957  32.218  59.977 0.0000000000
34804  -23.552  58.027  43.869 0.0000000000
34973  -23.565  59.034  41.812 0.0000000000
34813  -24.329  58.139  39.546 0.0000000000
34814  -25.108  56.455  38.141 0.0000000000
32755  -23.432  43.363  37.762 0.0000000000
32753  -22.175  42.907  37.413 0.0000000000
34143  -19.445  50.867  43.339 0.0000000000
33253  -30.432  46.927  49.659 0.0000000000
36946  -25.564  51.110  55.210 0.0000000000
33440  -26.443  48.057  47.639 0.0000000000
33618  -28.014  48.220  49.484 0.0000000000
33949  -27.256  52.305  50.924 0.0000000000
33951  -26.859  53.406  51.065 0.0000000000
33802  -25.017  50.462  43.467 0.0000000000
33995  -21.726  49.705  37.630 0.0000000000
30679  -27.636  32.925  53.677 0.0000000000
32284  -22.696  42.424  59.421 0.0000000000
31660  -20.736  36.171  45.306 0.0000000000
33104  -18.110  43.826  53.252 0.0000000000
32910  -20.633  44.735  53.510 0.0000000000
34658  -27.432  56.931  44.934 0.0000000000
34805  -25.960  57.720  45.048 0.0000000000
36966  -22.014  57.000  42.237 0.0000000000
34498  -21.484  55.622  41.269 0.0000000000
33450  -20.252  46.304  44.544 0.0000000000
34678  -20.753  53.482  35.806 0.0000000000
34127  -23.303  50.499  48.551 0.0000000000
36943  -25.365  50.931  57.369 0.0000000000
36945  -24.238  50.367  57.185 0.0000000000
30872  -21.554  32.324  61.367 0.0000000000
32989  -25.147  44.397  36.590 0.0000000000
34495  -18.403  52.443  39.806 0.0000000000
32745  -20.821  43.776  41.076 0.0000000000
32953  -20.622  44.722  40.447 0.0000000000
33283  -18.668  46.159  42.402 0.0000000000
32908  -36.700  44.901  55.070 0.0000000000
33605  -29.092  52.284  55.511 0.0000000000
33608  -31.466  51.716  52.337 0.0000000000
33259  -30.132  45.673  48.871 0.0000000000
33467  -30.045  47.426  43.207 0.0000000000
33468  -31.908  46.319  42.491 0.0000000000
34345  -25.495  51.707  42.481 0.0000000000
34497  -22.629  54.775  42.652 0.0000000000
34662  -20.672  56.375  38.881 0.0000000000
34512  -20.909  55.083  36.393 0.0000000000
34357  -21.735  53.099  35.926 0.0000000000
34980  -18.942  55.503  38.112 0.0000000000
34990  -19.231  55.683  37.048 0.0000000000
34826  -23.850  54.627  35.385 0.0000000000
34828  -25.631  54.282  34.549 0.0000000000
31466  -20.179  37.013  62.657 0.0000000000
36916  -20.544  38.950  62.352 0.0000000000
36926  -20.789  39.632  61.590 0.0000000000
32480  -25.938  42.970  60.969 0.0000000000
32708  -19.175  40.661  51.445 0.0000000000
31989  -20.803  37.032  45.287 0.0000000000
32318  -20.267  38.625  46.261 0.0000000000
30873  -23.147  32.894  60.975 0.0000000000
