#!ascii label  , from subject Yale_0050572 vox2ras=TkReg
431
5721  23.323  -66.068  -25.213 0.0000000000
5722  22.889  -66.107  -25.204 0.0000000000
5734  25.016  -66.210  -26.223 0.0000000000
5735  24.632  -66.096  -26.096 0.0000000000
5736  23.631  -65.907  -25.744 0.0000000000
5748  25.559  -66.240  -27.085 0.0000000000
5749  25.179  -66.193  -26.736 0.0000000000
5750  24.266  -65.998  -26.866 0.0000000000
5762  26.972  -66.924  -28.865 0.0000000000
5763  26.497  -66.771  -28.419 0.0000000000
5764  25.659  -66.369  -27.775 0.0000000000
5765  24.778  -66.544  -27.761 0.0000000000
5781  25.870  -67.078  -28.955 0.0000000000
5782  25.164  -67.127  -28.777 0.0000000000
6356  23.658  -65.797  -24.084 0.0000000000
6357  22.765  -66.000  -23.887 0.0000000000
6358  21.723  -65.798  -23.837 0.0000000000
6372  25.443  -65.587  -25.360 0.0000000000
6373  24.706  -65.764  -25.097 0.0000000000
6374  24.033  -65.784  -24.788 0.0000000000
6375  23.410  -66.095  -24.841 0.0000000000
6376  22.327  -66.253  -24.485 0.0000000000
6388  26.695  -65.662  -26.197 0.0000000000
6389  26.133  -65.834  -26.006 0.0000000000
6390  25.184  -66.117  -25.978 0.0000000000
6391  24.211  -66.041  -25.369 0.0000000000
6392  23.780  -66.050  -25.251 0.0000000000
6402  28.611  -65.740  -27.377 0.0000000000
6403  28.020  -65.750  -27.370 0.0000000000
6404  26.872  -65.722  -26.952 0.0000000000
6405  25.815  -66.170  -26.832 0.0000000000
6406  25.410  -66.220  -26.464 0.0000000000
6413  29.707  -66.153  -27.963 0.0000000000
6414  28.997  -66.122  -27.931 0.0000000000
6415  27.551  -66.398  -28.368 0.0000000000
6416  26.368  -66.184  -27.645 0.0000000000
6417  25.940  -66.263  -27.363 0.0000000000
6424  30.392  -66.526  -28.494 0.0000000000
6425  29.026  -67.028  -28.987 0.0000000000
6426  28.074  -67.083  -29.107 0.0000000000
6997  23.938  -64.906  -23.043 0.0000000000
6998  23.545  -65.033  -22.916 0.0000000000
6999  22.797  -65.181  -22.697 0.0000000000
7000  21.868  -65.059  -22.583 0.0000000000
7014  25.262  -65.024  -24.432 0.0000000000
7015  24.842  -65.106  -24.089 0.0000000000
7016  24.033  -65.110  -23.601 0.0000000000
7017  23.159  -65.406  -23.421 0.0000000000
7018  22.219  -65.470  -23.252 0.0000000000
7019  21.207  -65.179  -23.253 0.0000000000
7030  26.292  -65.078  -25.166 0.0000000000
7031  25.729  -65.195  -24.791 0.0000000000
7032  25.058  -65.382  -24.689 0.0000000000
7033  24.419  -65.592  -24.333 0.0000000000
7040  27.989  -65.132  -26.336 0.0000000000
7041  27.396  -65.160  -26.082 0.0000000000
7042  26.701  -65.265  -25.738 0.0000000000
7043  26.062  -65.420  -25.395 0.0000000000
7049  29.140  -65.273  -27.174 0.0000000000
7050  28.496  -65.377  -26.890 0.0000000000
7051  27.658  -65.513  -26.582 0.0000000000
7052  27.068  -65.465  -26.293 0.0000000000
7059  31.469  -65.336  -28.043 0.0000000000
7060  30.595  -65.491  -27.860 0.0000000000
7061  29.761  -65.680  -27.675 0.0000000000
7062  28.982  -65.638  -27.391 0.0000000000
7071  31.380  -66.047  -28.275 0.0000000000
7072  30.542  -66.027  -27.974 0.0000000000
7637  23.645  -64.540  -22.135 0.0000000000
7638  23.219  -64.494  -21.811 0.0000000000
7639  22.386  -64.390  -21.491 0.0000000000
7640  21.404  -64.264  -21.354 0.0000000000
7659  24.961  -64.406  -23.379 0.0000000000
7660  24.471  -64.453  -22.989 0.0000000000
7661  23.914  -64.575  -22.659 0.0000000000
7662  23.307  -64.826  -22.320 0.0000000000
7663  22.552  -64.856  -22.052 0.0000000000
7664  21.600  -64.681  -21.934 0.0000000000
7677  26.438  -64.497  -24.598 0.0000000000
7678  25.539  -64.705  -24.088 0.0000000000
7679  24.666  -64.719  -23.548 0.0000000000
7680  24.154  -64.644  -23.224 0.0000000000
7686  27.497  -64.635  -25.406 0.0000000000
7687  26.772  -64.786  -25.176 0.0000000000
7688  26.144  -64.794  -24.776 0.0000000000
7695  29.245  -64.508  -26.298 0.0000000000
7696  28.643  -64.869  -26.292 0.0000000000
7697  27.821  -64.895  -25.871 0.0000000000
7698  27.240  -64.936  -25.639 0.0000000000
7705  31.183  -64.010  -27.810 0.0000000000
7706  30.685  -64.270  -27.524 0.0000000000
7707  29.663  -64.791  -27.034 0.0000000000
7708  28.973  -65.069  -26.827 0.0000000000
7715  32.071  -63.728  -28.751 0.0000000000
7716  31.965  -64.431  -28.171 0.0000000000
7717  30.681  -64.882  -27.686 0.0000000000
7718  30.107  -65.164  -27.595 0.0000000000
7746  26.266  -66.693  -33.672 0.0000000000
7758  26.002  -66.370  -33.890 0.0000000000
8354  21.706  -63.439  -20.732 0.0000000000
8355  20.921  -63.487  -20.724 0.0000000000
8365  24.372  -63.832  -22.148 0.0000000000
8366  23.953  -64.184  -22.047 0.0000000000
8367  23.177  -63.984  -21.344 0.0000000000
8368  22.205  -63.828  -20.946 0.0000000000
8369  21.199  -63.868  -20.917 0.0000000000
8385  25.435  -64.175  -23.538 0.0000000000
8386  24.722  -64.111  -22.765 0.0000000000
8387  24.246  -64.267  -22.621 0.0000000000
8397  27.462  -64.064  -24.761 0.0000000000
8398  26.983  -64.189  -24.546 0.0000000000
8399  26.118  -64.211  -24.085 0.0000000000
8406  29.260  -63.988  -25.717 0.0000000000
8407  28.868  -64.046  -25.590 0.0000000000
8408  27.877  -64.218  -25.210 0.0000000000
8409  27.131  -64.468  -24.951 0.0000000000
8415  29.938  -63.957  -26.378 0.0000000000
8416  29.547  -64.101  -26.033 0.0000000000
8417  28.679  -64.317  -25.885 0.0000000000
8418  28.097  -64.555  -25.725 0.0000000000
8425  31.695  -63.610  -27.767 0.0000000000
8426  31.063  -63.752  -27.417 0.0000000000
8427  30.176  -64.109  -26.739 0.0000000000
8428  29.651  -64.383  -26.479 0.0000000000
8437  31.917  -63.473  -28.383 0.0000000000
8438  31.459  -63.802  -27.965 0.0000000000
8449  26.240  -67.478  -31.156 0.0000000000
8450  24.739  -67.356  -31.249 0.0000000000
8451  23.444  -67.032  -31.486 0.0000000000
8452  22.838  -66.568  -31.669 0.0000000000
8464  25.662  -67.246  -32.400 0.0000000000
8465  24.285  -67.031  -32.547 0.0000000000
8466  23.227  -66.517  -32.469 0.0000000000
8475  26.479  -66.965  -33.178 0.0000000000
8476  25.383  -66.653  -33.484 0.0000000000
8477  24.153  -66.259  -33.293 0.0000000000
8488  25.676  -65.820  -33.996 0.0000000000
8489  24.977  -65.822  -33.690 0.0000000000
9108  22.588  -63.025  -20.765 0.0000000000
9109  22.195  -63.073  -20.718 0.0000000000
9110  21.358  -63.073  -20.639 0.0000000000
9124  24.399  -63.609  -22.039 0.0000000000
9125  23.883  -63.613  -21.685 0.0000000000
9126  22.909  -63.261  -20.972 0.0000000000
9127  22.288  -63.377  -20.783 0.0000000000
9141  26.082  -63.852  -23.580 0.0000000000
9142  25.447  -63.879  -23.188 0.0000000000
9143  24.663  -63.656  -22.625 0.0000000000
9153  27.211  -63.925  -24.481 0.0000000000
9154  26.512  -63.992  -23.976 0.0000000000
9155  25.947  -64.047  -23.625 0.0000000000
9162  29.304  -63.758  -25.662 0.0000000000
9163  28.427  -63.913  -25.279 0.0000000000
9164  27.734  -63.977  -24.923 0.0000000000
9171  30.745  -63.354  -26.888 0.0000000000
9172  30.206  -63.776  -26.354 0.0000000000
9173  29.781  -63.839  -25.965 0.0000000000
9174  24.216  -65.751  -26.198 0.0000000000
9175  23.153  -65.935  -26.160 0.0000000000
9176  22.222  -66.155  -26.121 0.0000000000
9177  21.729  -66.349  -26.127 0.0000000000
9188  31.999  -63.093  -27.640 0.0000000000
9189  31.056  -63.350  -27.215 0.0000000000
9190  30.663  -63.674  -26.863 0.0000000000
9191  26.781  -65.621  -26.986 0.0000000000
9192  26.091  -65.846  -27.158 0.0000000000
9193  24.871  -66.042  -27.306 0.0000000000
9194  23.592  -66.275  -27.310 0.0000000000
9195  22.536  -66.204  -27.217 0.0000000000
9196  21.596  -66.405  -26.965 0.0000000000
9197  20.957  -66.285  -27.332 0.0000000000
9198  20.584  -66.443  -27.152 0.0000000000
9199  20.219  -66.221  -27.268 0.0000000000
9213  27.472  -65.974  -27.968 0.0000000000
9214  25.821  -66.722  -28.369 0.0000000000
9215  24.363  -66.679  -28.587 0.0000000000
9216  23.118  -66.449  -28.512 0.0000000000
9217  22.117  -66.143  -28.641 0.0000000000
9218  21.286  -66.039  -28.633 0.0000000000
9219  20.905  -66.069  -28.085 0.0000000000
9220  20.503  -66.068  -27.923 0.0000000000
9221  20.119  -66.166  -27.900 0.0000000000
9232  26.886  -66.965  -29.745 0.0000000000
9233  25.275  -67.370  -29.804 0.0000000000
9234  23.824  -67.156  -29.990 0.0000000000
9235  22.732  -66.477  -30.417 0.0000000000
9236  21.765  -65.617  -30.413 0.0000000000
9237  21.222  -65.107  -29.951 0.0000000000
9248  22.372  -65.788  -31.883 0.0000000000
9249  21.897  -64.732  -31.634 0.0000000000
9262  25.272  -64.124  -33.456 0.0000000000
9263  24.484  -64.642  -33.303 0.0000000000
9264  23.455  -65.362  -32.950 0.0000000000
9282  25.303  -64.979  -33.805 0.0000000000
9283  24.438  -65.427  -33.507 0.0000000000
9926  22.497  -62.808  -20.851 0.0000000000
9927  21.770  -62.738  -20.747 0.0000000000
9928  21.011  -62.741  -20.711 0.0000000000
9946  24.374  -63.440  -22.218 0.0000000000
9947  23.660  -63.152  -21.536 0.0000000000
9948  23.068  -62.862  -21.136 0.0000000000
9961  26.320  -63.809  -23.770 0.0000000000
9962  26.028  -63.719  -23.384 0.0000000000
9963  25.191  -63.658  -22.874 0.0000000000
9974  27.253  -63.697  -24.434 0.0000000000
9975  26.753  -63.822  -24.032 0.0000000000
9976  26.415  -63.752  -23.752 0.0000000000
9988  29.492  -63.693  -25.802 0.0000000000
9989  29.009  -63.798  -25.515 0.0000000000
9990  27.680  -63.745  -24.937 0.0000000000
9991  27.233  -63.813  -24.473 0.0000000000
9992  25.369  -65.213  -24.723 0.0000000000
9993  24.599  -65.230  -24.306 0.0000000000
9994  23.528  -65.105  -24.073 0.0000000000
9995  22.438  -64.891  -24.070 0.0000000000
9996  21.502  -64.751  -23.984 0.0000000000
9997  20.974  -64.591  -23.806 0.0000000000
10010  30.931  -63.063  -26.964 0.0000000000
10011  30.515  -63.390  -26.534 0.0000000000
10012  29.944  -63.647  -26.029 0.0000000000
10013  26.594  -65.181  -25.705 0.0000000000
10014  25.755  -65.351  -25.436 0.0000000000
10015  24.861  -65.518  -25.224 0.0000000000
10016  23.869  -65.687  -25.060 0.0000000000
10017  22.797  -65.675  -25.058 0.0000000000
10018  21.701  -65.709  -25.306 0.0000000000
10019  20.623  -65.477  -24.693 0.0000000000
10020  19.789  -65.948  -25.524 0.0000000000
10021  19.079  -65.833  -25.916 0.0000000000
10034  31.945  -62.244  -27.683 0.0000000000
10035  31.293  -62.949  -27.230 0.0000000000
10036  28.902  -64.986  -26.916 0.0000000000
10037  28.036  -65.252  -26.643 0.0000000000
10038  27.234  -65.470  -26.614 0.0000000000
10039  26.303  -65.452  -26.307 0.0000000000
10040  25.328  -65.548  -26.256 0.0000000000
10041  21.489  -66.431  -26.116 0.0000000000
10042  20.970  -66.375  -26.124 0.0000000000
10043  20.301  -66.266  -26.326 0.0000000000
10044  19.657  -66.246  -27.107 0.0000000000
10045  18.600  -66.177  -26.946 0.0000000000
10059  28.530  -65.390  -27.513 0.0000000000
10060  27.849  -65.499  -27.146 0.0000000000
10061  20.993  -65.357  -29.170 0.0000000000
10062  20.764  -65.332  -29.064 0.0000000000
10063  20.587  -65.454  -28.885 0.0000000000
10064  20.049  -65.960  -28.661 0.0000000000
10065  19.157  -66.307  -28.325 0.0000000000
10078  22.110  -63.114  -31.542 0.0000000000
10079  21.706  -63.946  -31.115 0.0000000000
10080  21.228  -64.168  -30.035 0.0000000000
10081  21.181  -64.324  -29.864 0.0000000000
10082  20.911  -64.540  -30.017 0.0000000000
10095  25.590  -62.729  -32.040 0.0000000000
10096  24.453  -63.021  -32.177 0.0000000000
10097  22.713  -63.929  -32.192 0.0000000000
10098  21.855  -64.190  -31.849 0.0000000000
10117  25.400  -63.372  -32.880 0.0000000000
10118  24.437  -63.876  -32.879 0.0000000000
10119  23.748  -64.430  -32.900 0.0000000000
10781  22.060  -62.504  -20.901 0.0000000000
10782  21.455  -62.443  -20.872 0.0000000000
10796  24.102  -63.218  -21.977 0.0000000000
10797  23.422  -62.889  -21.571 0.0000000000
10798  22.560  -62.540  -21.166 0.0000000000
10799  21.898  -62.304  -21.031 0.0000000000
10800  21.251  -62.272  -21.080 0.0000000000
10813  25.799  -63.774  -23.311 0.0000000000
10814  24.910  -63.570  -22.650 0.0000000000
10815  24.019  -63.169  -22.204 0.0000000000
10816  22.943  -62.659  -21.777 0.0000000000
10817  22.477  -62.459  -21.882 0.0000000000
10818  20.380  -62.927  -22.469 0.0000000000
10832  26.882  -63.814  -24.228 0.0000000000
10833  26.501  -63.849  -24.032 0.0000000000
10834  25.716  -63.957  -23.561 0.0000000000
10835  24.770  -63.759  -23.022 0.0000000000
10836  23.647  -63.395  -22.598 0.0000000000
10837  22.470  -62.954  -22.393 0.0000000000
10838  21.595  -63.101  -22.688 0.0000000000
10839  20.863  -63.218  -22.733 0.0000000000
10840  20.166  -63.623  -22.962 0.0000000000
10855  29.692  -63.670  -25.922 0.0000000000
10856  29.520  -63.712  -25.829 0.0000000000
10857  28.765  -63.860  -25.455 0.0000000000
10858  27.543  -63.923  -24.852 0.0000000000
10859  26.673  -64.239  -24.496 0.0000000000
10860  25.549  -64.635  -24.130 0.0000000000
10861  24.243  -64.508  -23.369 0.0000000000
10862  23.084  -64.099  -23.194 0.0000000000
10863  22.052  -63.902  -23.199 0.0000000000
10864  21.250  -63.913  -23.270 0.0000000000
10865  20.561  -64.296  -23.515 0.0000000000
10866  19.921  -64.495  -23.615 0.0000000000
10867  19.415  -64.709  -23.958 0.0000000000
10878  31.080  -62.944  -27.127 0.0000000000
10879  30.796  -63.168  -26.914 0.0000000000
10880  30.339  -63.496  -26.393 0.0000000000
10881  29.787  -63.818  -26.201 0.0000000000
10882  28.812  -64.088  -25.814 0.0000000000
10883  27.844  -64.397  -25.410 0.0000000000
10884  26.839  -64.692  -25.253 0.0000000000
10885  26.036  -65.066  -24.961 0.0000000000
10886  20.195  -64.960  -23.984 0.0000000000
10887  19.898  -65.126  -24.464 0.0000000000
10888  19.354  -65.228  -24.952 0.0000000000
10895  32.021  -61.974  -27.880 0.0000000000
10896  31.533  -62.691  -27.399 0.0000000000
10897  31.124  -63.000  -27.304 0.0000000000
10898  31.002  -63.488  -27.337 0.0000000000
10899  29.998  -64.205  -26.703 0.0000000000
10900  28.968  -64.555  -26.305 0.0000000000
10901  28.017  -64.803  -26.060 0.0000000000
10902  27.332  -65.000  -26.055 0.0000000000
10923  25.212  -61.549  -30.223 0.0000000000
10924  24.256  -61.582  -30.379 0.0000000000
10925  23.129  -61.764  -30.566 0.0000000000
10926  22.243  -62.201  -30.783 0.0000000000
10927  22.090  -62.470  -30.291 0.0000000000
10928  21.963  -62.649  -30.169 0.0000000000
10929  21.775  -62.753  -30.741 0.0000000000
10930  21.506  -63.544  -30.983 0.0000000000
10942  24.904  -62.220  -31.183 0.0000000000
10943  23.605  -62.393  -31.459 0.0000000000
10944  22.539  -62.633  -31.447 0.0000000000
10945  21.919  -61.848  -31.252 0.0000000000
11661  22.394  -62.404  -21.058 0.0000000000
11662  22.212  -62.341  -21.164 0.0000000000
11663  21.730  -62.252  -21.254 0.0000000000
11664  21.089  -62.271  -21.471 0.0000000000
11675  22.414  -62.420  -21.303 0.0000000000
11676  22.232  -62.359  -21.506 0.0000000000
11677  21.631  -62.319  -21.702 0.0000000000
11678  20.929  -62.501  -22.119 0.0000000000
11689  22.119  -62.415  -21.928 0.0000000000
11690  21.671  -62.563  -22.205 0.0000000000
11691  21.261  -62.747  -22.421 0.0000000000
11707  31.939  -62.214  -27.822 0.0000000000
11708  31.857  -62.757  -27.672 0.0000000000
11709  31.635  -63.054  -27.618 0.0000000000
11718  31.969  -62.297  -28.052 0.0000000000
11720  25.139  -60.235  -28.920 0.0000000000
11721  24.376  -60.048  -28.831 0.0000000000
11722  23.641  -59.899  -28.859 0.0000000000
11723  23.054  -59.768  -28.952 0.0000000000
11724  22.683  -59.557  -29.111 0.0000000000
11725  22.513  -59.365  -29.156 0.0000000000
11740  24.803  -60.939  -29.468 0.0000000000
11741  23.854  -60.905  -29.521 0.0000000000
11742  23.043  -60.899  -29.712 0.0000000000
11743  22.522  -60.859  -29.858 0.0000000000
11744  22.378  -60.493  -29.814 0.0000000000
11745  22.097  -60.973  -30.355 0.0000000000
11757  22.008  -61.179  -30.948 0.0000000000
12513  23.665  -57.013  -26.021 0.0000000000
12514  23.598  -56.864  -25.739 0.0000000000
12515  23.296  -57.071  -25.419 0.0000000000
12516  22.772  -57.232  -25.119 0.0000000000
12517  22.137  -57.197  -25.087 0.0000000000
12518  21.567  -57.025  -25.277 0.0000000000
12519  21.518  -56.997  -25.529 0.0000000000
12523  23.893  -57.469  -26.735 0.0000000000
12524  23.569  -57.319  -26.643 0.0000000000
12525  23.338  -57.168  -26.565 0.0000000000
12526  23.056  -56.963  -26.469 0.0000000000
12527  22.597  -56.809  -26.401 0.0000000000
12528  22.020  -56.745  -26.463 0.0000000000
12529  21.468  -56.673  -26.614 0.0000000000
12530  20.924  -56.698  -27.189 0.0000000000
12537  24.262  -58.288  -27.589 0.0000000000
12538  23.816  -58.063  -27.500 0.0000000000
12539  23.478  -57.708  -27.543 0.0000000000
12540  23.116  -57.514  -27.541 0.0000000000
12541  22.754  -57.276  -27.555 0.0000000000
12542  22.269  -57.164  -27.602 0.0000000000
12543  21.604  -57.053  -27.762 0.0000000000
12544  20.567  -56.982  -27.953 0.0000000000
12545  19.804  -57.025  -28.457 0.0000000000
12560  24.754  -59.260  -28.336 0.0000000000
12561  24.075  -59.000  -28.239 0.0000000000
12562  23.563  -58.714  -28.287 0.0000000000
12563  23.115  -58.521  -28.344 0.0000000000
12564  22.697  -58.402  -28.523 0.0000000000
12565  22.337  -58.107  -28.531 0.0000000000
12566  21.941  -57.836  -28.813 0.0000000000
12567  21.142  -57.414  -29.116 0.0000000000
12587  22.447  -59.082  -29.120 0.0000000000
12588  22.489  -58.943  -29.852 0.0000000000
12589  21.730  -58.375  -30.177 0.0000000000
12598  22.248  -59.584  -30.903 0.0000000000
13381  23.280  -57.040  -23.311 0.0000000000
13382  22.782  -57.017  -23.076 0.0000000000
13383  22.186  -56.840  -23.021 0.0000000000
13384  21.957  -56.689  -23.200 0.0000000000
13394  23.572  -57.199  -23.758 0.0000000000
13395  22.971  -57.425  -23.431 0.0000000000
13396  22.312  -57.243  -23.400 0.0000000000
13397  21.793  -56.870  -23.735 0.0000000000
13398  21.484  -56.691  -24.634 0.0000000000
13399  21.524  -56.483  -25.227 0.0000000000
13411  23.585  -57.125  -24.622 0.0000000000
13412  23.147  -57.367  -24.237 0.0000000000
13413  22.498  -57.476  -24.070 0.0000000000
13414  21.862  -57.281  -24.234 0.0000000000
13415  21.516  -57.025  -24.824 0.0000000000
13416  21.666  -56.606  -25.574 0.0000000000
13425  21.598  -56.709  -25.855 0.0000000000
13426  21.188  -56.445  -26.761 0.0000000000
13427  20.366  -56.332  -27.769 0.0000000000
13435  20.564  -56.659  -27.584 0.0000000000
13436  19.958  -56.683  -28.302 0.0000000000
14302  23.312  -56.531  -23.275 0.0000000000
14303  22.758  -56.500  -23.174 0.0000000000
14304  22.217  -56.456  -23.234 0.0000000000
14316  21.935  -56.415  -23.621 0.0000000000
14317  21.620  -56.402  -24.411 0.0000000000
14318  21.506  -56.487  -24.987 0.0000000000
14327  21.615  -56.261  -25.272 0.0000000000
14328  21.577  -56.309  -26.121 0.0000000000
14338  20.692  -56.079  -27.141 0.0000000000
15268  23.500  -55.950  -23.649 0.0000000000
15269  22.904  -55.870  -23.922 0.0000000000
15270  22.235  -56.124  -23.667 0.0000000000
15283  23.305  -55.568  -25.009 0.0000000000
15284  22.305  -55.775  -24.768 0.0000000000
15285  21.795  -56.114  -25.082 0.0000000000
15293  22.463  -55.394  -25.979 0.0000000000
15294  21.808  -55.601  -26.349 0.0000000000
15295  21.054  -55.830  -26.755 0.0000000000
16302  23.265  -55.152  -25.304 0.0000000000
16315  22.764  -54.712  -25.874 0.0000000000
