#!ascii label  , from subject Yale_0050555 vox2ras=TkReg
1432
23919  -37.888  -54.640  -32.814 0.0000000000
25043  -41.154  -57.027  -25.932 0.0000000000
25044  -41.832  -56.609  -26.336 0.0000000000
25048  -41.438  -57.082  -26.352 0.0000000000
25049  -42.431  -56.476  -26.743 0.0000000000
25080  -37.203  -54.341  -32.460 0.0000000000
25081  -38.087  -54.238  -32.650 0.0000000000
25082  -38.791  -53.967  -32.692 0.0000000000
25092  -38.217  -54.518  -32.856 0.0000000000
26110  -45.011  -57.888  -22.812 0.0000000000
26111  -45.616  -57.914  -22.662 0.0000000000
26112  -46.453  -58.173  -22.668 0.0000000000
26113  -46.978  -58.304  -22.723 0.0000000000
26127  -45.014  -58.018  -23.188 0.0000000000
26128  -45.359  -58.192  -23.117 0.0000000000
26129  -45.982  -58.385  -23.299 0.0000000000
26130  -46.851  -58.549  -23.311 0.0000000000
26154  -40.180  -57.106  -24.797 0.0000000000
26167  -40.867  -57.020  -25.419 0.0000000000
26168  -41.733  -56.424  -26.071 0.0000000000
26173  -42.436  -55.982  -26.545 0.0000000000
26174  -43.102  -55.485  -27.055 0.0000000000
26175  -44.028  -54.771  -27.603 0.0000000000
26187  -36.608  -53.180  -32.163 0.0000000000
26203  -36.609  -53.572  -32.230 0.0000000000
26204  -36.961  -53.609  -32.263 0.0000000000
26205  -37.641  -53.706  -32.489 0.0000000000
26206  -38.723  -53.596  -32.667 0.0000000000
26207  -40.067  -53.269  -32.741 0.0000000000
26208  -41.511  -52.910  -32.678 0.0000000000
26224  -39.385  -53.734  -32.742 0.0000000000
27184  -42.609  -56.172  -21.289 0.0000000000
27185  -43.326  -56.524  -21.509 0.0000000000
27186  -44.648  -57.235  -22.042 0.0000000000
27187  -46.036  -57.510  -22.028 0.0000000000
27188  -46.981  -57.947  -22.218 0.0000000000
27189  -47.428  -58.328  -22.819 0.0000000000
27207  -42.552  -56.630  -21.728 0.0000000000
27208  -43.295  -57.241  -22.376 0.0000000000
27209  -44.330  -57.834  -23.110 0.0000000000
27210  -45.220  -58.092  -23.739 0.0000000000
27211  -46.331  -58.361  -24.330 0.0000000000
27212  -47.467  -58.593  -23.917 0.0000000000
27227  -40.235  -56.857  -23.830 0.0000000000
27228  -40.882  -57.252  -24.243 0.0000000000
27229  -47.211  -58.296  -24.452 0.0000000000
27230  -47.531  -58.426  -24.309 0.0000000000
27234  -39.836  -56.688  -24.277 0.0000000000
27235  -41.201  -56.788  -25.128 0.0000000000
27236  -42.229  -55.853  -26.036 0.0000000000
27248  -41.586  -56.442  -25.775 0.0000000000
27249  -42.483  -55.454  -26.427 0.0000000000
27250  -43.182  -54.260  -27.225 0.0000000000
27259  -42.816  -55.349  -26.872 0.0000000000
27260  -43.390  -54.569  -27.358 0.0000000000
27261  -44.480  -53.657  -28.259 0.0000000000
27273  -36.925  -52.842  -32.387 0.0000000000
27274  -37.331  -52.709  -32.582 0.0000000000
27285  -37.296  -53.322  -32.396 0.0000000000
27286  -37.861  -53.078  -32.639 0.0000000000
27287  -39.403  -53.024  -32.843 0.0000000000
27288  -41.046  -52.713  -32.714 0.0000000000
27289  -42.583  -52.249  -32.330 0.0000000000
28201  -44.259  -53.273  -14.724 0.0000000000
28202  -45.472  -53.637  -14.688 0.0000000000
28203  -46.906  -54.054  -14.830 0.0000000000
28219  -47.594  -53.998  -15.343 0.0000000000
28344  -40.356  -54.821  -21.210 0.0000000000
28345  -41.740  -55.707  -21.266 0.0000000000
28346  -42.890  -55.680  -20.967 0.0000000000
28347  -44.050  -56.068  -21.072 0.0000000000
28348  -45.390  -56.503  -21.351 0.0000000000
28349  -46.705  -57.090  -21.683 0.0000000000
28350  -47.629  -57.734  -22.161 0.0000000000
28375  -40.616  -56.089  -22.030 0.0000000000
28376  -41.968  -57.042  -22.589 0.0000000000
28377  -43.103  -57.667  -23.628 0.0000000000
28378  -44.196  -57.618  -24.329 0.0000000000
28379  -45.180  -57.756  -24.787 0.0000000000
28380  -45.832  -57.844  -25.057 0.0000000000
28381  -48.009  -58.055  -22.956 0.0000000000
28392  -39.840  -56.058  -22.787 0.0000000000
28393  -40.953  -56.959  -23.465 0.0000000000
28394  -42.197  -57.160  -24.597 0.0000000000
28395  -43.292  -56.829  -25.196 0.0000000000
28396  -44.275  -56.683  -25.441 0.0000000000
28397  -45.267  -56.976  -25.511 0.0000000000
28398  -46.426  -57.728  -25.295 0.0000000000
28399  -47.643  -58.045  -24.500 0.0000000000
28402  -41.497  -57.022  -24.707 0.0000000000
28403  -42.311  -55.970  -25.811 0.0000000000
28414  -42.785  -54.935  -26.459 0.0000000000
28415  -43.226  -53.956  -27.153 0.0000000000
28431  -43.977  -53.300  -27.956 0.0000000000
28432  -44.893  -52.503  -29.049 0.0000000000
28446  -37.083  -52.189  -32.841 0.0000000000
28447  -37.549  -51.985  -33.122 0.0000000000
28448  -43.337  -51.606  -31.577 0.0000000000
28449  -44.427  -51.579  -30.792 0.0000000000
28457  -37.620  -52.638  -32.714 0.0000000000
28458  -38.385  -52.496  -33.020 0.0000000000
28459  -40.428  -52.574  -33.042 0.0000000000
28460  -42.172  -52.124  -32.388 0.0000000000
28461  -43.598  -51.787  -31.703 0.0000000000
29373  -42.664  -52.154  -14.889 0.0000000000
29374  -43.574  -52.514  -14.829 0.0000000000
29375  -44.508  -52.601  -14.876 0.0000000000
29376  -45.753  -53.004  -14.983 0.0000000000
29377  -46.741  -53.285  -15.191 0.0000000000
29391  -45.070  -52.385  -15.154 0.0000000000
29392  -45.998  -52.702  -15.440 0.0000000000
29393  -47.361  -53.605  -15.931 0.0000000000
29506  -41.039  -54.023  -20.711 0.0000000000
29507  -42.242  -54.486  -20.772 0.0000000000
29508  -43.387  -54.889  -20.787 0.0000000000
29509  -44.586  -55.271  -20.985 0.0000000000
29510  -46.049  -55.440  -21.455 0.0000000000
29511  -47.501  -56.804  -21.953 0.0000000000
29512  -48.095  -57.507  -22.294 0.0000000000
29535  -46.328  -54.464  -21.755 0.0000000000
29536  -47.339  -55.376  -21.723 0.0000000000
29537  -48.507  -56.866  -22.762 0.0000000000
29538  -49.421  -56.415  -22.604 0.0000000000
29543  -42.838  -55.701  -25.907 0.0000000000
29544  -43.543  -55.045  -26.221 0.0000000000
29545  -44.431  -55.509  -26.101 0.0000000000
29546  -45.490  -56.077  -26.040 0.0000000000
29547  -46.679  -56.905  -25.969 0.0000000000
29548  -47.942  -57.430  -25.569 0.0000000000
29549  -49.501  -57.276  -23.903 0.0000000000
29556  -42.879  -54.810  -26.334 0.0000000000
29557  -43.181  -54.121  -26.499 0.0000000000
29558  -47.945  -56.820  -26.306 0.0000000000
29559  -48.856  -57.375  -25.685 0.0000000000
29572  -42.743  -54.702  -26.431 0.0000000000
29573  -43.211  -53.568  -26.940 0.0000000000
29593  -44.101  -52.563  -28.143 0.0000000000
29594  -44.605  -52.142  -28.963 0.0000000000
29605  -43.229  -51.389  -31.629 0.0000000000
29606  -44.404  -51.305  -30.204 0.0000000000
29607  -44.850  -51.744  -29.796 0.0000000000
29613  -38.023  -51.708  -33.285 0.0000000000
29614  -39.524  -52.207  -33.493 0.0000000000
29615  -41.804  -51.965  -32.802 0.0000000000
30503  -42.137  -51.500  -15.086 0.0000000000
30504  -43.346  -51.931  -15.038 0.0000000000
30505  -44.276  -52.063  -15.213 0.0000000000
30520  -42.766  -51.434  -15.377 0.0000000000
30521  -43.651  -51.694  -15.546 0.0000000000
30522  -44.909  -52.090  -15.662 0.0000000000
30523  -46.155  -52.700  -16.239 0.0000000000
30524  -47.488  -53.785  -17.111 0.0000000000
30545  -46.135  -53.428  -17.521 0.0000000000
30653  -41.678  -52.982  -20.760 0.0000000000
30654  -42.774  -53.372  -21.180 0.0000000000
30655  -43.810  -53.998  -21.208 0.0000000000
30656  -44.793  -54.269  -21.297 0.0000000000
30673  -43.376  -53.092  -21.475 0.0000000000
30674  -44.070  -53.099  -21.640 0.0000000000
30675  -45.366  -53.499  -21.801 0.0000000000
30676  -46.528  -53.681  -22.085 0.0000000000
30677  -47.874  -54.577  -22.122 0.0000000000
30678  -48.900  -55.216  -22.322 0.0000000000
30681  -43.487  -53.978  -26.259 0.0000000000
30682  -43.788  -53.972  -26.154 0.0000000000
30683  -44.589  -54.172  -26.089 0.0000000000
30684  -45.602  -54.756  -26.220 0.0000000000
30685  -46.601  -55.809  -26.402 0.0000000000
30686  -49.492  -55.562  -22.784 0.0000000000
30693  -43.535  -53.383  -26.346 0.0000000000
30694  -43.978  -52.906  -26.169 0.0000000000
30695  -44.832  -52.998  -26.218 0.0000000000
30696  -45.835  -53.678  -26.438 0.0000000000
30697  -47.009  -55.391  -26.715 0.0000000000
30712  -43.566  -52.636  -26.841 0.0000000000
30736  -44.369  -51.819  -28.356 0.0000000000
30748  -42.896  -51.142  -31.663 0.0000000000
30749  -44.167  -50.887  -30.462 0.0000000000
31620  -41.420  -51.051  -15.309 0.0000000000
31621  -42.127  -51.147  -15.441 0.0000000000
31636  -40.896  -50.755  -15.597 0.0000000000
31637  -41.676  -50.938  -15.682 0.0000000000
31638  -42.648  -51.229  -16.098 0.0000000000
31639  -44.084  -51.750  -16.235 0.0000000000
31640  -45.138  -52.187  -16.374 0.0000000000
31641  -45.689  -52.593  -16.633 0.0000000000
31656  -42.335  -51.642  -17.534 0.0000000000
31657  -43.466  -51.938  -17.211 0.0000000000
31658  -44.545  -52.316  -17.117 0.0000000000
31659  -45.305  -52.667  -17.060 0.0000000000
31669  -41.104  -51.173  -19.336 0.0000000000
31670  -42.035  -51.792  -19.049 0.0000000000
31671  -43.096  -52.293  -18.663 0.0000000000
31672  -44.170  -52.687  -18.342 0.0000000000
31673  -45.225  -53.075  -18.052 0.0000000000
31682  -41.163  -50.688  -20.057 0.0000000000
31683  -42.093  -50.839  -20.282 0.0000000000
31684  -43.175  -51.671  -19.857 0.0000000000
31685  -44.171  -52.418  -19.526 0.0000000000
31694  -42.787  -50.143  -20.877 0.0000000000
31695  -43.460  -50.470  -20.684 0.0000000000
31770  -41.481  -51.396  -21.119 0.0000000000
31771  -42.174  -52.233  -21.287 0.0000000000
31785  -42.146  -51.484  -21.602 0.0000000000
31786  -42.984  -51.980  -21.793 0.0000000000
31787  -44.240  -51.921  -22.267 0.0000000000
31788  -45.505  -52.085  -22.470 0.0000000000
31789  -46.761  -52.459  -22.646 0.0000000000
31790  -47.934  -53.399  -22.598 0.0000000000
31791  -48.948  -54.076  -22.378 0.0000000000
31794  -47.215  -52.029  -23.009 0.0000000000
31795  -48.038  -52.469  -22.933 0.0000000000
31796  -49.414  -53.681  -22.688 0.0000000000
31805  -43.810  -52.357  -26.542 0.0000000000
31806  -44.331  -51.940  -26.610 0.0000000000
31807  -45.225  -51.937  -26.657 0.0000000000
31808  -46.118  -52.653  -26.962 0.0000000000
31809  -46.962  -53.882  -27.423 0.0000000000
31826  -44.257  -51.666  -27.336 0.0000000000
31827  -44.796  -50.937  -27.619 0.0000000000
31828  -45.622  -51.026  -27.481 0.0000000000
31829  -46.372  -51.612  -27.800 0.0000000000
31857  -44.522  -50.726  -28.992 0.0000000000
31858  -44.867  -50.262  -28.762 0.0000000000
32735  -40.369  -50.673  -16.187 0.0000000000
32736  -41.207  -50.790  -16.082 0.0000000000
32737  -41.793  -50.961  -16.022 0.0000000000
32751  -39.804  -50.723  -17.216 0.0000000000
32752  -40.765  -50.935  -16.969 0.0000000000
32753  -41.670  -51.099  -16.676 0.0000000000
32762  -39.403  -50.201  -18.514 0.0000000000
32763  -40.331  -50.948  -18.310 0.0000000000
32764  -41.312  -51.346  -17.965 0.0000000000
32772  -39.676  -49.743  -19.572 0.0000000000
32773  -40.388  -50.289  -19.761 0.0000000000
32774  -41.327  -50.023  -20.576 0.0000000000
32787  -42.348  -49.596  -21.002 0.0000000000
32788  -43.446  -49.345  -21.195 0.0000000000
32789  -44.631  -49.513  -21.257 0.0000000000
32863  -42.075  -50.455  -22.145 0.0000000000
32864  -43.266  -50.530  -22.677 0.0000000000
32865  -44.496  -50.640  -22.975 0.0000000000
32866  -45.729  -50.819  -23.113 0.0000000000
32867  -46.555  -51.268  -23.111 0.0000000000
32875  -46.235  -50.618  -23.360 0.0000000000
32876  -46.914  -50.948  -23.405 0.0000000000
32877  -47.985  -51.288  -23.414 0.0000000000
32898  -45.235  -50.290  -28.259 0.0000000000
32899  -45.870  -50.242  -28.464 0.0000000000
33857  -40.318  -48.925  -20.302 0.0000000000
33858  -40.835  -49.508  -20.518 0.0000000000
33859  -45.648  -47.107  -21.017 0.0000000000
33871  -41.140  -47.990  -20.712 0.0000000000
33872  -41.708  -48.519  -20.946 0.0000000000
33873  -43.153  -48.193  -21.219 0.0000000000
33874  -44.491  -47.906  -21.357 0.0000000000
33974  -41.472  -48.967  -22.592 0.0000000000
33975  -42.475  -49.186  -23.052 0.0000000000
33976  -43.689  -49.290  -23.365 0.0000000000
33977  -44.840  -49.547  -23.556 0.0000000000
33987  -45.853  -49.841  -23.689 0.0000000000
33988  -46.750  -49.833  -23.958 0.0000000000
33989  -47.807  -49.932  -23.986 0.0000000000
34943  -45.517  -45.502  -17.617 0.0000000000
34950  -45.530  -45.637  -18.490 0.0000000000
34961  -44.109  -45.795  -20.165 0.0000000000
34962  -44.951  -46.121  -20.265 0.0000000000
34963  -45.915  -46.681  -20.386 0.0000000000
34977  -41.950  -47.092  -20.900 0.0000000000
34978  -43.296  -46.680  -20.819 0.0000000000
34979  -43.947  -47.109  -21.162 0.0000000000
35066  -41.946  -47.972  -23.134 0.0000000000
35067  -43.001  -48.012  -23.451 0.0000000000
35068  -44.392  -48.187  -23.930 0.0000000000
35069  -45.497  -47.741  -24.081 0.0000000000
35070  -46.652  -47.788  -24.083 0.0000000000
35084  -45.119  -49.019  -23.964 0.0000000000
35085  -45.641  -48.808  -24.096 0.0000000000
35086  -46.589  -48.740  -24.240 0.0000000000
36017  -45.086  -44.808  -17.142 0.0000000000
36025  -44.811  -44.881  -17.913 0.0000000000
36026  -45.158  -45.256  -17.699 0.0000000000
36030  -43.953  -45.108  -19.722 0.0000000000
36031  -44.399  -45.210  -19.209 0.0000000000
36032  -44.959  -45.348  -18.665 0.0000000000
36045  -43.134  -45.752  -20.442 0.0000000000
36046  -43.789  -45.610  -20.124 0.0000000000
36120  -41.951  -46.324  -23.067 0.0000000000
36121  -42.641  -46.261  -23.297 0.0000000000
36122  -45.621  -45.692  -23.159 0.0000000000
36123  -46.450  -46.036  -23.097 0.0000000000
36137  -41.635  -47.108  -23.068 0.0000000000
36138  -42.378  -47.016  -23.333 0.0000000000
36139  -43.373  -46.824  -23.625 0.0000000000
36140  -44.508  -46.828  -23.881 0.0000000000
36141  -45.575  -46.538  -23.642 0.0000000000
36142  -47.050  -47.036  -23.604 0.0000000000
36996  -44.961  -44.315  -17.132 0.0000000000
36997  -45.351  -44.354  -16.434 0.0000000000
37000  -44.425  -44.290  -18.612 0.0000000000
37001  -44.574  -44.429  -18.051 0.0000000000
37003  -43.881  -44.750  -19.588 0.0000000000
37004  -44.259  -44.693  -19.024 0.0000000000
37011  -43.042  -45.258  -20.433 0.0000000000
37073  -46.218  -44.392  -21.994 0.0000000000
37074  -46.851  -44.769  -21.902 0.0000000000
37089  -42.582  -45.516  -22.992 0.0000000000
37090  -43.535  -45.264  -23.091 0.0000000000
37091  -44.726  -45.406  -23.136 0.0000000000
37092  -45.908  -45.036  -22.501 0.0000000000
37093  -47.174  -45.648  -22.365 0.0000000000
37104  -43.153  -45.909  -23.367 0.0000000000
37105  -43.932  -45.985  -23.568 0.0000000000
37106  -44.623  -46.153  -23.606 0.0000000000
38042  -44.996  -43.817  -17.152 0.0000000000
38043  -45.313  -43.685  -16.496 0.0000000000
38046  -44.611  -43.962  -18.302 0.0000000000
38047  -44.754  -43.942  -17.816 0.0000000000
38050  -44.320  -44.151  -18.978 0.0000000000
38054  -43.748  -44.440  -19.791 0.0000000000
38105  -47.110  -43.943  -20.887 0.0000000000
38106  -47.895  -44.226  -20.469 0.0000000000
38121  -42.992  -44.288  -22.015 0.0000000000
38122  -43.710  -43.972  -22.045 0.0000000000
38123  -44.617  -43.870  -22.032 0.0000000000
38124  -45.665  -43.999  -21.935 0.0000000000
38125  -46.584  -44.029  -21.487 0.0000000000
38126  -47.443  -44.523  -21.209 0.0000000000
38137  -43.140  -44.705  -22.522 0.0000000000
38138  -44.057  -44.598  -22.517 0.0000000000
38139  -44.945  -44.540  -22.430 0.0000000000
39117  -45.504  -43.141  -16.588 0.0000000000
39118  -45.675  -42.969  -16.082 0.0000000000
39120  -44.947  -43.719  -17.875 0.0000000000
39121  -45.356  -43.416  -17.263 0.0000000000
39123  -44.778  -43.772  -18.387 0.0000000000
39124  -45.356  -43.421  -17.768 0.0000000000
39127  -43.691  -44.181  -19.987 0.0000000000
39128  -44.384  -43.843  -19.172 0.0000000000
39129  -45.125  -43.518  -18.337 0.0000000000
39145  -43.985  -43.820  -19.846 0.0000000000
39159  -43.786  -43.771  -20.347 0.0000000000
39160  -47.885  -43.742  -19.134 0.0000000000
39161  -48.739  -43.488  -18.751 0.0000000000
39179  -43.638  -43.648  -20.907 0.0000000000
39180  -44.297  -43.197  -20.863 0.0000000000
39181  -45.081  -43.082  -20.746 0.0000000000
39182  -45.985  -43.240  -20.531 0.0000000000
39183  -47.075  -43.680  -20.072 0.0000000000
39184  -48.316  -44.048  -19.487 0.0000000000
39196  -43.616  -43.711  -21.474 0.0000000000
39197  -44.367  -43.461  -21.433 0.0000000000
39198  -45.281  -43.452  -21.346 0.0000000000
39199  -46.208  -43.556  -21.128 0.0000000000
39200  -46.724  -43.700  -20.959 0.0000000000
40143  -45.865  -42.654  -16.747 0.0000000000
40144  -45.976  -42.277  -16.209 0.0000000000
40147  -45.827  -42.886  -17.193 0.0000000000
40149  -45.893  -42.924  -17.684 0.0000000000
40150  -46.212  -42.278  -17.511 0.0000000000
40158  -44.499  -43.671  -19.360 0.0000000000
40159  -45.208  -43.517  -18.721 0.0000000000
40160  -46.226  -42.622  -17.871 0.0000000000
40176  -44.495  -43.543  -19.574 0.0000000000
40177  -45.364  -43.419  -19.002 0.0000000000
40178  -46.280  -42.930  -18.239 0.0000000000
40179  -46.896  -42.511  -18.107 0.0000000000
40180  -47.648  -42.347  -18.009 0.0000000000
40181  -48.393  -42.122  -18.068 0.0000000000
40196  -44.425  -43.367  -19.988 0.0000000000
40197  -45.203  -43.283  -19.522 0.0000000000
40198  -45.974  -43.339  -19.017 0.0000000000
40199  -46.734  -43.245  -18.747 0.0000000000
40200  -47.651  -43.287  -18.695 0.0000000000
40201  -49.177  -42.332  -18.293 0.0000000000
40215  -44.460  -43.211  -20.328 0.0000000000
40216  -45.068  -43.145  -20.131 0.0000000000
40217  -45.852  -43.189  -19.881 0.0000000000
40218  -46.638  -43.407  -19.573 0.0000000000
40219  -47.069  -43.544  -19.402 0.0000000000
41223  -46.053  -42.378  -16.884 0.0000000000
41224  -46.383  -41.708  -16.681 0.0000000000
41225  -46.600  -41.271  -16.152 0.0000000000
41228  -46.143  -42.234  -17.097 0.0000000000
41229  -46.425  -41.413  -17.068 0.0000000000
41231  -46.250  -42.076  -17.303 0.0000000000
41232  -46.519  -41.531  -17.359 0.0000000000
41242  -46.734  -41.231  -17.558 0.0000000000
41243  -46.935  -40.856  -17.661 0.0000000000
41260  -46.684  -41.802  -17.721 0.0000000000
41261  -47.076  -41.300  -17.753 0.0000000000
41262  -47.741  -41.157  -17.866 0.0000000000
41263  -48.474  -41.060  -18.083 0.0000000000
41264  -49.106  -40.606  -18.418 0.0000000000
41278  -48.983  -41.370  -18.301 0.0000000000
41279  -49.939  -40.814  -18.535 0.0000000000
42292  -46.841  -40.774  -16.587 0.0000000000
42293  -47.127  -40.115  -16.420 0.0000000000
42299  -46.872  -40.485  -16.927 0.0000000000
42300  -47.071  -40.206  -16.719 0.0000000000
42303  -46.729  -40.645  -17.198 0.0000000000
42314  -46.847  -40.519  -17.425 0.0000000000
42315  -47.068  -40.194  -17.643 0.0000000000
42333  -47.289  -40.029  -17.802 0.0000000000
42334  -47.715  -39.978  -17.993 0.0000000000
42335  -48.515  -39.854  -18.330 0.0000000000
42336  -48.849  -40.261  -18.392 0.0000000000
42344  -48.956  -39.402  -18.609 0.0000000000
42345  -49.459  -39.671  -18.701 0.0000000000
42346  -51.051  -39.540  -19.319 0.0000000000
43329  -47.403  -39.486  -16.741 0.0000000000
43330  -47.549  -39.181  -16.627 0.0000000000
43335  -47.271  -39.822  -17.048 0.0000000000
43336  -47.435  -39.461  -16.960 0.0000000000
43337  -47.482  -39.158  -16.866 0.0000000000
43339  -47.100  -39.978  -17.181 0.0000000000
43340  -47.541  -39.404  -17.251 0.0000000000
43349  -47.001  -40.169  -17.305 0.0000000000
43350  -47.444  -39.603  -17.507 0.0000000000
43366  -47.458  -39.203  -17.918 0.0000000000
43367  -47.679  -39.054  -18.164 0.0000000000
43368  -48.154  -38.946  -18.450 0.0000000000
43371  -49.056  -38.795  -18.792 0.0000000000
43372  -50.385  -38.507  -19.649 0.0000000000
43373  -51.115  -38.842  -19.847 0.0000000000
43376  -50.927  -38.009  -20.531 0.0000000000
44353  -47.572  -38.656  -16.768 0.0000000000
44354  -47.789  -38.325  -16.671 0.0000000000
44358  -47.712  -38.609  -17.077 0.0000000000
44359  -47.560  -38.490  -16.918 0.0000000000
44360  -47.654  -37.977  -16.872 0.0000000000
44362  -47.714  -38.734  -17.289 0.0000000000
44373  -47.757  -38.722  -17.571 0.0000000000
44388  -47.642  -38.487  -17.938 0.0000000000
44389  -47.851  -38.130  -18.346 0.0000000000
44390  -47.968  -38.453  -18.457 0.0000000000
44392  -48.229  -37.577  -18.648 0.0000000000
44393  -48.547  -37.931  -18.789 0.0000000000
44394  -49.624  -37.770  -19.522 0.0000000000
44396  -50.523  -37.606  -20.434 0.0000000000
45374  -48.136  -37.793  -16.552 0.0000000000
45381  -47.600  -38.257  -17.087 0.0000000000
45382  -47.623  -37.862  -17.084 0.0000000000
45383  -47.973  -37.367  -16.855 0.0000000000
45384  -48.445  -37.028  -16.674 0.0000000000
45389  -47.654  -38.122  -17.282 0.0000000000
45390  -47.739  -37.404  -17.341 0.0000000000
45391  -47.871  -37.006  -17.190 0.0000000000
45402  -47.684  -38.036  -17.561 0.0000000000
45403  -47.682  -37.407  -17.839 0.0000000000
45416  -47.644  -37.984  -17.867 0.0000000000
45417  -47.809  -37.547  -18.170 0.0000000000
45420  -48.142  -37.306  -18.571 0.0000000000
45421  -48.684  -37.224  -18.901 0.0000000000
45422  -49.391  -37.214  -19.441 0.0000000000
45424  -50.180  -37.108  -20.265 0.0000000000
45425  -50.905  -37.024  -21.228 0.0000000000
45433  -51.621  -37.037  -22.217 0.0000000000
46367  -48.359  -36.868  -16.843 0.0000000000
46375  -47.863  -36.895  -17.412 0.0000000000
46376  -48.338  -36.693  -17.275 0.0000000000
46377  -48.973  -36.375  -17.097 0.0000000000
46388  -47.854  -36.872  -17.666 0.0000000000
46389  -48.309  -36.556  -17.909 0.0000000000
46402  -47.927  -36.915  -18.120 0.0000000000
46403  -48.458  -36.643  -18.362 0.0000000000
46413  -48.126  -36.977  -18.426 0.0000000000
46414  -48.760  -36.814  -18.748 0.0000000000
46415  -49.480  -36.841  -19.296 0.0000000000
46418  -50.145  -36.748  -20.060 0.0000000000
46419  -50.757  -36.574  -20.969 0.0000000000
46427  -51.347  -36.474  -21.937 0.0000000000
46428  -52.188  -36.590  -22.911 0.0000000000
47450  -48.883  -36.330  -17.419 0.0000000000
47451  -49.483  -36.162  -17.391 0.0000000000
47465  -48.884  -36.321  -17.760 0.0000000000
47466  -49.664  -36.159  -18.080 0.0000000000
47467  -50.735  -36.001  -18.683 0.0000000000
47480  -48.963  -36.372  -18.260 0.0000000000
47481  -49.775  -36.294  -18.685 0.0000000000
47482  -50.663  -36.180  -19.371 0.0000000000
47495  -49.092  -36.495  -18.636 0.0000000000
47496  -49.792  -36.477  -19.172 0.0000000000
47497  -50.759  -36.233  -19.906 0.0000000000
47500  -50.288  -36.559  -19.747 0.0000000000
47501  -50.946  -36.130  -20.697 0.0000000000
47502  -51.505  -35.685  -21.677 0.0000000000
47511  -51.205  -36.076  -21.601 0.0000000000
47512  -52.057  -35.874  -22.525 0.0000000000
47513  -53.452  -35.876  -23.673 0.0000000000
47535  -52.911  -36.302  -23.568 0.0000000000
48618  -51.404  -35.700  -19.751 0.0000000000
48638  -51.282  -35.717  -20.275 0.0000000000
48639  -52.114  -34.988  -20.878 0.0000000000
48648  -51.165  -35.839  -20.532 0.0000000000
48649  -51.741  -35.309  -21.415 0.0000000000
48650  -53.163  -34.965  -22.155 0.0000000000
48667  -51.921  -35.418  -22.087 0.0000000000
48668  -52.767  -35.349  -22.617 0.0000000000
48669  -54.723  -35.672  -23.862 0.0000000000
49845  -51.549  -31.873  -26.047 0.0000000000
49846  -52.134  -31.915  -25.918 0.0000000000
49847  -53.439  -31.922  -26.167 0.0000000000
50984  -52.592  -30.655  -24.478 0.0000000000
50985  -53.256  -30.753  -24.553 0.0000000000
50986  -54.563  -30.504  -25.166 0.0000000000
50987  -56.306  -29.955  -26.366 0.0000000000
51006  -51.215  -31.293  -26.014 0.0000000000
51007  -51.616  -31.335  -25.743 0.0000000000
51008  -52.579  -31.157  -25.070 0.0000000000
51009  -54.001  -31.115  -25.702 0.0000000000
51010  -55.737  -30.621  -26.994 0.0000000000
52113  -52.040  -29.976  -24.253 0.0000000000
52114  -52.518  -30.247  -24.095 0.0000000000
52115  -53.693  -30.205  -24.090 0.0000000000
52116  -54.997  -29.906  -24.659 0.0000000000
52117  -56.669  -29.471  -25.579 0.0000000000
52136  -51.451  -30.615  -25.466 0.0000000000
52137  -52.004  -30.475  -24.751 0.0000000000
52138  -52.326  -30.597  -24.515 0.0000000000
53268  -54.497  -28.938  -23.391 0.0000000000
53269  -55.523  -28.763  -23.726 0.0000000000
53284  -52.210  -29.394  -23.945 0.0000000000
53285  -53.036  -29.505  -23.608 0.0000000000
53286  -54.115  -29.527  -23.713 0.0000000000
53287  -55.320  -29.318  -24.163 0.0000000000
53307  -51.487  -29.852  -25.065 0.0000000000
53308  -51.797  -29.872  -24.576 0.0000000000
53318  -51.117  -30.539  -25.950 0.0000000000
54335  -54.031  -28.343  -23.247 0.0000000000
54336  -54.764  -28.343  -23.220 0.0000000000
54337  -55.693  -28.194  -23.405 0.0000000000
54353  -52.311  -28.522  -23.862 0.0000000000
54354  -52.804  -28.641  -23.593 0.0000000000
54355  -53.567  -28.806  -23.343 0.0000000000
54372  -51.591  -29.415  -24.924 0.0000000000
54373  -51.873  -29.030  -24.420 0.0000000000
54383  -51.361  -29.760  -25.464 0.0000000000
54384  -51.682  -29.002  -24.967 0.0000000000
54393  -51.552  -29.320  -25.736 0.0000000000
55381  -54.244  -27.862  -23.196 0.0000000000
55382  -54.960  -27.638  -23.149 0.0000000000
55392  -52.449  -28.178  -23.872 0.0000000000
55393  -52.700  -27.900  -23.736 0.0000000000
55394  -53.535  -27.770  -23.382 0.0000000000
55395  -55.332  -27.132  -23.171 0.0000000000
55409  -52.310  -28.043  -24.026 0.0000000000
55410  -52.665  -27.319  -23.895 0.0000000000
55418  -52.055  -28.174  -24.530 0.0000000000
55423  -51.938  -28.340  -25.123 0.0000000000
55429  -52.016  -28.619  -25.863 0.0000000000
56388  -54.393  -27.234  -23.220 0.0000000000
56389  -54.887  -27.113  -23.191 0.0000000000
56397  -53.196  -26.813  -23.684 0.0000000000
56398  -54.064  -26.574  -23.412 0.0000000000
56399  -55.173  -26.441  -23.251 0.0000000000
56411  -52.545  -27.224  -24.260 0.0000000000
56412  -52.873  -26.652  -23.985 0.0000000000
56421  -52.286  -27.463  -24.714 0.0000000000
56428  -52.279  -27.591  -25.212 0.0000000000
56429  -52.551  -27.226  -25.380 0.0000000000
56437  -52.406  -27.832  -25.657 0.0000000000
57451  -53.286  -25.821  -23.933 0.0000000000
57452  -53.829  -25.700  -23.658 0.0000000000
57453  -54.745  -25.460  -23.418 0.0000000000
57462  -52.615  -26.732  -24.509 0.0000000000
57463  -52.967  -26.130  -24.249 0.0000000000
57471  -52.544  -26.855  -24.871 0.0000000000
57472  -52.932  -26.075  -24.685 0.0000000000
57480  -52.519  -26.996  -25.129 0.0000000000
57481  -52.908  -26.414  -25.205 0.0000000000
58537  -53.435  -25.337  -23.973 0.0000000000
58538  -53.737  -24.982  -23.894 0.0000000000
58539  -54.457  -24.592  -23.592 0.0000000000
58548  -53.502  -25.215  -24.153 0.0000000000
58549  -53.812  -24.437  -24.046 0.0000000000
58558  -53.470  -25.300  -24.492 0.0000000000
58568  -53.478  -25.158  -24.956 0.0000000000
58569  -53.694  -24.840  -25.291 0.0000000000
58576  -53.434  -25.545  -25.335 0.0000000000
59621  -54.297  -23.795  -23.789 0.0000000000
59631  -53.851  -24.534  -24.342 0.0000000000
59632  -54.089  -23.724  -24.135 0.0000000000
59639  -53.828  -24.521  -24.667 0.0000000000
59650  -53.865  -24.384  -24.910 0.0000000000
59651  -53.821  -24.276  -25.156 0.0000000000
59660  -53.999  -24.176  -25.427 0.0000000000
60754  -54.414  -23.022  -23.914 0.0000000000
60760  -54.096  -23.776  -24.504 0.0000000000
60761  -54.390  -22.845  -24.273 0.0000000000
60765  -54.004  -23.822  -24.856 0.0000000000
60766  -54.243  -23.041  -24.730 0.0000000000
60776  -53.912  -23.930  -25.062 0.0000000000
60777  -54.182  -23.268  -25.194 0.0000000000
60778  -54.629  -22.556  -25.291 0.0000000000
60789  -54.274  -23.596  -25.511 0.0000000000
61894  -54.600  -22.328  -24.550 0.0000000000
61897  -54.538  -22.326  -24.883 0.0000000000
61905  -54.554  -22.409  -25.108 0.0000000000
63028  -54.223  -18.925  -28.225 0.0000000000
63029  -54.861  -18.701  -28.065 0.0000000000
63043  -53.233  -19.603  -29.264 0.0000000000
63044  -54.121  -19.406  -28.967 0.0000000000
63045  -55.505  -18.905  -28.604 0.0000000000
63059  -52.361  -20.055  -30.433 0.0000000000
64100  -52.082  -18.502  -27.914 0.0000000000
64101  -52.381  -18.602  -27.879 0.0000000000
64102  -53.322  -18.741  -27.816 0.0000000000
64103  -54.610  -18.451  -27.642 0.0000000000
64104  -55.994  -17.972  -27.614 0.0000000000
64118  -52.119  -18.649  -28.287 0.0000000000
64119  -52.667  -19.102  -28.630 0.0000000000
64120  -53.441  -19.201  -28.518 0.0000000000
64121  -55.468  -18.455  -27.954 0.0000000000
64122  -56.799  -18.173  -28.045 0.0000000000
64135  -51.717  -19.116  -29.725 0.0000000000
64136  -51.979  -19.170  -29.395 0.0000000000
64137  -52.629  -19.607  -29.582 0.0000000000
64147  -51.689  -19.418  -30.389 0.0000000000
64148  -51.917  -19.966  -30.653 0.0000000000
64161  -51.544  -19.765  -31.664 0.0000000000
65174  -52.204  -17.581  -26.862 0.0000000000
65175  -53.062  -17.652  -26.646 0.0000000000
65176  -54.272  -17.591  -26.618 0.0000000000
65177  -55.725  -17.428  -26.764 0.0000000000
65186  -52.025  -18.163  -27.718 0.0000000000
65187  -52.684  -18.202  -27.269 0.0000000000
65188  -53.781  -18.148  -27.116 0.0000000000
65189  -55.120  -17.912  -27.100 0.0000000000
65190  -56.705  -17.557  -27.242 0.0000000000
65205  -51.853  -18.476  -28.418 0.0000000000
65216  -51.708  -18.713  -29.527 0.0000000000
65217  -51.761  -18.451  -28.822 0.0000000000
65223  -51.584  -18.838  -30.447 0.0000000000
65235  -51.554  -19.115  -31.648 0.0000000000
66315  -52.814  -16.568  -25.610 0.0000000000
66316  -53.939  -16.609  -25.604 0.0000000000
66317  -55.355  -16.608  -25.936 0.0000000000
66324  -51.964  -16.839  -26.451 0.0000000000
66325  -52.510  -17.069  -26.220 0.0000000000
66326  -53.491  -17.119  -26.112 0.0000000000
66327  -54.804  -17.069  -26.248 0.0000000000
66328  -56.379  -16.988  -26.565 0.0000000000
66334  -51.843  -17.287  -27.252 0.0000000000
66344  -51.617  -17.599  -28.412 0.0000000000
66345  -51.699  -17.863  -28.136 0.0000000000
66352  -51.664  -18.029  -29.288 0.0000000000
66353  -51.635  -18.114  -28.798 0.0000000000
66360  -51.764  -18.130  -30.369 0.0000000000
66361  -52.049  -17.750  -30.268 0.0000000000
66373  -51.753  -18.649  -31.805 0.0000000000
66374  -52.011  -18.022  -31.045 0.0000000000
67414  -53.221  -15.371  -24.502 0.0000000000
67415  -53.832  -15.554  -24.588 0.0000000000
67416  -54.991  -15.756  -24.912 0.0000000000
67437  -51.866  -15.789  -25.585 0.0000000000
67438  -52.206  -15.941  -25.343 0.0000000000
67439  -53.136  -15.890  -24.880 0.0000000000
67440  -54.454  -16.169  -25.178 0.0000000000
67441  -55.859  -16.215  -25.643 0.0000000000
67464  -51.850  -16.196  -25.930 0.0000000000
67465  -52.163  -16.538  -25.874 0.0000000000
67473  -51.719  -16.439  -26.641 0.0000000000
67480  -51.583  -17.309  -28.189 0.0000000000
67481  -51.675  -16.955  -27.751 0.0000000000
67489  -51.675  -17.383  -28.521 0.0000000000
67490  -51.885  -16.944  -28.472 0.0000000000
67498  -51.805  -17.550  -29.195 0.0000000000
67499  -52.105  -17.331  -29.465 0.0000000000
67507  -52.390  -17.559  -30.307 0.0000000000
67508  -52.766  -17.557  -30.722 0.0000000000
67518  -52.409  -17.897  -31.380 0.0000000000
67519  -52.974  -17.832  -31.620 0.0000000000
68456  -53.511  -14.430  -23.822 0.0000000000
68457  -53.969  -14.520  -23.868 0.0000000000
68458  -54.997  -14.697  -24.102 0.0000000000
68465  -52.677  -14.598  -24.239 0.0000000000
68466  -53.200  -14.763  -24.089 0.0000000000
68467  -54.368  -15.138  -24.327 0.0000000000
68468  -55.580  -15.331  -24.741 0.0000000000
68476  -51.969  -15.370  -25.308 0.0000000000
68477  -52.447  -14.982  -24.638 0.0000000000
68478  -52.943  -15.262  -24.502 0.0000000000
68497  -51.755  -15.580  -25.868 0.0000000000
68509  -51.722  -15.821  -26.734 0.0000000000
68516  -51.896  -16.080  -27.576 0.0000000000
68525  -52.273  -16.439  -28.472 0.0000000000
68534  -52.759  -16.972  -29.387 0.0000000000
68535  -53.201  -16.788  -29.369 0.0000000000
68544  -52.819  -17.366  -30.133 0.0000000000
68545  -53.433  -17.237  -30.329 0.0000000000
68546  -54.156  -17.107  -30.383 0.0000000000
69518  -53.057  -13.605  -23.712 0.0000000000
69519  -53.565  -13.948  -23.652 0.0000000000
69520  -54.566  -13.946  -23.669 0.0000000000
69533  -52.158  -13.800  -24.474 0.0000000000
69534  -52.581  -14.052  -24.077 0.0000000000
69535  -53.004  -14.121  -23.780 0.0000000000
69547  -51.953  -14.546  -25.111 0.0000000000
69548  -52.185  -14.333  -24.544 0.0000000000
69561  -51.826  -14.856  -25.934 0.0000000000
69573  -51.953  -15.094  -26.698 0.0000000000
69576  -52.460  -15.308  -27.503 0.0000000000
69577  -52.887  -14.840  -27.441 0.0000000000
69586  -52.797  -16.096  -28.575 0.0000000000
69587  -53.075  -15.376  -27.973 0.0000000000
69596  -53.073  -16.547  -29.027 0.0000000000
69597  -53.699  -16.311  -28.940 0.0000000000
69598  -55.057  -16.103  -28.924 0.0000000000
69599  -55.751  -15.888  -28.919 0.0000000000
69609  -53.958  -16.938  -29.867 0.0000000000
69610  -54.803  -16.956  -30.020 0.0000000000
70567  -52.919  -12.875  -23.724 0.0000000000
70568  -53.547  -12.876  -23.474 0.0000000000
70569  -54.287  -13.023  -23.453 0.0000000000
70582  -52.300  -13.066  -24.357 0.0000000000
70583  -52.443  -13.253  -24.076 0.0000000000
70597  -52.035  -13.543  -24.834 0.0000000000
70609  -51.931  -14.020  -25.378 0.0000000000
70620  -52.037  -14.086  -25.953 0.0000000000
70621  -52.414  -13.815  -26.208 0.0000000000
70623  -52.276  -14.481  -26.614 0.0000000000
70624  -52.892  -14.152  -26.807 0.0000000000
70625  -53.720  -14.054  -26.900 0.0000000000
70632  -53.323  -14.648  -27.451 0.0000000000
70633  -54.122  -14.468  -27.518 0.0000000000
70634  -54.874  -14.632  -27.738 0.0000000000
70646  -53.662  -15.215  -27.972 0.0000000000
70647  -54.420  -15.311  -28.189 0.0000000000
70648  -55.576  -15.208  -28.314 0.0000000000
70649  -56.625  -15.089  -28.703 0.0000000000
70650  -57.863  -15.011  -29.080 0.0000000000
70664  -56.260  -15.684  -28.957 0.0000000000
70665  -57.282  -15.675  -29.464 0.0000000000
71639  -53.888  -11.168  -22.937 0.0000000000
71640  -54.278  -11.031  -22.924 0.0000000000
71666  -52.992  -12.110  -23.589 0.0000000000
71667  -53.558  -11.703  -23.244 0.0000000000
71668  -54.269  -11.892  -23.257 0.0000000000
71679  -52.455  -12.566  -24.288 0.0000000000
71680  -52.645  -12.393  -23.938 0.0000000000
71693  -52.296  -12.749  -24.600 0.0000000000
71703  -52.181  -13.089  -25.213 0.0000000000
71704  -52.488  -12.728  -25.483 0.0000000000
71715  -52.323  -13.345  -25.752 0.0000000000
71716  -52.833  -13.068  -25.956 0.0000000000
71722  -53.653  -13.159  -26.335 0.0000000000
71723  -54.636  -13.548  -26.902 0.0000000000
71724  -55.376  -13.342  -27.095 0.0000000000
71727  -54.788  -14.154  -27.399 0.0000000000
71728  -55.726  -13.938  -27.694 0.0000000000
71729  -57.305  -13.538  -28.298 0.0000000000
71730  -58.933  -13.579  -28.734 0.0000000000
71744  -56.151  -14.608  -28.260 0.0000000000
71745  -56.928  -14.346  -28.488 0.0000000000
71746  -58.318  -14.211  -28.949 0.0000000000
72730  -54.811  -9.694  -22.005 0.0000000000
72760  -53.531  -10.556  -22.921 0.0000000000
72761  -54.028  -10.665  -22.771 0.0000000000
72784  -53.091  -11.404  -23.502 0.0000000000
72785  -53.483  -11.101  -23.075 0.0000000000
72787  -52.570  -12.004  -24.221 0.0000000000
72788  -52.725  -11.745  -23.880 0.0000000000
72798  -52.476  -12.197  -24.701 0.0000000000
72807  -52.572  -12.132  -25.083 0.0000000000
72808  -52.909  -12.118  -25.412 0.0000000000
72817  -53.605  -12.252  -25.746 0.0000000000
72818  -54.107  -11.916  -25.638 0.0000000000
72825  -53.874  -12.655  -25.976 0.0000000000
72826  -54.349  -12.446  -26.089 0.0000000000
72827  -55.539  -12.617  -26.785 0.0000000000
72828  -56.736  -12.124  -27.357 0.0000000000
72829  -57.470  -11.974  -27.639 0.0000000000
72835  -55.733  -13.222  -27.229 0.0000000000
72836  -56.426  -12.967  -27.586 0.0000000000
72837  -57.930  -12.612  -28.062 0.0000000000
73766  -54.931  -9.264  -21.491 0.0000000000
73782  -53.637  -9.827  -22.633 0.0000000000
73783  -54.157  -9.869  -22.322 0.0000000000
73799  -53.187  -10.434  -23.246 0.0000000000
73802  -52.659  -11.586  -24.139 0.0000000000
73803  -52.815  -11.132  -23.925 0.0000000000
73814  -52.646  -11.588  -24.382 0.0000000000
73815  -52.796  -10.993  -24.415 0.0000000000
73822  -52.654  -11.595  -24.723 0.0000000000
73823  -52.984  -11.162  -24.923 0.0000000000
73824  -53.492  -10.821  -25.158 0.0000000000
73833  -53.365  -11.484  -25.324 0.0000000000
73834  -53.957  -11.152  -25.482 0.0000000000
73835  -54.794  -10.947  -25.661 0.0000000000
73836  -55.459  -10.943  -26.005 0.0000000000
73843  -54.464  -11.659  -25.678 0.0000000000
73844  -55.088  -11.677  -26.079 0.0000000000
73845  -56.087  -11.390  -26.638 0.0000000000
73846  -57.396  -11.415  -27.247 0.0000000000
73847  -58.813  -11.553  -27.530 0.0000000000
73856  -58.114  -11.920  -27.745 0.0000000000
73857  -59.216  -12.304  -28.111 0.0000000000
73862  -57.292  -9.636  -30.583 0.0000000000
74716  -55.171  -8.851  -21.144 0.0000000000
74729  -53.686  -9.235  -22.329 0.0000000000
74730  -54.239  -9.288  -21.924 0.0000000000
74748  -53.307  -9.654  -22.934 0.0000000000
74751  -53.066  -10.085  -23.525 0.0000000000
74761  -52.937  -10.319  -24.033 0.0000000000
74767  -53.060  -10.276  -24.423 0.0000000000
74768  -53.524  -10.093  -24.815 0.0000000000
74769  -54.004  -9.761  -25.061 0.0000000000
74777  -53.864  -10.371  -25.158 0.0000000000
74778  -54.487  -10.116  -25.324 0.0000000000
74779  -55.367  -10.021  -25.907 0.0000000000
74780  -56.429  -9.875  -26.157 0.0000000000
74781  -57.506  -9.969  -26.416 0.0000000000
74782  -58.468  -10.132  -26.712 0.0000000000
74789  -56.025  -10.566  -26.199 0.0000000000
74790  -56.871  -10.620  -26.613 0.0000000000
74791  -58.039  -10.671  -27.048 0.0000000000
74792  -59.509  -10.794  -27.199 0.0000000000
74800  -56.477  -8.717  -29.680 0.0000000000
74801  -57.117  -8.828  -29.587 0.0000000000
74802  -58.149  -8.939  -29.562 0.0000000000
74805  -56.076  -8.593  -30.409 0.0000000000
74806  -56.815  -9.105  -30.149 0.0000000000
74807  -58.458  -9.681  -30.202 0.0000000000
74808  -60.159  -9.565  -30.243 0.0000000000
74817  -56.443  -8.406  -31.389 0.0000000000
74818  -56.907  -9.319  -30.751 0.0000000000
75674  -53.744  -8.919  -22.247 0.0000000000
75675  -54.393  -8.730  -21.739 0.0000000000
75695  -53.460  -9.087  -22.654 0.0000000000
75696  -53.816  -8.628  -22.314 0.0000000000
75699  -53.243  -9.370  -23.233 0.0000000000
75700  -53.493  -8.756  -22.958 0.0000000000
75709  -53.092  -9.648  -23.778 0.0000000000
75710  -53.344  -9.022  -23.580 0.0000000000
75722  -53.055  -9.873  -24.120 0.0000000000
75723  -53.432  -9.353  -24.189 0.0000000000
75724  -54.049  -9.061  -24.751 0.0000000000
75725  -54.626  -8.786  -25.028 0.0000000000
75735  -54.398  -9.348  -25.106 0.0000000000
75736  -55.064  -9.153  -25.353 0.0000000000
75737  -56.032  -9.148  -25.658 0.0000000000
75738  -57.088  -9.153  -25.954 0.0000000000
75739  -58.318  -9.375  -26.211 0.0000000000
75740  -59.323  -9.416  -26.350 0.0000000000
75750  -59.147  -9.911  -26.706 0.0000000000
75751  -60.309  -10.004  -26.843 0.0000000000
75764  -55.432  -7.994  -29.533 0.0000000000
75765  -56.052  -8.272  -29.385 0.0000000000
75766  -57.031  -8.279  -29.123 0.0000000000
75767  -58.259  -8.218  -29.399 0.0000000000
75778  -55.081  -7.891  -30.274 0.0000000000
75779  -55.600  -8.251  -29.982 0.0000000000
75780  -56.182  -8.609  -29.753 0.0000000000
75794  -55.344  -7.888  -30.971 0.0000000000
75795  -55.805  -8.297  -30.605 0.0000000000
76646  -55.089  -8.312  -21.298 0.0000000000
76666  -54.439  -8.216  -21.832 0.0000000000
76667  -54.952  -8.166  -21.442 0.0000000000
76676  -54.018  -8.130  -22.609 0.0000000000
76677  -54.321  -7.856  -22.834 0.0000000000
76684  -53.705  -8.451  -23.409 0.0000000000
76685  -54.146  -7.975  -23.275 0.0000000000
76701  -53.589  -8.753  -23.832 0.0000000000
76702  -54.075  -8.347  -24.007 0.0000000000
76703  -54.829  -8.232  -24.591 0.0000000000
76704  -55.662  -7.993  -24.838 0.0000000000
76705  -56.238  -7.928  -25.066 0.0000000000
76715  -55.121  -8.451  -25.056 0.0000000000
76716  -55.767  -8.475  -25.204 0.0000000000
76717  -56.732  -8.389  -25.308 0.0000000000
76718  -57.843  -8.482  -25.593 0.0000000000
76719  -59.075  -8.556  -25.962 0.0000000000
76720  -60.062  -8.608  -26.007 0.0000000000
76727  -59.928  -9.191  -26.230 0.0000000000
76728  -61.042  -9.355  -26.212 0.0000000000
76746  -54.636  -7.291  -29.492 0.0000000000
76747  -55.115  -7.562  -29.290 0.0000000000
76748  -55.955  -7.561  -28.903 0.0000000000
76749  -56.967  -7.482  -28.879 0.0000000000
76750  -57.964  -7.293  -29.146 0.0000000000
76768  -54.542  -7.232  -30.217 0.0000000000
76769  -54.763  -7.563  -29.928 0.0000000000
76770  -55.180  -7.852  -29.647 0.0000000000
76771  -60.358  -7.022  -30.476 0.0000000000
76772  -60.906  -7.399  -30.801 0.0000000000
76773  -61.860  -8.840  -30.874 0.0000000000
76786  -54.751  -7.270  -30.881 0.0000000000
76787  -54.941  -7.682  -30.455 0.0000000000
77703  -54.558  -8.007  -21.768 0.0000000000
77704  -55.080  -7.956  -21.502 0.0000000000
77705  -55.547  -7.635  -21.626 0.0000000000
77714  -54.461  -7.988  -21.998 0.0000000000
77715  -54.692  -7.782  -22.318 0.0000000000
77716  -55.296  -7.492  -22.514 0.0000000000
77719  -54.666  -7.695  -22.997 0.0000000000
77720  -55.276  -7.519  -23.274 0.0000000000
77721  -55.678  -7.540  -23.700 0.0000000000
77736  -54.588  -7.838  -23.538 0.0000000000
77737  -54.965  -7.768  -23.945 0.0000000000
77738  -55.785  -7.685  -24.226 0.0000000000
77739  -56.553  -7.583  -24.678 0.0000000000
77740  -57.222  -7.396  -24.888 0.0000000000
77741  -57.828  -7.227  -24.988 0.0000000000
77748  -56.813  -7.725  -25.031 0.0000000000
77749  -57.465  -7.741  -25.166 0.0000000000
77750  -58.532  -7.641  -25.299 0.0000000000
77751  -59.820  -7.770  -25.666 0.0000000000
77752  -61.037  -7.755  -25.709 0.0000000000
77764  -55.948  -6.464  -28.622 0.0000000000
77765  -56.197  -6.435  -28.657 0.0000000000
77766  -60.708  -8.484  -25.761 0.0000000000
77784  -54.107  -6.745  -29.518 0.0000000000
77785  -54.390  -6.897  -29.300 0.0000000000
77786  -55.030  -6.823  -28.834 0.0000000000
77787  -55.918  -6.665  -28.621 0.0000000000
77788  -56.903  -6.614  -28.793 0.0000000000
77789  -58.081  -6.505  -29.314 0.0000000000
77790  -59.085  -6.312  -29.905 0.0000000000
77791  -59.873  -6.414  -30.474 0.0000000000
77807  -54.267  -6.894  -29.998 0.0000000000
77808  -54.446  -7.178  -29.628 0.0000000000
77809  -60.816  -6.531  -31.535 0.0000000000
77810  -62.213  -7.068  -32.616 0.0000000000
78753  -56.928  -7.186  -22.962 0.0000000000
78757  -55.875  -7.360  -22.715 0.0000000000
78758  -56.213  -7.336  -23.217 0.0000000000
78759  -56.972  -7.230  -23.468 0.0000000000
78760  -57.433  -7.120  -23.846 0.0000000000
78775  -56.267  -7.451  -23.735 0.0000000000
78776  -56.760  -7.395  -24.052 0.0000000000
78777  -57.612  -7.085  -24.487 0.0000000000
78778  -58.566  -6.823  -24.919 0.0000000000
78779  -59.567  -6.576  -25.044 0.0000000000
78785  -59.316  -7.008  -25.295 0.0000000000
78786  -60.412  -6.894  -25.392 0.0000000000
78802  -56.025  -6.255  -28.599 0.0000000000
78803  -56.355  -6.140  -28.649 0.0000000000
78820  -53.936  -6.396  -29.466 0.0000000000
78821  -54.258  -6.141  -28.918 0.0000000000
78822  -54.989  -5.956  -28.617 0.0000000000
78823  -55.896  -5.772  -28.608 0.0000000000
78824  -56.902  -5.662  -29.006 0.0000000000
78825  -58.109  -5.432  -29.719 0.0000000000
78826  -59.102  -5.319  -30.837 0.0000000000
78827  -60.103  -5.748  -31.804 0.0000000000
78841  -53.786  -6.055  -30.250 0.0000000000
78842  -59.523  -4.636  -32.746 0.0000000000
78843  -61.413  -5.467  -33.603 0.0000000000
78844  -62.529  -6.349  -33.862 0.0000000000
79879  -57.584  -7.013  -23.506 0.0000000000
79880  -58.316  -6.669  -23.800 0.0000000000
79904  -58.375  -6.682  -24.474 0.0000000000
79905  -59.168  -6.434  -24.535 0.0000000000
79956  -53.581  -5.387  -29.417 0.0000000000
79957  -54.286  -5.225  -28.781 0.0000000000
79958  -55.170  -4.989  -28.665 0.0000000000
79959  -56.118  -4.808  -28.907 0.0000000000
79960  -57.083  -4.469  -29.736 0.0000000000
79961  -58.150  -4.679  -30.468 0.0000000000
79962  -58.561  -4.372  -31.554 0.0000000000
79976  -53.370  -5.395  -30.187 0.0000000000
79977  -57.070  -3.617  -30.694 0.0000000000
79978  -57.763  -4.039  -30.951 0.0000000000
79979  -60.623  -4.596  -33.970 0.0000000000
79996  -61.194  -4.586  -34.481 0.0000000000
80975  -61.641  -2.446  -29.236 0.0000000000
80992  -53.515  -4.434  -29.694 0.0000000000
80993  -53.832  -4.519  -29.178 0.0000000000
80994  -54.520  -4.352  -28.980 0.0000000000
80995  -55.435  -4.035  -29.223 0.0000000000
80996  -56.190  -4.250  -29.374 0.0000000000
81007  -53.211  -4.646  -30.079 0.0000000000
81008  -55.591  -3.623  -29.601 0.0000000000
81009  -56.160  -3.730  -29.762 0.0000000000
82000  -59.028  -1.047  -27.732 0.0000000000
82001  -59.883  -1.410  -27.790 0.0000000000
82021  -59.163  -1.490  -28.249 0.0000000000
82022  -59.131  -1.348  -27.973 0.0000000000
82023  -60.255  -2.020  -28.406 0.0000000000
82033  -53.503  -4.122  -29.816 0.0000000000
82034  -53.666  -4.043  -29.648 0.0000000000
82035  -54.068  -3.843  -29.370 0.0000000000
82036  -54.685  -3.689  -29.388 0.0000000000
82045  -53.085  -3.929  -30.354 0.0000000000
82046  -53.318  -3.911  -29.931 0.0000000000
82047  -53.688  -3.483  -29.770 0.0000000000
82048  -54.269  -3.184  -29.667 0.0000000000
82049  -55.357  -3.129  -29.914 0.0000000000
82060  -55.583  -2.514  -30.520 0.0000000000
83086  -57.922  -0.529  -27.766 0.0000000000
83087  -58.437  -0.640  -27.691 0.0000000000
83088  -59.277  -0.803  -27.487 0.0000000000
83112  -57.650  -0.688  -28.221 0.0000000000
83113  -58.203  -0.955  -28.047 0.0000000000
83114  -58.666  -0.992  -27.851 0.0000000000
83125  -58.122  -1.017  -28.503 0.0000000000
83126  -59.311  -1.533  -28.813 0.0000000000
83133  -53.223  -3.584  -30.289 0.0000000000
83134  -53.331  -3.260  -30.170 0.0000000000
83135  -53.739  -2.817  -30.051 0.0000000000
83136  -54.397  -2.528  -30.146 0.0000000000
83137  -55.059  -2.324  -30.395 0.0000000000
83138  -58.387  -1.063  -28.954 0.0000000000
83145  -53.026  -3.282  -30.600 0.0000000000
83146  -53.323  -2.678  -30.551 0.0000000000
83147  -53.776  -2.157  -30.539 0.0000000000
83148  -54.509  -1.815  -30.675 0.0000000000
83149  -55.612  -1.882  -31.059 0.0000000000
83150  -56.753  -2.292  -31.729 0.0000000000
83159  -56.300  -1.563  -31.881 0.0000000000
83160  -57.382  -1.781  -32.571 0.0000000000
84115  -56.991  0.302  -27.618 0.0000000000
84116  -57.612  -0.046  -27.588 0.0000000000
84117  -58.527  -0.109  -27.360 0.0000000000
84148  -55.881  0.580  -28.193 0.0000000000
84149  -56.135  0.444  -28.097 0.0000000000
84150  -56.994  -0.076  -27.931 0.0000000000
84151  -57.637  -0.424  -27.809 0.0000000000
84167  -56.027  0.468  -28.314 0.0000000000
84168  -56.505  0.144  -28.435 0.0000000000
84169  -57.471  -0.574  -28.617 0.0000000000
84176  -57.007  -0.163  -28.965 0.0000000000
84177  -58.257  -0.564  -29.479 0.0000000000
84178  -59.824  -0.793  -30.160 0.0000000000
84185  -52.957  -2.610  -30.928 0.0000000000
84186  -53.272  -2.012  -30.978 0.0000000000
84187  -53.818  -1.348  -31.099 0.0000000000
84188  -54.705  -1.080  -31.336 0.0000000000
84189  -55.579  -1.172  -31.702 0.0000000000
84190  -59.061  -0.165  -30.177 0.0000000000
84191  -60.388  0.093  -30.836 0.0000000000
84192  -61.351  0.228  -31.720 0.0000000000
84193  -61.714  -0.546  -31.608 0.0000000000
85189  -57.039  0.599  -27.467 0.0000000000
85190  -57.709  0.624  -27.338 0.0000000000
85216  -55.752  0.773  -28.114 0.0000000000
85217  -55.980  0.755  -27.869 0.0000000000
85218  -56.474  0.777  -27.590 0.0000000000
85241  -55.827  0.652  -28.462 0.0000000000
85242  -56.361  0.266  -28.859 0.0000000000
85255  -55.968  0.632  -29.013 0.0000000000
85256  -56.928  0.340  -29.421 0.0000000000
85257  -58.091  0.118  -29.928 0.0000000000
85268  -57.603  0.665  -29.975 0.0000000000
85269  -59.029  0.693  -30.454 0.0000000000
85270  -60.686  0.841  -31.376 0.0000000000
86313  -55.923  1.832  -27.486 0.0000000000
86314  -56.620  1.401  -27.413 0.0000000000
86315  -57.920  1.424  -27.241 0.0000000000
86336  -54.657  1.933  -28.472 0.0000000000
86337  -55.205  1.474  -28.231 0.0000000000
86338  -55.831  1.460  -27.640 0.0000000000
86339  -56.257  1.186  -27.505 0.0000000000
86359  -54.738  1.745  -28.838 0.0000000000
86360  -55.379  1.044  -28.797 0.0000000000
86373  -54.862  2.068  -29.491 0.0000000000
86374  -55.857  1.198  -29.481 0.0000000000
86375  -56.868  0.880  -29.797 0.0000000000
86383  -54.906  2.377  -29.854 0.0000000000
86384  -55.679  2.062  -29.990 0.0000000000
86385  -57.429  1.514  -30.251 0.0000000000
86386  -59.711  1.624  -31.174 0.0000000000
87319  -55.170  2.972  -27.556 0.0000000000
87320  -55.829  2.511  -27.492 0.0000000000
87321  -57.089  2.421  -27.366 0.0000000000
87345  -53.758  3.586  -28.725 0.0000000000
87346  -54.306  2.702  -28.481 0.0000000000
87347  -55.027  2.455  -27.730 0.0000000000
87348  -55.606  2.040  -27.570 0.0000000000
87371  -53.745  3.365  -29.064 0.0000000000
87372  -54.205  2.578  -29.173 0.0000000000
87390  -53.880  3.270  -29.583 0.0000000000
87391  -54.399  2.675  -29.724 0.0000000000
87399  -54.150  3.200  -30.066 0.0000000000
87400  -54.996  2.806  -30.231 0.0000000000
87401  -56.616  2.725  -30.546 0.0000000000
87402  -58.386  2.363  -30.974 0.0000000000
87410  -57.868  3.120  -31.111 0.0000000000
88319  -55.299  3.681  -27.546 0.0000000000
88320  -56.392  3.514  -27.467 0.0000000000
88343  -53.806  4.059  -28.396 0.0000000000
88344  -54.311  3.520  -27.932 0.0000000000
88345  -54.802  3.356  -27.684 0.0000000000
88367  -53.207  5.009  -29.228 0.0000000000
88368  -53.427  4.359  -28.994 0.0000000000
88385  -53.244  4.791  -29.515 0.0000000000
88386  -53.503  4.019  -29.524 0.0000000000
88397  -53.319  4.549  -29.918 0.0000000000
88398  -53.697  3.931  -30.098 0.0000000000
88399  -54.496  3.710  -30.505 0.0000000000
88400  -55.542  3.371  -30.671 0.0000000000
88408  -55.292  3.967  -31.017 0.0000000000
88409  -56.662  3.730  -31.127 0.0000000000
89338  -54.983  4.683  -27.588 0.0000000000
89339  -55.802  4.574  -27.557 0.0000000000
89362  -53.653  4.888  -28.220 0.0000000000
89363  -53.953  4.491  -27.962 0.0000000000
89364  -54.484  4.290  -27.746 0.0000000000
89387  -53.183  5.315  -29.001 0.0000000000
89388  -53.444  4.992  -28.600 0.0000000000
89408  -53.007  5.632  -29.471 0.0000000000
89421  -53.081  5.299  -29.970 0.0000000000
89422  -53.478  4.932  -30.458 0.0000000000
89423  -53.928  4.259  -30.517 0.0000000000
89432  -53.752  5.244  -30.989 0.0000000000
89433  -54.397  4.609  -31.037 0.0000000000
89434  -55.791  4.624  -31.524 0.0000000000
90347  -53.893  5.640  -27.891 0.0000000000
90348  -54.385  5.441  -27.738 0.0000000000
90349  -55.222  5.534  -27.647 0.0000000000
90369  -53.197  6.390  -28.576 0.0000000000
90370  -53.498  5.732  -28.359 0.0000000000
90371  -53.738  5.267  -27.984 0.0000000000
90372  -54.021  4.999  -27.813 0.0000000000
90393  -52.885  6.889  -29.307 0.0000000000
90394  -52.969  6.319  -29.032 0.0000000000
90395  -53.297  5.744  -28.736 0.0000000000
90416  -52.810  7.058  -29.633 0.0000000000
90417  -52.879  6.455  -29.501 0.0000000000
90434  -52.752  7.203  -29.870 0.0000000000
90435  -52.810  6.474  -30.087 0.0000000000
90436  -53.076  5.670  -30.362 0.0000000000
90446  -52.854  6.786  -30.559 0.0000000000
90447  -53.308  6.149  -30.932 0.0000000000
90448  -54.283  5.487  -31.358 0.0000000000
90449  -54.933  5.077  -31.506 0.0000000000
90457  -53.605  6.656  -31.421 0.0000000000
90458  -54.197  6.309  -31.609 0.0000000000
90459  -55.582  5.755  -31.902 0.0000000000
91307  -53.426  7.268  -27.901 0.0000000000
91308  -53.820  6.614  -27.865 0.0000000000
91309  -54.632  6.511  -27.732 0.0000000000
91327  -52.764  7.959  -28.936 0.0000000000
91328  -52.920  7.315  -28.719 0.0000000000
91329  -53.301  6.896  -28.137 0.0000000000
91330  -53.632  6.009  -28.006 0.0000000000
91351  -52.790  7.634  -29.261 0.0000000000
91352  -52.849  7.021  -29.071 0.0000000000
91372  -52.691  7.737  -29.711 0.0000000000
91390  -52.606  7.558  -30.034 0.0000000000
91391  -52.672  7.379  -30.397 0.0000000000
91402  -52.868  7.237  -30.844 0.0000000000
91403  -53.295  7.163  -31.314 0.0000000000
91414  -53.920  7.108  -31.793 0.0000000000
91415  -54.926  6.890  -32.107 0.0000000000
92300  -53.559  7.744  -27.813 0.0000000000
92301  -54.142  7.564  -27.731 0.0000000000
92318  -52.753  8.355  -28.701 0.0000000000
92319  -52.954  8.029  -28.271 0.0000000000
92320  -53.218  7.879  -27.969 0.0000000000
92341  -52.585  8.549  -29.047 0.0000000000
92357  -52.532  8.563  -29.474 0.0000000000
92374  -52.403  8.417  -29.881 0.0000000000
92375  -52.430  8.227  -30.253 0.0000000000
92385  -52.574  8.091  -30.674 0.0000000000
92386  -52.946  8.017  -31.187 0.0000000000
92398  -53.571  7.967  -31.700 0.0000000000
92399  -54.505  7.925  -32.200 0.0000000000
93244  -53.299  8.662  -27.896 0.0000000000
93245  -53.749  8.593  -27.739 0.0000000000
93264  -52.531  9.253  -28.786 0.0000000000
93265  -52.773  9.047  -28.451 0.0000000000
93266  -53.007  8.795  -28.102 0.0000000000
93289  -52.138  10.268  -29.168 0.0000000000
93290  -52.285  9.590  -29.150 0.0000000000
93302  -52.141  10.108  -29.352 0.0000000000
93303  -52.201  9.463  -29.653 0.0000000000
93319  -52.205  9.081  -30.094 0.0000000000
93320  -52.311  8.929  -30.451 0.0000000000
93330  -52.687  8.929  -30.930 0.0000000000
93331  -53.284  8.888  -31.475 0.0000000000
93344  -54.013  8.867  -32.013 0.0000000000
94158  -52.875  10.083  -27.934 0.0000000000
94159  -53.319  9.638  -27.800 0.0000000000
94160  -54.004  9.529  -27.665 0.0000000000
94180  -52.228  10.589  -28.624 0.0000000000
94181  -52.524  10.007  -28.524 0.0000000000
94182  -52.774  9.817  -28.204 0.0000000000
94183  -53.045  9.394  -27.979 0.0000000000
94200  -52.042  10.592  -28.910 0.0000000000
94201  -52.301  10.001  -28.801 0.0000000000
94210  -51.989  10.756  -29.227 0.0000000000
94211  -51.975  10.473  -29.552 0.0000000000
94228  -52.041  10.126  -30.025 0.0000000000
94229  -52.146  9.483  -30.266 0.0000000000
94241  -52.052  10.577  -30.316 0.0000000000
94242  -52.365  9.971  -30.607 0.0000000000
94243  -53.052  9.851  -31.265 0.0000000000
94255  -53.724  9.803  -31.848 0.0000000000
95074  -51.748  11.804  -28.240 0.0000000000
95075  -51.903  11.444  -28.092 0.0000000000
95076  -52.405  10.860  -27.996 0.0000000000
95077  -52.926  10.719  -27.771 0.0000000000
95078  -53.572  10.541  -27.615 0.0000000000
95099  -51.876  11.459  -28.505 0.0000000000
95100  -52.200  10.779  -28.274 0.0000000000
95101  -52.520  10.396  -28.283 0.0000000000
95118  -51.711  11.556  -28.971 0.0000000000
95123  -51.679  11.472  -29.413 0.0000000000
95124  -51.818  10.969  -29.735 0.0000000000
95140  -51.565  11.606  -29.765 0.0000000000
95141  -51.817  11.201  -30.124 0.0000000000
95154  -52.185  11.106  -30.637 0.0000000000
95155  -52.898  11.003  -31.264 0.0000000000
95156  -53.490  10.582  -31.695 0.0000000000
96009  -51.691  11.992  -28.090 0.0000000000
96010  -51.851  11.967  -27.882 0.0000000000
96011  -52.462  11.679  -27.685 0.0000000000
96012  -53.125  11.510  -27.507 0.0000000000
96038  -51.404  12.241  -28.188 0.0000000000
96039  -51.421  12.351  -27.941 0.0000000000
96059  -51.051  12.941  -28.829 0.0000000000
96060  -51.329  12.429  -28.618 0.0000000000
96071  -50.977  13.179  -29.018 0.0000000000
96072  -51.186  12.560  -29.164 0.0000000000
96088  -51.268  12.326  -29.652 0.0000000000
96089  -51.440  12.150  -30.083 0.0000000000
96106  -51.816  12.004  -30.563 0.0000000000
96107  -52.441  12.004  -31.129 0.0000000000
96965  -50.898  13.317  -27.829 0.0000000000
96966  -51.273  12.853  -27.804 0.0000000000
96967  -51.967  12.592  -27.554 0.0000000000
96968  -52.707  12.435  -27.403 0.0000000000
96993  -50.694  13.805  -28.495 0.0000000000
96994  -50.895  13.131  -28.133 0.0000000000
96995  -51.150  12.606  -27.947 0.0000000000
97018  -50.837  13.587  -28.794 0.0000000000
97019  -50.962  12.988  -28.563 0.0000000000
97033  -50.826  13.646  -29.323 0.0000000000
97034  -50.985  13.087  -29.574 0.0000000000
97050  -50.828  13.810  -29.759 0.0000000000
97051  -51.072  13.226  -30.104 0.0000000000
97052  -51.412  12.702  -30.503 0.0000000000
97072  -51.285  13.368  -30.687 0.0000000000
97962  -50.996  13.603  -27.664 0.0000000000
97963  -51.563  13.411  -27.508 0.0000000000
97964  -52.307  13.295  -27.361 0.0000000000
97965  -53.173  13.258  -27.345 0.0000000000
97990  -50.524  14.075  -28.255 0.0000000000
97991  -50.712  13.792  -27.905 0.0000000000
98014  -49.792  14.777  -29.039 0.0000000000
98015  -50.269  14.335  -28.698 0.0000000000
98031  -49.684  15.117  -29.541 0.0000000000
98032  -50.307  14.375  -29.218 0.0000000000
98048  -49.838  15.328  -29.902 0.0000000000
98049  -50.310  14.747  -29.871 0.0000000000
98050  -50.738  14.209  -30.126 0.0000000000
98069  -50.454  14.801  -30.405 0.0000000000
98070  -50.859  14.263  -30.755 0.0000000000
99009  -50.767  14.273  -27.731 0.0000000000
99010  -51.262  14.167  -27.546 0.0000000000
99011  -51.958  14.097  -27.429 0.0000000000
99012  -52.814  14.096  -27.416 0.0000000000
99024  -49.511  15.223  -28.696 0.0000000000
99025  -50.002  14.807  -28.389 0.0000000000
99026  -50.405  14.483  -27.973 0.0000000000
99041  -48.908  15.777  -29.320 0.0000000000
99042  -49.261  15.330  -29.052 0.0000000000
99043  -49.721  14.870  -28.775 0.0000000000
99062  -48.918  16.023  -29.740 0.0000000000
99063  -49.199  15.601  -29.562 0.0000000000
99081  -48.903  16.268  -30.076 0.0000000000
99082  -49.392  15.877  -30.117 0.0000000000
99083  -49.844  15.407  -30.139 0.0000000000
99101  -49.369  16.051  -30.577 0.0000000000
99102  -49.848  15.563  -30.696 0.0000000000
99103  -50.354  14.955  -30.863 0.0000000000
99118  -49.802  15.829  -31.444 0.0000000000
100125  -50.536  14.805  -27.800 0.0000000000
100126  -50.936  14.870  -27.613 0.0000000000
100127  -51.625  14.833  -27.535 0.0000000000
100128  -52.451  14.865  -27.507 0.0000000000
100135  -49.143  15.670  -28.764 0.0000000000
100136  -49.598  15.485  -28.437 0.0000000000
100137  -50.154  15.225  -27.986 0.0000000000
100138  -50.594  15.222  -27.772 0.0000000000
100150  -48.735  16.252  -29.393 0.0000000000
100151  -48.841  15.881  -28.989 0.0000000000
100170  -48.581  16.524  -29.906 0.0000000000
100189  -48.698  16.651  -30.494 0.0000000000
100190  -49.155  16.276  -30.542 0.0000000000
100208  -48.093  16.924  -31.281 0.0000000000
100209  -49.034  16.365  -31.058 0.0000000000
100210  -49.500  16.063  -31.217 0.0000000000
100221  -47.712  17.156  -31.760 0.0000000000
100222  -48.243  16.874  -32.064 0.0000000000
101218  -50.833  15.358  -27.700 0.0000000000
101219  -51.263  15.456  -27.676 0.0000000000
101220  -52.077  15.564  -27.662 0.0000000000
101221  -53.011  15.647  -27.715 0.0000000000
101227  -48.872  16.003  -28.777 0.0000000000
101228  -49.169  16.093  -28.609 0.0000000000
101229  -49.825  15.982  -28.254 0.0000000000
101230  -50.660  15.882  -27.914 0.0000000000
101231  -51.643  16.214  -27.889 0.0000000000
101232  -52.659  16.339  -27.961 0.0000000000
101245  -48.434  16.844  -29.643 0.0000000000
101246  -48.762  16.472  -29.005 0.0000000000
101247  -49.011  16.552  -28.713 0.0000000000
101261  -47.446  17.520  -30.594 0.0000000000
101262  -48.011  17.101  -30.216 0.0000000000
101277  -47.055  17.629  -31.014 0.0000000000
101278  -47.737  17.171  -30.837 0.0000000000
101298  -46.823  17.844  -31.606 0.0000000000
101299  -47.427  17.374  -31.446 0.0000000000
101308  -46.743  18.132  -32.056 0.0000000000
101309  -47.418  17.719  -32.301 0.0000000000
102394  -49.431  16.580  -28.559 0.0000000000
102395  -50.192  16.625  -28.378 0.0000000000
102396  -51.152  16.889  -28.346 0.0000000000
102397  -52.289  17.012  -28.341 0.0000000000
102407  -48.000  17.431  -29.917 0.0000000000
102408  -48.432  17.192  -29.454 0.0000000000
102409  -48.933  17.046  -28.927 0.0000000000
102410  -49.730  17.185  -28.740 0.0000000000
102411  -50.480  17.228  -28.629 0.0000000000
102420  -46.952  17.936  -30.629 0.0000000000
102421  -47.492  17.676  -30.238 0.0000000000
102433  -46.064  18.689  -31.603 0.0000000000
102434  -46.455  18.219  -31.189 0.0000000000
102450  -45.992  18.885  -32.098 0.0000000000
102451  -46.362  18.373  -31.829 0.0000000000
102462  -46.034  19.160  -32.496 0.0000000000
102463  -46.622  18.722  -32.605 0.0000000000
102464  -47.277  18.316  -32.780 0.0000000000
102481  -46.792  19.080  -33.274 0.0000000000
103525  -51.063  17.562  -28.784 0.0000000000
103526  -51.937  17.675  -28.755 0.0000000000
103527  -53.094  17.849  -28.800 0.0000000000
103536  -47.613  17.872  -30.008 0.0000000000
103537  -48.020  17.826  -29.827 0.0000000000
103538  -48.652  17.685  -29.557 0.0000000000
103539  -49.387  17.700  -29.302 0.0000000000
103540  -50.382  17.831  -29.129 0.0000000000
103541  -51.478  18.164  -29.248 0.0000000000
103542  -52.686  18.396  -29.407 0.0000000000
103557  -46.568  18.588  -30.739 0.0000000000
103558  -47.177  18.273  -30.249 0.0000000000
103559  -47.589  18.185  -29.983 0.0000000000
103570  -45.862  19.223  -31.783 0.0000000000
103571  -46.075  18.911  -31.231 0.0000000000
103579  -45.919  19.530  -32.369 0.0000000000
103587  -46.035  19.682  -33.056 0.0000000000
103588  -46.477  19.279  -33.104 0.0000000000
103600  -45.950  20.270  -33.896 0.0000000000
103601  -46.572  19.648  -33.657 0.0000000000
104519  -47.841  18.265  -29.908 0.0000000000
104520  -48.222  18.280  -29.846 0.0000000000
104521  -48.951  18.286  -29.763 0.0000000000
104522  -49.839  18.341  -29.746 0.0000000000
104523  -50.868  18.539  -29.798 0.0000000000
104524  -52.056  18.830  -29.960 0.0000000000
104538  -46.258  19.311  -30.918 0.0000000000
104539  -46.817  19.013  -30.483 0.0000000000
104540  -47.582  18.740  -30.117 0.0000000000
104541  -48.415  18.892  -30.038 0.0000000000
104542  -49.284  18.965  -30.045 0.0000000000
104543  -50.250  19.017  -30.259 0.0000000000
104544  -51.326  19.162  -30.515 0.0000000000
104545  -52.487  19.313  -30.877 0.0000000000
104555  -45.812  19.937  -32.119 0.0000000000
104556  -45.892  19.619  -31.466 0.0000000000
104561  -45.496  21.057  -33.292 0.0000000000
104562  -45.697  20.446  -32.955 0.0000000000
104566  -45.330  21.053  -33.624 0.0000000000
104567  -45.610  20.586  -33.634 0.0000000000
105445  -46.547  19.641  -30.771 0.0000000000
105446  -47.107  19.540  -30.558 0.0000000000
105447  -47.901  19.487  -30.454 0.0000000000
105448  -48.776  19.502  -30.485 0.0000000000
105449  -49.674  19.532  -30.593 0.0000000000
105450  -50.628  19.674  -30.869 0.0000000000
105451  -51.758  19.663  -31.283 0.0000000000
105452  -52.931  19.770  -31.641 0.0000000000
105465  -45.860  20.328  -31.861 0.0000000000
105466  -46.167  20.110  -31.271 0.0000000000
105467  -46.681  20.206  -30.925 0.0000000000
105468  -47.392  20.188  -30.803 0.0000000000
105469  -48.293  20.179  -30.786 0.0000000000
105470  -49.251  20.160  -30.832 0.0000000000
105471  -49.999  20.065  -30.913 0.0000000000
105474  -45.519  21.120  -33.027 0.0000000000
105475  -45.837  20.671  -32.502 0.0000000000
105479  -45.197  21.514  -33.532 0.0000000000
106289  -50.420  20.162  -31.137 0.0000000000
106290  -51.073  20.226  -31.430 0.0000000000
106291  -52.233  20.283  -31.977 0.0000000000
106304  -45.914  20.827  -32.240 0.0000000000
106305  -45.977  20.920  -31.907 0.0000000000
106306  -46.371  20.805  -31.466 0.0000000000
106307  -46.934  20.851  -31.182 0.0000000000
106308  -47.765  20.881  -31.118 0.0000000000
106309  -48.785  20.906  -31.113 0.0000000000
106310  -50.076  20.754  -31.319 0.0000000000
106311  -51.388  21.017  -31.913 0.0000000000
106312  -52.732  21.266  -32.345 0.0000000000
106322  -45.297  21.647  -33.176 0.0000000000
106323  -45.705  21.371  -32.646 0.0000000000
106324  -45.884  21.570  -32.255 0.0000000000
107139  -46.128  21.356  -31.895 0.0000000000
107140  -46.499  21.453  -31.681 0.0000000000
107141  -47.208  21.522  -31.559 0.0000000000
107142  -48.140  21.585  -31.545 0.0000000000
107143  -49.251  21.616  -31.694 0.0000000000
107144  -50.490  21.703  -32.025 0.0000000000
107145  -51.803  21.825  -32.648 0.0000000000
107159  -45.167  22.074  -33.084 0.0000000000
107160  -45.481  22.070  -32.639 0.0000000000
107161  -45.945  22.042  -32.170 0.0000000000
107162  -46.613  22.187  -31.917 0.0000000000
107163  -47.476  22.292  -31.850 0.0000000000
107164  -48.502  22.379  -31.935 0.0000000000
107165  -49.638  22.430  -32.236 0.0000000000
107166  -50.867  22.517  -32.690 0.0000000000
144062  -60.580  -8.694  -30.169 0.0000000000
144063  -59.715  -7.565  -29.983 0.0000000000
144066  -59.523  -6.777  -30.017 0.0000000000
144067  -60.331  -7.366  -30.301 0.0000000000
144071  -61.926  -10.320  -30.561 0.0000000000
144081  -59.410  -3.889  -33.178 0.0000000000
144082  -60.029  -4.123  -33.740 0.0000000000
144083  -58.738  -4.146  -32.217 0.0000000000
144085  -56.259  -3.305  -30.286 0.0000000000
144087  -59.034  -0.915  -29.702 0.0000000000
144088  -56.390  -2.867  -30.908 0.0000000000
144089  -60.517  -2.097  -29.092 0.0000000000
144090  -59.280  -1.153  -29.502 0.0000000000
144091  -58.090  -3.444  -32.242 0.0000000000
144092  -59.788  -3.324  -33.765 0.0000000000
144094  -57.629  -3.704  -31.288 0.0000000000
144095  -61.358  -1.707  -30.203 0.0000000000
