#!ascii label  , from subject Yale_0050575 vox2ras=TkReg
1787
2056  11.610  -87.268  -2.567 0.0000000000
2057  11.248  -87.639  -2.499 0.0000000000
2058  10.826  -87.960  -2.656 0.0000000000
2059  10.358  -88.449  -2.457 0.0000000000
2060  10.054  -88.784  -2.414 0.0000000000
2072  10.642  -87.790  -3.041 0.0000000000
2073  10.375  -88.013  -2.927 0.0000000000
2074  10.192  -88.138  -2.838 0.0000000000
2523  12.023  -87.196  -2.497 0.0000000000
2524  9.733  -89.087  -1.762 0.0000000000
2534  12.315  -86.785  -2.858 0.0000000000
2535  11.855  -86.812  -2.936 0.0000000000
2536  11.506  -87.005  -3.008 0.0000000000
2537  11.212  -87.264  -3.047 0.0000000000
2538  10.067  -88.312  -2.736 0.0000000000
2539  9.946  -88.604  -2.440 0.0000000000
2552  11.846  -86.569  -3.406 0.0000000000
2553  11.526  -86.710  -3.515 0.0000000000
2554  11.038  -87.160  -3.387 0.0000000000
2555  10.710  -87.453  -3.412 0.0000000000
2556  10.313  -87.843  -3.126 0.0000000000
2557  10.134  -87.969  -3.175 0.0000000000
3023  11.690  -87.860  -1.485 0.0000000000
3037  11.663  -87.401  -1.991 0.0000000000
3038  11.349  -87.691  -2.065 0.0000000000
3039  10.648  -88.356  -1.876 0.0000000000
3051  11.161  -87.670  -2.502 0.0000000000
3052  10.788  -87.988  -2.569 0.0000000000
3053  10.130  -88.588  -2.073 0.0000000000
3065  13.602  -86.558  -2.686 0.0000000000
3066  10.656  -87.799  -2.991 0.0000000000
3067  10.126  -88.437  -2.487 0.0000000000
3074  15.114  -85.944  -3.000 0.0000000000
3075  14.402  -85.843  -3.635 0.0000000000
3076  13.039  -86.373  -3.364 0.0000000000
3077  12.232  -86.474  -3.353 0.0000000000
3078  10.388  -87.658  -3.285 0.0000000000
3079  10.131  -88.059  -2.975 0.0000000000
3089  14.385  -85.294  -4.636 0.0000000000
3090  13.606  -85.659  -4.434 0.0000000000
3091  12.341  -86.009  -4.132 0.0000000000
3092  11.523  -86.467  -3.961 0.0000000000
3093  11.121  -86.863  -3.886 0.0000000000
3094  10.800  -87.168  -3.771 0.0000000000
3095  10.453  -87.581  -3.468 0.0000000000
3096  10.218  -87.816  -3.341 0.0000000000
3112  12.268  -85.662  -4.577 0.0000000000
3113  11.899  -85.931  -4.386 0.0000000000
3114  11.458  -86.293  -4.276 0.0000000000
3115  11.147  -86.602  -4.189 0.0000000000
3613  12.937  -86.061  -0.905 0.0000000000
3614  12.519  -86.919  -1.401 0.0000000000
3626  12.745  -85.729  -1.659 0.0000000000
3627  11.989  -86.658  -2.278 0.0000000000
3628  11.514  -87.271  -2.557 0.0000000000
3640  11.980  -86.192  -2.965 0.0000000000
3641  11.498  -86.932  -3.113 0.0000000000
3642  10.962  -87.455  -3.055 0.0000000000
3653  15.500  -85.598  -2.409 0.0000000000
3654  15.449  -85.775  -2.890 0.0000000000
3655  11.396  -86.663  -3.782 0.0000000000
3656  11.045  -87.158  -3.366 0.0000000000
3665  15.607  -85.025  -2.887 0.0000000000
3666  15.332  -85.204  -3.529 0.0000000000
3667  14.899  -85.174  -4.371 0.0000000000
3668  11.234  -86.600  -4.033 0.0000000000
3669  10.865  -87.057  -3.667 0.0000000000
3677  14.990  -84.641  -4.422 0.0000000000
3678  14.627  -84.670  -4.955 0.0000000000
3679  13.920  -84.900  -5.185 0.0000000000
3680  13.186  -85.304  -4.935 0.0000000000
3681  10.996  -86.615  -4.326 0.0000000000
3682  10.655  -87.329  -3.843 0.0000000000
3698  13.340  -84.679  -5.357 0.0000000000
3699  12.648  -85.178  -5.009 0.0000000000
3700  12.244  -85.430  -4.661 0.0000000000
3701  11.747  -85.880  -4.603 0.0000000000
3702  11.442  -86.155  -4.489 0.0000000000
4157  13.780  -85.098  -0.299 0.0000000000
4158  13.353  -85.611  -0.641 0.0000000000
4170  14.776  -84.235  0.814 0.0000000000
4171  13.882  -84.356  -1.066 0.0000000000
4172  13.414  -84.858  -1.195 0.0000000000
4182  14.548  -84.483  0.089 0.0000000000
4183  13.182  -84.785  -1.943 0.0000000000
4184  12.693  -85.372  -2.293 0.0000000000
4193  15.257  -85.164  -0.709 0.0000000000
4194  13.235  -84.494  -2.573 0.0000000000
4195  12.536  -85.403  -2.951 0.0000000000
4196  12.124  -85.897  -3.376 0.0000000000
4205  15.373  -84.827  -2.041 0.0000000000
4206  13.095  -84.378  -3.155 0.0000000000
4207  12.617  -84.885  -3.643 0.0000000000
4208  11.947  -85.935  -3.812 0.0000000000
4220  15.204  -84.465  -3.177 0.0000000000
4221  15.042  -84.171  -4.038 0.0000000000
4222  12.381  -84.978  -4.248 0.0000000000
4223  11.737  -86.096  -4.246 0.0000000000
4232  14.657  -83.847  -4.800 0.0000000000
4233  14.141  -83.914  -5.371 0.0000000000
4234  13.772  -84.371  -5.477 0.0000000000
4235  12.192  -85.375  -4.542 0.0000000000
4236  11.641  -85.977  -4.457 0.0000000000
4246  13.869  -83.487  -5.508 0.0000000000
4247  13.576  -83.917  -5.487 0.0000000000
4248  12.979  -84.355  -5.328 0.0000000000
4249  12.523  -84.809  -5.088 0.0000000000
4250  12.310  -85.209  -4.677 0.0000000000
4251  11.953  -85.749  -4.554 0.0000000000
4712  14.447  -84.177  -0.020 0.0000000000
4719  14.679  -83.578  0.881 0.0000000000
4720  14.150  -83.936  -1.185 0.0000000000
4721  14.112  -84.164  -1.479 0.0000000000
4728  14.337  -83.542  0.002 0.0000000000
4729  14.026  -83.495  -1.833 0.0000000000
4730  14.195  -83.841  -2.115 0.0000000000
4739  14.197  -83.866  -1.080 0.0000000000
4740  13.835  -83.757  -2.915 0.0000000000
4749  14.205  -83.649  -2.430 0.0000000000
4750  13.591  -83.603  -3.570 0.0000000000
4751  12.918  -84.129  -4.035 0.0000000000
4763  14.641  -83.521  -3.452 0.0000000000
4764  14.452  -83.293  -4.146 0.0000000000
4765  13.577  -83.295  -4.124 0.0000000000
4766  12.856  -84.029  -4.389 0.0000000000
4775  14.257  -83.069  -4.682 0.0000000000
4776  14.291  -83.320  -5.108 0.0000000000
4777  13.206  -83.412  -4.545 0.0000000000
4778  12.605  -84.423  -4.660 0.0000000000
4785  13.998  -82.979  -4.888 0.0000000000
4786  13.948  -83.139  -5.162 0.0000000000
4787  13.669  -83.251  -5.246 0.0000000000
4788  13.295  -83.571  -5.186 0.0000000000
4789  12.870  -84.062  -5.003 0.0000000000
4790  12.437  -84.754  -4.870 0.0000000000
5350  14.196  -82.890  0.406 0.0000000000
5364  15.223  -82.929  1.317 0.0000000000
5365  14.357  -83.446  0.171 0.0000000000
5366  14.169  -82.629  -0.248 0.0000000000
5378  14.267  -82.657  0.231 0.0000000000
5379  14.137  -83.329  -0.708 0.0000000000
5380  14.101  -82.399  -1.219 0.0000000000
5388  14.199  -82.462  -1.089 0.0000000000
5389  13.956  -81.923  -1.800 0.0000000000
5390  14.189  -83.178  -1.476 0.0000000000
5391  14.081  -82.770  -2.126 0.0000000000
5399  14.221  -82.736  -2.045 0.0000000000
5400  13.948  -82.104  -2.020 0.0000000000
5401  13.982  -82.890  -2.951 0.0000000000
5408  14.026  -82.777  -2.732 0.0000000000
5409  13.731  -82.146  -2.654 0.0000000000
5410  13.871  -82.723  -3.706 0.0000000000
5419  14.075  -83.082  -2.900 0.0000000000
5420  13.804  -82.545  -3.278 0.0000000000
5421  13.826  -82.717  -4.114 0.0000000000
5431  13.782  -82.515  -4.057 0.0000000000
5432  13.698  -82.310  -4.175 0.0000000000
5433  13.760  -82.854  -4.308 0.0000000000
5442  13.580  -82.858  -4.399 0.0000000000
5443  13.668  -82.608  -4.480 0.0000000000
5444  13.398  -82.743  -4.631 0.0000000000
5445  13.472  -82.880  -4.785 0.0000000000
5446  13.327  -83.098  -4.724 0.0000000000
6062  14.299  -82.866  0.725 0.0000000000
6063  14.331  -82.339  0.336 0.0000000000
6074  16.450  -81.507  1.415 0.0000000000
6075  15.857  -82.188  1.202 0.0000000000
6076  14.083  -82.060  -0.608 0.0000000000
6092  16.149  -81.054  0.649 0.0000000000
6093  15.326  -81.728  0.407 0.0000000000
6094  14.105  -81.643  -1.279 0.0000000000
6111  14.247  -81.629  -0.668 0.0000000000
6112  14.037  -81.577  -1.562 0.0000000000
6113  13.861  -81.717  -1.895 0.0000000000
6129  13.647  -81.519  -2.329 0.0000000000
6130  13.612  -81.850  -2.638 0.0000000000
6141  13.348  -81.449  -3.182 0.0000000000
6142  13.102  -81.030  -3.308 0.0000000000
6143  13.479  -82.117  -3.249 0.0000000000
6152  13.442  -81.998  -3.485 0.0000000000
6153  13.155  -81.327  -3.440 0.0000000000
6154  13.329  -82.162  -3.746 0.0000000000
6164  13.601  -82.237  -3.695 0.0000000000
6165  13.493  -81.754  -3.639 0.0000000000
6166  13.222  -81.354  -3.929 0.0000000000
6167  13.547  -82.120  -3.884 0.0000000000
6168  13.101  -82.356  -4.209 0.0000000000
6179  13.602  -82.090  -4.155 0.0000000000
6180  13.457  -81.910  -4.057 0.0000000000
6181  13.377  -82.330  -4.139 0.0000000000
6182  13.654  -82.555  -4.332 0.0000000000
6777  13.159  -81.253  1.410 0.0000000000
6791  17.412  -80.946  1.856 0.0000000000
6792  13.547  -81.713  0.802 0.0000000000
6793  12.897  -80.913  0.294 0.0000000000
6804  22.545  -79.806  2.900 0.0000000000
6805  20.251  -80.087  2.842 0.0000000000
6806  19.218  -80.160  2.146 0.0000000000
6807  17.855  -80.081  1.470 0.0000000000
6808  16.737  -80.522  1.062 0.0000000000
6809  13.698  -81.457  -0.496 0.0000000000
6810  12.655  -80.549  -0.827 0.0000000000
6819  17.017  -79.735  0.619 0.0000000000
6820  16.013  -80.390  -0.121 0.0000000000
6821  15.218  -81.136  -0.506 0.0000000000
6822  13.616  -80.921  -1.762 0.0000000000
6823  12.346  -80.174  -1.824 0.0000000000
6831  15.665  -79.966  -0.847 0.0000000000
6832  15.001  -80.549  -1.237 0.0000000000
6833  14.202  -81.137  -1.369 0.0000000000
6834  13.283  -81.089  -2.485 0.0000000000
6835  12.768  -80.347  -2.608 0.0000000000
6849  14.606  -80.247  -1.831 0.0000000000
6850  13.971  -80.766  -1.969 0.0000000000
6851  12.991  -80.985  -2.979 0.0000000000
6852  12.991  -80.583  -3.343 0.0000000000
6868  13.220  -80.922  -2.577 0.0000000000
6869  13.108  -80.797  -3.029 0.0000000000
6870  13.059  -81.292  -3.247 0.0000000000
6871  13.133  -80.588  -3.598 0.0000000000
6884  13.091  -80.854  -3.355 0.0000000000
6885  13.014  -80.964  -3.694 0.0000000000
6886  12.963  -80.211  -3.873 0.0000000000
6895  13.121  -81.051  -3.656 0.0000000000
6896  13.081  -81.118  -3.934 0.0000000000
6897  13.150  -81.268  -4.180 0.0000000000
6898  12.999  -80.928  -4.200 0.0000000000
6903  13.565  -81.569  -4.193 0.0000000000
6904  13.389  -81.833  -4.150 0.0000000000
7498  13.209  -81.104  2.144 0.0000000000
7507  12.810  -80.532  0.850 0.0000000000
7513  21.773  -79.897  3.066 0.0000000000
7514  21.015  -79.912  2.703 0.0000000000
7515  12.361  -80.193  -0.193 0.0000000000
7520  24.383  -79.610  2.726 0.0000000000
7521  23.083  -79.458  2.279 0.0000000000
7522  21.767  -79.615  2.019 0.0000000000
7523  20.250  -79.568  1.676 0.0000000000
7524  18.663  -79.275  0.960 0.0000000000
7525  17.713  -79.450  0.835 0.0000000000
7526  11.999  -79.851  -1.221 0.0000000000
7532  25.152  -78.960  2.220 0.0000000000
7533  23.706  -78.893  1.631 0.0000000000
7534  22.451  -79.086  1.086 0.0000000000
7535  21.102  -79.047  0.753 0.0000000000
7536  19.726  -78.718  0.429 0.0000000000
7537  18.565  -78.297  -0.107 0.0000000000
7538  17.492  -79.015  0.089 0.0000000000
7539  16.678  -79.550  -0.061 0.0000000000
7540  11.901  -79.683  -2.019 0.0000000000
7553  27.440  -79.273  1.425 0.0000000000
7554  18.413  -77.801  -0.583 0.0000000000
7555  17.683  -77.980  -0.889 0.0000000000
7556  16.271  -79.176  -0.804 0.0000000000
7557  15.468  -79.752  -1.174 0.0000000000
7558  11.962  -79.788  -2.578 0.0000000000
7565  17.542  -77.485  -1.612 0.0000000000
7566  16.766  -78.063  -2.021 0.0000000000
7567  15.202  -79.487  -1.843 0.0000000000
7568  14.465  -80.142  -2.159 0.0000000000
7569  12.109  -79.896  -3.277 0.0000000000
7578  16.619  -77.692  -2.912 0.0000000000
7579  15.694  -78.503  -2.946 0.0000000000
7580  14.191  -79.958  -2.825 0.0000000000
7581  13.521  -80.223  -3.373 0.0000000000
7582  12.486  -80.038  -3.786 0.0000000000
7596  14.980  -78.841  -3.525 0.0000000000
7597  14.257  -79.354  -3.684 0.0000000000
7598  13.624  -79.847  -3.895 0.0000000000
7599  13.079  -80.218  -4.107 0.0000000000
7600  12.289  -79.659  -4.199 0.0000000000
7615  13.370  -79.914  -4.192 0.0000000000
7616  13.027  -80.124  -4.296 0.0000000000
7617  12.965  -79.912  -4.372 0.0000000000
7618  12.532  -79.680  -4.374 0.0000000000
7619  12.144  -79.350  -4.469 0.0000000000
8116  13.717  -80.747  2.641 0.0000000000
8117  13.389  -80.861  2.407 0.0000000000
8126  14.658  -80.238  1.957 0.0000000000
8127  13.899  -80.169  1.802 0.0000000000
8128  13.277  -80.084  1.413 0.0000000000
8129  12.950  -80.319  1.206 0.0000000000
8136  12.686  -79.587  0.357 0.0000000000
8137  12.439  -79.926  0.164 0.0000000000
8140  12.191  -79.342  -0.627 0.0000000000
8141  12.086  -79.705  -0.610 0.0000000000
8147  12.044  -79.072  -1.224 0.0000000000
8148  11.942  -79.287  -1.307 0.0000000000
8155  25.561  -78.262  1.514 0.0000000000
8156  24.299  -78.210  1.044 0.0000000000
8157  23.069  -78.447  0.411 0.0000000000
8158  21.806  -78.490  0.005 0.0000000000
8159  20.495  -78.218  -0.201 0.0000000000
8160  19.353  -77.939  -0.389 0.0000000000
8161  18.754  -77.817  -0.511 0.0000000000
8162  11.819  -79.289  -1.943 0.0000000000
8174  29.642  -80.374  1.067 0.0000000000
8175  28.863  -79.209  0.840 0.0000000000
8176  28.306  -79.047  0.891 0.0000000000
8177  27.557  -78.466  0.908 0.0000000000
8178  26.368  -77.821  0.905 0.0000000000
8179  24.857  -77.551  0.438 0.0000000000
8180  23.636  -77.736  -0.169 0.0000000000
8181  22.430  -77.901  -0.657 0.0000000000
8182  21.147  -77.702  -0.815 0.0000000000
8183  19.916  -77.404  -0.944 0.0000000000
8184  18.738  -77.386  -0.916 0.0000000000
8185  18.034  -77.237  -1.426 0.0000000000
8186  11.754  -79.342  -2.479 0.0000000000
8197  28.487  -78.020  0.241 0.0000000000
8198  28.235  -77.915  0.209 0.0000000000
8199  27.625  -77.647  0.147 0.0000000000
8200  26.913  -77.357  0.160 0.0000000000
8201  19.351  -76.986  -1.415 0.0000000000
8202  18.651  -76.768  -1.623 0.0000000000
8203  17.764  -76.855  -2.141 0.0000000000
8204  17.091  -77.118  -2.653 0.0000000000
8205  11.651  -79.291  -3.107 0.0000000000
8211  17.560  -76.327  -2.994 0.0000000000
8212  16.946  -76.997  -3.254 0.0000000000
8213  16.315  -77.573  -3.392 0.0000000000
8214  11.806  -79.303  -3.890 0.0000000000
8223  17.259  -76.389  -3.539 0.0000000000
8224  16.701  -76.953  -3.854 0.0000000000
8225  15.865  -77.937  -3.894 0.0000000000
8226  15.004  -78.433  -4.092 0.0000000000
8227  14.368  -78.849  -4.166 0.0000000000
8228  12.091  -78.803  -4.628 0.0000000000
8229  11.927  -79.065  -4.484 0.0000000000
8242  16.349  -77.227  -4.390 0.0000000000
8243  15.750  -77.695  -4.545 0.0000000000
8244  15.006  -78.094  -4.581 0.0000000000
8245  14.122  -78.664  -4.452 0.0000000000
8246  13.493  -78.938  -4.560 0.0000000000
8247  12.934  -79.147  -4.660 0.0000000000
8248  12.378  -79.095  -4.622 0.0000000000
8249  12.128  -79.169  -4.592 0.0000000000
8741  15.322  -79.669  1.254 0.0000000000
8742  14.358  -79.600  1.185 0.0000000000
8743  13.588  -79.532  0.979 0.0000000000
8744  13.082  -79.465  0.628 0.0000000000
8751  16.206  -79.002  0.620 0.0000000000
8752  15.041  -79.271  0.511 0.0000000000
8753  14.106  -79.174  0.401 0.0000000000
8754  13.352  -79.114  0.228 0.0000000000
8755  12.871  -79.186  0.069 0.0000000000
8760  15.667  -78.879  -0.022 0.0000000000
8761  14.835  -78.983  -0.266 0.0000000000
8762  13.898  -78.932  -0.543 0.0000000000
8763  13.103  -78.939  -0.568 0.0000000000
8764  12.557  -79.072  -0.555 0.0000000000
8770  13.538  -78.606  -1.373 0.0000000000
8771  12.788  -78.693  -1.387 0.0000000000
8772  12.211  -78.857  -1.413 0.0000000000
8773  11.955  -78.958  -1.619 0.0000000000
8781  13.084  -78.225  -1.943 0.0000000000
8782  12.454  -78.233  -2.322 0.0000000000
8783  11.953  -78.664  -2.193 0.0000000000
8784  11.820  -78.966  -1.941 0.0000000000
8791  29.721  -79.004  1.224 0.0000000000
8792  28.950  -78.077  0.417 0.0000000000
8793  28.670  -78.074  0.311 0.0000000000
8794  25.207  -76.981  -0.210 0.0000000000
8795  24.161  -76.983  -0.714 0.0000000000
8796  22.994  -77.229  -1.265 0.0000000000
8797  21.748  -77.294  -1.526 0.0000000000
8798  20.541  -77.078  -1.514 0.0000000000
8799  19.853  -76.945  -1.463 0.0000000000
8800  12.275  -77.896  -2.955 0.0000000000
8801  11.948  -78.177  -3.103 0.0000000000
8802  11.717  -78.865  -2.638 0.0000000000
8814  28.701  -77.206  -0.413 0.0000000000
8815  28.381  -77.193  -0.542 0.0000000000
8816  27.673  -77.081  -0.750 0.0000000000
8817  26.871  -76.915  -0.814 0.0000000000
8818  25.924  -76.744  -0.632 0.0000000000
8819  24.718  -76.369  -1.283 0.0000000000
8820  23.545  -76.359  -1.874 0.0000000000
8821  22.286  -76.741  -2.178 0.0000000000
8822  21.032  -76.655  -2.183 0.0000000000
8823  19.647  -76.496  -1.992 0.0000000000
8824  18.561  -76.217  -2.149 0.0000000000
8825  18.097  -76.021  -2.582 0.0000000000
8826  11.820  -78.152  -3.845 0.0000000000
8827  11.692  -78.671  -3.530 0.0000000000
8834  28.193  -76.752  -1.549 0.0000000000
8835  27.830  -76.705  -1.630 0.0000000000
8836  27.070  -76.607  -1.788 0.0000000000
8837  25.983  -76.240  -1.832 0.0000000000
8838  25.312  -76.254  -1.515 0.0000000000
8839  23.358  -75.866  -2.612 0.0000000000
8840  22.648  -76.130  -2.736 0.0000000000
8841  21.602  -76.227  -2.864 0.0000000000
8842  20.399  -76.020  -2.790 0.0000000000
8843  19.010  -75.715  -2.871 0.0000000000
8844  18.076  -75.665  -3.078 0.0000000000
8845  12.079  -78.046  -4.211 0.0000000000
8846  11.751  -78.546  -4.267 0.0000000000
8852  18.417  -75.328  -3.427 0.0000000000
8853  17.802  -75.630  -3.670 0.0000000000
8854  17.327  -76.240  -3.968 0.0000000000
8855  12.959  -78.079  -4.652 0.0000000000
8856  12.425  -78.394  -4.542 0.0000000000
8857  11.946  -78.662  -4.495 0.0000000000
8864  17.636  -75.687  -4.378 0.0000000000
8865  16.997  -76.456  -4.508 0.0000000000
8866  16.404  -76.990  -4.884 0.0000000000
8867  15.763  -77.372  -5.003 0.0000000000
8868  15.076  -77.671  -4.959 0.0000000000
8869  14.461  -77.876  -4.939 0.0000000000
8870  13.330  -78.305  -4.685 0.0000000000
8871  12.707  -78.727  -4.716 0.0000000000
8882  17.327  -75.714  -4.783 0.0000000000
8883  16.935  -76.218  -5.062 0.0000000000
8884  16.401  -76.650  -5.270 0.0000000000
8885  15.836  -76.988  -5.316 0.0000000000
8886  15.315  -77.227  -5.236 0.0000000000
8887  15.042  -77.336  -5.180 0.0000000000
9437  17.355  -77.902  0.494 0.0000000000
9438  16.517  -78.583  -0.175 0.0000000000
9448  17.185  -77.763  -0.818 0.0000000000
9449  15.848  -78.676  -0.961 0.0000000000
9450  14.649  -78.843  -1.117 0.0000000000
9451  14.043  -78.762  -1.173 0.0000000000
9459  17.157  -77.402  -1.529 0.0000000000
9460  16.549  -77.907  -1.998 0.0000000000
9461  15.118  -78.470  -1.894 0.0000000000
9462  14.223  -78.501  -1.570 0.0000000000
9470  31.067  -78.132  2.179 0.0000000000
9471  16.457  -77.689  -2.748 0.0000000000
9472  15.462  -77.888  -2.887 0.0000000000
9473  13.887  -78.110  -2.350 0.0000000000
9474  13.016  -77.950  -2.398 0.0000000000
9478  30.067  -77.766  1.274 0.0000000000
9479  29.331  -77.155  0.023 0.0000000000
9480  28.907  -77.216  -0.285 0.0000000000
9481  15.112  -77.748  -3.485 0.0000000000
9482  14.257  -77.715  -3.476 0.0000000000
9483  12.866  -77.780  -3.074 0.0000000000
9484  12.250  -77.813  -3.239 0.0000000000
9494  29.297  -76.465  -1.049 0.0000000000
9495  28.856  -76.682  -1.328 0.0000000000
9496  28.431  -76.737  -1.474 0.0000000000
9497  24.209  -75.960  -1.889 0.0000000000
9498  23.879  -75.712  -2.209 0.0000000000
9499  13.999  -77.578  -3.990 0.0000000000
9500  13.274  -77.583  -3.944 0.0000000000
9501  12.281  -77.763  -3.743 0.0000000000
9512  28.681  -76.232  -2.324 0.0000000000
9513  28.219  -76.413  -2.319 0.0000000000
9514  27.450  -76.322  -2.518 0.0000000000
9515  26.589  -75.979  -2.674 0.0000000000
9516  25.521  -75.290  -2.856 0.0000000000
9517  24.658  -75.617  -2.236 0.0000000000
9518  23.656  -75.271  -2.770 0.0000000000
9519  22.951  -75.634  -3.169 0.0000000000
9520  22.111  -75.770  -3.403 0.0000000000
9521  21.067  -75.672  -3.417 0.0000000000
9522  20.066  -75.472  -3.336 0.0000000000
9523  13.477  -77.677  -4.366 0.0000000000
9524  12.764  -77.864  -4.334 0.0000000000
9531  27.747  -76.018  -2.938 0.0000000000
9532  27.198  -75.712  -3.217 0.0000000000
9533  26.334  -75.172  -3.337 0.0000000000
9534  25.649  -74.685  -3.403 0.0000000000
9535  23.205  -75.228  -3.359 0.0000000000
9536  22.634  -75.230  -3.714 0.0000000000
9537  21.646  -75.276  -3.965 0.0000000000
9538  20.590  -75.184  -3.905 0.0000000000
9539  19.358  -75.109  -3.823 0.0000000000
9540  18.392  -75.025  -3.847 0.0000000000
9541  13.539  -77.873  -4.583 0.0000000000
9542  12.788  -77.963  -4.574 0.0000000000
9549  18.850  -74.798  -4.250 0.0000000000
9550  18.168  -74.937  -4.335 0.0000000000
9551  14.857  -77.319  -5.066 0.0000000000
9552  14.452  -77.663  -4.846 0.0000000000
9560  17.779  -75.112  -4.784 0.0000000000
9561  17.375  -75.369  -5.101 0.0000000000
9562  16.941  -75.846  -5.392 0.0000000000
9563  16.418  -76.225  -5.499 0.0000000000
9564  15.984  -76.616  -5.443 0.0000000000
9565  15.513  -76.951  -5.332 0.0000000000
10208  18.245  -76.806  0.512 0.0000000000
10209  17.775  -77.098  -0.109 0.0000000000
10226  19.130  -76.207  0.178 0.0000000000
10227  18.249  -76.358  -0.258 0.0000000000
10228  17.827  -76.855  -0.666 0.0000000000
10243  18.055  -76.314  -0.837 0.0000000000
10244  17.711  -76.832  -1.382 0.0000000000
10245  17.210  -77.152  -1.926 0.0000000000
10253  33.110  -76.810  2.735 0.0000000000
10254  32.403  -76.841  2.315 0.0000000000
10255  31.550  -77.207  2.126 0.0000000000
10256  17.675  -76.763  -2.082 0.0000000000
10257  17.112  -76.980  -2.695 0.0000000000
10258  16.408  -77.567  -3.220 0.0000000000
10264  31.647  -76.329  1.470 0.0000000000
10265  30.704  -76.483  0.800 0.0000000000
10266  29.925  -76.814  0.332 0.0000000000
10267  16.750  -76.935  -3.694 0.0000000000
10268  15.705  -77.599  -3.715 0.0000000000
10269  14.968  -77.699  -3.740 0.0000000000
10275  30.532  -75.683  -0.586 0.0000000000
10276  29.851  -75.977  -1.110 0.0000000000
10277  29.345  -76.304  -1.634 0.0000000000
10278  16.853  -76.686  -4.230 0.0000000000
10279  16.059  -76.938  -4.370 0.0000000000
10280  14.773  -77.595  -4.147 0.0000000000
10281  13.903  -77.617  -4.230 0.0000000000
10291  29.737  -75.241  -2.410 0.0000000000
10292  29.076  -75.689  -2.610 0.0000000000
10293  28.519  -75.987  -2.736 0.0000000000
10294  25.106  -74.564  -3.290 0.0000000000
10295  24.583  -74.782  -2.990 0.0000000000
10296  24.121  -75.011  -2.847 0.0000000000
10297  15.819  -76.703  -4.899 0.0000000000
10298  15.059  -77.162  -4.639 0.0000000000
10299  14.219  -77.637  -4.487 0.0000000000
10310  28.665  -75.023  -3.558 0.0000000000
10311  28.058  -75.450  -3.431 0.0000000000
10312  26.946  -74.937  -3.893 0.0000000000
10313  26.055  -74.445  -3.863 0.0000000000
10314  25.281  -74.155  -3.744 0.0000000000
10315  24.508  -74.218  -3.639 0.0000000000
10316  23.578  -74.692  -3.611 0.0000000000
10317  22.258  -74.543  -4.427 0.0000000000
10318  21.162  -74.831  -4.344 0.0000000000
10319  20.278  -74.728  -4.362 0.0000000000
10320  19.515  -74.653  -4.415 0.0000000000
10321  15.728  -76.661  -5.161 0.0000000000
10322  15.190  -76.980  -4.983 0.0000000000
10323  14.604  -77.505  -4.767 0.0000000000
10331  21.934  -74.013  -4.918 0.0000000000
10332  21.107  -74.289  -4.778 0.0000000000
10333  20.071  -74.312  -4.764 0.0000000000
10334  19.168  -74.412  -4.821 0.0000000000
10335  18.377  -74.626  -4.893 0.0000000000
10336  15.995  -76.451  -5.313 0.0000000000
10337  15.352  -76.911  -5.172 0.0000000000
10338  14.861  -77.213  -4.990 0.0000000000
10345  18.882  -74.245  -5.247 0.0000000000
10346  18.097  -74.608  -5.266 0.0000000000
10347  17.479  -75.055  -5.421 0.0000000000
10348  16.958  -75.539  -5.517 0.0000000000
10349  16.586  -75.786  -5.537 0.0000000000
10350  16.196  -76.406  -5.464 0.0000000000
10351  15.685  -76.763  -5.347 0.0000000000
11024  20.066  -75.833  -0.442 0.0000000000
11025  18.896  -75.873  -0.575 0.0000000000
11026  18.352  -76.043  -0.720 0.0000000000
11042  33.499  -76.603  2.728 0.0000000000
11043  23.169  -74.663  -1.097 0.0000000000
11044  22.327  -75.093  -1.113 0.0000000000
11045  20.881  -75.317  -1.116 0.0000000000
11046  19.506  -75.363  -1.139 0.0000000000
11047  18.347  -75.812  -1.346 0.0000000000
11048  17.932  -76.403  -1.848 0.0000000000
11060  33.805  -75.591  1.798 0.0000000000
11061  33.178  -76.008  1.983 0.0000000000
11062  32.287  -75.732  1.158 0.0000000000
11063  18.456  -75.445  -1.991 0.0000000000
11064  18.071  -76.144  -2.412 0.0000000000
11065  17.608  -76.336  -2.838 0.0000000000
11072  31.559  -75.509  0.367 0.0000000000
11073  31.010  -75.284  -0.544 0.0000000000
11074  17.887  -75.910  -3.028 0.0000000000
11075  17.371  -76.310  -3.313 0.0000000000
11081  30.606  -75.129  -1.461 0.0000000000
11082  30.120  -74.911  -2.200 0.0000000000
11083  17.769  -75.704  -3.585 0.0000000000
11084  17.275  -76.061  -4.074 0.0000000000
11085  16.942  -76.512  -4.481 0.0000000000
11091  29.816  -74.646  -2.679 0.0000000000
11092  29.515  -74.669  -3.018 0.0000000000
11093  17.211  -75.948  -4.594 0.0000000000
11094  16.735  -76.464  -4.840 0.0000000000
11107  29.043  -74.527  -3.599 0.0000000000
11108  28.374  -74.174  -4.230 0.0000000000
11109  27.461  -74.290  -4.357 0.0000000000
11110  26.519  -74.031  -4.422 0.0000000000
11111  25.614  -73.735  -4.299 0.0000000000
11112  24.713  -73.643  -4.207 0.0000000000
11113  23.801  -73.867  -4.281 0.0000000000
11114  23.121  -74.165  -4.397 0.0000000000
11115  17.152  -75.716  -5.013 0.0000000000
11116  16.438  -76.310  -5.198 0.0000000000
11130  28.262  -73.525  -4.727 0.0000000000
11131  27.809  -73.497  -4.841 0.0000000000
11132  26.955  -73.402  -4.955 0.0000000000
11133  26.019  -73.193  -4.845 0.0000000000
11134  25.074  -73.067  -4.745 0.0000000000
11135  24.067  -73.118  -4.750 0.0000000000
11136  22.765  -73.389  -4.947 0.0000000000
11137  21.555  -73.615  -5.137 0.0000000000
11138  20.579  -73.868  -5.135 0.0000000000
11139  19.910  -74.092  -5.082 0.0000000000
11140  17.009  -75.752  -5.371 0.0000000000
11141  16.500  -76.207  -5.417 0.0000000000
11155  22.504  -72.733  -5.352 0.0000000000
11156  21.982  -72.970  -5.464 0.0000000000
11157  21.044  -73.247  -5.515 0.0000000000
11158  19.880  -73.725  -5.460 0.0000000000
11159  18.981  -73.897  -5.678 0.0000000000
11160  18.170  -74.189  -5.640 0.0000000000
11161  17.490  -74.887  -5.624 0.0000000000
11162  17.021  -75.483  -5.470 0.0000000000
11163  16.715  -75.993  -5.442 0.0000000000
11838  24.362  -74.001  -0.218 0.0000000000
11854  24.801  -73.426  -0.329 0.0000000000
11855  23.881  -73.952  -1.077 0.0000000000
11856  22.746  -74.548  -1.663 0.0000000000
11857  21.507  -74.798  -1.794 0.0000000000
11858  20.164  -74.787  -1.781 0.0000000000
11859  19.031  -75.049  -1.860 0.0000000000
11874  34.319  -75.251  1.674 0.0000000000
11875  33.485  -74.701  0.809 0.0000000000
11876  32.769  -75.181  0.933 0.0000000000
11877  23.238  -73.879  -2.038 0.0000000000
11878  22.044  -74.246  -2.310 0.0000000000
11879  20.818  -74.297  -2.348 0.0000000000
11880  19.605  -74.263  -2.602 0.0000000000
11881  18.513  -75.041  -2.544 0.0000000000
11882  18.200  -75.662  -2.850 0.0000000000
11892  32.912  -73.786  -0.003 0.0000000000
11893  32.118  -74.262  -0.190 0.0000000000
11894  31.445  -74.766  -0.537 0.0000000000
11895  19.402  -73.850  -3.146 0.0000000000
11896  18.776  -74.230  -3.318 0.0000000000
11897  18.260  -75.318  -3.298 0.0000000000
11902  31.359  -73.263  -0.996 0.0000000000
11903  30.815  -73.841  -1.470 0.0000000000
11904  30.333  -74.422  -2.035 0.0000000000
11905  18.615  -74.067  -3.871 0.0000000000
11906  18.199  -74.970  -4.163 0.0000000000
11907  17.574  -75.544  -4.408 0.0000000000
11912  30.180  -72.969  -2.437 0.0000000000
11913  29.874  -73.698  -2.965 0.0000000000
11914  29.381  -74.056  -3.492 0.0000000000
11915  17.813  -74.466  -4.778 0.0000000000
11916  17.650  -75.355  -4.694 0.0000000000
11922  29.533  -72.933  -3.794 0.0000000000
11923  29.078  -73.305  -4.249 0.0000000000
11924  28.516  -73.486  -4.611 0.0000000000
11925  17.826  -74.534  -5.251 0.0000000000
11926  17.635  -75.087  -5.029 0.0000000000
11934  28.891  -72.687  -5.067 0.0000000000
11935  28.359  -72.921  -5.125 0.0000000000
11936  27.404  -72.683  -5.594 0.0000000000
11937  26.420  -72.663  -5.513 0.0000000000
11938  25.489  -72.573  -5.380 0.0000000000
11939  24.553  -72.500  -5.271 0.0000000000
11940  23.593  -72.508  -5.266 0.0000000000
11941  22.889  -72.519  -5.388 0.0000000000
11942  17.779  -74.665  -5.511 0.0000000000
11943  17.435  -75.121  -5.233 0.0000000000
11958  26.743  -72.123  -6.234 0.0000000000
11959  25.874  -72.144  -6.106 0.0000000000
11960  24.994  -72.128  -5.977 0.0000000000
11961  24.139  -72.042  -5.847 0.0000000000
11962  23.267  -71.944  -5.837 0.0000000000
11963  22.404  -72.216  -5.650 0.0000000000
11964  21.592  -72.473  -5.805 0.0000000000
11965  20.749  -72.902  -5.998 0.0000000000
11966  19.866  -73.179  -6.019 0.0000000000
11967  19.080  -73.411  -6.030 0.0000000000
11968  18.481  -73.648  -5.928 0.0000000000
11969  17.783  -74.463  -5.757 0.0000000000
11970  17.389  -75.073  -5.465 0.0000000000
11983  22.726  -71.675  -6.126 0.0000000000
11984  22.096  -71.838  -6.155 0.0000000000
11985  21.369  -72.038  -6.174 0.0000000000
11986  20.635  -72.320  -6.212 0.0000000000
11987  19.908  -72.668  -6.267 0.0000000000
11988  19.235  -72.939  -6.279 0.0000000000
11989  18.919  -73.042  -6.251 0.0000000000
12615  25.069  -74.393  0.633 0.0000000000
12632  26.103  -74.242  -0.155 0.0000000000
12633  25.200  -73.890  0.071 0.0000000000
12649  24.798  -72.989  0.029 0.0000000000
12650  24.514  -72.272  0.249 0.0000000000
12664  24.782  -72.735  -1.142 0.0000000000
12665  23.956  -73.388  -1.652 0.0000000000
12679  34.785  -74.004  1.033 0.0000000000
12680  33.528  -73.320  -0.007 0.0000000000
12681  24.591  -72.451  -1.825 0.0000000000
12682  23.865  -72.914  -2.240 0.0000000000
12683  22.585  -73.660  -2.744 0.0000000000
12684  21.291  -73.833  -2.821 0.0000000000
12685  20.440  -73.903  -2.746 0.0000000000
12695  32.505  -72.958  -0.511 0.0000000000
12696  31.662  -72.706  -0.968 0.0000000000
12697  23.684  -72.618  -2.800 0.0000000000
12698  22.985  -73.043  -3.054 0.0000000000
12699  21.816  -73.373  -3.286 0.0000000000
12700  20.237  -73.508  -3.386 0.0000000000
12701  19.308  -73.691  -3.435 0.0000000000
12706  30.988  -72.549  -1.519 0.0000000000
12707  30.482  -72.423  -2.262 0.0000000000
12708  19.878  -73.100  -3.939 0.0000000000
12709  19.050  -73.356  -3.949 0.0000000000
12710  18.505  -73.925  -4.124 0.0000000000
12716  30.144  -72.208  -3.423 0.0000000000
12717  29.785  -72.729  -3.649 0.0000000000
12718  18.765  -73.012  -4.477 0.0000000000
12719  18.389  -73.603  -4.615 0.0000000000
12725  30.098  -71.794  -4.192 0.0000000000
12726  29.700  -72.229  -4.433 0.0000000000
12727  29.178  -72.431  -4.987 0.0000000000
12728  17.926  -73.760  -5.074 0.0000000000
12736  29.382  -71.911  -5.310 0.0000000000
12737  28.811  -72.064  -5.726 0.0000000000
12738  28.042  -72.179  -6.050 0.0000000000
12739  27.425  -72.027  -6.327 0.0000000000
12740  17.997  -73.750  -5.523 0.0000000000
12753  28.282  -71.579  -6.436 0.0000000000
12754  27.738  -71.570  -6.696 0.0000000000
12755  27.054  -71.553  -6.931 0.0000000000
12756  26.209  -71.681  -6.797 0.0000000000
12757  25.370  -71.728  -6.653 0.0000000000
12758  24.566  -71.755  -6.509 0.0000000000
12759  23.897  -71.724  -6.382 0.0000000000
12760  18.718  -72.997  -6.139 0.0000000000
12761  18.314  -73.412  -5.852 0.0000000000
12775  26.451  -71.223  -7.339 0.0000000000
12776  25.694  -71.300  -7.312 0.0000000000
12777  24.882  -71.412  -7.139 0.0000000000
12778  24.159  -71.488  -6.957 0.0000000000
12779  23.394  -71.504  -6.694 0.0000000000
12780  22.636  -71.352  -6.637 0.0000000000
12781  21.976  -71.498  -6.609 0.0000000000
12782  21.355  -71.731  -6.568 0.0000000000
12783  20.737  -71.913  -6.493 0.0000000000
12784  19.971  -72.271  -6.319 0.0000000000
12785  19.303  -72.603  -6.296 0.0000000000
12802  23.864  -71.212  -7.313 0.0000000000
12803  23.281  -71.118  -7.337 0.0000000000
12804  22.597  -71.080  -7.184 0.0000000000
12805  21.997  -71.253  -7.033 0.0000000000
12806  21.492  -71.477  -6.883 0.0000000000
12807  21.160  -71.603  -6.860 0.0000000000
13447  24.594  -73.558  2.180 0.0000000000
13472  24.881  -73.298  1.304 0.0000000000
13473  24.576  -72.682  0.774 0.0000000000
13494  29.046  -73.489  -0.432 0.0000000000
13495  27.367  -73.680  -0.976 0.0000000000
13496  25.650  -73.569  -0.469 0.0000000000
13497  24.715  -73.300  0.261 0.0000000000
13498  24.683  -72.463  0.357 0.0000000000
13499  24.248  -71.624  0.989 0.0000000000
13500  23.362  -71.765  1.649 0.0000000000
13515  26.850  -73.067  -1.533 0.0000000000
13516  25.965  -73.133  -1.151 0.0000000000
13517  25.063  -72.806  -0.399 0.0000000000
13518  24.807  -72.703  0.010 0.0000000000
13519  24.830  -72.098  -0.474 0.0000000000
13520  24.488  -71.556  -0.099 0.0000000000
13534  24.952  -71.725  -1.204 0.0000000000
13535  24.742  -71.668  -0.762 0.0000000000
13545  34.991  -72.609  0.482 0.0000000000
13546  34.087  -72.443  -0.108 0.0000000000
13547  33.072  -72.131  -0.730 0.0000000000
13548  24.810  -72.023  -1.860 0.0000000000
13549  24.498  -72.324  -2.123 0.0000000000
13560  32.075  -71.844  -1.151 0.0000000000
13561  31.358  -71.733  -1.813 0.0000000000
13562  24.854  -71.792  -2.269 0.0000000000
13563  24.389  -72.002  -2.556 0.0000000000
13564  23.426  -72.495  -3.283 0.0000000000
13565  22.450  -72.941  -3.693 0.0000000000
13566  21.391  -73.063  -3.766 0.0000000000
13576  30.882  -71.807  -2.315 0.0000000000
13577  30.590  -71.607  -3.005 0.0000000000
13578  23.807  -71.861  -3.369 0.0000000000
13579  22.935  -72.304  -3.924 0.0000000000
13580  21.915  -72.768  -4.314 0.0000000000
13581  20.675  -72.897  -4.168 0.0000000000
13582  19.814  -72.849  -4.280 0.0000000000
13588  30.501  -71.405  -3.612 0.0000000000
13589  21.348  -72.640  -4.694 0.0000000000
13590  20.486  -72.624  -4.838 0.0000000000
13591  19.355  -72.709  -4.680 0.0000000000
13592  18.694  -72.805  -4.827 0.0000000000
13600  30.322  -71.397  -4.101 0.0000000000
13601  30.083  -71.404  -4.655 0.0000000000
13602  20.000  -72.376  -5.198 0.0000000000
13603  19.289  -72.447  -5.346 0.0000000000
13604  18.372  -72.963  -5.282 0.0000000000
13614  29.690  -71.374  -5.244 0.0000000000
13615  29.227  -71.323  -5.851 0.0000000000
13616  19.072  -72.417  -5.857 0.0000000000
13617  18.456  -72.947  -5.820 0.0000000000
13630  28.685  -71.160  -6.404 0.0000000000
13631  27.960  -70.860  -7.048 0.0000000000
13632  27.504  -71.222  -7.123 0.0000000000
13633  19.785  -72.209  -6.361 0.0000000000
13634  19.047  -72.569  -6.173 0.0000000000
13635  18.543  -72.923  -6.029 0.0000000000
13647  27.504  -70.487  -7.428 0.0000000000
13648  27.088  -70.821  -7.478 0.0000000000
13649  26.073  -70.642  -7.779 0.0000000000
13650  25.082  -70.930  -7.686 0.0000000000
13651  24.424  -71.146  -7.437 0.0000000000
13652  20.731  -71.733  -6.752 0.0000000000
13653  19.957  -72.073  -6.464 0.0000000000
13654  19.554  -72.388  -6.263 0.0000000000
13670  25.797  -70.210  -8.073 0.0000000000
13671  25.201  -70.361  -8.095 0.0000000000
13672  24.153  -70.690  -7.881 0.0000000000
13673  23.236  -70.669  -7.776 0.0000000000
13674  22.685  -70.730  -7.328 0.0000000000
13675  22.087  -71.019  -7.298 0.0000000000
13676  21.620  -71.255  -7.114 0.0000000000
13677  21.216  -71.385  -6.974 0.0000000000
14395  24.673  -72.635  2.479 0.0000000000
14396  24.206  -72.904  1.774 0.0000000000
14418  24.309  -72.458  1.805 0.0000000000
14419  24.272  -72.322  1.273 0.0000000000
14420  24.387  -72.186  0.786 0.0000000000
14439  29.972  -72.742  -0.152 0.0000000000
14440  29.068  -72.804  -1.010 0.0000000000
14441  24.311  -71.736  0.833 0.0000000000
14442  24.467  -71.711  0.393 0.0000000000
14443  23.492  -70.853  1.145 0.0000000000
14444  22.964  -71.088  1.722 0.0000000000
14461  27.822  -72.495  -1.791 0.0000000000
14462  26.254  -72.601  -1.692 0.0000000000
14463  25.181  -72.381  -1.121 0.0000000000
14464  24.747  -71.971  -0.358 0.0000000000
14465  24.219  -70.618  0.426 0.0000000000
14481  27.401  -71.994  -2.199 0.0000000000
14482  26.561  -72.123  -2.142 0.0000000000
14483  25.308  -71.997  -1.789 0.0000000000
14484  24.907  -71.633  -1.180 0.0000000000
14485  24.690  -71.384  -1.564 0.0000000000
14486  24.482  -70.983  -0.882 0.0000000000
14496  35.074  -71.708  0.586 0.0000000000
14497  34.301  -71.532  -0.098 0.0000000000
14498  33.395  -71.349  -0.716 0.0000000000
14499  24.804  -71.520  -2.068 0.0000000000
14500  24.565  -70.807  -2.005 0.0000000000
14511  32.434  -71.135  -1.247 0.0000000000
14512  31.579  -70.956  -1.942 0.0000000000
14513  24.803  -71.573  -2.448 0.0000000000
14514  24.751  -71.068  -2.919 0.0000000000
14526  30.861  -70.901  -2.928 0.0000000000
14527  30.632  -71.128  -3.393 0.0000000000
14528  23.620  -71.503  -4.150 0.0000000000
14529  22.537  -72.229  -4.642 0.0000000000
14530  21.928  -72.592  -4.796 0.0000000000
14539  30.614  -70.404  -3.643 0.0000000000
14540  30.493  -70.765  -3.902 0.0000000000
14541  23.602  -70.961  -4.696 0.0000000000
14542  22.908  -71.600  -5.123 0.0000000000
14543  21.817  -72.388  -5.259 0.0000000000
14544  20.814  -72.386  -5.458 0.0000000000
14558  30.273  -70.884  -4.537 0.0000000000
14559  29.919  -70.735  -5.096 0.0000000000
14560  22.421  -71.874  -5.737 0.0000000000
14561  21.650  -72.114  -5.983 0.0000000000
14562  20.400  -72.165  -5.776 0.0000000000
14563  19.733  -72.199  -5.872 0.0000000000
14577  29.384  -70.622  -5.772 0.0000000000
14578  28.998  -70.726  -6.246 0.0000000000
14579  21.290  -71.926  -6.335 0.0000000000
14580  20.418  -72.027  -6.219 0.0000000000
14581  19.779  -72.146  -6.127 0.0000000000
14595  28.945  -70.290  -6.274 0.0000000000
14596  28.520  -70.365  -6.748 0.0000000000
14597  28.136  -70.340  -7.108 0.0000000000
14598  21.186  -71.714  -6.629 0.0000000000
14599  20.323  -71.991  -6.461 0.0000000000
14600  19.593  -72.306  -6.204 0.0000000000
14614  28.133  -70.052  -7.100 0.0000000000
14615  27.766  -70.173  -7.357 0.0000000000
14616  27.116  -70.138  -7.693 0.0000000000
14617  26.693  -70.391  -7.782 0.0000000000
14618  21.214  -71.536  -6.889 0.0000000000
14619  20.408  -71.842  -6.643 0.0000000000
14632  26.813  -69.894  -7.760 0.0000000000
14633  26.342  -70.036  -7.920 0.0000000000
14634  25.471  -69.906  -8.196 0.0000000000
14635  24.523  -69.906  -8.375 0.0000000000
14636  23.722  -70.205  -8.240 0.0000000000
14637  23.260  -70.294  -7.958 0.0000000000
14638  22.789  -70.539  -7.455 0.0000000000
14639  22.207  -70.799  -7.382 0.0000000000
14640  21.541  -71.179  -6.982 0.0000000000
14649  24.240  -69.556  -8.444 0.0000000000
14650  23.904  -69.791  -8.382 0.0000000000
14651  23.576  -69.986  -8.246 0.0000000000
15251  25.992  -70.550  11.187 0.0000000000
15260  26.866  -71.038  10.862 0.0000000000
15330  26.830  -71.532  6.465 0.0000000000
15331  26.605  -71.431  5.545 0.0000000000
15340  26.146  -71.420  4.486 0.0000000000
15349  25.443  -71.353  3.279 0.0000000000
15366  30.772  -71.737  0.678 0.0000000000
15367  30.352  -72.115  0.207 0.0000000000
15368  24.900  -71.518  2.052 0.0000000000
15369  24.480  -71.193  1.303 0.0000000000
15370  22.610  -70.327  2.295 0.0000000000
15371  22.620  -70.754  2.077 0.0000000000
15388  33.239  -70.650  1.456 0.0000000000
15389  32.083  -70.531  1.162 0.0000000000
15390  31.113  -70.928  0.508 0.0000000000
15391  30.224  -71.755  -0.459 0.0000000000
15392  29.275  -72.090  -1.354 0.0000000000
15393  24.267  -70.949  0.637 0.0000000000
15394  24.386  -70.965  -0.109 0.0000000000
15395  23.016  -70.184  1.368 0.0000000000
15396  22.697  -70.592  1.863 0.0000000000
15413  29.743  -71.495  -1.205 0.0000000000
15414  29.020  -71.665  -1.744 0.0000000000
15415  24.621  -71.083  -0.864 0.0000000000
15416  23.405  -69.708  0.543 0.0000000000
15429  35.132  -71.302  0.975 0.0000000000
15430  34.649  -70.836  0.587 0.0000000000
15431  28.132  -71.662  -2.161 0.0000000000
15432  27.058  -71.643  -2.536 0.0000000000
15433  25.685  -71.675  -2.404 0.0000000000
15434  24.602  -70.998  -1.824 0.0000000000
15435  24.033  -69.800  -0.302 0.0000000000
15446  34.840  -71.107  0.538 0.0000000000
15447  34.361  -70.853  0.140 0.0000000000
15448  33.495  -70.676  -0.499 0.0000000000
15449  26.062  -71.382  -2.818 0.0000000000
15450  24.822  -71.247  -2.809 0.0000000000
15451  24.739  -70.403  -2.589 0.0000000000
15452  24.110  -69.700  -1.481 0.0000000000
15465  32.586  -70.541  -1.085 0.0000000000
15466  31.736  -70.391  -1.757 0.0000000000
15467  24.425  -69.901  -2.731 0.0000000000
15480  30.961  -70.155  -2.712 0.0000000000
15481  24.448  -70.152  -4.026 0.0000000000
15499  30.597  -70.096  -3.523 0.0000000000
15500  30.399  -70.102  -4.092 0.0000000000
15501  23.337  -70.538  -5.315 0.0000000000
15502  22.797  -71.382  -5.631 0.0000000000
15522  30.098  -70.249  -4.669 0.0000000000
15523  29.475  -70.135  -5.395 0.0000000000
15524  22.839  -70.359  -6.168 0.0000000000
15525  22.467  -71.326  -6.131 0.0000000000
15526  21.869  -71.744  -6.337 0.0000000000
15537  28.994  -70.038  -6.006 0.0000000000
15538  22.751  -70.312  -6.508 0.0000000000
15539  22.606  -70.712  -6.643 0.0000000000
15540  21.980  -71.437  -6.664 0.0000000000
15546  28.608  -69.932  -6.468 0.0000000000
15547  28.209  -69.832  -6.878 0.0000000000
15548  22.390  -70.884  -6.990 0.0000000000
15549  21.858  -71.294  -6.999 0.0000000000
15557  27.793  -69.756  -7.177 0.0000000000
15558  27.350  -69.737  -7.462 0.0000000000
15559  27.013  -69.748  -7.642 0.0000000000
15560  22.404  -70.832  -7.242 0.0000000000
15561  21.947  -71.105  -7.146 0.0000000000
15569  27.012  -69.549  -7.479 0.0000000000
15570  26.610  -69.628  -7.644 0.0000000000
15571  25.843  -69.564  -7.903 0.0000000000
15572  25.014  -69.462  -8.261 0.0000000000
15573  24.529  -69.458  -8.423 0.0000000000
15574  23.175  -70.110  -7.833 0.0000000000
15575  22.941  -70.349  -7.509 0.0000000000
15576  22.486  -70.677  -7.395 0.0000000000
15577  21.724  -71.208  -7.137 0.0000000000
15584  24.614  -69.267  -8.343 0.0000000000
15585  24.318  -69.320  -8.399 0.0000000000
15586  23.997  -69.502  -8.354 0.0000000000
15587  23.574  -69.770  -8.143 0.0000000000
16195  25.174  -69.521  11.383 0.0000000000
16211  26.341  -70.334  10.725 0.0000000000
16212  25.694  -69.423  10.769 0.0000000000
16213  25.131  -68.891  11.107 0.0000000000
16223  27.368  -71.352  10.631 0.0000000000
16224  26.816  -69.987  10.158 0.0000000000
16225  26.251  -69.586  10.357 0.0000000000
16234  27.521  -71.161  9.823 0.0000000000
16235  27.435  -70.431  9.993 0.0000000000
16245  27.601  -71.289  8.843 0.0000000000
16247  19.252  -67.593  9.154 0.0000000000
16262  27.336  -70.951  7.786 0.0000000000
16265  22.112  -67.758  8.300 0.0000000000
16266  20.481  -67.567  8.503 0.0000000000
16267  19.640  -67.207  8.663 0.0000000000
16288  27.093  -70.837  6.959 0.0000000000
16313  26.997  -70.710  6.489 0.0000000000
16314  26.969  -70.541  5.983 0.0000000000
16326  26.920  -70.282  4.995 0.0000000000
16336  26.494  -70.056  3.910 0.0000000000
16342  25.724  -69.927  2.710 0.0000000000
16343  24.983  -70.600  1.926 0.0000000000
16344  23.047  -69.233  2.151 0.0000000000
16355  34.439  -70.708  1.268 0.0000000000
16356  33.635  -70.267  1.039 0.0000000000
16357  32.593  -70.033  0.755 0.0000000000
16358  31.508  -70.156  0.295 0.0000000000
16359  30.601  -70.697  -0.388 0.0000000000
16360  30.101  -71.137  -0.839 0.0000000000
16361  25.579  -69.091  2.399 0.0000000000
16362  24.893  -69.804  1.587 0.0000000000
16363  24.106  -69.928  0.421 0.0000000000
16364  22.985  -69.086  0.990 0.0000000000
16379  34.758  -70.858  1.077 0.0000000000
16380  33.880  -70.212  0.691 0.0000000000
16381  32.966  -69.809  0.376 0.0000000000
16382  31.973  -69.647  0.011 0.0000000000
16383  30.828  -69.967  -0.675 0.0000000000
16384  29.753  -70.830  -1.344 0.0000000000
16385  28.883  -71.240  -1.939 0.0000000000
16386  24.212  -70.093  -0.756 0.0000000000
16387  23.277  -69.112  0.195 0.0000000000
16402  34.724  -70.770  0.812 0.0000000000
16403  34.161  -70.449  0.438 0.0000000000
16404  33.045  -69.853  -0.074 0.0000000000
16405  32.389  -69.592  -0.153 0.0000000000
16406  30.509  -69.844  -1.046 0.0000000000
16407  30.036  -70.150  -1.481 0.0000000000
16408  28.513  -70.924  -2.353 0.0000000000
16409  26.975  -71.262  -2.913 0.0000000000
16410  24.204  -69.579  -1.862 0.0000000000
16411  23.601  -68.830  -0.555 0.0000000000
16421  33.547  -70.273  -0.176 0.0000000000
16422  32.497  -69.972  -0.838 0.0000000000
16423  31.527  -69.774  -1.571 0.0000000000
16424  27.428  -70.933  -3.072 0.0000000000
16425  25.836  -71.037  -3.336 0.0000000000
16426  24.608  -70.611  -3.258 0.0000000000
16427  24.391  -69.674  -3.062 0.0000000000
16428  23.752  -68.507  -1.307 0.0000000000
16443  31.886  -70.043  -1.476 0.0000000000
16444  31.080  -69.831  -2.219 0.0000000000
16445  24.935  -70.616  -3.762 0.0000000000
16446  24.443  -70.091  -3.687 0.0000000000
16447  24.294  -69.581  -3.620 0.0000000000
16448  23.833  -68.709  -2.228 0.0000000000
16467  30.436  -69.630  -3.132 0.0000000000
16468  30.078  -69.523  -3.745 0.0000000000
16469  23.940  -68.761  -3.508 0.0000000000
16487  30.441  -69.747  -3.457 0.0000000000
16488  30.084  -69.693  -4.126 0.0000000000
16489  29.541  -69.587  -4.521 0.0000000000
16490  24.190  -69.105  -4.722 0.0000000000
16506  30.069  -69.879  -4.459 0.0000000000
16507  29.467  -69.744  -4.937 0.0000000000
16508  23.461  -69.514  -5.774 0.0000000000
16514  28.760  -69.742  -5.843 0.0000000000
16515  28.318  -69.585  -6.109 0.0000000000
16516  22.845  -69.855  -6.560 0.0000000000
16517  22.608  -70.442  -6.867 0.0000000000
16522  28.639  -69.783  -6.221 0.0000000000
16523  28.051  -69.597  -6.531 0.0000000000
16524  27.397  -69.353  -6.834 0.0000000000
16525  22.878  -69.613  -7.092 0.0000000000
16526  22.695  -70.352  -7.089 0.0000000000
16531  27.850  -69.606  -6.973 0.0000000000
16532  27.170  -69.388  -7.159 0.0000000000
16533  26.563  -69.165  -7.249 0.0000000000
16534  23.041  -69.758  -7.429 0.0000000000
16535  22.815  -70.301  -7.328 0.0000000000
16540  26.780  -69.433  -7.433 0.0000000000
16541  26.222  -69.222  -7.489 0.0000000000
16542  25.361  -69.151  -7.881 0.0000000000
16543  24.799  -69.088  -8.190 0.0000000000
16544  23.691  -69.261  -7.963 0.0000000000
16545  23.378  -69.701  -7.781 0.0000000000
16546  23.097  -70.038  -7.539 0.0000000000
16547  22.957  -70.232  -7.489 0.0000000000
16554  24.433  -69.110  -8.310 0.0000000000
16555  24.145  -69.248  -8.268 0.0000000000
16556  23.861  -69.430  -8.140 0.0000000000
16557  23.639  -69.551  -8.016 0.0000000000
17138  24.852  -68.493  11.170 0.0000000000
17139  24.235  -68.087  11.218 0.0000000000
17155  25.698  -68.704  10.451 0.0000000000
17156  25.242  -68.112  10.673 0.0000000000
17157  24.648  -67.535  10.855 0.0000000000
17165  26.757  -69.295  9.780 0.0000000000
17166  26.144  -68.632  9.959 0.0000000000
17167  25.647  -67.701  10.189 0.0000000000
17176  27.627  -70.026  9.338 0.0000000000
17177  27.249  -69.282  9.386 0.0000000000
17178  26.602  -68.238  9.353 0.0000000000
17188  27.624  -69.724  8.810 0.0000000000
17189  27.601  -68.989  8.746 0.0000000000
17190  19.235  -66.894  8.837 0.0000000000
17191  18.885  -66.399  9.590 0.0000000000
17192  18.484  -66.200  10.776 0.0000000000
17205  27.615  -69.512  7.807 0.0000000000
17206  27.381  -68.643  7.176 0.0000000000
17207  24.144  -67.197  7.827 0.0000000000
17208  23.012  -67.092  7.924 0.0000000000
17209  21.234  -66.711  7.880 0.0000000000
17210  19.734  -66.698  8.368 0.0000000000
17211  19.147  -66.429  8.843 0.0000000000
17216  27.169  -69.908  7.011 0.0000000000
17217  27.299  -69.044  6.879 0.0000000000
17219  24.952  -66.882  7.506 0.0000000000
17220  23.793  -66.497  7.657 0.0000000000
17221  22.576  -66.371  7.642 0.0000000000
17242  27.011  -70.195  6.498 0.0000000000
17243  27.104  -69.315  5.933 0.0000000000
17253  27.441  -68.289  3.839 0.0000000000
17254  27.293  -68.910  4.417 0.0000000000
17266  27.431  -68.245  3.595 0.0000000000
17267  27.016  -68.667  3.532 0.0000000000
17277  26.470  -68.522  2.791 0.0000000000
17278  24.348  -67.331  2.993 0.0000000000
17279  23.915  -68.086  2.755 0.0000000000
17284  25.564  -68.313  2.116 0.0000000000
17285  24.612  -68.476  1.091 0.0000000000
17286  24.064  -69.005  0.106 0.0000000000
17287  23.205  -68.159  1.527 0.0000000000
17295  31.943  -69.528  -0.292 0.0000000000
17296  31.482  -69.630  -0.517 0.0000000000
17297  24.189  -67.948  0.407 0.0000000000
17298  23.992  -68.602  -0.715 0.0000000000
17299  23.033  -68.162  0.381 0.0000000000
17316  32.422  -69.628  -0.397 0.0000000000
17317  31.820  -69.558  -0.589 0.0000000000
17318  30.712  -69.731  -1.169 0.0000000000
17319  29.495  -70.074  -2.119 0.0000000000
17320  28.399  -70.510  -2.844 0.0000000000
17321  23.751  -68.460  -1.608 0.0000000000
17322  23.401  -67.772  -0.639 0.0000000000
17340  32.258  -69.660  -0.601 0.0000000000
17341  31.399  -69.629  -1.253 0.0000000000
17342  30.174  -69.654  -2.032 0.0000000000
17343  28.979  -70.017  -2.859 0.0000000000
17344  27.385  -70.610  -3.535 0.0000000000
17345  25.862  -70.687  -3.947 0.0000000000
17346  23.979  -68.682  -2.453 0.0000000000
17347  23.497  -67.587  -1.556 0.0000000000
17361  30.718  -69.614  -2.117 0.0000000000
17362  29.717  -69.631  -2.863 0.0000000000
17363  28.413  -70.003  -3.677 0.0000000000
17364  26.708  -70.374  -4.278 0.0000000000
17365  24.917  -70.215  -4.375 0.0000000000
17366  24.306  -69.487  -3.964 0.0000000000
17367  24.036  -68.926  -3.447 0.0000000000
17368  23.578  -67.401  -2.568 0.0000000000
17384  30.319  -69.556  -2.817 0.0000000000
17385  29.456  -69.590  -3.734 0.0000000000
17386  27.792  -69.875  -4.523 0.0000000000
17387  26.081  -70.021  -4.905 0.0000000000
17388  24.885  -69.750  -4.928 0.0000000000
17389  24.209  -69.205  -4.527 0.0000000000
17390  24.075  -68.996  -4.019 0.0000000000
17391  23.672  -67.515  -3.501 0.0000000000
17403  29.640  -69.557  -4.195 0.0000000000
17404  28.698  -69.622  -4.844 0.0000000000
17405  27.013  -69.680  -5.312 0.0000000000
17406  25.569  -69.529  -5.341 0.0000000000
17407  24.515  -69.340  -5.110 0.0000000000
17408  23.705  -68.045  -4.365 0.0000000000
17430  28.513  -69.602  -5.586 0.0000000000
17431  27.575  -69.497  -5.757 0.0000000000
17432  26.067  -69.292  -5.929 0.0000000000
17433  24.866  -69.110  -5.492 0.0000000000
17434  24.035  -68.383  -5.328 0.0000000000
17452  28.425  -69.588  -5.902 0.0000000000
17453  27.923  -69.492  -6.146 0.0000000000
17454  26.891  -69.194  -6.395 0.0000000000
17455  23.441  -68.902  -6.092 0.0000000000
17465  27.447  -69.359  -6.590 0.0000000000
17466  26.850  -69.118  -6.882 0.0000000000
17467  26.447  -68.935  -7.118 0.0000000000
17468  23.279  -68.926  -6.615 0.0000000000
17478  26.668  -69.093  -7.108 0.0000000000
17479  26.160  -68.938  -7.244 0.0000000000
17480  25.707  -68.820  -7.412 0.0000000000
17481  23.424  -68.777  -7.353 0.0000000000
17482  23.248  -68.915  -7.200 0.0000000000
17492  25.897  -68.979  -7.391 0.0000000000
17493  25.472  -68.789  -7.538 0.0000000000
17494  24.873  -68.724  -7.875 0.0000000000
17495  24.339  -68.658  -7.925 0.0000000000
17496  23.894  -68.812  -7.902 0.0000000000
17497  23.454  -68.945  -7.618 0.0000000000
17498  23.255  -69.473  -7.550 0.0000000000
17510  24.529  -68.912  -8.131 0.0000000000
17511  24.213  -68.979  -8.153 0.0000000000
17512  23.957  -69.137  -8.134 0.0000000000
18053  23.402  -67.529  10.965 0.0000000000
18054  22.402  -67.456  10.814 0.0000000000
18055  21.085  -67.312  10.813 0.0000000000
18074  24.838  -67.103  10.596 0.0000000000
18075  24.125  -67.041  10.713 0.0000000000
18088  25.831  -67.293  9.892 0.0000000000
18089  25.338  -66.901  10.212 0.0000000000
18100  26.893  -67.779  8.932 0.0000000000
18101  26.252  -67.283  9.348 0.0000000000
18102  18.302  -65.794  11.161 0.0000000000
18114  27.689  -68.889  8.538 0.0000000000
18115  27.377  -68.216  8.430 0.0000000000
18116  18.923  -65.830  9.658 0.0000000000
18117  18.590  -65.490  10.421 0.0000000000
18118  17.954  -65.139  11.019 0.0000000000
18131  27.661  -68.842  8.245 0.0000000000
18132  27.398  -68.116  7.548 0.0000000000
18133  20.715  -66.043  7.637 0.0000000000
18134  19.985  -66.095  7.877 0.0000000000
18135  19.154  -65.618  8.913 0.0000000000
18136  18.853  -65.110  9.847 0.0000000000
18143  27.053  -68.068  6.444 0.0000000000
18144  25.439  -66.236  7.086 0.0000000000
18145  24.585  -65.829  7.230 0.0000000000
18146  23.160  -65.760  7.357 0.0000000000
18147  21.536  -65.766  7.383 0.0000000000
18148  20.254  -65.530  7.536 0.0000000000
18149  19.605  -65.517  7.945 0.0000000000
18167  27.126  -67.895  5.152 0.0000000000
18168  25.849  -65.842  6.513 0.0000000000
18169  25.333  -65.741  6.939 0.0000000000
18181  27.527  -68.024  3.636 0.0000000000
18182  27.445  -67.757  3.967 0.0000000000
18183  26.183  -65.988  5.653 0.0000000000
18192  27.416  -68.085  3.412 0.0000000000
18193  27.318  -67.861  3.322 0.0000000000
18194  26.023  -66.070  4.849 0.0000000000
18195  25.448  -66.267  4.040 0.0000000000
18205  26.813  -67.348  2.565 0.0000000000
18206  24.660  -66.618  3.149 0.0000000000
18207  23.847  -67.080  2.147 0.0000000000
18211  25.714  -67.032  1.509 0.0000000000
18212  24.786  -67.562  0.897 0.0000000000
18213  23.227  -67.280  1.063 0.0000000000
18218  25.562  -66.332  1.041 0.0000000000
18219  24.794  -66.842  0.575 0.0000000000
18220  24.072  -67.530  -0.167 0.0000000000
18221  22.964  -66.965  0.225 0.0000000000
18230  24.208  -66.800  -0.241 0.0000000000
18231  23.634  -67.517  -0.980 0.0000000000
18232  23.389  -66.747  -0.780 0.0000000000
18245  23.590  -67.731  -1.877 0.0000000000
18246  23.587  -66.577  -1.647 0.0000000000
18263  23.700  -67.862  -2.808 0.0000000000
18264  23.574  -66.354  -2.290 0.0000000000
18284  24.065  -68.761  -4.591 0.0000000000
18285  23.881  -68.181  -4.038 0.0000000000
18286  23.491  -66.515  -3.065 0.0000000000
18297  24.110  -68.763  -4.972 0.0000000000
18298  23.853  -67.954  -4.925 0.0000000000
18299  23.245  -66.869  -3.917 0.0000000000
18314  25.851  -68.852  -6.364 0.0000000000
18315  24.638  -68.564  -5.831 0.0000000000
18316  23.818  -67.787  -5.447 0.0000000000
18317  23.531  -67.403  -4.800 0.0000000000
18333  26.200  -68.846  -6.731 0.0000000000
18334  25.249  -68.477  -6.512 0.0000000000
18335  24.301  -67.897  -6.019 0.0000000000
18336  23.879  -68.038  -5.841 0.0000000000
18345  26.372  -68.838  -6.936 0.0000000000
18346  25.821  -68.612  -6.973 0.0000000000
18347  24.640  -68.018  -6.590 0.0000000000
18348  24.287  -67.650  -6.575 0.0000000000
18349  23.754  -68.053  -6.505 0.0000000000
18350  23.576  -68.327  -6.567 0.0000000000
18357  25.781  -68.691  -7.219 0.0000000000
18358  25.336  -68.420  -7.254 0.0000000000
18359  24.497  -67.951  -7.007 0.0000000000
18360  24.122  -67.916  -7.141 0.0000000000
18361  23.833  -68.083  -7.155 0.0000000000
18362  23.542  -68.442  -7.149 0.0000000000
18363  23.463  -68.416  -6.900 0.0000000000
18370  25.286  -68.569  -7.458 0.0000000000
18371  25.022  -68.420  -7.493 0.0000000000
18372  24.490  -68.302  -7.549 0.0000000000
18373  24.056  -68.345  -7.581 0.0000000000
18374  23.727  -68.513  -7.521 0.0000000000
18955  23.141  -66.856  10.548 0.0000000000
18956  21.964  -66.575  10.193 0.0000000000
18957  20.318  -66.465  10.509 0.0000000000
18973  24.630  -66.157  10.254 0.0000000000
18974  23.644  -66.259  10.342 0.0000000000
18975  22.952  -66.372  10.208 0.0000000000
18992  25.719  -66.128  9.658 0.0000000000
18993  25.245  -66.071  10.012 0.0000000000
19007  26.554  -66.868  8.843 0.0000000000
19008  26.211  -66.127  9.032 0.0000000000
19025  26.871  -67.007  8.405 0.0000000000
19026  26.449  -66.258  8.534 0.0000000000
19027  18.717  -64.806  10.286 0.0000000000
19042  27.042  -67.009  7.775 0.0000000000
19043  26.596  -66.074  8.020 0.0000000000
19044  19.093  -64.705  8.780 0.0000000000
19045  18.913  -64.586  9.614 0.0000000000
19053  26.835  -66.874  6.834 0.0000000000
19054  24.566  -65.359  7.056 0.0000000000
19055  23.921  -65.233  7.030 0.0000000000
19056  22.352  -64.940  6.925 0.0000000000
19057  20.716  -64.846  7.088 0.0000000000
19058  19.537  -64.698  7.894 0.0000000000
19071  26.726  -66.741  5.675 0.0000000000
19072  25.847  -65.036  6.476 0.0000000000
19073  25.009  -65.070  6.751 0.0000000000
19074  23.558  -64.469  6.697 0.0000000000
19075  22.377  -64.149  6.665 0.0000000000
19085  27.224  -66.680  4.454 0.0000000000
19086  25.851  -65.072  5.930 0.0000000000
19093  27.476  -66.579  3.324 0.0000000000
19094  26.084  -65.063  5.116 0.0000000000
19095  25.817  -65.261  4.274 0.0000000000
19106  27.178  -65.885  2.189 0.0000000000
19107  25.015  -65.469  3.324 0.0000000000
19108  24.304  -66.078  2.409 0.0000000000
19116  26.347  -65.775  1.268 0.0000000000
19117  24.363  -65.206  2.210 0.0000000000
19118  23.594  -66.054  1.266 0.0000000000
19122  25.543  -65.839  0.694 0.0000000000
19123  24.884  -65.986  0.109 0.0000000000
19124  23.017  -65.923  0.070 0.0000000000
19129  24.145  -66.254  -0.863 0.0000000000
19130  23.538  -67.056  -1.421 0.0000000000
19131  23.358  -65.885  -0.919 0.0000000000
19143  24.097  -65.842  -1.340 0.0000000000
19144  23.601  -66.654  -1.933 0.0000000000
19145  23.555  -65.814  -1.718 0.0000000000
19161  23.569  -66.983  -3.005 0.0000000000
19162  23.726  -65.810  -2.492 0.0000000000
19182  23.675  -67.014  -3.661 0.0000000000
19183  23.700  -66.023  -3.267 0.0000000000
19195  23.475  -67.348  -4.320 0.0000000000
19196  23.616  -66.236  -3.742 0.0000000000
19207  23.623  -67.151  -4.796 0.0000000000
19208  23.360  -66.505  -4.271 0.0000000000
19221  23.763  -67.185  -5.360 0.0000000000
19222  23.788  -67.008  -5.531 0.0000000000
19223  23.797  -66.784  -5.373 0.0000000000
19224  23.710  -66.894  -5.173 0.0000000000
19235  24.047  -67.464  -5.939 0.0000000000
19236  24.010  -67.247  -6.023 0.0000000000
19237  23.838  -67.189  -6.197 0.0000000000
19238  23.814  -67.141  -6.076 0.0000000000
19239  23.673  -67.158  -5.868 0.0000000000
19240  23.852  -67.685  -6.012 0.0000000000
19248  24.124  -67.458  -6.534 0.0000000000
19249  24.019  -67.488  -6.732 0.0000000000
19250  23.848  -67.594  -6.610 0.0000000000
19251  23.756  -67.871  -6.675 0.0000000000
19863  21.838  -65.951  9.801 0.0000000000
19864  20.896  -65.916  9.888 0.0000000000
19865  19.549  -65.288  10.630 0.0000000000
19876  24.423  -65.301  9.952 0.0000000000
19877  23.887  -65.635  10.087 0.0000000000
19878  22.789  -65.781  9.824 0.0000000000
19879  21.542  -65.434  9.570 0.0000000000
19880  20.408  -65.207  9.741 0.0000000000
19896  25.606  -65.240  9.520 0.0000000000
19897  25.138  -65.251  9.794 0.0000000000
19914  25.892  -65.191  9.173 0.0000000000
19933  26.228  -65.231  8.484 0.0000000000
19955  26.510  -66.087  7.302 0.0000000000
19956  26.184  -65.030  7.496 0.0000000000
19957  19.258  -63.842  9.011 0.0000000000
19964  26.095  -65.462  6.253 0.0000000000
19965  25.906  -64.509  6.697 0.0000000000
19966  21.313  -64.144  6.766 0.0000000000
19967  20.154  -63.702  7.050 0.0000000000
19968  19.533  -63.587  7.944 0.0000000000
19980  26.414  -65.574  4.966 0.0000000000
19981  25.689  -64.401  6.256 0.0000000000
19982  24.599  -63.846  6.238 0.0000000000
19983  22.993  -63.662  6.376 0.0000000000
19984  21.671  -63.572  6.446 0.0000000000
19985  20.877  -63.597  6.635 0.0000000000
19996  27.199  -65.484  3.890 0.0000000000
19997  25.763  -64.009  5.446 0.0000000000
19998  25.502  -63.830  5.953 0.0000000000
20007  27.467  -65.105  2.966 0.0000000000
20008  25.922  -64.086  4.313 0.0000000000
20009  25.564  -64.735  3.815 0.0000000000
20017  27.564  -64.670  2.230 0.0000000000
20018  25.757  -63.601  3.708 0.0000000000
20019  25.149  -64.230  3.132 0.0000000000
20029  27.170  -64.796  1.510 0.0000000000
20030  24.242  -64.341  1.719 0.0000000000
20031  23.831  -65.100  1.490 0.0000000000
20037  26.372  -64.947  0.583 0.0000000000
20038  25.577  -65.427  0.334 0.0000000000
20039  23.698  -64.183  1.093 0.0000000000
20040  23.408  -64.864  0.730 0.0000000000
20048  26.206  -64.686  0.201 0.0000000000
20049  25.558  -65.054  -0.124 0.0000000000
20050  22.994  -65.193  -0.249 0.0000000000
20059  24.775  -65.142  -0.958 0.0000000000
20060  24.265  -65.405  -1.621 0.0000000000
20061  23.119  -65.148  -1.037 0.0000000000
20069  23.989  -65.777  -2.331 0.0000000000
20070  23.176  -65.133  -1.876 0.0000000000
20088  23.668  -66.079  -3.091 0.0000000000
20089  23.386  -65.255  -2.673 0.0000000000
20105  23.608  -66.373  -3.919 0.0000000000
20106  23.647  -65.700  -3.534 0.0000000000
20119  23.698  -66.363  -4.575 0.0000000000
20120  23.714  -66.161  -4.718 0.0000000000
20121  23.660  -65.997  -4.577 0.0000000000
20122  23.587  -65.999  -4.342 0.0000000000
20136  23.749  -66.676  -5.046 0.0000000000
20137  23.820  -66.494  -5.196 0.0000000000
20138  23.641  -66.332  -5.190 0.0000000000
20139  23.655  -66.242  -4.958 0.0000000000
20140  23.723  -66.447  -5.080 0.0000000000
20141  23.685  -66.401  -4.835 0.0000000000
20153  23.820  -66.765  -5.674 0.0000000000
20154  23.569  -66.748  -5.617 0.0000000000
20155  23.767  -66.632  -5.514 0.0000000000
20156  23.761  -66.835  -5.392 0.0000000000
20792  19.384  -64.565  10.796 0.0000000000
20801  24.531  -64.711  9.741 0.0000000000
20802  23.661  -64.919  9.668 0.0000000000
20803  22.314  -64.873  9.335 0.0000000000
20804  20.908  -64.713  9.295 0.0000000000
20805  19.621  -64.338  10.113 0.0000000000
20817  25.502  -64.548  9.315 0.0000000000
20818  24.961  -64.211  9.469 0.0000000000
20836  25.821  -64.127  8.741 0.0000000000
20859  26.022  -64.093  8.058 0.0000000000
20884  25.960  -63.881  7.272 0.0000000000
20885  19.770  -62.769  8.928 0.0000000000
20900  25.755  -64.388  6.058 0.0000000000
20901  25.638  -63.822  6.349 0.0000000000
20902  20.030  -62.969  6.870 0.0000000000
20903  19.842  -62.782  7.543 0.0000000000
20913  25.919  -64.261  5.327 0.0000000000
20914  25.605  -63.911  5.800 0.0000000000
20915  24.505  -63.178  5.955 0.0000000000
20916  23.626  -63.108  6.071 0.0000000000
20917  22.144  -62.883  6.106 0.0000000000
20918  20.718  -62.950  6.502 0.0000000000
20919  20.028  -62.487  6.818 0.0000000000
20930  26.379  -64.649  4.419 0.0000000000
20931  25.637  -63.270  5.269 0.0000000000
20932  25.277  -63.154  5.714 0.0000000000
20933  24.239  -62.655  5.765 0.0000000000
20934  23.136  -62.481  5.876 0.0000000000
20943  27.130  -64.271  3.590 0.0000000000
20944  25.705  -63.176  4.785 0.0000000000
20950  27.487  -63.922  2.680 0.0000000000
20951  25.773  -62.922  3.897 0.0000000000
20952  25.572  -63.303  3.300 0.0000000000
20960  27.582  -63.789  1.783 0.0000000000
20961  25.733  -62.671  3.124 0.0000000000
20962  24.934  -63.253  2.437 0.0000000000
20968  27.186  -63.915  0.913 0.0000000000
20969  24.046  -63.548  1.261 0.0000000000
20970  23.427  -64.062  0.689 0.0000000000
20976  26.517  -64.126  0.144 0.0000000000
20977  25.866  -64.176  -0.580 0.0000000000
20978  23.487  -63.564  0.459 0.0000000000
20979  23.028  -64.261  -0.178 0.0000000000
20985  25.186  -64.314  -1.282 0.0000000000
20986  24.478  -64.828  -1.836 0.0000000000
20987  22.940  -64.442  -1.184 0.0000000000
20992  24.940  -64.131  -1.683 0.0000000000
20993  24.400  -64.765  -2.311 0.0000000000
20994  23.044  -64.531  -1.959 0.0000000000
21002  24.185  -65.109  -3.042 0.0000000000
21003  23.479  -64.618  -2.842 0.0000000000
21004  23.322  -64.735  -2.713 0.0000000000
21019  24.086  -65.267  -3.736 0.0000000000
21020  24.052  -65.226  -4.054 0.0000000000
21021  23.520  -64.895  -3.301 0.0000000000
21022  23.524  -65.306  -3.576 0.0000000000
21039  24.032  -65.712  -4.324 0.0000000000
21040  23.802  -65.722  -4.383 0.0000000000
21041  23.875  -65.485  -4.286 0.0000000000
21042  23.732  -65.337  -4.189 0.0000000000
21043  23.700  -65.594  -4.189 0.0000000000
21044  23.566  -65.419  -3.868 0.0000000000
21063  23.699  -66.142  -4.840 0.0000000000
21064  23.723  -65.951  -4.670 0.0000000000
21065  23.781  -65.739  -4.438 0.0000000000
21066  23.744  -65.900  -4.587 0.0000000000
21765  24.172  -64.115  9.407 0.0000000000
21766  23.047  -64.157  9.130 0.0000000000
21767  21.629  -64.078  8.966 0.0000000000
21768  20.180  -63.859  9.132 0.0000000000
21779  25.353  -63.481  8.986 0.0000000000
21780  24.672  -63.433  9.170 0.0000000000
21781  23.720  -63.442  8.955 0.0000000000
21782  22.400  -63.435  8.643 0.0000000000
21798  25.705  -63.233  8.602 0.0000000000
21820  25.899  -63.389  8.312 0.0000000000
21835  25.995  -63.131  7.754 0.0000000000
21854  25.899  -62.942  6.896 0.0000000000
21855  19.835  -62.048  8.743 0.0000000000
21868  25.754  -63.636  5.076 0.0000000000
21869  25.564  -63.133  5.536 0.0000000000
21870  21.333  -62.416  6.221 0.0000000000
21871  20.684  -61.941  6.481 0.0000000000
21872  20.039  -61.748  7.436 0.0000000000
21886  25.987  -63.510  4.396 0.0000000000
21887  25.670  -62.433  4.599 0.0000000000
21888  25.518  -62.760  5.119 0.0000000000
21889  24.909  -62.170  5.294 0.0000000000
21890  23.600  -61.919  5.535 0.0000000000
21891  22.043  -61.840  5.952 0.0000000000
21892  21.070  -61.288  6.219 0.0000000000
21903  26.839  -63.098  3.270 0.0000000000
21904  25.509  -61.992  4.484 0.0000000000
21905  25.009  -61.577  4.937 0.0000000000
21912  27.157  -62.721  2.206 0.0000000000
21913  25.803  -61.783  3.329 0.0000000000
21920  27.407  -62.859  1.250 0.0000000000
21921  25.497  -62.242  2.525 0.0000000000
21922  24.739  -62.646  1.716 0.0000000000
21927  27.171  -63.020  0.428 0.0000000000
21928  24.062  -62.842  0.802 0.0000000000
21934  26.638  -63.179  -0.229 0.0000000000
21935  26.064  -63.256  -0.774 0.0000000000
21936  23.337  -63.234  -0.295 0.0000000000
21937  22.928  -63.908  -0.736 0.0000000000
21943  25.530  -63.298  -1.245 0.0000000000
21944  23.261  -63.240  -1.200 0.0000000000
21945  22.942  -63.845  -1.241 0.0000000000
21951  25.017  -63.544  -1.700 0.0000000000
21952  24.597  -63.970  -2.204 0.0000000000
21953  23.337  -63.571  -1.870 0.0000000000
21954  23.089  -63.975  -1.902 0.0000000000
21959  24.237  -64.286  -2.715 0.0000000000
21960  24.117  -63.914  -2.568 0.0000000000
21961  23.980  -63.745  -2.453 0.0000000000
21962  23.754  -63.820  -2.464 0.0000000000
21963  23.464  -64.200  -2.542 0.0000000000
21964  23.211  -64.103  -2.269 0.0000000000
21974  24.159  -64.751  -3.283 0.0000000000
21975  24.059  -64.697  -3.491 0.0000000000
21976  24.030  -64.506  -3.187 0.0000000000
21977  23.897  -64.405  -3.050 0.0000000000
21978  23.689  -64.483  -2.950 0.0000000000
21988  24.015  -65.040  -4.016 0.0000000000
21989  23.986  -64.954  -3.897 0.0000000000
21990  23.869  -64.873  -3.763 0.0000000000
21991  23.688  -64.884  -3.606 0.0000000000
22760  25.307  -63.005  8.833 0.0000000000
22761  25.061  -62.844  8.870 0.0000000000
22762  24.321  -62.803  8.819 0.0000000000
22763  23.232  -62.758  8.502 0.0000000000
22777  25.418  -62.777  8.627 0.0000000000
22778  25.158  -62.330  8.628 0.0000000000
22796  25.810  -62.596  8.189 0.0000000000
22814  25.980  -62.174  7.479 0.0000000000
22835  25.842  -61.865  6.536 0.0000000000
22851  25.598  -61.530  5.221 0.0000000000
22852  20.502  -60.893  6.839 0.0000000000
22853  20.438  -60.880  7.873 0.0000000000
22862  25.900  -62.386  3.763 0.0000000000
22863  25.659  -61.615  4.125 0.0000000000
22864  24.246  -61.396  5.094 0.0000000000
22865  22.881  -60.948  5.284 0.0000000000
22866  21.541  -60.890  5.839 0.0000000000
22867  20.914  -60.851  6.230 0.0000000000
22879  26.037  -61.886  2.847 0.0000000000
22880  25.951  -61.706  3.505 0.0000000000
22881  25.561  -60.738  3.779 0.0000000000
22882  24.803  -60.906  4.644 0.0000000000
22883  23.878  -60.850  4.959 0.0000000000
22895  26.607  -61.725  2.089 0.0000000000
22896  25.735  -60.786  3.024 0.0000000000
22908  27.098  -61.942  1.468 0.0000000000
22909  25.755  -61.365  2.196 0.0000000000
22910  25.147  -62.053  1.950 0.0000000000
22915  27.244  -62.027  0.750 0.0000000000
22916  24.889  -61.426  1.063 0.0000000000
22917  24.770  -62.049  1.341 0.0000000000
22923  27.047  -62.150  0.031 0.0000000000
22924  26.635  -62.498  -0.439 0.0000000000
22925  24.465  -61.570  0.474 0.0000000000
22926  24.114  -62.117  0.409 0.0000000000
22932  26.814  -61.889  -0.336 0.0000000000
22933  26.286  -62.258  -0.791 0.0000000000
22934  23.723  -62.392  -0.475 0.0000000000
22939  25.624  -62.488  -1.241 0.0000000000
22940  25.065  -62.783  -1.553 0.0000000000
22941  24.795  -62.655  -1.563 0.0000000000
22942  24.077  -62.237  -1.207 0.0000000000
22943  23.741  -62.633  -1.252 0.0000000000
22947  24.564  -63.391  -1.874 0.0000000000
22948  24.425  -63.156  -1.836 0.0000000000
22949  24.194  -63.088  -1.848 0.0000000000
22950  24.004  -62.852  -1.683 0.0000000000
22951  23.628  -63.385  -1.983 0.0000000000
23720  24.753  -62.348  8.683 0.0000000000
23721  24.035  -62.166  8.423 0.0000000000
23733  25.440  -62.052  8.371 0.0000000000
23734  24.826  -61.751  8.403 0.0000000000
23750  25.689  -61.670  7.882 0.0000000000
23769  25.862  -61.139  7.214 0.0000000000
23786  25.899  -60.643  6.299 0.0000000000
23806  25.863  -60.183  5.382 0.0000000000
23807  20.399  -59.867  6.875 0.0000000000
23808  20.433  -60.310  7.929 0.0000000000
23812  25.572  -60.690  4.360 0.0000000000
23813  22.663  -60.296  5.111 0.0000000000
23814  21.786  -60.053  5.380 0.0000000000
23815  20.778  -60.311  6.133 0.0000000000
23820  25.813  -61.240  2.741 0.0000000000
23821  25.818  -61.023  3.338 0.0000000000
23822  25.495  -60.056  3.659 0.0000000000
23823  24.735  -59.941  3.957 0.0000000000
23824  23.434  -60.195  4.766 0.0000000000
23825  22.577  -60.004  5.034 0.0000000000
23834  25.882  -61.095  2.267 0.0000000000
23835  25.795  -60.938  2.713 0.0000000000
23836  25.581  -59.944  3.203 0.0000000000
23837  25.352  -59.768  3.604 0.0000000000
23850  26.612  -61.221  1.605 0.0000000000
23851  25.737  -60.269  2.450 0.0000000000
23856  27.036  -61.290  1.012 0.0000000000
23857  25.652  -60.639  1.548 0.0000000000
23863  27.053  -61.230  0.374 0.0000000000
23864  26.851  -60.741  0.200 0.0000000000
23865  24.791  -61.119  0.484 0.0000000000
23866  24.197  -61.735  0.060 0.0000000000
23872  27.029  -61.571  -0.104 0.0000000000
23873  26.730  -61.232  -0.286 0.0000000000
23874  24.848  -60.922  0.035 0.0000000000
23875  24.215  -61.722  -0.445 0.0000000000
23880  26.123  -61.537  -0.836 0.0000000000
23881  25.607  -61.859  -1.160 0.0000000000
23882  25.237  -61.801  -1.229 0.0000000000
23883  24.967  -61.586  -1.067 0.0000000000
23884  24.571  -61.617  -0.840 0.0000000000
23885  24.116  -62.019  -0.959 0.0000000000
23890  24.789  -62.264  -1.439 0.0000000000
23891  24.530  -62.342  -1.403 0.0000000000
23892  24.318  -62.473  -1.427 0.0000000000
24682  25.299  -61.400  8.125 0.0000000000
24683  24.730  -60.882  7.985 0.0000000000
24699  25.385  -60.821  7.634 0.0000000000
24720  25.592  -59.987  6.949 0.0000000000
24721  25.190  -59.275  7.017 0.0000000000
24735  25.868  -59.496  6.061 0.0000000000
24758  25.979  -59.382  5.384 0.0000000000
24759  20.297  -59.309  6.908 0.0000000000
24764  25.796  -59.656  4.688 0.0000000000
24765  21.324  -59.022  5.210 0.0000000000
24766  20.510  -59.271  6.131 0.0000000000
24767  20.348  -58.957  6.975 0.0000000000
24774  25.487  -60.020  3.673 0.0000000000
24775  24.292  -59.357  3.821 0.0000000000
24776  23.414  -59.219  4.168 0.0000000000
24777  22.426  -59.503  4.855 0.0000000000
24786  25.814  -60.581  2.154 0.0000000000
24787  25.750  -60.339  2.686 0.0000000000
24788  25.578  -59.405  3.066 0.0000000000
24789  24.830  -59.255  3.371 0.0000000000
24790  24.029  -59.081  3.744 0.0000000000
24807  25.966  -60.705  1.730 0.0000000000
24808  25.782  -60.239  1.980 0.0000000000
24809  25.680  -59.390  2.592 0.0000000000
24810  25.373  -59.214  2.952 0.0000000000
24819  26.685  -60.771  1.201 0.0000000000
24820  26.160  -60.340  1.432 0.0000000000
24821  25.802  -59.840  1.951 0.0000000000
24832  26.941  -60.895  0.831 0.0000000000
24833  26.568  -60.465  0.775 0.0000000000
24834  25.544  -60.128  1.018 0.0000000000
24845  26.501  -60.365  0.139 0.0000000000
24846  26.170  -60.240  -0.124 0.0000000000
24847  25.867  -60.229  -0.174 0.0000000000
24848  25.603  -60.225  -0.067 0.0000000000
24849  25.348  -60.316  0.142 0.0000000000
24858  26.347  -60.797  -0.452 0.0000000000
24859  25.872  -60.991  -0.734 0.0000000000
24860  25.475  -60.902  -0.695 0.0000000000
24861  25.196  -60.878  -0.555 0.0000000000
24862  25.004  -60.887  -0.451 0.0000000000
25729  25.458  -58.933  6.501 0.0000000000
25745  25.773  -58.739  6.026 0.0000000000
25776  25.917  -58.892  5.645 0.0000000000
25787  25.878  -58.836  5.019 0.0000000000
25788  21.309  -58.453  5.132 0.0000000000
25789  20.864  -58.268  5.758 0.0000000000
25790  20.466  -58.263  6.965 0.0000000000
25798  25.728  -58.983  4.146 0.0000000000
25799  22.851  -58.574  4.120 0.0000000000
25800  22.064  -58.528  4.642 0.0000000000
25801  21.219  -58.009  5.060 0.0000000000
25809  25.540  -59.320  3.185 0.0000000000
25810  24.203  -58.559  3.178 0.0000000000
25811  23.525  -58.511  3.672 0.0000000000
25826  25.816  -59.541  2.405 0.0000000000
25827  25.558  -58.807  2.399 0.0000000000
25828  24.843  -58.668  2.743 0.0000000000
25842  25.902  -59.736  1.585 0.0000000000
25843  25.784  -59.138  1.899 0.0000000000
25858  26.165  -59.671  0.840 0.0000000000
25859  26.009  -59.446  0.741 0.0000000000
25860  25.836  -59.241  0.969 0.0000000000
25861  25.861  -59.386  1.147 0.0000000000
25873  26.174  -59.835  0.382 0.0000000000
25874  26.015  -59.579  0.465 0.0000000000
25875  25.800  -59.695  0.419 0.0000000000
25876  25.812  -59.521  0.704 0.0000000000
25877  25.712  -59.739  0.639 0.0000000000
26808  25.383  -58.533  6.426 0.0000000000
26822  25.509  -58.390  6.210 0.0000000000
26851  25.745  -58.164  5.548 0.0000000000
26877  25.849  -58.083  4.611 0.0000000000
26878  20.828  -57.446  6.583 0.0000000000
26887  25.765  -58.151  3.664 0.0000000000
26888  22.471  -58.030  4.118 0.0000000000
26889  21.611  -57.442  4.641 0.0000000000
26890  20.987  -57.375  5.591 0.0000000000
26897  25.633  -58.619  2.817 0.0000000000
26898  23.629  -57.840  3.072 0.0000000000
26899  22.738  -57.625  3.734 0.0000000000
26900  22.205  -57.509  4.128 0.0000000000
26913  25.729  -58.883  2.132 0.0000000000
26914  24.920  -58.195  2.303 0.0000000000
26915  24.294  -58.024  2.631 0.0000000000
26933  25.825  -58.923  1.497 0.0000000000
26934  25.722  -58.622  1.514 0.0000000000
26935  25.697  -58.602  1.771 0.0000000000
26951  25.858  -59.320  1.093 0.0000000000
26952  25.806  -59.037  1.175 0.0000000000
26953  25.581  -58.896  1.317 0.0000000000
26954  25.789  -58.987  1.257 0.0000000000
26955  25.776  -58.814  1.451 0.0000000000
26969  25.843  -59.350  0.852 0.0000000000
26970  25.642  -59.476  0.855 0.0000000000
26971  25.817  -59.348  0.964 0.0000000000
27923  20.682  -56.467  6.417 0.0000000000
27943  25.743  -57.391  3.587 0.0000000000
27944  21.498  -56.438  4.755 0.0000000000
27945  21.064  -56.691  5.352 0.0000000000
27953  25.717  -57.782  3.130 0.0000000000
27954  23.209  -56.963  3.057 0.0000000000
27955  22.660  -56.977  3.503 0.0000000000
27956  22.040  -57.006  4.062 0.0000000000
27977  25.673  -58.103  2.574 0.0000000000
27978  24.268  -57.327  2.487 0.0000000000
27979  23.954  -57.485  2.700 0.0000000000
28002  25.611  -58.371  2.086 0.0000000000
28003  25.592  -58.178  1.886 0.0000000000
28004  25.423  -57.928  1.956 0.0000000000
28005  25.244  -57.821  1.991 0.0000000000
28006  25.035  -57.847  2.097 0.0000000000
28027  25.642  -58.413  1.625 0.0000000000
28028  25.271  -58.555  1.609 0.0000000000
28029  25.442  -58.386  1.747 0.0000000000
28030  25.643  -58.452  1.644 0.0000000000
28998  21.497  -55.632  4.990 0.0000000000
28999  21.238  -55.855  5.759 0.0000000000
29021  25.704  -57.216  3.302 0.0000000000
29022  25.506  -56.791  3.302 0.0000000000
29023  23.054  -56.533  3.143 0.0000000000
29024  22.705  -56.405  3.509 0.0000000000
29025  22.044  -56.188  4.156 0.0000000000
29046  25.633  -57.396  2.917 0.0000000000
29047  25.377  -56.926  2.843 0.0000000000
29048  25.122  -56.830  2.670 0.0000000000
29049  23.972  -56.848  2.642 0.0000000000
29050  23.530  -56.718  2.897 0.0000000000
29066  25.590  -57.709  2.424 0.0000000000
29067  25.372  -57.446  2.357 0.0000000000
29068  25.045  -57.155  2.373 0.0000000000
29069  24.769  -57.195  2.359 0.0000000000
29070  24.333  -56.998  2.524 0.0000000000
30098  21.594  -55.152  5.227 0.0000000000
30112  24.720  -56.057  3.248 0.0000000000
30113  22.926  -56.176  3.399 0.0000000000
30114  22.404  -55.783  4.032 0.0000000000
30115  21.944  -55.344  4.809 0.0000000000
30127  25.023  -56.429  2.991 0.0000000000
30128  24.643  -56.363  2.891 0.0000000000
30129  24.205  -56.325  2.868 0.0000000000
30130  23.854  -56.454  2.868 0.0000000000
30131  23.234  -56.125  3.288 0.0000000000
30152  24.610  -56.719  2.597 0.0000000000
30153  24.352  -56.709  2.611 0.0000000000
30154  24.147  -56.697  2.644 0.0000000000
31183  21.812  -54.798  4.924 0.0000000000
31184  21.549  -54.790  5.107 0.0000000000
31197  23.164  -55.635  3.740 0.0000000000
31198  22.802  -55.657  3.873 0.0000000000
31199  22.135  -55.070  4.746 0.0000000000
31200  21.882  -55.036  4.868 0.0000000000
31214  24.057  -55.965  3.187 0.0000000000
31215  23.688  -55.961  3.256 0.0000000000
31216  23.311  -55.939  3.399 0.0000000000
31217  23.097  -55.913  3.524 0.0000000000
32270  22.694  -55.268  4.295 0.0000000000
32271  22.348  -55.012  4.632 0.0000000000
32272  22.080  -54.831  4.769 0.0000000000
