#!ascii label  , from subject Yale_0050557 vox2ras=TkReg
506
8281  -9.530  -80.311  -2.839 0.0000000000
9081  -9.052  -79.362  -2.379 0.0000000000
9082  -9.003  -79.536  -2.232 0.0000000000
9102  -9.036  -79.182  -2.720 0.0000000000
9103  -9.061  -79.666  -2.693 0.0000000000
9104  -9.368  -79.955  -2.255 0.0000000000
9105  -9.544  -80.136  -2.280 0.0000000000
9106  -9.460  -80.146  -2.504 0.0000000000
9107  -9.411  -80.047  -2.712 0.0000000000
9124  -9.181  -79.248  -2.948 0.0000000000
9927  -7.977  -79.230  -2.140 0.0000000000
9928  -8.437  -79.193  -2.177 0.0000000000
9929  -8.806  -79.323  -2.107 0.0000000000
9930  -9.024  -79.052  -2.103 0.0000000000
9931  -9.070  -78.845  -2.246 0.0000000000
9949  -7.605  -79.067  -2.627 0.0000000000
9950  -8.125  -79.125  -2.526 0.0000000000
9951  -8.908  -79.122  -2.479 0.0000000000
9952  -9.121  -79.669  -2.118 0.0000000000
9953  -9.068  -79.543  -2.323 0.0000000000
9954  -9.082  -79.155  -2.486 0.0000000000
9955  -9.114  -79.020  -2.782 0.0000000000
9966  -7.644  -79.130  -3.139 0.0000000000
9967  -8.326  -79.277  -3.182 0.0000000000
9968  -8.960  -78.709  -3.274 0.0000000000
9982  -7.826  -78.799  -3.917 0.0000000000
10819  -7.959  -79.000  -2.212 0.0000000000
10820  -8.277  -78.829  -2.022 0.0000000000
10821  -8.775  -78.552  -2.068 0.0000000000
10822  -9.017  -78.284  -2.232 0.0000000000
10823  -9.007  -78.090  -2.261 0.0000000000
10835  -7.716  -79.104  -2.847 0.0000000000
10836  -7.726  -78.741  -2.653 0.0000000000
10837  -8.938  -78.028  -2.535 0.0000000000
10838  -9.047  -77.858  -2.823 0.0000000000
10849  -7.552  -78.689  -3.313 0.0000000000
10850  -7.718  -78.248  -3.162 0.0000000000
10851  -8.804  -77.367  -3.030 0.0000000000
10881  -7.805  -78.090  -3.964 0.0000000000
10882  -8.922  -77.846  -3.501 0.0000000000
11683  -8.079  -78.437  -2.266 0.0000000000
11684  -8.561  -78.086  -2.171 0.0000000000
11685  -8.932  -77.396  -2.382 0.0000000000
11686  -8.949  -77.126  -2.378 0.0000000000
11687  -8.975  -76.831  -2.249 0.0000000000
11688  -9.369  -76.314  -2.120 0.0000000000
11701  -8.106  -77.982  -2.795 0.0000000000
11702  -8.827  -77.346  -2.661 0.0000000000
11703  -8.950  -77.398  -2.445 0.0000000000
11704  -8.971  -77.416  -2.395 0.0000000000
11705  -9.278  -77.031  -2.379 0.0000000000
11726  -7.697  -78.074  -3.656 0.0000000000
11727  -8.607  -77.415  -3.693 0.0000000000
11728  -8.823  -77.204  -3.272 0.0000000000
11729  -9.160  -76.591  -2.895 0.0000000000
11755  -7.995  -77.618  -4.154 0.0000000000
11756  -8.556  -76.920  -4.204 0.0000000000
11757  -8.985  -76.800  -3.256 0.0000000000
11771  -8.320  -77.060  -4.686 0.0000000000
11772  -8.583  -76.561  -4.419 0.0000000000
12550  -9.283  -76.842  -2.356 0.0000000000
12551  -9.447  -76.250  -2.397 0.0000000000
12552  -9.480  -75.888  -1.981 0.0000000000
12553  -9.766  -75.667  -1.936 0.0000000000
12554  -10.487  -75.104  -1.796 0.0000000000
12572  -9.033  -76.859  -2.806 0.0000000000
12573  -9.258  -76.665  -2.579 0.0000000000
12574  -9.647  -76.068  -2.355 0.0000000000
12575  -9.757  -75.910  -2.314 0.0000000000
12576  -10.603  -74.949  -1.981 0.0000000000
12601  -8.857  -76.761  -3.588 0.0000000000
12602  -9.061  -76.501  -3.052 0.0000000000
12603  -9.433  -76.161  -2.680 0.0000000000
12604  -9.346  -76.011  -2.935 0.0000000000
12605  -9.792  -75.289  -2.575 0.0000000000
12625  -8.798  -76.324  -4.107 0.0000000000
12626  -8.942  -76.143  -3.629 0.0000000000
12627  -9.164  -76.078  -3.387 0.0000000000
12628  -9.530  -75.546  -3.006 0.0000000000
12643  -8.444  -75.910  -4.849 0.0000000000
12644  -8.964  -76.196  -3.771 0.0000000000
13431  -10.056  -75.220  -1.758 0.0000000000
13432  -10.432  -75.061  -1.604 0.0000000000
13433  -10.874  -74.742  -1.551 0.0000000000
13434  -11.570  -74.323  -1.589 0.0000000000
13435  -12.331  -73.867  -1.607 0.0000000000
13450  -9.727  -75.654  -2.389 0.0000000000
13451  -9.803  -75.676  -2.041 0.0000000000
13452  -11.386  -74.379  -1.914 0.0000000000
13453  -12.251  -73.683  -1.763 0.0000000000
13454  -12.740  -73.436  -1.990 0.0000000000
13481  -9.266  -75.508  -3.359 0.0000000000
13482  -9.379  -75.740  -2.820 0.0000000000
13483  -10.657  -74.636  -2.264 0.0000000000
13484  -11.597  -74.100  -2.146 0.0000000000
13485  -12.289  -73.343  -2.185 0.0000000000
13486  -12.558  -73.146  -2.470 0.0000000000
13506  -8.773  -75.483  -4.584 0.0000000000
13507  -8.862  -75.509  -4.023 0.0000000000
13508  -9.410  -75.457  -3.241 0.0000000000
13509  -9.689  -74.928  -2.802 0.0000000000
13510  -11.023  -74.067  -2.587 0.0000000000
13511  -11.893  -73.238  -2.610 0.0000000000
13512  -12.675  -73.055  -2.774 0.0000000000
13528  -8.457  -75.032  -5.092 0.0000000000
13529  -9.167  -75.423  -3.562 0.0000000000
13530  -9.888  -74.432  -3.332 0.0000000000
13531  -10.954  -73.513  -3.101 0.0000000000
13532  -11.980  -73.033  -3.138 0.0000000000
13533  -12.845  -72.931  -3.182 0.0000000000
13555  -10.165  -73.818  -3.925 0.0000000000
13556  -11.136  -73.131  -3.641 0.0000000000
13557  -11.901  -72.838  -3.641 0.0000000000
14446  -10.252  -74.623  -1.567 0.0000000000
14447  -10.615  -74.348  -1.433 0.0000000000
14448  -11.182  -74.324  -1.366 0.0000000000
14449  -11.820  -74.137  -1.449 0.0000000000
14450  -12.712  -73.890  -1.523 0.0000000000
14451  -13.343  -73.491  -1.853 0.0000000000
14461  -9.763  -74.402  -2.328 0.0000000000
14462  -10.030  -74.650  -1.821 0.0000000000
14463  -10.332  -74.348  -1.572 0.0000000000
14464  -12.696  -73.722  -1.700 0.0000000000
14465  -13.502  -73.565  -1.815 0.0000000000
14466  -14.437  -72.753  -2.591 0.0000000000
14467  -14.870  -72.279  -2.848 0.0000000000
14485  -9.079  -74.462  -3.260 0.0000000000
14486  -9.630  -75.051  -2.884 0.0000000000
14487  -12.970  -73.311  -2.113 0.0000000000
14488  -13.425  -73.102  -2.544 0.0000000000
14489  -14.606  -72.575  -2.918 0.0000000000
14509  -8.510  -74.462  -4.683 0.0000000000
14510  -8.800  -74.726  -3.772 0.0000000000
14511  -13.452  -73.034  -3.079 0.0000000000
14512  -14.250  -72.791  -3.214 0.0000000000
14536  -12.584  -72.944  -3.590 0.0000000000
14537  -13.618  -72.715  -3.673 0.0000000000
14538  -14.710  -72.510  -3.682 0.0000000000
14568  -10.568  -73.286  -4.481 0.0000000000
14569  -11.315  -72.694  -3.964 0.0000000000
14570  -12.587  -72.501  -4.228 0.0000000000
14571  -13.879  -72.341  -4.381 0.0000000000
14599  -11.672  -72.258  -4.863 0.0000000000
14600  -12.617  -72.132  -5.158 0.0000000000
15499  -10.878  -73.701  -1.362 0.0000000000
15500  -11.301  -73.821  -1.320 0.0000000000
15501  -11.916  -73.845  -1.431 0.0000000000
15502  -12.560  -73.692  -1.720 0.0000000000
15503  -13.182  -73.393  -2.003 0.0000000000
15517  -9.670  -73.689  -2.429 0.0000000000
15518  -9.950  -73.739  -2.047 0.0000000000
15519  -10.407  -73.839  -1.616 0.0000000000
15520  -13.799  -72.977  -2.240 0.0000000000
15521  -14.577  -72.553  -2.559 0.0000000000
15522  -15.304  -71.939  -2.788 0.0000000000
15523  -15.780  -71.317  -2.681 0.0000000000
15544  -8.866  -73.599  -3.269 0.0000000000
15545  -9.442  -73.936  -2.852 0.0000000000
15546  -15.284  -72.109  -2.990 0.0000000000
15547  -15.764  -71.488  -2.863 0.0000000000
15571  -7.806  -73.344  -4.932 0.0000000000
15572  -8.516  -73.714  -3.909 0.0000000000
15573  -15.078  -72.320  -3.317 0.0000000000
15574  -15.573  -71.587  -3.158 0.0000000000
15600  -14.543  -72.280  -4.148 0.0000000000
15601  -15.283  -71.527  -3.807 0.0000000000
15602  -15.830  -71.035  -3.308 0.0000000000
15624  -13.374  -71.874  -4.811 0.0000000000
15625  -14.563  -71.525  -4.898 0.0000000000
15626  -15.067  -70.847  -4.237 0.0000000000
15639  -13.230  -71.450  -5.830 0.0000000000
15640  -14.250  -71.018  -5.819 0.0000000000
16504  -10.835  -73.435  -1.679 0.0000000000
16505  -11.321  -73.405  -1.560 0.0000000000
16506  -11.954  -73.544  -1.745 0.0000000000
16507  -12.633  -73.445  -1.963 0.0000000000
16508  -12.978  -73.369  -2.046 0.0000000000
16518  -9.416  -73.391  -2.655 0.0000000000
16519  -9.657  -73.178  -2.528 0.0000000000
16520  -10.308  -73.087  -2.191 0.0000000000
16521  -11.157  -73.109  -2.004 0.0000000000
16522  -11.934  -73.180  -2.082 0.0000000000
16523  -12.744  -73.174  -2.367 0.0000000000
16524  -13.551  -72.953  -2.447 0.0000000000
16525  -14.724  -72.415  -2.788 0.0000000000
16526  -15.484  -71.744  -2.798 0.0000000000
16527  -15.994  -71.060  -2.683 0.0000000000
16528  -16.446  -70.406  -2.481 0.0000000000
16541  -8.571  -73.194  -3.584 0.0000000000
16542  -9.024  -73.058  -3.175 0.0000000000
16543  -9.590  -72.565  -3.030 0.0000000000
16544  -10.208  -72.592  -2.743 0.0000000000
16545  -16.152  -70.873  -2.672 0.0000000000
16546  -16.541  -70.168  -2.573 0.0000000000
16565  -7.480  -72.917  -5.245 0.0000000000
16566  -8.152  -72.811  -4.357 0.0000000000
16567  -8.866  -72.525  -3.734 0.0000000000
16568  -9.217  -72.302  -3.635 0.0000000000
16569  -16.144  -70.778  -2.952 0.0000000000
16570  -16.591  -69.818  -2.833 0.0000000000
16591  -7.603  -72.707  -5.310 0.0000000000
16592  -7.823  -72.626  -4.900 0.0000000000
16593  -15.446  -70.428  -4.024 0.0000000000
16594  -16.070  -69.978  -3.501 0.0000000000
16595  -16.626  -69.415  -3.036 0.0000000000
16607  -14.689  -70.628  -5.411 0.0000000000
16608  -15.102  -69.964  -4.508 0.0000000000
16609  -15.546  -69.818  -4.012 0.0000000000
16621  -14.755  -69.754  -5.311 0.0000000000
16622  -22.677  -70.186  -7.579 0.0000000000
16623  -23.247  -70.238  -7.855 0.0000000000
16624  -23.629  -70.108  -8.090 0.0000000000
16643  -21.962  -70.227  -7.690 0.0000000000
16644  -22.421  -70.277  -7.804 0.0000000000
16645  -23.204  -70.206  -8.270 0.0000000000
16646  -23.749  -70.001  -8.427 0.0000000000
16662  -21.561  -69.884  -8.371 0.0000000000
16663  -21.753  -70.054  -8.033 0.0000000000
16664  -22.168  -70.070  -8.444 0.0000000000
16665  -22.843  -69.911  -8.932 0.0000000000
16666  -23.809  -69.556  -9.570 0.0000000000
16672  -21.484  -69.697  -8.892 0.0000000000
16673  -21.770  -69.797  -9.145 0.0000000000
16674  -22.312  -69.741  -9.717 0.0000000000
17458  -10.870  -72.862  -2.638 0.0000000000
17459  -11.841  -73.149  -2.832 0.0000000000
17460  -12.708  -72.991  -2.936 0.0000000000
17461  -13.618  -72.836  -3.047 0.0000000000
17462  -14.701  -72.075  -3.104 0.0000000000
17463  -15.656  -71.445  -2.975 0.0000000000
17464  -16.183  -70.784  -2.670 0.0000000000
17465  -16.563  -70.201  -2.398 0.0000000000
17466  -16.935  -69.623  -2.371 0.0000000000
17467  -17.203  -69.063  -2.362 0.0000000000
17478  -10.007  -72.451  -3.155 0.0000000000
17479  -10.593  -72.604  -3.315 0.0000000000
17480  -11.584  -72.879  -3.495 0.0000000000
17481  -12.575  -72.792  -3.632 0.0000000000
17482  -13.457  -72.749  -3.625 0.0000000000
17483  -14.334  -72.093  -3.544 0.0000000000
17484  -16.961  -69.410  -2.508 0.0000000000
17485  -17.383  -68.715  -2.489 0.0000000000
17495  -8.446  -72.502  -4.337 0.0000000000
17496  -8.877  -72.350  -4.273 0.0000000000
17497  -9.891  -72.368  -4.049 0.0000000000
17498  -11.186  -72.588  -4.213 0.0000000000
17499  -12.108  -72.520  -4.232 0.0000000000
17500  -12.820  -72.401  -4.246 0.0000000000
17501  -17.045  -68.942  -2.760 0.0000000000
17502  -17.589  -68.306  -2.708 0.0000000000
17512  -8.094  -72.537  -5.411 0.0000000000
17513  -9.261  -72.312  -5.283 0.0000000000
17514  -10.180  -72.411  -5.463 0.0000000000
17515  -16.177  -69.005  -3.562 0.0000000000
17516  -16.629  -68.774  -3.151 0.0000000000
17533  -15.298  -69.239  -4.574 0.0000000000
17534  -15.712  -69.004  -4.197 0.0000000000
17535  -21.330  -69.695  -5.961 0.0000000000
17536  -21.636  -69.749  -6.116 0.0000000000
17537  -22.001  -69.731  -6.343 0.0000000000
17557  -15.152  -68.793  -5.216 0.0000000000
17558  -15.641  -68.301  -4.708 0.0000000000
17559  -20.935  -69.678  -6.650 0.0000000000
17560  -21.486  -69.973  -6.507 0.0000000000
17561  -22.090  -70.092  -6.908 0.0000000000
17562  -22.491  -69.882  -7.103 0.0000000000
17563  -23.351  -70.050  -7.739 0.0000000000
17584  -20.485  -68.949  -8.119 0.0000000000
17585  -20.945  -69.800  -7.524 0.0000000000
17586  -21.499  -70.112  -7.298 0.0000000000
17587  -21.910  -70.192  -7.211 0.0000000000
17588  -23.918  -69.931  -8.597 0.0000000000
17589  -24.123  -69.613  -9.223 0.0000000000
17601  -21.140  -69.597  -8.537 0.0000000000
17602  -21.430  -69.960  -7.864 0.0000000000
17603  -24.138  -69.782  -9.100 0.0000000000
18339  -16.803  -69.727  -2.502 0.0000000000
18340  -16.932  -69.566  -2.368 0.0000000000
18341  -17.220  -69.155  -2.274 0.0000000000
18342  -17.549  -68.771  -2.240 0.0000000000
18353  -14.986  -71.603  -3.503 0.0000000000
18354  -15.742  -71.026  -3.427 0.0000000000
18355  -16.460  -70.179  -2.711 0.0000000000
18356  -16.744  -69.881  -2.412 0.0000000000
18357  -17.091  -69.367  -2.299 0.0000000000
18358  -17.614  -68.568  -2.370 0.0000000000
18359  -18.178  -67.833  -2.580 0.0000000000
18369  -13.304  -72.534  -4.072 0.0000000000
18370  -13.975  -71.905  -4.028 0.0000000000
18371  -14.995  -71.210  -3.984 0.0000000000
18372  -15.579  -70.789  -3.736 0.0000000000
18373  -17.989  -68.055  -2.663 0.0000000000
18374  -18.485  -67.365  -2.801 0.0000000000
18384  -10.863  -72.307  -5.157 0.0000000000
18385  -11.753  -72.162  -5.024 0.0000000000
18386  -12.600  -72.059  -4.880 0.0000000000
18387  -13.427  -71.866  -4.593 0.0000000000
18388  -14.354  -71.145  -4.629 0.0000000000
18389  -14.899  -71.039  -4.421 0.0000000000
18390  -17.567  -68.068  -3.072 0.0000000000
18391  -18.044  -67.736  -2.925 0.0000000000
18392  -18.288  -67.495  -2.871 0.0000000000
18404  -8.964  -72.431  -6.601 0.0000000000
18405  -9.897  -72.285  -6.431 0.0000000000
18406  -10.659  -71.978  -6.174 0.0000000000
18407  -11.420  -71.783  -5.919 0.0000000000
18408  -12.252  -71.555  -5.865 0.0000000000
18409  -13.121  -71.476  -5.343 0.0000000000
18410  -13.700  -71.299  -5.018 0.0000000000
18411  -16.434  -68.381  -3.733 0.0000000000
18412  -17.088  -67.947  -3.387 0.0000000000
18413  -21.466  -68.669  -5.389 0.0000000000
18414  -21.629  -68.546  -5.506 0.0000000000
18434  -16.289  -67.811  -4.536 0.0000000000
18435  -16.785  -67.847  -3.959 0.0000000000
18436  -20.787  -68.567  -5.510 0.0000000000
18437  -21.218  -69.181  -5.612 0.0000000000
18438  -21.625  -69.277  -5.755 0.0000000000
18439  -22.073  -69.210  -6.153 0.0000000000
18440  -22.379  -69.208  -6.627 0.0000000000
18464  -15.687  -67.859  -5.261 0.0000000000
18465  -20.134  -67.844  -6.382 0.0000000000
18466  -20.439  -68.341  -6.093 0.0000000000
18467  -21.014  -69.415  -5.945 0.0000000000
18468  -22.384  -69.641  -6.796 0.0000000000
18469  -22.637  -69.645  -7.239 0.0000000000
18470  -23.246  -69.697  -7.827 0.0000000000
18492  -20.094  -67.983  -7.144 0.0000000000
18493  -20.546  -69.128  -7.049 0.0000000000
18494  -23.523  -69.900  -7.924 0.0000000000
18495  -23.813  -69.711  -8.662 0.0000000000
18511  -24.249  -69.475  -9.513 0.0000000000
19283  -16.926  -69.396  -2.540 0.0000000000
19284  -17.275  -68.922  -2.355 0.0000000000
19285  -17.706  -68.508  -2.309 0.0000000000
19286  -18.320  -67.968  -2.382 0.0000000000
19287  -18.648  -67.399  -2.553 0.0000000000
19298  -16.345  -69.983  -3.056 0.0000000000
19299  -16.681  -69.714  -2.752 0.0000000000
19300  -18.100  -68.025  -2.470 0.0000000000
19301  -18.646  -67.235  -2.738 0.0000000000
19302  -18.984  -66.779  -3.019 0.0000000000
19316  -15.451  -70.584  -3.954 0.0000000000
19317  -15.884  -70.247  -3.582 0.0000000000
19318  -18.806  -66.952  -2.976 0.0000000000
19319  -19.159  -66.558  -3.274 0.0000000000
19330  -14.540  -70.536  -4.932 0.0000000000
19331  -14.973  -70.540  -4.435 0.0000000000
19332  -17.839  -67.586  -3.255 0.0000000000
19333  -18.108  -67.398  -3.269 0.0000000000
19334  -18.736  -67.054  -3.264 0.0000000000
19335  -19.695  -66.657  -3.871 0.0000000000
19346  -12.738  -70.991  -6.049 0.0000000000
19347  -13.687  -70.490  -5.456 0.0000000000
19348  -17.802  -67.343  -3.549 0.0000000000
19349  -18.526  -66.792  -3.691 0.0000000000
19350  -19.425  -66.720  -4.128 0.0000000000
19351  -20.371  -67.229  -4.567 0.0000000000
19352  -21.021  -67.983  -4.843 0.0000000000
19353  -21.296  -68.041  -5.047 0.0000000000
19364  -13.503  -69.810  -6.316 0.0000000000
19365  -16.748  -67.192  -4.905 0.0000000000
19366  -17.248  -67.238  -4.288 0.0000000000
19367  -19.659  -67.110  -5.310 0.0000000000
19368  -19.968  -67.443  -5.043 0.0000000000
19369  -20.837  -68.206  -5.115 0.0000000000
19370  -21.240  -68.728  -5.268 0.0000000000
19371  -21.597  -68.243  -5.491 0.0000000000
19372  -22.072  -68.631  -6.125 0.0000000000
19385  -19.696  -67.316  -6.018 0.0000000000
19386  -20.108  -67.658  -5.673 0.0000000000
19387  -22.625  -69.111  -7.318 0.0000000000
19388  -23.376  -69.571  -8.185 0.0000000000
19403  -19.377  -67.114  -7.547 0.0000000000
20216  -17.033  -69.114  -2.601 0.0000000000
20217  -17.295  -68.713  -2.599 0.0000000000
20218  -17.745  -68.330  -2.474 0.0000000000
20219  -18.229  -67.806  -2.537 0.0000000000
20220  -18.771  -67.183  -2.596 0.0000000000
20221  -19.150  -66.774  -2.951 0.0000000000
20222  -19.757  -66.354  -3.183 0.0000000000
20237  -16.291  -69.481  -3.249 0.0000000000
20238  -16.779  -69.163  -2.776 0.0000000000
20239  -17.189  -68.630  -2.815 0.0000000000
20240  -18.887  -66.978  -2.839 0.0000000000
20241  -19.287  -66.474  -3.090 0.0000000000
20242  -20.274  -66.240  -3.458 0.0000000000
20243  -20.945  -66.159  -3.411 0.0000000000
20256  -15.425  -69.886  -4.001 0.0000000000
20257  -15.923  -69.559  -3.633 0.0000000000
20258  -20.098  -66.501  -3.654 0.0000000000
20259  -20.793  -66.358  -3.616 0.0000000000
20260  -21.177  -66.106  -3.521 0.0000000000
20266  -14.797  -69.821  -5.164 0.0000000000
20267  -15.115  -69.847  -4.546 0.0000000000
20268  -20.493  -66.904  -4.226 0.0000000000
20269  -20.832  -66.789  -4.077 0.0000000000
20270  -21.153  -66.433  -3.972 0.0000000000
20275  -13.933  -69.428  -5.914 0.0000000000
20276  -18.307  -66.839  -4.229 0.0000000000
20277  -19.081  -66.666  -4.302 0.0000000000
20278  -19.524  -66.818  -4.414 0.0000000000
20279  -20.746  -67.353  -4.512 0.0000000000
20280  -20.986  -67.399  -4.529 0.0000000000
20281  -21.255  -67.246  -4.708 0.0000000000
20291  -17.157  -66.807  -5.289 0.0000000000
20292  -18.051  -66.606  -4.982 0.0000000000
20293  -19.156  -66.808  -4.986 0.0000000000
20294  -19.468  -66.849  -4.657 0.0000000000
20295  -21.549  -67.677  -5.443 0.0000000000
20296  -21.899  -68.081  -6.205 0.0000000000
20312  -17.891  -66.619  -5.965 0.0000000000
20313  -18.740  -66.722  -5.698 0.0000000000
20314  -22.192  -68.354  -7.128 0.0000000000
20328  -18.674  -66.759  -6.672 0.0000000000
21256  -17.704  -68.150  -2.644 0.0000000000
21257  -18.159  -67.677  -2.761 0.0000000000
21258  -18.727  -67.087  -2.817 0.0000000000
21259  -19.299  -66.591  -2.967 0.0000000000
21260  -19.780  -66.201  -2.997 0.0000000000
21261  -20.204  -66.071  -3.295 0.0000000000
21278  -16.541  -68.980  -3.096 0.0000000000
21279  -16.892  -68.566  -3.019 0.0000000000
21280  -17.652  -67.948  -2.982 0.0000000000
21281  -18.326  -67.380  -2.997 0.0000000000
21282  -20.756  -66.021  -3.327 0.0000000000
21283  -21.174  -65.900  -3.385 0.0000000000
21284  -21.365  -65.671  -3.472 0.0000000000
21299  -15.772  -69.316  -3.983 0.0000000000
21300  -16.217  -68.675  -3.641 0.0000000000
21301  -17.012  -68.042  -3.313 0.0000000000
21302  -17.512  -67.694  -3.344 0.0000000000
21303  -21.347  -65.885  -3.526 0.0000000000
21304  -21.515  -65.610  -3.651 0.0000000000
21308  -14.990  -69.277  -5.181 0.0000000000
21309  -15.300  -68.969  -4.679 0.0000000000
21310  -15.881  -68.344  -4.284 0.0000000000
21311  -21.422  -66.022  -3.731 0.0000000000
21312  -21.629  -65.708  -3.925 0.0000000000
21316  -14.692  -68.870  -5.680 0.0000000000
21317  -15.113  -68.495  -5.415 0.0000000000
21318  -21.416  -66.396  -4.371 0.0000000000
21319  -21.645  -65.785  -4.408 0.0000000000
21330  -21.395  -67.015  -4.914 0.0000000000
21331  -21.457  -66.789  -5.251 0.0000000000
21344  -21.585  -67.557  -6.383 0.0000000000
22298  -18.752  -66.969  -3.041 0.0000000000
22299  -19.462  -66.362  -3.005 0.0000000000
22300  -19.946  -66.217  -3.255 0.0000000000
22301  -20.274  -65.879  -3.131 0.0000000000
22302  -20.605  -65.833  -3.326 0.0000000000
22317  -18.189  -67.354  -3.195 0.0000000000
22318  -18.765  -66.986  -3.322 0.0000000000
22319  -19.284  -66.377  -3.176 0.0000000000
22320  -20.994  -65.766  -3.311 0.0000000000
22321  -21.247  -65.512  -3.400 0.0000000000
22322  -21.540  -65.329  -3.552 0.0000000000
22339  -16.741  -68.012  -3.781 0.0000000000
22340  -17.191  -67.587  -3.755 0.0000000000
22341  -18.033  -67.106  -3.573 0.0000000000
22342  -18.867  -66.629  -3.599 0.0000000000
22343  -21.798  -65.226  -3.715 0.0000000000
22344  -21.981  -64.979  -3.844 0.0000000000
22353  -15.688  -68.146  -4.694 0.0000000000
22354  -16.429  -67.636  -4.517 0.0000000000
22355  -17.417  -67.103  -4.308 0.0000000000
22356  -18.088  -66.841  -4.415 0.0000000000
22357  -21.854  -65.299  -4.003 0.0000000000
22361  -15.039  -68.349  -5.839 0.0000000000
22362  -15.450  -67.797  -5.670 0.0000000000
22363  -16.130  -67.305  -5.362 0.0000000000
23373  -19.912  -66.217  -3.284 0.0000000000
23374  -20.163  -65.987  -3.246 0.0000000000
23375  -20.506  -65.806  -3.288 0.0000000000
23376  -20.679  -65.625  -3.232 0.0000000000
23389  -19.380  -66.392  -3.440 0.0000000000
23390  -19.876  -65.906  -3.278 0.0000000000
23391  -20.389  -65.731  -3.237 0.0000000000
23392  -20.747  -65.542  -3.239 0.0000000000
23393  -21.047  -65.483  -3.254 0.0000000000
23394  -21.515  -65.128  -3.423 0.0000000000
23395  -21.808  -64.772  -3.659 0.0000000000
23412  -18.786  -66.491  -4.161 0.0000000000
23413  -19.254  -65.982  -3.634 0.0000000000
23414  -19.674  -65.805  -3.437 0.0000000000
23415  -21.968  -64.837  -3.640 0.0000000000
23431  -17.043  -66.993  -4.814 0.0000000000
23432  -17.572  -66.750  -4.999 0.0000000000
23442  -16.027  -67.158  -5.816 0.0000000000
23443  -16.681  -66.829  -5.631 0.0000000000
23456  -15.862  -66.851  -6.673 0.0000000000
24519  -20.134  -65.596  -3.451 0.0000000000
24520  -20.484  -65.449  -3.304 0.0000000000
24521  -20.994  -65.134  -3.164 0.0000000000
24522  -21.251  -65.056  -3.200 0.0000000000
24523  -21.612  -64.898  -3.414 0.0000000000
24524  -21.932  -64.629  -3.527 0.0000000000
24538  -19.977  -65.440  -3.826 0.0000000000
24539  -20.516  -65.189  -3.475 0.0000000000
24540  -20.780  -65.072  -3.252 0.0000000000
25571  -21.159  -64.870  -3.229 0.0000000000
25572  -21.378  -64.822  -3.333 0.0000000000
25573  -21.733  -64.680  -3.500 0.0000000000
25574  -22.045  -64.438  -3.647 0.0000000000
25587  -21.185  -64.745  -3.565 0.0000000000
25588  -21.768  -64.457  -3.721 0.0000000000
