#!ascii label  , from subject Yale_0050560 vox2ras=TkReg
703
18017  -31.688  1.358  56.778 0.0000000000
20450  -52.320  9.027  45.702 0.0000000000
22299  -36.618  12.852  48.992 0.0000000000
17712  -19.613  -0.914  60.900 0.0000000000
23815  -54.565  23.424  33.740 0.0000000000
18725  -37.680  4.299  52.010 0.0000000000
18086  -25.750  0.589  46.575 0.0000000000
16828  -37.352  -4.760  58.364 0.0000000000
18691  -26.535  4.288  60.324 0.0000000000
16067  -24.031  -8.188  61.652 0.0000000000
22322  -53.178  17.880  41.179 0.0000000000
19600  -49.088  2.320  47.467 0.0000000000
20725  -43.050  10.657  50.869 0.0000000000
20155  -38.949  4.494  50.423 0.0000000000
15070  -17.720  -12.592  60.685 0.0000000000
23538  -54.341  25.235  24.853 0.0000000000
18035  -34.216  3.072  55.092 0.0000000000
18398  -31.558  2.501  48.758 0.0000000000
17733  -29.002  0.580  51.354 0.0000000000
17713  -36.224  0.317  60.906 0.0000000000
18026  -40.526  0.877  57.853 0.0000000000
35368  -32.298  -0.582  62.941 0.0000000000
35417  -34.225  -3.329  62.528 0.0000000000
35384  -30.112  2.005  59.459 0.0000000000
35317  -28.244  -1.138  64.541 0.0000000000
18047  -27.215  2.797  53.778 0.0000000000
21501  -52.612  14.227  43.986 0.0000000000
22065  -47.740  16.982  42.513 0.0000000000
21033  -49.200  13.554  45.654 0.0000000000
19005  -45.004  2.044  47.156 0.0000000000
20150  -43.727  4.940  50.974 0.0000000000
19873  -41.472  4.892  44.178 0.0000000000
16088  -18.419  -7.078  53.210 0.0000000000
16325  -18.965  -6.377  60.915 0.0000000000
24044  -54.572  24.811  29.768 0.0000000000
23522  -49.450  22.771  27.547 0.0000000000
23517  -49.305  23.018  30.767 0.0000000000
20731  -35.261  10.959  48.415 0.0000000000
15291  -16.266  -13.768  64.759 0.0000000000
18776  -36.449  2.874  41.711 0.0000000000
18744  -34.026  3.419  45.449 0.0000000000
18779  -27.263  2.907  40.103 0.0000000000
18980  -21.802  3.512  62.696 0.0000000000
17398  -20.610  -3.125  63.802 0.0000000000
35291  -25.711  -1.179  64.454 0.0000000000
18709  -23.583  5.206  54.808 0.0000000000
23186  -53.832  21.403  37.012 0.0000000000
23503  -48.366  23.322  35.975 0.0000000000
22877  -47.506  20.719  38.930 0.0000000000
19858  -51.981  5.198  47.155 0.0000000000
20438  -48.749  11.146  48.789 0.0000000000
19844  -47.730  7.295  51.784 0.0000000000
20422  -41.800  8.094  52.754 0.0000000000
20132  -37.491  6.747  52.820 0.0000000000
35544  -36.774  7.957  56.351 0.0000000000
15843  -12.533  -7.635  52.203 0.0000000000
15308  -14.705  -10.534  58.891 0.0000000000
13304  -17.406  -15.382  60.589 0.0000000000
15549  -20.767  -11.385  63.973 0.0000000000
23219  -48.295  21.393  23.124 0.0000000000
18031  -32.262  1.828  55.753 0.0000000000
18041  -30.983  1.748  53.255 0.0000000000
17726  -30.130  0.866  53.954 0.0000000000
18014  -34.875  1.301  60.728 0.0000000000
18013  -36.411  1.474  58.915 0.0000000000
35386  -32.335  1.607  60.504 0.0000000000
35410  -34.340  0.353  61.808 0.0000000000
18019  -31.165  1.333  58.022 0.0000000000
35366  -30.993  1.628  62.046 0.0000000000
17727  -29.866  1.049  55.555 0.0000000000
20764  -53.067  10.689  44.616 0.0000000000
21278  -50.920  14.042  45.400 0.0000000000
20756  -52.112  10.996  46.008 0.0000000000
18769  -42.776  3.371  45.819 0.0000000000
19615  -43.132  4.412  44.588 0.0000000000
19228  -42.540  3.849  43.841 0.0000000000
16549  -20.600  -4.092  58.616 0.0000000000
17087  -20.144  -3.029  59.782 0.0000000000
23819  -55.451  24.203  30.858 0.0000000000
23816  -51.007  24.576  30.600 0.0000000000
23812  -50.576  24.597  32.940 0.0000000000
20729  -33.751  11.237  48.388 0.0000000000
23509  -55.187  20.471  34.064 0.0000000000
23515  -56.036  22.261  32.580 0.0000000000
23519  -56.785  22.670  30.855 0.0000000000
35201  -15.566  -16.319  62.965 0.0000000000
12551  -13.309  -19.256  62.853 0.0000000000
18745  -38.134  3.975  46.039 0.0000000000
18734  -36.393  3.855  49.301 0.0000000000
18088  -28.339  1.585  46.573 0.0000000000
18414  -30.155  2.229  44.154 0.0000000000
18416  -28.270  1.531  43.652 0.0000000000
18721  -38.518  3.173  54.139 0.0000000000
35382  -37.132  -3.777  60.661 0.0000000000
18978  -24.416  3.641  63.215 0.0000000000
18679  -23.175  0.835  66.025 0.0000000000
35321  -26.743  2.869  64.418 0.0000000000
35329  -28.480  -2.088  65.103 0.0000000000
35314  -26.469  -1.115  64.489 0.0000000000
18357  -27.262  3.954  57.157 0.0000000000
18048  -26.145  3.418  54.042 0.0000000000
18701  -24.928  5.618  57.606 0.0000000000
19205  -23.059  5.921  59.791 0.0000000000
22876  -53.306  20.479  38.857 0.0000000000
23182  -51.820  21.481  39.075 0.0000000000
23180  -50.952  20.355  40.371 0.0000000000
22068  -53.972  15.331  38.292 0.0000000000
22588  -54.144  17.246  37.513 0.0000000000
22879  -54.232  19.407  36.744 0.0000000000
19598  -50.777  4.051  47.716 0.0000000000
19846  -49.742  6.220  49.331 0.0000000000
19841  -47.822  5.774  49.173 0.0000000000
20159  -42.523  4.616  50.289 0.0000000000
20425  -42.961  6.312  52.445 0.0000000000
20158  -40.372  5.423  51.506 0.0000000000
20417  -38.366  8.678  52.171 0.0000000000
20418  -38.645  6.538  52.332 0.0000000000
19231  -33.258  3.883  41.377 0.0000000000
19621  -36.093  4.236  42.059 0.0000000000
15581  -17.627  -9.034  57.710 0.0000000000
15583  -16.949  -7.941  55.125 0.0000000000
15074  -16.753  -11.730  59.623 0.0000000000
14795  -17.566  -13.102  60.595 0.0000000000
14254  -17.906  -14.294  59.385 0.0000000000
16805  -23.559  -6.168  63.883 0.0000000000
16542  -20.727  -7.811  64.550 0.0000000000
16321  -23.002  -8.570  61.411 0.0000000000
23228  -52.267  22.964  21.829 0.0000000000
23223  -51.698  23.124  23.965 0.0000000000
23206  -47.091  20.812  27.806 0.0000000000
22907  -46.964  20.803  26.080 0.0000000000
22886  -43.343  20.566  35.229 0.0000000000
23191  -44.938  21.369  33.637 0.0000000000
20435  -46.017  11.120  50.430 0.0000000000
20440  -45.593  11.306  46.003 0.0000000000
20447  -42.903  11.397  45.580 0.0000000000
23836  -56.497  24.602  25.707 0.0000000000
18386  -35.739  3.395  53.438 0.0000000000
18394  -33.919  2.881  51.266 0.0000000000
18393  -32.378  2.589  50.799 0.0000000000
18065  -29.242  1.518  49.735 0.0000000000
17759  -27.015  0.941  48.817 0.0000000000
17408  -38.703  -2.486  59.710 0.0000000000
17407  -39.657  -2.471  58.773 0.0000000000
18025  -39.371  1.062  58.805 0.0000000000
18368  -38.242  2.499  55.956 0.0000000000
35390  -30.968  -3.004  63.957 0.0000000000
35389  -32.242  -4.087  63.772 0.0000000000
35391  -35.135  -2.136  61.841 0.0000000000
35401  -28.472  3.155  59.140 0.0000000000
35309  -28.661  2.386  63.494 0.0000000000
35324  -30.054  3.034  62.007 0.0000000000
35346  -30.594  0.484  63.323 0.0000000000
35435  -26.277  1.056  50.187 0.0000000000
17732  -27.719  0.663  51.139 0.0000000000
35402  -27.970  3.094  56.017 0.0000000000
21781  -52.874  16.145  42.550 0.0000000000
22321  -50.565  17.899  42.528 0.0000000000
21777  -51.836  15.797  43.942 0.0000000000
21500  -49.415  14.962  44.831 0.0000000000
19607  -46.923  2.267  47.860 0.0000000000
19856  -46.152  3.688  49.084 0.0000000000
19857  -45.635  3.594  48.061 0.0000000000
20165  -41.713  4.437  48.673 0.0000000000
20166  -40.716  4.716  46.946 0.0000000000
17104  -17.951  -6.898  55.716 0.0000000000
17106  -20.039  -5.470  55.764 0.0000000000
16068  -19.258  -6.317  57.161 0.0000000000
15575  -17.600  -9.869  60.698 0.0000000000
23835  -55.208  24.631  27.923 0.0000000000
23535  -52.819  24.663  25.324 0.0000000000
23822  -51.644  24.504  28.228 0.0000000000
23516  -48.924  22.555  29.422 0.0000000000
22901  -45.418  20.158  29.961 0.0000000000
21022  -38.797  11.110  50.173 0.0000000000
20748  -38.259  12.204  45.526 0.0000000000
21028  -34.889  11.903  45.071 0.0000000000
23829  -56.753  23.839  27.900 0.0000000000
15295  -14.729  -9.771  65.136 0.0000000000
18760  -39.895  3.383  44.515 0.0000000000
18755  -38.409  3.675  44.900 0.0000000000
18759  -36.299  2.717  43.029 0.0000000000
18775  -33.075  2.940  41.398 0.0000000000
18738  -31.874  2.965  45.816 0.0000000000
18753  -32.298  2.779  43.676 0.0000000000
19013  -29.846  3.444  39.952 0.0000000000
18353  -19.820  1.420  61.993 0.0000000000
18008  -20.025  -0.007  62.132 0.0000000000
18349  -21.637  0.863  64.523 0.0000000000
17700  -23.134  -3.129  64.213 0.0000000000
16063  -25.386  -6.021  63.198 0.0000000000
35294  -27.541  -1.165  64.417 0.0000000000
35288  -26.589  -4.374  62.990 0.0000000000
18064  -24.829  1.608  49.896 0.0000000000
18984  -20.668  5.589  59.160 0.0000000000
23505  -54.519  22.352  35.052 0.0000000000
23804  -49.935  24.046  35.106 0.0000000000
23497  -51.479  23.273  36.721 0.0000000000
23185  -47.721  22.574  37.452 0.0000000000
22882  -44.999  20.452  36.884 0.0000000000
22325  -47.429  18.128  41.065 0.0000000000
22333  -46.277  19.203  38.196 0.0000000000
23189  -54.539  20.616  35.789 0.0000000000
19867  -51.912  7.098  46.753 0.0000000000
20443  -51.226  9.649  47.205 0.0000000000
19848  -50.761  6.306  49.263 0.0000000000
20427  -46.473  9.800  51.780 0.0000000000
20726  -44.569  10.364  51.774 0.0000000000
20143  -45.626  6.119  51.091 0.0000000000
20137  -44.183  7.532  52.995 0.0000000000
20424  -42.000  9.798  52.026 0.0000000000
20723  -39.245  10.166  51.834 0.0000000000
20416  -37.357  9.243  52.017 0.0000000000
20412  -35.315  9.922  51.525 0.0000000000
19433  -38.727  4.167  41.509 0.0000000000
19876  -37.061  4.411  43.596 0.0000000000
20124  -36.453  7.735  54.479 0.0000000000
21261  -36.075  9.545  53.452 0.0000000000
22041  -38.360  9.691  56.771 0.0000000000
15842  -9.840  -7.075  53.051 0.0000000000
15574  -11.511  -8.966  55.738 0.0000000000
15851  -16.922  -7.192  51.790 0.0000000000
15314  -13.519  -9.595  56.041 0.0000000000
15309  -14.633  -10.025  60.599 0.0000000000
15058  -18.871  -13.220  62.923 0.0000000000
13772  -16.657  -15.269  62.181 0.0000000000
16544  -19.016  -4.893  63.198 0.0000000000
16061  -18.762  -8.115  63.476 0.0000000000
14798  -19.532  -13.082  62.549 0.0000000000
35154  -21.151  -12.827  58.732 0.0000000000
14256  -19.161  -14.216  59.375 0.0000000000
23218  -49.156  22.048  24.921 0.0000000000
23216  -46.611  21.318  23.817 0.0000000000
23508  -47.496  22.728  33.354 0.0000000000
23196  -45.564  20.998  31.253 0.0000000000
20449  -50.510  11.011  47.067 0.0000000000
20448  -46.389  11.745  45.206 0.0000000000
18021  -34.425  1.728  57.967 0.0000000000
18020  -33.484  1.295  59.345 0.0000000000
18018  -32.048  1.326  59.207 0.0000000000
21279  -52.318  12.678  45.179 0.0000000000
20183  -52.874  7.639  43.921 0.0000000000
20768  -53.368  10.595  42.882 0.0000000000
19225  -43.133  3.565  44.977 0.0000000000
18768  -41.223  3.485  44.361 0.0000000000
17406  -19.991  -2.257  59.888 0.0000000000
17086  -19.497  -2.132  61.226 0.0000000000
24042  -53.528  24.162  33.024 0.0000000000
21752  -34.880  12.771  48.384 0.0000000000
21265  -33.781  11.753  48.409 0.0000000000
23512  -55.186  22.295  33.767 0.0000000000
23817  -55.238  23.395  33.001 0.0000000000
35203  -14.353  -18.118  62.837 0.0000000000
13549  -14.108  -17.708  63.705 0.0000000000
18087  -27.510  0.885  46.546 0.0000000000
18097  -28.343  1.237  45.073 0.0000000000
18095  -26.557  0.436  44.877 0.0000000000
16836  -37.496  -5.155  57.445 0.0000000000
16827  -37.773  -4.730  59.595 0.0000000000
35393  -37.229  -6.040  59.891 0.0000000000
16546  -36.606  -6.978  58.707 0.0000000000
18687  -25.950  4.148  61.264 0.0000000000
18976  -25.366  3.207  64.398 0.0000000000
18977  -26.015  2.812  63.912 0.0000000000
35350  -29.895  -2.919  64.863 0.0000000000
18356  -26.434  4.568  58.437 0.0000000000
18366  -25.859  4.418  56.446 0.0000000000
18700  -25.474  5.497  59.044 0.0000000000
18981  -24.832  4.964  60.884 0.0000000000
22586  -53.828  18.011  39.511 0.0000000000
22871  -52.721  19.584  40.362 0.0000000000
22581  -51.831  18.781  41.657 0.0000000000
22066  -53.803  15.779  40.570 0.0000000000
19597  -49.503  3.449  47.921 0.0000000000
19602  -49.579  4.835  48.326 0.0000000000
19601  -47.941  3.202  48.711 0.0000000000
20157  -40.336  4.308  50.117 0.0000000000
20420  -39.725  7.351  52.316 0.0000000000
20149  -39.133  5.082  51.604 0.0000000000
19417  -48.178  1.335  46.462 0.0000000000
19418  -48.590  1.700  46.297 0.0000000000
19422  -49.930  2.278  46.033 0.0000000000
15315  -17.113  -11.272  60.071 0.0000000000
15321  -16.564  -10.191  57.425 0.0000000000
14802  -17.396  -12.766  59.897 0.0000000000
16062  -24.321  -7.525  62.632 0.0000000000
16322  -22.989  -7.818  63.532 0.0000000000
15819  -24.159  -8.531  61.014 0.0000000000
23537  -53.234  24.448  23.142 0.0000000000
23536  -52.840  24.728  24.432 0.0000000000
22900  -45.368  19.248  28.805 0.0000000000
20735  -44.294  11.103  49.933 0.0000000000
20436  -45.229  11.304  48.728 0.0000000000
20734  -43.334  11.581  48.488 0.0000000000
18377  -34.789  3.025  54.233 0.0000000000
18385  -33.960  2.997  52.924 0.0000000000
18034  -32.610  2.586  54.139 0.0000000000
17734  -30.029  1.040  51.770 0.0000000000
18051  -30.709  1.806  51.759 0.0000000000
18073  -28.356  1.208  48.228 0.0000000000
17743  -28.052  0.960  49.756 0.0000000000
17715  -37.593  -1.489  60.522 0.0000000000
17716  -39.642  -0.804  58.998 0.0000000000
17714  -37.657  0.410  60.045 0.0000000000
18022  -34.458  2.439  56.292 0.0000000000
18024  -36.676  2.472  56.651 0.0000000000
18374  -35.855  3.330  55.014 0.0000000000
35406  -31.709  -3.328  64.094 0.0000000000
35341  -29.040  2.617  60.989 0.0000000000
35365  -29.998  2.396  60.828 0.0000000000
35367  -31.634  1.171  61.007 0.0000000000
35332  -29.393  -1.311  64.377 0.0000000000
17750  -27.229  1.010  49.744 0.0000000000
35403  -28.167  1.520  53.661 0.0000000000
21505  -53.494  13.925  42.193 0.0000000000
21281  -46.527  14.204  43.867 0.0000000000
20763  -46.940  12.935  44.799 0.0000000000
21039  -53.263  11.396  41.196 0.0000000000
21506  -53.754  13.528  39.814 0.0000000000
19427  -45.929  2.154  47.138 0.0000000000
19610  -44.524  4.047  46.288 0.0000000000
19866  -42.361  4.850  45.866 0.0000000000
19001  -45.948  1.235  47.226 0.0000000000
16327  -19.613  -5.320  59.681 0.0000000000
16329  -20.100  -5.335  57.188 0.0000000000
15806  -17.873  -8.002  60.117 0.0000000000
23827  -52.892  24.993  27.871 0.0000000000
23521  -50.345  23.468  28.676 0.0000000000
23203  -47.643  21.969  28.590 0.0000000000
23198  -47.205  22.079  31.059 0.0000000000
21023  -36.396  11.363  47.995 0.0000000000
23824  -56.665  23.495  29.758 0.0000000000
15297  -16.536  -11.980  65.275 0.0000000000
18746  -40.572  3.641  46.004 0.0000000000
18740  -39.697  4.028  47.947 0.0000000000
18754  -35.521  3.422  44.374 0.0000000000
18766  -33.080  2.799  42.912 0.0000000000
18399  -33.645  2.929  47.796 0.0000000000
18401  -30.985  2.788  47.217 0.0000000000
18428  -29.191  2.665  42.013 0.0000000000
18780  -29.828  2.922  40.604 0.0000000000
17721  -40.624  -0.597  57.849 0.0000000000
17413  -39.598  -2.275  57.243 0.0000000000
35413  -34.615  -4.962  62.400 0.0000000000
18693  -20.746  2.410  62.897 0.0000000000
18351  -20.578  0.919  63.150 0.0000000000
18979  -22.078  2.414  64.132 0.0000000000
18344  -24.126  -0.610  66.081 0.0000000000
18003  -22.996  -1.248  65.802 0.0000000000
18002  -24.797  -2.111  65.362 0.0000000000
17698  -24.858  -4.054  63.902 0.0000000000
35293  -25.536  -3.509  64.248 0.0000000000
35295  -28.349  -0.101  64.264 0.0000000000
35308  -27.821  1.577  64.356 0.0000000000
35300  -26.436  -2.456  64.005 0.0000000000
35290  -27.149  -2.134  63.365 0.0000000000
35286  -26.533  -4.246  63.271 0.0000000000
35436  -26.381  1.732  52.092 0.0000000000
18049  -25.318  2.086  51.590 0.0000000000
18376  -24.386  3.584  53.704 0.0000000000
18050  -24.278  2.482  52.331 0.0000000000
19204  -23.101  4.313  62.056 0.0000000000
18989  -22.281  6.470  58.594 0.0000000000
18982  -21.556  4.750  61.102 0.0000000000
18694  -20.062  3.279  61.769 0.0000000000
23805  -53.413  23.103  36.088 0.0000000000
23498  -52.713  22.424  37.431 0.0000000000
22875  -49.425  21.180  39.300 0.0000000000
22878  -46.600  21.373  37.777 0.0000000000
22320  -49.009  17.749  42.120 0.0000000000
19843  -48.578  6.866  49.902 0.0000000000
19847  -49.282  7.390  50.624 0.0000000000
20413  -44.870  9.049  52.853 0.0000000000
19845  -46.056  4.813  50.113 0.0000000000
20426  -43.519  9.235  52.562 0.0000000000
20423  -40.342  10.203  52.125 0.0000000000
20415  -36.685  9.234  52.086 0.0000000000
20410  -36.077  9.120  52.600 0.0000000000
18767  -38.334  2.755  42.845 0.0000000000
18773  -38.570  2.934  42.097 0.0000000000
19010  -37.959  3.596  41.301 0.0000000000
19875  -34.265  4.219  43.241 0.0000000000
20164  -38.637  4.277  46.210 0.0000000000
35565  -36.845  7.371  55.489 0.0000000000
21262  -36.652  8.049  55.205 0.0000000000
21478  -36.795  8.583  55.802 0.0000000000
22040  -38.467  9.978  54.493 0.0000000000
21479  -36.851  9.137  55.952 0.0000000000
19608  -51.784  4.393  46.500 0.0000000000
19868  -52.389  6.119  44.775 0.0000000000
17101  -10.792  -6.852  55.658 0.0000000000
16096  -13.013  -6.765  52.480 0.0000000000
15587  -10.157  -7.927  53.302 0.0000000000
15588  -12.082  -8.351  52.724 0.0000000000
16345  -18.883  -6.193  52.742 0.0000000000
17114  -18.262  -5.932  53.378 0.0000000000
16093  -17.898  -7.172  52.219 0.0000000000
15320  -15.319  -9.357  55.709 0.0000000000
15312  -14.606  -10.317  57.513 0.0000000000
15311  -13.402  -9.499  57.453 0.0000000000
15302  -17.341  -11.802  62.555 0.0000000000
15306  -17.009  -11.800  61.171 0.0000000000
13773  -17.411  -14.843  61.444 0.0000000000
14252  -18.031  -14.276  62.221 0.0000000000
35199  -16.352  -16.242  61.158 0.0000000000
17081  -19.671  -3.011  62.736 0.0000000000
16817  -20.146  -4.819  63.988 0.0000000000
16057  -21.125  -10.123  64.479 0.0000000000
15803  -20.235  -9.644  64.398 0.0000000000
15555  -19.825  -11.975  64.130 0.0000000000
15063  -20.296  -12.429  63.839 0.0000000000
14510  -20.347  -14.161  58.856 0.0000000000
13566  -18.818  -15.877  58.116 0.0000000000
23222  -51.518  22.717  22.888 0.0000000000
23221  -50.939  22.138  21.234 0.0000000000
23530  -51.474  23.558  26.256 0.0000000000
23217  -48.045  21.502  24.677 0.0000000000
23810  -48.806  24.018  34.005 0.0000000000
23192  -46.932  22.552  34.534 0.0000000000
22894  -43.256  19.881  31.237 0.0000000000
22895  -44.255  20.317  31.339 0.0000000000
22604  -43.583  18.714  30.114 0.0000000000
20442  -49.753  10.811  47.982 0.0000000000
20446  -44.539  10.828  43.419 0.0000000000
20749  -36.543  11.949  44.573 0.0000000000
20743  -38.958  11.961  44.443 0.0000000000
35385  -33.149  1.294  61.205 0.0000000000
35364  -30.796  2.617  61.313 0.0000000000
17725  -28.781  0.569  53.090 0.0000000000
21282  -53.390  12.687  43.250 0.0000000000
21032  -50.777  12.223  46.415 0.0000000000
20773  -53.168  9.963  41.755 0.0000000000
19004  -44.076  3.051  46.360 0.0000000000
19432  -41.243  4.162  42.642 0.0000000000
16843  -21.102  -3.914  57.822 0.0000000000
16543  -19.732  -4.027  60.433 0.0000000000
23823  -52.621  25.084  29.380 0.0000000000
24043  -52.996  24.811  31.202 0.0000000000
23814  -49.154  23.659  32.286 0.0000000000
20730  -34.327  11.050  47.910 0.0000000000
23205  -56.153  19.863  32.747 0.0000000000
23518  -56.785  21.012  31.697 0.0000000000
23207  -57.333  21.978  29.493 0.0000000000
35200  -15.300  -15.200  64.351 0.0000000000
14776  -15.142  -13.983  65.576 0.0000000000
13548  -13.026  -18.218  64.768 0.0000000000
18739  -36.939  3.870  47.641 0.0000000000
18074  -29.413  1.964  48.341 0.0000000000
18405  -29.973  2.520  45.873 0.0000000000
18369  -40.130  1.941  57.341 0.0000000000
35414  -36.443  -4.822  61.147 0.0000000000
35411  -36.193  -5.758  60.730 0.0000000000
19203  -23.099  3.455  63.778 0.0000000000
18680  -22.242  1.712  65.517 0.0000000000
18975  -23.609  3.014  64.977 0.0000000000
18681  -25.810  1.569  65.134 0.0000000000
18682  -25.771  0.220  65.260 0.0000000000
35307  -27.732  -1.631  64.132 0.0000000000
35331  -27.295  -1.196  65.095 0.0000000000
35316  -26.058  -1.325  64.977 0.0000000000
18367  -26.507  3.764  55.573 0.0000000000
18373  -25.183  4.054  54.958 0.0000000000
18707  -24.622  5.311  55.971 0.0000000000
18990  -22.452  5.660  56.592 0.0000000000
18985  -24.362  6.150  59.178 0.0000000000
22870  -49.471  19.574  40.751 0.0000000000
21783  -46.735  16.362  42.225 0.0000000000
22067  -46.744  16.828  41.078 0.0000000000
22589  -54.031  19.269  38.067 0.0000000000
19603  -51.021  4.666  48.418 0.0000000000
19842  -46.972  6.513  50.565 0.0000000000
20429  -41.727  5.296  51.482 0.0000000000
20419  -41.134  6.682  52.409 0.0000000000
20421  -39.923  9.025  52.554 0.0000000000
19232  -36.365  3.856  41.432 0.0000000000
19599  -50.483  3.291  46.641 0.0000000000
15823  -17.625  -8.070  56.713 0.0000000000
15073  -16.343  -11.554  59.202 0.0000000000
14010  -17.803  -14.185  60.243 0.0000000000
17392  -21.655  -4.174  64.122 0.0000000000
16813  -21.238  -6.498  64.581 0.0000000000
16541  -22.533  -7.658  64.115 0.0000000000
16539  -22.267  -9.268  64.766 0.0000000000
35224  -21.525  -9.148  63.669 0.0000000000
22888  -45.878  21.735  36.122 0.0000000000
22887  -42.651  20.214  32.593 0.0000000000
20432  -47.807  11.185  49.787 0.0000000000
20434  -46.863  11.265  48.147 0.0000000000
20437  -44.962  11.445  47.006 0.0000000000
18395  -35.733  3.544  52.051 0.0000000000
18729  -35.508  3.325  50.211 0.0000000000
18057  -30.485  1.985  49.876 0.0000000000
17758  -26.925  0.939  47.801 0.0000000000
17088  -38.561  -3.448  58.974 0.0000000000
18023  -38.071  1.669  58.571 0.0000000000
18360  -39.255  1.843  57.599 0.0000000000
18387  -36.771  3.805  53.304 0.0000000000
18690  -27.588  3.403  61.182 0.0000000000
35342  -28.068  3.022  62.762 0.0000000000
35362  -28.120  3.002  61.329 0.0000000000
35306  -29.542  2.436  63.174 0.0000000000
35305  -30.377  2.384  63.070 0.0000000000
35363  -30.417  1.964  61.717 0.0000000000
35327  -30.581  1.656  63.169 0.0000000000
35326  -29.294  0.106  64.165 0.0000000000
17760  -25.495  0.956  47.850 0.0000000000
22318  -51.671  17.356  42.849 0.0000000000
21778  -50.260  16.471  43.837 0.0000000000
21780  -48.202  15.982  43.488 0.0000000000
21503  -47.080  15.327  43.658 0.0000000000
19864  -43.980  4.376  48.925 0.0000000000
19419  -47.454  1.691  46.885 0.0000000000
17105  -19.033  -6.231  55.156 0.0000000000
16338  -19.855  -5.876  54.299 0.0000000000
16337  -20.851  -5.081  56.092 0.0000000000
16079  -19.557  -6.157  54.230 0.0000000000
15824  -18.086  -7.210  55.786 0.0000000000
15814  -17.869  -7.834  57.939 0.0000000000
15576  -17.695  -8.981  58.899 0.0000000000
15567  -17.790  -11.734  62.003 0.0000000000
23828  -52.983  24.908  26.650 0.0000000000
20724  -41.420  11.118  50.381 0.0000000000
20739  -41.749  11.789  47.117 0.0000000000
20745  -38.945  11.933  47.586 0.0000000000
20741  -34.194  11.840  46.010 0.0000000000
23524  -57.630  22.753  27.840 0.0000000000
23531  -57.695  23.293  26.646 0.0000000000
19014  -31.600  3.612  40.463 0.0000000000
17099  -38.530  -3.472  57.821 0.0000000000
17705  -20.999  -1.388  63.928 0.0000000000
17702  -21.678  -2.545  64.563 0.0000000000
18348  -22.241  -0.161  65.660 0.0000000000
35322  -27.780  2.871  63.760 0.0000000000
35292  -27.253  -0.132  64.576 0.0000000000
35289  -26.573  -2.740  63.449 0.0000000000
16064  -25.310  -6.835  62.467 0.0000000000
35531  -24.526  0.932  47.766 0.0000000000
18988  -21.108  6.339  57.198 0.0000000000
18698  -19.901  3.944  61.015 0.0000000000
23813  -53.148  23.787  34.750 0.0000000000
22596  -43.596  19.433  36.378 0.0000000000
22585  -50.194  18.783  41.677 0.0000000000
22584  -48.146  19.466  40.604 0.0000000000
22587  -47.294  19.280  39.777 0.0000000000
20178  -52.537  7.386  45.062 0.0000000000
20431  -49.512  9.622  49.419 0.0000000000
20135  -46.219  6.887  52.465 0.0000000000
20144  -44.219  6.194  51.541 0.0000000000
20136  -44.863  6.794  51.979 0.0000000000
20134  -45.564  7.467  52.990 0.0000000000
20733  -37.695  10.288  51.202 0.0000000000
20732  -36.716  10.407  50.751 0.0000000000
20722  -35.804  10.318  50.620 0.0000000000
21488  -34.992  10.789  50.660 0.0000000000
19872  -40.798  4.588  42.801 0.0000000000
19877  -38.928  4.645  42.768 0.0000000000
20174  -40.061  4.840  44.883 0.0000000000
20148  -37.921  4.607  50.678 0.0000000000
19828  -36.857  6.540  53.615 0.0000000000
21747  -36.195  10.804  51.446 0.0000000000
22043  -37.058  11.187  51.072 0.0000000000
15580  -9.614  -8.064  54.468 0.0000000000
16571  -16.904  -6.281  52.474 0.0000000000
16097  -14.990  -6.906  51.523 0.0000000000
15594  -16.519  -7.985  53.034 0.0000000000
15325  -15.059  -8.656  54.097 0.0000000000
15589  -14.334  -8.383  52.465 0.0000000000
15323  -12.527  -9.178  54.284 0.0000000000
15571  -12.106  -8.607  58.138 0.0000000000
15300  -15.841  -10.152  63.760 0.0000000000
15296  -17.395  -11.958  64.442 0.0000000000
15293  -17.408  -12.681  64.415 0.0000000000
14791  -18.712  -13.812  62.286 0.0000000000
15298  -18.341  -13.419  62.990 0.0000000000
35202  -17.368  -13.953  63.143 0.0000000000
16822  -19.032  -3.524  61.802 0.0000000000
16326  -18.599  -5.880  62.550 0.0000000000
16323  -19.437  -7.293  63.910 0.0000000000
16324  -18.355  -7.039  63.079 0.0000000000
16066  -18.403  -7.287  62.058 0.0000000000
16060  -18.231  -8.623  62.904 0.0000000000
15303  -19.215  -12.648  63.482 0.0000000000
15310  -18.543  -12.638  62.217 0.0000000000
15821  -23.458  -9.163  60.560 0.0000000000
35226  -22.197  -8.904  61.892 0.0000000000
35210  -21.488  -9.966  61.615 0.0000000000
15304  -20.194  -12.052  61.633 0.0000000000
15062  -20.335  -12.771  61.278 0.0000000000
14797  -19.454  -13.020  60.648 0.0000000000
14796  -18.674  -12.927  60.984 0.0000000000
14508  -18.213  -13.251  59.804 0.0000000000
13780  -18.428  -15.132  58.523 0.0000000000
13305  -17.768  -15.267  59.213 0.0000000000
35192  -16.879  -16.183  60.543 0.0000000000
22920  -45.314  20.812  21.535 0.0000000000
23511  -48.130  22.679  32.352 0.0000000000
20755  -49.155  11.906  46.471 0.0000000000
20441  -48.116  11.316  46.946 0.0000000000
20762  -45.766  12.151  43.856 0.0000000000
20744  -40.858  11.518  44.795 0.0000000000
18761  -42.653  3.116  46.327 0.0000000000
16545  -36.877  -6.671  57.844 0.0000000000
18689  -25.558  3.250  62.810 0.0000000000
18688  -27.029  2.873  62.518 0.0000000000
20182  -30.897  3.941  42.547 0.0000000000
15290  -15.781  -12.931  65.621 0.0000000000
18345  -25.062  -0.502  65.574 0.0000000000
13303  -17.251  -15.894  59.725 0.0000000000
15548  -20.470  -11.892  63.586 0.0000000000
20458  -52.895  8.484  42.130 0.0000000000
18762  -43.964  2.303  47.076 0.0000000000
23199  -55.537  18.727  33.321 0.0000000000
13056  -13.187  -19.024  63.597 0.0000000000
18735  -38.375  4.206  49.509 0.0000000000
18716  -39.610  2.110  55.837 0.0000000000
35312  -26.745  -1.858  65.427 0.0000000000
18708  -25.139  5.419  56.549 0.0000000000
22330  -53.384  15.538  36.274 0.0000000000
16540  -22.242  -8.574  64.341 0.0000000000
35225  -21.909  -8.528  62.595 0.0000000000
23540  -55.009  25.202  22.511 0.0000000000
35372  -30.681  -3.657  64.578 0.0000000000
18355  -27.615  3.931  59.078 0.0000000000
35323  -29.498  2.779  61.664 0.0000000000
35325  -29.109  2.884  62.709 0.0000000000
19221  -46.674  1.350  46.766 0.0000000000
17115  -20.746  -4.359  56.602 0.0000000000
15807  -17.550  -8.451  59.681 0.0000000000
21027  -33.215  12.491  45.806 0.0000000000
23208  -58.123  21.579  27.191 0.0000000000
19624  -29.226  4.106  40.478 0.0000000000
17699  -25.136  -5.472  63.650 0.0000000000
35301  -27.241  -1.757  64.384 0.0000000000
18991  -23.418  6.161  58.293 0.0000000000
18354  -19.653  1.211  61.176 0.0000000000
22327  -46.816  17.380  39.531 0.0000000000
22593  -53.688  17.642  35.742 0.0000000000
22889  -54.257  19.028  35.044 0.0000000000
19007  -39.975  3.610  42.112 0.0000000000
20156  -38.307  4.200  48.604 0.0000000000
20133  -37.843  5.046  52.712 0.0000000000
19826  -36.797  5.845  55.387 0.0000000000
20125  -36.379  7.297  54.018 0.0000000000
16564  -9.558  -6.529  54.100 0.0000000000
15831  -8.250  -7.289  53.946 0.0000000000
17111  -17.286  -6.459  53.941 0.0000000000
15590  -16.254  -8.184  54.437 0.0000000000
15299  -18.322  -12.174  63.681 0.0000000000
15556  -18.917  -11.713  63.873 0.0000000000
35211  -21.054  -12.065  59.823 0.0000000000
15075  -20.831  -13.389  59.421 0.0000000000
14509  -20.164  -13.417  60.029 0.0000000000
13306  -17.915  -15.973  58.696 0.0000000000
20742  -40.000  12.102  46.195 0.0000000000
20754  -41.125  10.801  43.372 0.0000000000
20187  -52.499  7.038  42.635 0.0000000000
12552  -13.322  -19.000  63.609 0.0000000000
35383  -28.660  2.897  61.816 0.0000000000
35344  -30.668  3.120  61.761 0.0000000000
21035  -45.649  12.918  42.533 0.0000000000
21290  -52.862  11.896  39.293 0.0000000000
16547  -20.131  -4.478  58.829 0.0000000000
19012  -27.416  3.377  39.237 0.0000000000
35302  -26.145  -1.232  64.313 0.0000000000
17102  -12.826  -7.010  54.703 0.0000000000
14253  -18.013  -13.922  60.887 0.0000000000
16320  -21.642  -9.329  65.025 0.0000000000
15804  -19.030  -10.021  63.901 0.0000000000
14011  -19.337  -15.298  58.114 0.0000000000
23226  -48.400  20.960  21.286 0.0000000000
23225  -46.753  21.008  21.269 0.0000000000
22619  -45.036  20.877  25.137 0.0000000000
17113  -20.943  -3.721  57.668 0.0000000000
21753  -33.764  13.285  46.322 0.0000000000
14492  -14.185  -15.171  65.746 0.0000000000
13550  -13.735  -16.947  65.260 0.0000000000
18772  -26.144  2.820  41.542 0.0000000000
18370  -40.425  1.565  57.027 0.0000000000
35412  -35.706  -5.126  61.827 0.0000000000
35330  -26.682  -1.059  64.842 0.0000000000
35315  -26.279  -0.804  65.079 0.0000000000
19611  -50.607  3.355  45.345 0.0000000000
17112  -14.491  -6.673  53.362 0.0000000000
16804  -21.774  -7.853  64.587 0.0000000000
16059  -21.888  -9.934  64.837 0.0000000000
16058  -21.017  -10.175  63.816 0.0000000000
35345  -31.151  2.755  62.375 0.0000000000
21510  -52.819  12.720  37.779 0.0000000000
18756  -41.772  3.365  45.982 0.0000000000
18056  -23.048  1.896  50.381 0.0000000000
22332  -44.682  18.316  37.342 0.0000000000
22295  -38.262  11.183  51.296 0.0000000000
21477  -35.931  8.845  58.025 0.0000000000
17092  -11.757  -7.653  57.892 0.0000000000
15844  -14.374  -7.761  51.652 0.0000000000
15057  -18.545  -13.496  63.258 0.0000000000
16065  -17.840  -8.194  61.607 0.0000000000
15805  -18.151  -10.234  62.471 0.0000000000
35153  -21.853  -11.553  59.451 0.0000000000
15061  -20.526  -12.498  63.053 0.0000000000
13316  -17.355  -16.455  59.055 0.0000000000
35198  -15.930  -16.628  62.282 0.0000000000
35343  -30.720  3.205  62.499 0.0000000000
