#!ascii label  , from subject Yale_0050560 vox2ras=TkReg
113
27933  -56.257  36.371  11.782 0.0000000000
28672  -49.698  38.002  -1.255 0.0000000000
27664  -55.978  33.949  17.874 0.0000000000
28653  -50.299  41.328  5.075 0.0000000000
29701  -52.578  46.109  1.908 0.0000000000
27694  -53.226  32.240  7.562 0.0000000000
28169  -54.921  37.567  4.144 0.0000000000
27958  -50.133  34.168  3.004 0.0000000000
28407  -43.653  36.736  -0.312 0.0000000000
27671  -57.539  35.333  15.445 0.0000000000
27666  -54.333  33.053  16.297 0.0000000000
27683  -56.045  33.671  12.226 0.0000000000
27681  -52.966  33.169  11.277 0.0000000000
27689  -55.690  33.356  8.914 0.0000000000
29101  -51.356  40.394  2.687 0.0000000000
28649  -51.111  40.545  4.661 0.0000000000
36443  -51.967  39.016  2.090 0.0000000000
27959  -53.073  35.340  3.084 0.0000000000
36452  -49.916  36.641  0.013 0.0000000000
36450  -47.291  34.989  1.742 0.0000000000
28412  -46.288  37.364  -1.498 0.0000000000
27668  -56.936  37.565  16.908 0.0000000000
27925  -57.237  37.388  14.999 0.0000000000
29488  -53.147  43.604  3.502 0.0000000000
29102  -52.107  42.021  0.121 0.0000000000
28897  -48.627  39.092  -1.967 0.0000000000
29293  -50.831  43.253  -1.633 0.0000000000
28365  -54.531  39.363  7.769 0.0000000000
27945  -56.082  36.031  8.556 0.0000000000
27701  -55.972  34.975  5.486 0.0000000000
27705  -53.102  32.767  4.759 0.0000000000
27950  -47.875  32.498  5.857 0.0000000000
36441  -46.957  33.619  4.111 0.0000000000
28667  -44.923  38.863  -2.337 0.0000000000
27926  -57.062  34.837  13.659 0.0000000000
27677  -56.933  34.247  14.336 0.0000000000
27932  -56.489  35.031  12.340 0.0000000000
27941  -56.216  34.725  10.215 0.0000000000
36444  -51.339  39.130  0.695 0.0000000000
36445  -51.204  37.880  0.687 0.0000000000
28414  -48.640  36.012  -0.004 0.0000000000
28419  -48.080  37.835  -1.695 0.0000000000
29697  -52.595  45.237  5.784 0.0000000000
29492  -53.067  44.951  1.965 0.0000000000
29286  -53.048  43.242  0.753 0.0000000000
29290  -52.347  43.357  -0.475 0.0000000000
29109  -51.262  42.642  -1.442 0.0000000000
29497  -51.902  44.838  -0.409 0.0000000000
28394  -53.730  39.159  3.974 0.0000000000
28377  -52.901  40.142  5.912 0.0000000000
28385  -54.339  39.121  5.140 0.0000000000
28164  -55.822  36.974  6.141 0.0000000000
28168  -55.713  36.260  4.608 0.0000000000
27957  -51.973  34.201  2.750 0.0000000000
27955  -54.120  34.082  3.797 0.0000000000
27953  -50.218  33.238  3.422 0.0000000000
27951  -50.722  32.270  4.393 0.0000000000
27954  -47.808  33.024  4.698 0.0000000000
36442  -48.263  34.298  3.066 0.0000000000
28406  -45.092  36.287  -0.251 0.0000000000
28405  -45.347  35.122  2.293 0.0000000000
28399  -43.387  36.112  2.937 0.0000000000
29110  -47.241  41.687  -2.172 0.0000000000
28896  -46.140  39.834  -2.505 0.0000000000
27667  -56.511  33.924  15.915 0.0000000000
27670  -54.863  33.101  14.111 0.0000000000
27676  -52.841  33.161  13.178 0.0000000000
27682  -54.759  33.046  10.604 0.0000000000
27688  -54.691  32.765  8.583 0.0000000000
36447  -53.005  38.382  2.602 0.0000000000
28171  -53.621  37.138  3.139 0.0000000000
36448  -51.713  36.416  1.654 0.0000000000
36451  -49.062  35.594  1.077 0.0000000000
28409  -47.015  35.753  0.642 0.0000000000
27665  -57.062  35.464  17.520 0.0000000000
27927  -56.900  36.766  13.647 0.0000000000
29281  -52.011  42.407  4.528 0.0000000000
29100  -51.910  41.601  2.531 0.0000000000
28892  -51.512  40.640  0.687 0.0000000000
28893  -50.367  40.657  -1.296 0.0000000000
29111  -48.571  41.071  -2.340 0.0000000000
27935  -55.467  38.953  11.748 0.0000000000
27942  -55.987  36.398  10.398 0.0000000000
28384  -50.578  40.746  6.918 0.0000000000
28156  -55.481  37.930  8.764 0.0000000000
27700  -56.091  34.439  7.766 0.0000000000
27695  -54.929  32.842  7.398 0.0000000000
27956  -55.075  35.135  4.087 0.0000000000
27707  -55.062  34.027  4.947 0.0000000000
27698  -52.572  31.893  6.199 0.0000000000
36440  -46.161  34.363  3.988 0.0000000000
28668  -45.935  38.352  -2.251 0.0000000000
28413  -44.638  37.597  -1.553 0.0000000000
28891  -50.792  39.610  -0.484 0.0000000000
28648  -48.930  41.224  6.551 0.0000000000
28402  -43.092  36.419  0.910 0.0000000000
36449  -50.486  34.772  2.132 0.0000000000
28411  -47.477  36.549  -1.167 0.0000000000
29284  -53.025  42.917  2.128 0.0000000000
27663  -53.980  33.491  17.695 0.0000000000
28367  -53.139  40.612  8.461 0.0000000000
27699  -55.353  33.440  6.211 0.0000000000
27704  -51.954  31.840  5.311 0.0000000000
27703  -49.818  31.679  5.410 0.0000000000
28167  -46.711  34.367  5.129 0.0000000000
28400  -44.131  35.224  3.453 0.0000000000
28416  -48.838  36.629  -0.923 0.0000000000
27934  -56.360  39.057  15.081 0.0000000000
36446  -52.732  39.698  3.668 0.0000000000
27952  -52.039  33.091  3.456 0.0000000000
29279  -50.329  42.345  6.270 0.0000000000
29496  -49.241  44.964  -1.042 0.0000000000
27697  -49.671  31.124  6.322 0.0000000000
