#!ascii label  , from subject Yale_0050560 vox2ras=TkReg
1459
87462  30.371  17.558  -38.916 0.0000000000
87471  29.385  17.184  -40.638 0.0000000000
87480  28.243  17.133  -41.308 0.0000000000
87481  26.525  17.331  -41.473 0.0000000000
87489  25.017  18.107  -42.269 0.0000000000
88343  39.986  19.035  -29.791 0.0000000000
88344  39.677  19.713  -29.318 0.0000000000
88352  40.225  19.248  -30.860 0.0000000000
88353  39.830  19.764  -30.385 0.0000000000
88361  40.588  19.680  -31.729 0.0000000000
88362  40.083  19.804  -31.167 0.0000000000
88364  31.174  19.457  -33.836 0.0000000000
88370  30.726  19.098  -35.115 0.0000000000
88378  29.953  18.958  -37.082 0.0000000000
88379  29.331  19.653  -37.215 0.0000000000
88388  29.093  18.034  -39.314 0.0000000000
88389  29.384  19.477  -38.777 0.0000000000
88396  32.591  16.186  -37.238 0.0000000000
88397  28.793  17.700  -40.679 0.0000000000
88398  28.064  18.710  -40.872 0.0000000000
88399  27.235  19.910  -41.279 0.0000000000
88406  31.890  15.317  -39.260 0.0000000000
88407  26.748  18.184  -42.341 0.0000000000
88408  26.332  19.294  -42.281 0.0000000000
88416  31.640  14.751  -41.015 0.0000000000
88417  24.380  19.291  -42.833 0.0000000000
88418  22.994  20.433  -42.696 0.0000000000
88422  34.996  16.291  -42.019 0.0000000000
88423  32.792  15.540  -41.697 0.0000000000
88424  23.701  18.330  -42.868 0.0000000000
88425  22.479  18.758  -42.214 0.0000000000
89209  39.720  20.486  -28.187 0.0000000000
89220  39.505  20.501  -28.912 0.0000000000
89226  39.602  20.511  -29.974 0.0000000000
89230  31.414  19.825  -32.056 0.0000000000
89233  40.311  20.050  -31.594 0.0000000000
89234  40.065  20.555  -31.428 0.0000000000
89237  31.026  20.128  -33.032 0.0000000000
89239  40.796  20.318  -32.348 0.0000000000
89240  41.006  21.193  -33.014 0.0000000000
89243  30.804  20.296  -34.270 0.0000000000
89244  30.426  20.683  -34.890 0.0000000000
89248  41.878  20.871  -33.530 0.0000000000
89249  42.664  21.919  -33.855 0.0000000000
89251  33.736  18.145  -34.670 0.0000000000
89252  30.474  19.946  -35.455 0.0000000000
89253  29.866  20.412  -36.086 0.0000000000
89257  44.397  22.735  -34.897 0.0000000000
89259  33.007  17.538  -36.065 0.0000000000
89260  29.107  20.653  -37.737 0.0000000000
89261  28.039  20.993  -38.144 0.0000000000
89264  43.632  22.412  -37.261 0.0000000000
89265  43.027  22.492  -38.112 0.0000000000
89266  31.575  16.762  -38.013 0.0000000000
89267  30.900  17.276  -38.420 0.0000000000
89268  28.829  19.903  -39.364 0.0000000000
89269  27.862  20.598  -39.768 0.0000000000
89272  42.430  21.319  -39.202 0.0000000000
89273  41.995  21.790  -38.914 0.0000000000
89274  31.129  15.799  -40.129 0.0000000000
89275  30.581  16.830  -39.566 0.0000000000
89276  26.239  21.055  -41.523 0.0000000000
89277  25.522  21.979  -41.785 0.0000000000
89280  40.866  20.797  -41.643 0.0000000000
89281  39.448  20.487  -42.599 0.0000000000
89282  31.701  15.909  -41.368 0.0000000000
89283  30.541  16.358  -40.842 0.0000000000
89284  25.493  20.313  -42.515 0.0000000000
89285  24.541  21.275  -42.362 0.0000000000
89287  40.013  19.204  -42.545 0.0000000000
89288  37.508  18.921  -43.071 0.0000000000
89289  33.628  17.076  -42.427 0.0000000000
89290  31.434  17.099  -41.747 0.0000000000
89291  36.439  19.404  -43.141 0.0000000000
89292  35.026  18.772  -42.879 0.0000000000
89293  32.921  18.100  -42.538 0.0000000000
90041  40.684  20.533  -27.381 0.0000000000
90053  40.220  20.913  -27.609 0.0000000000
90054  39.830  21.166  -27.921 0.0000000000
90067  39.533  21.483  -28.513 0.0000000000
90068  39.481  22.162  -28.682 0.0000000000
90078  39.465  21.290  -29.438 0.0000000000
90079  39.484  22.026  -29.152 0.0000000000
90085  39.719  21.529  -30.608 0.0000000000
90086  39.642  21.934  -29.818 0.0000000000
90088  31.543  20.468  -31.687 0.0000000000
90089  30.925  20.849  -32.352 0.0000000000
90093  40.467  21.839  -32.143 0.0000000000
90095  30.514  21.313  -33.435 0.0000000000
90096  30.082  22.093  -33.845 0.0000000000
90099  41.652  22.279  -33.519 0.0000000000
90101  30.655  21.067  -34.334 0.0000000000
90102  30.052  21.515  -34.701 0.0000000000
90106  43.149  22.726  -34.226 0.0000000000
90107  33.497  18.947  -33.691 0.0000000000
90108  29.370  21.248  -35.973 0.0000000000
90109  28.614  21.526  -35.934 0.0000000000
90112  43.915  23.171  -34.666 0.0000000000
90113  33.345  18.812  -35.095 0.0000000000
90114  28.814  21.127  -36.570 0.0000000000
90115  27.973  21.306  -36.972 0.0000000000
90118  44.138  23.190  -35.944 0.0000000000
90119  43.556  22.937  -37.558 0.0000000000
90120  32.434  18.333  -36.341 0.0000000000
90121  31.170  17.906  -37.360 0.0000000000
90122  27.327  21.581  -38.508 0.0000000000
90123  26.613  22.360  -39.563 0.0000000000
90125  41.992  22.357  -38.581 0.0000000000
90126  41.115  22.239  -39.725 0.0000000000
90127  30.419  17.845  -38.791 0.0000000000
90128  26.795  21.623  -40.043 0.0000000000
90129  26.076  22.499  -40.790 0.0000000000
90130  25.120  22.014  -40.094 0.0000000000
90131  41.221  21.781  -39.917 0.0000000000
90132  40.354  21.650  -41.494 0.0000000000
90133  29.757  17.548  -40.582 0.0000000000
90134  29.957  18.682  -41.064 0.0000000000
90135  25.042  22.054  -41.515 0.0000000000
90136  38.650  20.807  -42.945 0.0000000000
90137  37.423  20.761  -43.244 0.0000000000
90138  31.401  18.661  -42.071 0.0000000000
90139  30.673  19.307  -41.548 0.0000000000
90140  37.229  19.962  -43.246 0.0000000000
90141  35.951  20.046  -43.234 0.0000000000
90142  33.743  19.410  -42.986 0.0000000000
90891  40.969  20.936  -27.366 0.0000000000
90904  41.143  21.622  -27.575 0.0000000000
90905  40.540  21.652  -27.580 0.0000000000
90906  39.958  22.049  -27.771 0.0000000000
90907  39.676  22.621  -27.942 0.0000000000
90919  39.686  21.949  -28.037 0.0000000000
90920  39.541  22.531  -28.340 0.0000000000
90931  39.521  22.739  -28.932 0.0000000000
90940  39.735  22.210  -30.342 0.0000000000
90941  39.639  22.747  -29.908 0.0000000000
90945  30.934  21.513  -31.889 0.0000000000
90948  40.044  22.729  -31.280 0.0000000000
90949  39.845  23.255  -30.662 0.0000000000
90952  30.250  21.916  -32.452 0.0000000000
90953  29.591  22.263  -33.112 0.0000000000
90954  41.057  22.972  -32.838 0.0000000000
90956  33.034  20.471  -33.220 0.0000000000
90957  29.180  22.379  -34.008 0.0000000000
90958  28.727  22.793  -34.720 0.0000000000
90959  42.863  23.411  -33.818 0.0000000000
90960  33.323  19.747  -34.140 0.0000000000
90961  32.738  20.376  -34.493 0.0000000000
90962  29.092  22.053  -35.133 0.0000000000
90963  27.780  22.205  -35.639 0.0000000000
90964  26.901  22.672  -36.269 0.0000000000
90965  44.241  23.783  -34.870 0.0000000000
90966  32.847  19.487  -35.441 0.0000000000
90967  32.047  19.975  -35.887 0.0000000000
90968  26.943  22.176  -37.349 0.0000000000
90969  26.237  23.026  -37.370 0.0000000000
90971  43.969  23.781  -36.738 0.0000000000
90972  43.136  23.192  -38.205 0.0000000000
90973  32.068  19.083  -36.513 0.0000000000
90974  30.988  19.136  -37.465 0.0000000000
90975  26.710  22.183  -38.542 0.0000000000
90976  26.148  23.041  -39.236 0.0000000000
90977  41.705  22.861  -39.059 0.0000000000
90978  40.746  22.628  -40.322 0.0000000000
90979  29.639  18.630  -38.997 0.0000000000
90980  25.699  22.938  -39.971 0.0000000000
90981  39.688  22.265  -41.902 0.0000000000
90982  29.374  18.930  -40.093 0.0000000000
90983  29.770  19.625  -40.923 0.0000000000
90984  38.267  21.763  -42.808 0.0000000000
90985  36.800  21.361  -43.188 0.0000000000
90986  31.505  19.762  -42.115 0.0000000000
90987  31.014  20.254  -41.696 0.0000000000
90988  34.966  20.913  -43.235 0.0000000000
90989  32.804  20.379  -42.736 0.0000000000
90990  31.866  20.512  -42.236 0.0000000000
91719  41.413  22.539  -28.098 0.0000000000
91720  40.761  22.746  -27.774 0.0000000000
91721  40.189  22.950  -27.728 0.0000000000
91722  39.747  23.231  -27.820 0.0000000000
91723  39.446  23.416  -28.062 0.0000000000
91734  39.245  23.489  -28.540 0.0000000000
91740  39.288  23.560  -29.311 0.0000000000
91747  20.622  25.402  -26.006 0.0000000000
91748  19.980  24.838  -26.110 0.0000000000
91749  39.574  23.738  -30.281 0.0000000000
91753  30.908  22.090  -31.561 0.0000000000
91754  30.102  22.517  -31.890 0.0000000000
91755  20.471  25.575  -26.676 0.0000000000
91756  19.804  24.767  -27.630 0.0000000000
91757  40.618  23.575  -32.326 0.0000000000
91758  40.133  23.906  -31.456 0.0000000000
91760  29.282  22.756  -32.350 0.0000000000
91761  28.463  23.012  -33.222 0.0000000000
91762  27.824  23.530  -33.480 0.0000000000
91763  42.003  24.137  -32.808 0.0000000000
91764  40.843  24.280  -32.470 0.0000000000
91766  28.508  22.832  -34.030 0.0000000000
91767  28.063  23.575  -34.734 0.0000000000
91768  27.419  24.241  -35.423 0.0000000000
91769  18.467  23.170  -32.120 0.0000000000
91770  43.611  24.619  -33.870 0.0000000000
91771  32.418  21.107  -33.463 0.0000000000
91772  27.624  23.178  -35.704 0.0000000000
91773  26.959  23.832  -36.190 0.0000000000
91774  44.356  24.813  -35.479 0.0000000000
91775  31.956  20.948  -34.886 0.0000000000
91776  25.609  23.928  -37.779 0.0000000000
91777  25.162  24.635  -38.794 0.0000000000
91778  44.011  24.714  -37.504 0.0000000000
91779  43.613  23.878  -37.859 0.0000000000
91780  30.801  20.434  -36.475 0.0000000000
91781  30.103  20.805  -36.749 0.0000000000
91782  25.987  23.798  -38.629 0.0000000000
91783  24.843  23.956  -39.753 0.0000000000
91784  43.725  24.910  -38.655 0.0000000000
91785  43.026  23.977  -38.912 0.0000000000
91786  41.567  23.433  -39.747 0.0000000000
91787  29.608  19.451  -37.850 0.0000000000
91788  29.418  20.393  -37.848 0.0000000000
91789  42.230  24.322  -40.073 0.0000000000
91790  40.903  23.709  -41.050 0.0000000000
91791  29.516  19.530  -38.988 0.0000000000
91792  28.896  20.219  -39.781 0.0000000000
91793  39.115  23.231  -42.207 0.0000000000
91794  37.692  22.387  -42.801 0.0000000000
91795  30.251  20.980  -41.120 0.0000000000
91796  37.836  23.239  -42.664 0.0000000000
91797  36.375  22.469  -43.076 0.0000000000
91798  34.306  22.066  -43.183 0.0000000000
91799  32.292  21.674  -42.260 0.0000000000
92478  41.799  23.680  -28.970 0.0000000000
92479  41.085  23.861  -28.172 0.0000000000
92480  40.450  23.998  -27.802 0.0000000000
92481  39.885  24.147  -27.709 0.0000000000
92482  39.419  24.291  -27.851 0.0000000000
92496  39.049  24.393  -28.232 0.0000000000
92503  38.822  24.410  -28.858 0.0000000000
92508  21.298  25.888  -26.244 0.0000000000
92509  38.949  24.466  -29.770 0.0000000000
92515  30.476  23.000  -31.434 0.0000000000
92516  29.931  23.128  -31.571 0.0000000000
92517  20.521  26.022  -27.132 0.0000000000
92518  20.235  25.228  -28.271 0.0000000000
92519  39.485  24.750  -31.005 0.0000000000
92522  29.221  23.332  -31.801 0.0000000000
92523  28.399  23.464  -32.256 0.0000000000
92524  27.713  23.623  -32.891 0.0000000000
92525  41.421  24.790  -32.761 0.0000000000
92526  40.663  25.253  -32.459 0.0000000000
92529  27.463  23.961  -33.736 0.0000000000
92530  27.397  24.455  -34.921 0.0000000000
92531  18.625  23.554  -31.907 0.0000000000
92532  18.438  22.672  -32.945 0.0000000000
92533  42.620  25.687  -33.073 0.0000000000
92534  41.560  26.127  -32.929 0.0000000000
92535  31.653  21.637  -33.678 0.0000000000
92536  30.812  21.714  -34.246 0.0000000000
92537  26.750  24.725  -35.941 0.0000000000
92538  25.918  25.117  -36.803 0.0000000000
92539  19.162  22.917  -33.491 0.0000000000
92540  44.307  26.079  -34.361 0.0000000000
92541  30.976  21.256  -35.011 0.0000000000
92542  30.215  21.564  -35.341 0.0000000000
92543  26.113  24.578  -36.874 0.0000000000
92544  25.319  25.168  -38.059 0.0000000000
92545  24.493  25.641  -38.812 0.0000000000
92546  44.303  26.074  -36.394 0.0000000000
92547  30.416  21.131  -36.068 0.0000000000
92548  29.550  21.234  -36.737 0.0000000000
92549  24.798  25.074  -39.075 0.0000000000
92550  23.921  25.462  -39.069 0.0000000000
92551  44.002  25.862  -38.286 0.0000000000
92552  43.224  25.261  -39.640 0.0000000000
92553  28.661  21.316  -38.498 0.0000000000
92554  29.123  22.297  -39.628 0.0000000000
92555  42.048  25.165  -40.704 0.0000000000
92556  40.545  24.933  -41.662 0.0000000000
92557  29.646  21.727  -40.229 0.0000000000
92558  29.949  22.859  -40.935 0.0000000000
92559  38.690  24.538  -42.477 0.0000000000
92560  37.248  24.632  -42.619 0.0000000000
92561  31.357  22.831  -41.488 0.0000000000
92562  30.929  23.567  -41.275 0.0000000000
92563  37.203  23.703  -42.770 0.0000000000
92564  35.776  23.655  -42.839 0.0000000000
92565  34.068  23.222  -42.807 0.0000000000
92566  32.990  23.243  -42.191 0.0000000000
93215  47.456  26.046  -22.520 0.0000000000
93216  46.698  25.771  -22.925 0.0000000000
93227  48.503  26.962  -22.093 0.0000000000
93233  42.634  25.063  -29.690 0.0000000000
93234  41.680  25.136  -28.780 0.0000000000
93235  40.884  25.174  -28.089 0.0000000000
93236  40.193  25.203  -27.759 0.0000000000
93237  39.571  25.258  -27.704 0.0000000000
93238  39.023  25.337  -27.957 0.0000000000
93249  43.474  25.593  -30.457 0.0000000000
93250  38.583  25.471  -28.567 0.0000000000
93251  38.240  26.018  -29.103 0.0000000000
93255  22.365  26.440  -25.848 0.0000000000
93260  38.466  25.281  -29.300 0.0000000000
93261  38.374  26.141  -29.759 0.0000000000
93262  21.723  26.486  -26.691 0.0000000000
93263  38.847  25.498  -30.285 0.0000000000
93264  38.707  26.437  -30.654 0.0000000000
93268  30.318  23.658  -31.424 0.0000000000
93269  29.677  23.764  -31.435 0.0000000000
93270  29.252  23.723  -31.519 0.0000000000
93271  20.935  26.786  -27.270 0.0000000000
93272  20.665  26.113  -28.144 0.0000000000
93273  20.214  25.323  -28.959 0.0000000000
93274  39.518  26.214  -31.675 0.0000000000
93275  39.009  26.802  -31.305 0.0000000000
93278  30.880  24.165  -31.739 0.0000000000
93279  29.078  24.062  -31.479 0.0000000000
93280  28.581  23.959  -31.779 0.0000000000
93281  27.818  24.000  -32.413 0.0000000000
93282  27.359  24.156  -33.192 0.0000000000
93283  20.530  25.860  -29.061 0.0000000000
93284  19.836  25.352  -29.884 0.0000000000
93285  19.434  25.163  -31.008 0.0000000000
93286  40.992  26.874  -32.853 0.0000000000
93289  27.018  24.536  -34.279 0.0000000000
93290  26.644  24.950  -35.341 0.0000000000
93291  19.126  24.230  -30.894 0.0000000000
93292  18.872  24.451  -32.076 0.0000000000
93293  43.750  27.668  -33.685 0.0000000000
93294  42.513  26.981  -32.897 0.0000000000
93295  32.073  22.372  -33.211 0.0000000000
93296  31.408  22.597  -33.619 0.0000000000
93297  25.777  25.254  -36.114 0.0000000000
93298  24.806  25.528  -36.910 0.0000000000
93299  18.677  24.284  -33.377 0.0000000000
93300  17.570  24.784  -34.805 0.0000000000
93301  44.468  27.672  -35.397 0.0000000000
93302  30.135  22.006  -34.458 0.0000000000
93303  24.135  25.796  -37.897 0.0000000000
93304  23.632  26.260  -38.611 0.0000000000
93305  44.090  27.399  -37.510 0.0000000000
93306  29.187  21.794  -35.765 0.0000000000
93307  29.030  22.322  -36.336 0.0000000000
93308  23.037  26.619  -38.385 0.0000000000
93309  22.219  26.450  -38.084 0.0000000000
93310  43.323  26.889  -39.512 0.0000000000
93311  42.783  25.980  -40.323 0.0000000000
93312  29.200  21.797  -37.224 0.0000000000
93313  28.817  22.384  -37.970 0.0000000000
93314  28.470  22.745  -38.745 0.0000000000
93315  42.727  27.355  -40.087 0.0000000000
93316  41.928  26.613  -40.892 0.0000000000
93317  39.942  26.183  -41.946 0.0000000000
93318  29.334  22.988  -40.154 0.0000000000
93319  28.900  23.141  -39.813 0.0000000000
93320  38.286  25.860  -42.422 0.0000000000
93321  36.140  25.404  -42.451 0.0000000000
93322  34.211  25.556  -41.855 0.0000000000
93323  32.115  24.688  -41.518 0.0000000000
93324  30.274  23.969  -41.177 0.0000000000
93325  29.346  23.538  -40.784 0.0000000000
93326  35.053  24.166  -42.621 0.0000000000
93327  34.238  24.327  -42.377 0.0000000000
93328  33.007  24.129  -41.806 0.0000000000
93998  45.980  26.197  -22.758 0.0000000000
94002  46.548  26.245  -22.852 0.0000000000
94007  48.311  27.077  -22.425 0.0000000000
94008  47.107  26.371  -22.682 0.0000000000
94017  49.406  27.329  -22.420 0.0000000000
94024  42.548  26.806  -29.393 0.0000000000
94025  41.557  26.547  -28.565 0.0000000000
94026  40.697  26.397  -28.139 0.0000000000
94027  39.995  26.305  -27.907 0.0000000000
94028  39.320  26.285  -27.916 0.0000000000
94029  38.692  26.352  -28.237 0.0000000000
94038  43.295  26.584  -31.627 0.0000000000
94039  43.155  26.387  -30.208 0.0000000000
94040  38.300  26.529  -28.832 0.0000000000
94041  38.193  26.763  -29.495 0.0000000000
94048  22.901  27.061  -25.615 0.0000000000
94053  38.315  26.974  -30.273 0.0000000000
94054  23.290  28.089  -26.248 0.0000000000
94055  22.836  27.315  -26.344 0.0000000000
94056  38.700  27.247  -31.115 0.0000000000
94057  30.156  24.217  -31.572 0.0000000000
94058  29.623  24.222  -31.483 0.0000000000
94059  29.292  24.192  -31.437 0.0000000000
94060  21.883  27.272  -27.149 0.0000000000
94061  21.031  27.156  -27.855 0.0000000000
94062  40.060  27.337  -32.589 0.0000000000
94063  39.459  27.532  -31.985 0.0000000000
94065  30.890  24.334  -31.996 0.0000000000
94066  30.314  24.532  -31.890 0.0000000000
94067  29.531  24.602  -31.804 0.0000000000
94068  28.846  24.391  -31.813 0.0000000000
94069  28.009  24.335  -32.345 0.0000000000
94070  27.480  24.365  -32.944 0.0000000000
94071  27.145  24.691  -33.758 0.0000000000
94072  20.905  26.506  -28.733 0.0000000000
94073  20.555  26.380  -29.531 0.0000000000
94074  20.011  26.138  -30.593 0.0000000000
94075  41.200  28.467  -32.791 0.0000000000
94076  40.237  28.293  -32.658 0.0000000000
94078  30.901  24.330  -32.555 0.0000000000
94079  30.418  24.638  -32.442 0.0000000000
94080  26.821  24.916  -34.330 0.0000000000
94081  26.433  25.017  -34.957 0.0000000000
94082  19.413  25.859  -31.739 0.0000000000
94083  43.635  29.141  -33.765 0.0000000000
94084  42.660  28.508  -33.237 0.0000000000
94085  31.102  23.456  -33.516 0.0000000000
94086  30.714  24.071  -33.367 0.0000000000
94087  30.311  24.496  -33.175 0.0000000000
94088  25.793  25.482  -35.805 0.0000000000
94089  24.697  25.894  -36.455 0.0000000000
94090  18.642  25.644  -32.866 0.0000000000
94091  17.425  25.787  -33.986 0.0000000000
94092  44.180  29.151  -34.778 0.0000000000
94093  30.217  22.772  -34.129 0.0000000000
94094  29.935  23.344  -34.022 0.0000000000
94095  29.757  23.976  -33.841 0.0000000000
94096  23.992  26.267  -37.393 0.0000000000
94097  23.495  26.678  -38.421 0.0000000000
94098  15.883  26.347  -34.954 0.0000000000
94099  14.815  27.299  -34.910 0.0000000000
94100  44.032  28.987  -36.592 0.0000000000
94101  40.618  29.851  -38.945 0.0000000000
94102  39.276  30.377  -39.468 0.0000000000
94103  38.405  30.695  -39.580 0.0000000000
94104  29.425  22.108  -34.676 0.0000000000
94105  28.944  22.408  -35.245 0.0000000000
94106  28.611  23.164  -35.038 0.0000000000
94107  28.198  23.482  -35.509 0.0000000000
94108  23.024  27.158  -39.157 0.0000000000
94109  21.994  26.904  -39.686 0.0000000000
94110  21.605  26.834  -38.667 0.0000000000
94111  43.284  28.671  -38.651 0.0000000000
94112  41.759  29.386  -39.402 0.0000000000
94113  39.727  29.661  -40.284 0.0000000000
94114  37.802  30.184  -40.222 0.0000000000
94115  36.514  30.093  -40.208 0.0000000000
94116  28.851  22.563  -36.702 0.0000000000
94117  28.441  22.916  -37.367 0.0000000000
94118  28.076  23.558  -36.852 0.0000000000
94119  21.098  27.024  -40.788 0.0000000000
94120  20.619  27.365  -39.561 0.0000000000
94121  42.987  27.761  -39.632 0.0000000000
94122  42.319  28.069  -40.120 0.0000000000
94123  40.256  28.019  -41.230 0.0000000000
94124  38.030  28.859  -41.437 0.0000000000
94125  35.870  29.096  -40.759 0.0000000000
94126  34.420  28.632  -40.560 0.0000000000
94127  28.329  23.343  -39.558 0.0000000000
94128  27.493  23.490  -38.962 0.0000000000
94129  39.208  26.910  -42.041 0.0000000000
94130  38.062  27.236  -42.185 0.0000000000
94131  36.056  27.344  -41.783 0.0000000000
94132  33.649  27.182  -41.087 0.0000000000
94133  31.093  25.788  -41.532 0.0000000000
94134  29.035  24.435  -41.180 0.0000000000
94135  27.586  23.999  -40.571 0.0000000000
94762  48.351  27.155  -22.525 0.0000000000
94763  46.800  26.853  -22.631 0.0000000000
94768  48.996  27.433  -22.781 0.0000000000
94769  47.533  26.891  -22.509 0.0000000000
94774  51.590  28.456  -24.127 0.0000000000
94775  50.044  27.410  -23.345 0.0000000000
94781  42.567  28.540  -29.995 0.0000000000
94782  42.091  28.141  -29.120 0.0000000000
94783  41.307  27.802  -28.707 0.0000000000
94784  40.651  27.506  -28.407 0.0000000000
94785  39.952  27.280  -28.312 0.0000000000
94786  39.256  27.173  -28.415 0.0000000000
94792  45.034  28.339  -33.059 0.0000000000
94793  43.669  28.076  -32.431 0.0000000000
94794  42.901  27.936  -31.147 0.0000000000
94795  38.648  27.220  -28.758 0.0000000000
94796  38.319  27.331  -29.351 0.0000000000
94808  38.364  27.567  -30.162 0.0000000000
94809  38.534  27.929  -30.579 0.0000000000
94813  24.303  28.356  -26.411 0.0000000000
94814  23.399  27.874  -26.529 0.0000000000
94815  38.502  27.719  -30.858 0.0000000000
94816  38.581  28.040  -30.863 0.0000000000
94817  24.015  28.459  -26.862 0.0000000000
94818  23.013  28.217  -26.803 0.0000000000
94819  21.694  28.063  -27.574 0.0000000000
94820  39.190  28.291  -31.715 0.0000000000
94821  38.779  28.283  -31.339 0.0000000000
94822  29.888  24.757  -32.436 0.0000000000
94823  29.424  24.805  -32.296 0.0000000000
94824  28.760  24.727  -32.330 0.0000000000
94825  28.061  24.588  -32.649 0.0000000000
94826  27.462  24.502  -33.200 0.0000000000
94827  27.351  24.675  -33.594 0.0000000000
94828  21.092  27.465  -28.808 0.0000000000
94829  20.607  27.336  -30.110 0.0000000000
94830  19.990  27.136  -31.338 0.0000000000
94831  41.037  29.495  -32.900 0.0000000000
94832  40.361  29.311  -32.542 0.0000000000
94833  29.807  24.644  -33.032 0.0000000000
94834  29.213  24.719  -32.978 0.0000000000
94835  28.614  24.744  -32.945 0.0000000000
94836  27.992  24.673  -33.131 0.0000000000
94837  27.232  24.458  -33.820 0.0000000000
94838  26.807  24.956  -34.552 0.0000000000
94839  26.574  25.170  -34.776 0.0000000000
94840  19.146  27.008  -32.493 0.0000000000
94841  43.205  29.610  -33.532 0.0000000000
94842  42.307  30.103  -33.369 0.0000000000
94843  41.290  30.062  -33.510 0.0000000000
94844  29.521  24.378  -33.750 0.0000000000
94845  28.964  24.554  -33.830 0.0000000000
94846  28.235  24.581  -33.965 0.0000000000
94847  27.879  24.575  -33.724 0.0000000000
94848  27.238  24.580  -34.141 0.0000000000
94849  26.187  25.367  -35.336 0.0000000000
94850  25.970  25.563  -35.625 0.0000000000
94851  24.721  26.235  -36.398 0.0000000000
94852  18.022  27.044  -33.656 0.0000000000
94853  16.371  27.218  -34.384 0.0000000000
94854  43.475  30.011  -34.266 0.0000000000
94855  42.327  30.373  -35.365 0.0000000000
94856  40.843  29.974  -37.015 0.0000000000
94857  39.382  30.468  -38.270 0.0000000000
94858  38.024  31.331  -39.053 0.0000000000
94859  36.764  31.603  -39.084 0.0000000000
94860  29.018  23.900  -34.306 0.0000000000
94861  28.492  24.117  -34.486 0.0000000000
94862  27.886  24.564  -35.130 0.0000000000
94863  23.975  26.783  -37.276 0.0000000000
94864  23.491  27.238  -38.359 0.0000000000
94865  15.088  27.560  -34.743 0.0000000000
94866  14.565  27.825  -35.058 0.0000000000
94867  43.531  30.074  -35.968 0.0000000000
94868  42.172  30.235  -37.653 0.0000000000
94869  40.139  30.065  -38.399 0.0000000000
94870  38.673  30.928  -39.133 0.0000000000
94871  37.316  31.245  -39.336 0.0000000000
94872  35.889  31.307  -39.247 0.0000000000
94873  28.192  23.424  -34.880 0.0000000000
94874  27.700  23.814  -35.935 0.0000000000
94875  26.438  24.295  -36.990 0.0000000000
94876  25.874  25.185  -38.091 0.0000000000
94877  23.259  27.724  -39.592 0.0000000000
94878  22.252  27.811  -40.755 0.0000000000
94879  21.276  27.946  -41.545 0.0000000000
94880  14.557  27.959  -35.484 0.0000000000
94881  43.365  29.822  -37.451 0.0000000000
94882  42.751  29.698  -38.248 0.0000000000
94883  37.774  30.840  -39.592 0.0000000000
94884  36.582  30.668  -39.711 0.0000000000
94885  34.956  30.621  -39.510 0.0000000000
94886  33.761  30.226  -39.605 0.0000000000
94887  26.971  23.932  -38.043 0.0000000000
94888  25.939  24.708  -38.968 0.0000000000
94889  25.598  26.074  -39.301 0.0000000000
94890  21.398  27.288  -41.111 0.0000000000
94891  20.532  27.580  -41.229 0.0000000000
94892  35.713  30.038  -40.012 0.0000000000
94893  34.498  29.518  -40.057 0.0000000000
94894  33.000  29.430  -40.150 0.0000000000
94895  26.552  24.291  -40.062 0.0000000000
94896  25.898  25.963  -40.530 0.0000000000
94897  25.380  27.145  -40.180 0.0000000000
94898  19.264  27.845  -40.181 0.0000000000
94899  18.835  28.398  -39.174 0.0000000000
94900  33.507  28.545  -40.475 0.0000000000
94901  31.928  27.929  -40.942 0.0000000000
94902  29.830  26.759  -41.835 0.0000000000
94903  27.571  26.046  -41.345 0.0000000000
94904  26.401  27.309  -41.199 0.0000000000
95566  48.131  27.229  -22.525 0.0000000000
95567  46.671  27.077  -22.515 0.0000000000
95571  50.407  28.379  -24.491 0.0000000000
95572  49.802  27.987  -23.434 0.0000000000
95575  51.783  28.997  -25.243 0.0000000000
95576  50.993  28.449  -24.382 0.0000000000
95577  49.957  27.836  -23.460 0.0000000000
95582  44.100  30.484  -31.658 0.0000000000
95583  43.038  30.092  -31.425 0.0000000000
95584  42.428  29.950  -29.743 0.0000000000
95585  41.938  29.501  -28.950 0.0000000000
95586  41.408  29.056  -28.769 0.0000000000
95587  40.800  28.557  -28.825 0.0000000000
95588  40.061  28.133  -28.762 0.0000000000
95594  48.475  29.418  -31.460 0.0000000000
95595  46.680  29.316  -32.809 0.0000000000
95596  44.463  29.973  -32.413 0.0000000000
95597  43.279  29.041  -32.066 0.0000000000
95598  39.411  27.913  -28.991 0.0000000000
95599  38.945  27.822  -29.454 0.0000000000
95608  38.671  27.889  -29.958 0.0000000000
95609  38.828  28.007  -30.507 0.0000000000
95615  25.656  28.861  -26.887 0.0000000000
95616  24.637  28.847  -27.016 0.0000000000
95617  38.929  28.315  -30.945 0.0000000000
95618  23.680  28.913  -27.094 0.0000000000
95619  22.694  28.756  -27.632 0.0000000000
95620  21.548  28.755  -28.264 0.0000000000
95621  39.325  28.811  -31.838 0.0000000000
95622  39.139  28.695  -31.639 0.0000000000
95623  20.784  28.590  -29.331 0.0000000000
95624  20.265  28.796  -30.746 0.0000000000
95625  19.673  28.093  -31.990 0.0000000000
95626  40.157  29.544  -32.643 0.0000000000
95627  34.859  32.488  -38.418 0.0000000000
95628  34.158  32.663  -37.845 0.0000000000
95629  33.089  33.034  -37.275 0.0000000000
95630  26.955  24.893  -34.420 0.0000000000
95631  26.632  24.971  -34.750 0.0000000000
95632  19.664  29.177  -31.944 0.0000000000
95633  18.541  28.609  -32.980 0.0000000000
95634  41.651  30.401  -34.454 0.0000000000
95635  40.648  29.992  -34.908 0.0000000000
95636  39.506  30.581  -37.633 0.0000000000
95637  37.609  31.454  -38.540 0.0000000000
95638  35.585  32.213  -38.711 0.0000000000
95639  33.937  32.449  -37.994 0.0000000000
95640  32.254  33.197  -37.469 0.0000000000
95641  31.048  34.072  -37.554 0.0000000000
95642  27.607  24.691  -34.887 0.0000000000
95643  27.257  24.856  -34.852 0.0000000000
95644  26.438  25.137  -35.267 0.0000000000
95645  25.803  25.851  -35.913 0.0000000000
95646  24.540  26.679  -36.819 0.0000000000
95647  23.977  27.180  -37.276 0.0000000000
95648  17.150  28.278  -34.227 0.0000000000
95649  15.828  28.118  -34.586 0.0000000000
95650  41.210  30.384  -35.627 0.0000000000
95651  40.024  30.039  -36.998 0.0000000000
95652  38.554  30.972  -38.366 0.0000000000
95653  37.063  31.690  -38.932 0.0000000000
95654  35.307  31.898  -38.754 0.0000000000
95655  33.338  32.172  -38.188 0.0000000000
95656  31.390  33.171  -38.303 0.0000000000
95657  30.405  34.237  -37.831 0.0000000000
95658  26.911  24.804  -35.846 0.0000000000
95659  26.070  25.143  -36.271 0.0000000000
95660  25.379  26.472  -36.960 0.0000000000
95661  24.019  27.825  -37.804 0.0000000000
95662  23.848  28.159  -38.046 0.0000000000
95663  23.617  28.065  -38.650 0.0000000000
95664  23.589  28.254  -39.622 0.0000000000
95665  15.019  28.208  -35.097 0.0000000000
95666  14.823  28.378  -35.476 0.0000000000
95667  34.356  31.427  -38.903 0.0000000000
95668  32.761  31.655  -38.759 0.0000000000
95669  31.351  32.096  -39.462 0.0000000000
95670  26.055  24.996  -37.031 0.0000000000
95671  25.583  26.355  -37.962 0.0000000000
95672  23.762  28.109  -38.644 0.0000000000
95673  23.563  29.032  -38.588 0.0000000000
95674  23.242  28.789  -39.776 0.0000000000
95675  22.902  28.966  -40.474 0.0000000000
95676  21.458  29.108  -41.395 0.0000000000
95677  20.637  28.524  -41.866 0.0000000000
95678  15.254  28.403  -35.968 0.0000000000
95679  16.401  28.065  -36.947 0.0000000000
95680  33.701  30.926  -39.220 0.0000000000
95681  32.482  30.708  -39.662 0.0000000000
95682  30.878  31.105  -40.569 0.0000000000
95683  24.653  27.500  -39.492 0.0000000000
95684  23.457  28.936  -40.003 0.0000000000
95685  20.317  29.500  -41.617 0.0000000000
95686  19.626  28.757  -41.026 0.0000000000
95687  31.569  29.588  -40.635 0.0000000000
95688  30.017  29.873  -41.414 0.0000000000
95689  25.604  27.541  -40.887 0.0000000000
95690  24.608  28.548  -40.681 0.0000000000
95691  23.437  29.912  -40.901 0.0000000000
95692  18.525  28.596  -40.062 0.0000000000
95693  30.538  28.495  -41.416 0.0000000000
95694  28.781  28.335  -41.861 0.0000000000
95695  27.223  28.258  -41.687 0.0000000000
95696  25.744  28.984  -41.439 0.0000000000
95697  24.173  30.196  -41.238 0.0000000000
95698  23.461  30.635  -41.304 0.0000000000
96381  50.596  27.875  -23.746 0.0000000000
96382  49.884  27.855  -22.886 0.0000000000
96385  50.766  28.266  -24.056 0.0000000000
96386  50.061  28.024  -23.478 0.0000000000
96390  51.933  29.158  -25.615 0.0000000000
96391  51.208  28.744  -24.383 0.0000000000
96392  50.340  28.123  -23.782 0.0000000000
96395  51.471  29.397  -25.958 0.0000000000
96396  51.510  29.112  -24.784 0.0000000000
96397  43.430  32.769  -29.290 0.0000000000
96398  42.987  32.586  -29.113 0.0000000000
96399  42.533  32.320  -28.790 0.0000000000
96400  42.456  31.861  -28.532 0.0000000000
96402  50.659  30.103  -28.610 0.0000000000
96403  45.695  32.292  -31.808 0.0000000000
96404  44.626  31.593  -31.536 0.0000000000
96405  43.079  32.110  -30.265 0.0000000000
96406  42.154  31.480  -29.397 0.0000000000
96407  42.002  30.829  -28.763 0.0000000000
96408  41.767  30.307  -28.754 0.0000000000
96409  40.950  29.574  -28.987 0.0000000000
96410  40.236  28.636  -29.263 0.0000000000
96413  49.148  30.344  -30.404 0.0000000000
96414  47.763  30.584  -31.624 0.0000000000
96415  46.009  31.255  -32.224 0.0000000000
96416  45.008  30.999  -32.268 0.0000000000
96417  40.463  29.559  -29.369 0.0000000000
96418  39.882  28.717  -29.706 0.0000000000
96419  39.432  28.364  -30.168 0.0000000000
96423  39.231  28.393  -30.519 0.0000000000
96424  39.256  28.668  -30.930 0.0000000000
96429  27.289  29.522  -27.558 0.0000000000
96430  26.373  29.427  -27.444 0.0000000000
96431  25.431  29.393  -27.400 0.0000000000
96432  24.366  29.482  -27.525 0.0000000000
96433  23.516  29.904  -27.564 0.0000000000
96434  39.462  29.073  -31.534 0.0000000000
96435  23.398  29.300  -27.584 0.0000000000
96436  22.485  29.783  -27.962 0.0000000000
96437  20.936  30.051  -28.685 0.0000000000
96438  20.119  30.742  -29.298 0.0000000000
96439  39.798  29.362  -32.496 0.0000000000
96440  40.251  29.579  -32.546 0.0000000000
96441  32.378  33.911  -36.468 0.0000000000
96442  31.903  34.191  -36.356 0.0000000000
96443  31.137  34.607  -36.167 0.0000000000
96444  29.140  35.881  -35.680 0.0000000000
96445  28.333  36.149  -35.703 0.0000000000
96446  27.148  36.015  -35.704 0.0000000000
96447  20.300  29.748  -29.541 0.0000000000
96448  19.938  30.428  -30.029 0.0000000000
96449  40.408  29.881  -34.104 0.0000000000
96450  40.895  30.026  -33.438 0.0000000000
96451  35.233  32.664  -38.529 0.0000000000
96452  34.558  32.800  -38.068 0.0000000000
96453  33.028  33.335  -36.882 0.0000000000
96454  31.897  33.910  -36.741 0.0000000000
96455  30.455  34.808  -36.330 0.0000000000
96456  29.057  35.665  -36.111 0.0000000000
96457  27.314  35.864  -35.988 0.0000000000
96458  26.241  35.445  -35.852 0.0000000000
96459  19.964  30.249  -31.178 0.0000000000
96460  19.119  30.359  -32.482 0.0000000000
96461  40.043  30.369  -36.641 0.0000000000
96462  38.512  31.037  -38.326 0.0000000000
96463  36.286  32.068  -38.827 0.0000000000
96464  35.328  32.429  -38.600 0.0000000000
96465  31.126  34.246  -37.019 0.0000000000
96466  29.625  35.020  -37.200 0.0000000000
96467  27.718  35.791  -36.621 0.0000000000
96468  26.675  35.716  -36.187 0.0000000000
96469  26.082  35.353  -36.021 0.0000000000
96470  17.776  29.651  -34.360 0.0000000000
96471  16.588  28.717  -34.561 0.0000000000
96472  30.189  33.269  -39.240 0.0000000000
96473  29.289  34.391  -38.424 0.0000000000
96474  27.135  35.487  -37.664 0.0000000000
96475  26.285  35.656  -36.661 0.0000000000
96476  25.991  35.443  -36.223 0.0000000000
96477  23.477  29.228  -38.660 0.0000000000
96478  23.340  29.117  -39.023 0.0000000000
96479  23.311  29.006  -39.384 0.0000000000
96480  16.851  29.981  -35.393 0.0000000000
96481  16.471  28.437  -35.752 0.0000000000
96482  15.564  28.686  -35.887 0.0000000000
96483  29.827  32.468  -40.294 0.0000000000
96484  28.625  33.615  -39.634 0.0000000000
96485  27.195  34.740  -39.025 0.0000000000
96486  23.255  29.671  -38.909 0.0000000000
96487  23.144  30.417  -38.599 0.0000000000
96488  23.108  30.230  -38.633 0.0000000000
96489  22.750  29.998  -39.504 0.0000000000
96490  21.871  30.422  -40.407 0.0000000000
96491  20.547  30.317  -40.901 0.0000000000
96492  15.615  28.872  -36.019 0.0000000000
96493  16.017  28.941  -36.335 0.0000000000
96494  29.210  31.383  -41.325 0.0000000000
96495  28.101  32.626  -40.771 0.0000000000
96496  26.836  33.768  -40.145 0.0000000000
96497  23.198  29.785  -39.387 0.0000000000
96498  22.961  31.007  -38.945 0.0000000000
96499  19.664  29.979  -40.820 0.0000000000
96500  18.872  29.393  -40.208 0.0000000000
96501  16.290  29.040  -36.951 0.0000000000
96502  28.403  30.023  -41.766 0.0000000000
96503  27.426  31.389  -41.621 0.0000000000
96504  26.334  32.676  -41.103 0.0000000000
96505  23.065  30.242  -40.218 0.0000000000
96506  22.820  31.034  -39.452 0.0000000000
96507  18.275  29.098  -39.331 0.0000000000
96508  17.654  29.334  -38.580 0.0000000000
96509  17.050  29.043  -37.775 0.0000000000
96510  16.766  28.907  -37.073 0.0000000000
96511  27.857  29.124  -41.896 0.0000000000
96512  27.001  29.870  -41.837 0.0000000000
96513  25.359  31.370  -41.547 0.0000000000
96514  23.844  31.515  -41.243 0.0000000000
96515  23.268  31.107  -40.684 0.0000000000
96516  23.208  31.140  -40.020 0.0000000000
97134  38.358  31.157  -14.787 0.0000000000
97135  37.881  30.942  -15.487 0.0000000000
97143  37.398  30.765  -16.042 0.0000000000
97144  36.648  30.400  -16.517 0.0000000000
97158  50.388  27.641  -23.464 0.0000000000
97159  44.921  36.856  -23.358 0.0000000000
97160  44.551  36.989  -23.194 0.0000000000
97161  44.026  37.129  -23.350 0.0000000000
97162  43.661  37.145  -23.642 0.0000000000
97166  52.515  29.264  -24.385 0.0000000000
97167  51.187  28.439  -24.241 0.0000000000
97168  50.490  27.734  -23.599 0.0000000000
97169  44.645  36.661  -23.841 0.0000000000
97170  44.072  36.634  -24.391 0.0000000000
97171  43.595  36.537  -24.803 0.0000000000
97172  43.581  36.564  -25.049 0.0000000000
97173  43.523  36.234  -25.316 0.0000000000
97174  43.535  36.293  -25.456 0.0000000000
97177  52.035  29.743  -25.453 0.0000000000
97178  51.825  28.885  -24.971 0.0000000000
97179  43.598  36.110  -26.194 0.0000000000
97180  43.437  35.692  -26.276 0.0000000000
97181  43.397  35.374  -26.375 0.0000000000
97182  43.307  35.243  -26.596 0.0000000000
97183  43.439  35.945  -25.877 0.0000000000
97187  51.657  29.800  -26.218 0.0000000000
97188  51.876  29.065  -25.393 0.0000000000
97189  44.431  35.617  -28.186 0.0000000000
97190  44.025  35.062  -27.467 0.0000000000
97191  43.568  34.673  -27.178 0.0000000000
97192  43.513  34.364  -27.359 0.0000000000
97193  43.450  34.213  -27.532 0.0000000000
97196  50.855  30.762  -27.862 0.0000000000
97197  45.497  34.736  -29.989 0.0000000000
97198  44.581  34.656  -29.408 0.0000000000
97199  43.871  33.926  -28.733 0.0000000000
97200  43.572  33.443  -28.158 0.0000000000
97201  43.253  33.089  -27.978 0.0000000000
97202  42.801  32.641  -28.130 0.0000000000
97205  49.379  31.687  -29.906 0.0000000000
97206  47.578  32.891  -30.653 0.0000000000
97207  45.812  33.358  -31.184 0.0000000000
97208  44.544  33.448  -30.508 0.0000000000
97209  44.138  33.136  -29.498 0.0000000000
97210  42.178  31.248  -28.597 0.0000000000
97211  41.416  30.643  -29.301 0.0000000000
97213  48.581  31.171  -30.940 0.0000000000
97214  47.647  31.734  -31.256 0.0000000000
97215  46.458  32.392  -31.542 0.0000000000
97216  40.434  30.111  -29.777 0.0000000000
97217  39.954  29.483  -30.361 0.0000000000
97218  39.537  28.790  -30.509 0.0000000000
97221  39.903  30.200  -30.792 0.0000000000
97222  39.640  29.332  -30.890 0.0000000000
97223  39.748  29.476  -31.380 0.0000000000
97228  28.554  31.648  -27.996 0.0000000000
97229  27.556  30.885  -27.906 0.0000000000
97230  26.720  30.621  -27.814 0.0000000000
97231  25.986  30.469  -27.235 0.0000000000
97232  25.101  30.441  -26.948 0.0000000000
97233  24.094  30.660  -27.078 0.0000000000
97234  40.412  29.849  -32.117 0.0000000000
97237  23.052  30.970  -27.364 0.0000000000
97238  22.054  31.261  -28.174 0.0000000000
97239  20.739  31.628  -28.957 0.0000000000
97240  40.988  30.301  -33.125 0.0000000000
97241  32.592  33.974  -36.365 0.0000000000
97242  31.883  34.385  -36.159 0.0000000000
97243  30.915  34.925  -35.822 0.0000000000
97244  30.311  35.230  -35.871 0.0000000000
97245  29.487  35.893  -35.545 0.0000000000
97246  27.807  36.303  -35.503 0.0000000000
97247  26.238  35.573  -35.642 0.0000000000
97248  25.745  34.791  -35.166 0.0000000000
97249  19.875  31.848  -29.842 0.0000000000
97250  19.917  32.363  -30.275 0.0000000000
97251  40.644  30.228  -36.242 0.0000000000
97252  40.744  30.640  -34.369 0.0000000000
97253  34.518  33.029  -37.727 0.0000000000
97254  33.456  33.381  -36.915 0.0000000000
97255  32.668  33.738  -36.494 0.0000000000
97256  29.896  35.359  -35.979 0.0000000000
97257  29.617  35.638  -35.793 0.0000000000
97258  25.868  34.368  -35.948 0.0000000000
97259  25.218  34.189  -35.645 0.0000000000
97260  24.251  33.814  -35.509 0.0000000000
97261  23.524  33.168  -34.768 0.0000000000
97262  23.118  33.046  -34.508 0.0000000000
97263  20.009  31.078  -30.494 0.0000000000
97264  20.045  31.833  -31.168 0.0000000000
97265  39.444  30.592  -38.031 0.0000000000
97266  37.522  31.523  -39.006 0.0000000000
97267  35.764  32.573  -38.691 0.0000000000
97268  25.754  34.225  -36.296 0.0000000000
97269  24.840  33.845  -36.522 0.0000000000
97270  24.470  32.938  -36.398 0.0000000000
97271  23.356  33.015  -36.228 0.0000000000
97272  22.012  33.348  -35.473 0.0000000000
97273  20.942  32.060  -34.420 0.0000000000
97274  19.818  31.601  -33.219 0.0000000000
97275  25.729  35.531  -37.755 0.0000000000
97276  25.403  35.460  -37.197 0.0000000000
97277  25.160  34.755  -36.694 0.0000000000
97278  24.724  33.364  -37.279 0.0000000000
97279  24.148  32.935  -37.719 0.0000000000
97280  23.350  32.722  -37.865 0.0000000000
97281  22.025  32.552  -37.647 0.0000000000
97282  20.350  31.924  -36.792 0.0000000000
97283  18.431  30.656  -35.759 0.0000000000
97284  16.784  29.478  -36.324 0.0000000000
97285  16.212  28.941  -36.176 0.0000000000
97286  25.720  35.309  -38.486 0.0000000000
97287  24.651  35.317  -37.865 0.0000000000
97288  24.046  34.524  -37.449 0.0000000000
97289  23.955  33.022  -37.854 0.0000000000
97290  23.578  32.002  -38.187 0.0000000000
97291  23.138  31.712  -38.395 0.0000000000
97292  22.358  31.659  -39.043 0.0000000000
97293  20.549  31.416  -39.309 0.0000000000
97294  18.595  31.162  -37.846 0.0000000000
97295  17.096  30.319  -37.151 0.0000000000
97296  16.173  29.388  -36.518 0.0000000000
97297  15.867  29.304  -36.342 0.0000000000
97298  25.441  34.716  -39.633 0.0000000000
97299  24.071  35.004  -38.878 0.0000000000
97300  23.338  34.777  -38.147 0.0000000000
97301  23.070  32.709  -38.550 0.0000000000
97302  22.386  33.080  -38.192 0.0000000000
97303  22.394  32.973  -37.967 0.0000000000
97304  19.901  30.716  -40.383 0.0000000000
97305  19.172  30.225  -39.243 0.0000000000
97306  17.676  30.430  -38.073 0.0000000000
97307  16.835  29.946  -37.221 0.0000000000
97308  16.294  29.470  -36.702 0.0000000000
97309  25.148  33.702  -40.527 0.0000000000
97310  23.983  34.454  -39.990 0.0000000000
97311  22.497  32.072  -38.757 0.0000000000
97312  22.875  32.901  -38.192 0.0000000000
97313  22.704  33.124  -38.096 0.0000000000
97314  18.881  29.449  -39.229 0.0000000000
97315  18.012  29.881  -38.849 0.0000000000
97316  17.502  29.788  -37.767 0.0000000000
97317  16.911  29.426  -37.053 0.0000000000
97318  25.124  32.820  -41.130 0.0000000000
97319  24.128  33.261  -40.770 0.0000000000
97320  23.877  32.644  -39.694 0.0000000000
97321  23.011  32.134  -39.360 0.0000000000
97322  22.978  32.661  -38.554 0.0000000000
97323  22.780  32.715  -38.323 0.0000000000
97937  41.157  32.816  -13.956 0.0000000000
97938  40.207  32.707  -14.407 0.0000000000
97945  45.685  38.550  -16.759 0.0000000000
97946  44.051  38.783  -16.533 0.0000000000
97947  43.101  39.086  -16.665 0.0000000000
97948  39.327  32.364  -15.105 0.0000000000
97949  37.870  31.938  -15.444 0.0000000000
97950  37.541  32.393  -15.845 0.0000000000
97957  47.114  37.028  -19.464 0.0000000000
97958  45.983  37.949  -18.880 0.0000000000
97959  44.970  39.199  -18.213 0.0000000000
97960  43.817  40.030  -17.511 0.0000000000
97961  37.216  31.207  -15.350 0.0000000000
97962  36.951  31.590  -16.016 0.0000000000
97963  36.933  31.878  -16.939 0.0000000000
97968  47.289  36.695  -21.291 0.0000000000
97969  46.265  37.477  -20.877 0.0000000000
97970  45.333  38.403  -20.403 0.0000000000
97971  44.168  39.501  -19.828 0.0000000000
97972  43.659  39.278  -21.251 0.0000000000
97973  43.675  39.180  -21.993 0.0000000000
97974  36.284  30.802  -16.338 0.0000000000
97975  36.185  31.221  -17.117 0.0000000000
97979  47.462  36.691  -22.951 0.0000000000
97980  46.338  36.928  -22.623 0.0000000000
97981  45.340  37.327  -22.377 0.0000000000
97982  44.688  38.046  -21.991 0.0000000000
97983  44.149  38.360  -22.322 0.0000000000
97984  43.665  38.091  -23.140 0.0000000000
97985  43.555  38.655  -23.005 0.0000000000
97988  52.169  31.477  -24.463 0.0000000000
97989  52.224  30.370  -24.995 0.0000000000
97990  47.492  36.664  -23.726 0.0000000000
97991  46.688  36.863  -24.261 0.0000000000
97992  45.217  36.762  -23.978 0.0000000000
97993  44.540  36.593  -24.356 0.0000000000
97994  43.227  36.973  -24.378 0.0000000000
97995  43.275  37.309  -24.136 0.0000000000
97996  43.308  36.894  -25.265 0.0000000000
97999  51.695  32.512  -25.069 0.0000000000
98000  51.605  31.753  -25.516 0.0000000000
98001  46.333  36.813  -25.977 0.0000000000
98002  45.168  36.848  -25.727 0.0000000000
98003  44.306  36.629  -25.323 0.0000000000
98004  43.745  35.090  -27.124 0.0000000000
98005  43.300  35.713  -26.690 0.0000000000
98009  51.301  31.410  -26.499 0.0000000000
98010  46.457  36.229  -27.319 0.0000000000
98011  45.109  36.566  -27.278 0.0000000000
98012  44.179  36.424  -26.864 0.0000000000
98013  43.591  34.519  -27.583 0.0000000000
98014  43.774  34.932  -27.488 0.0000000000
98017  50.741  31.505  -27.402 0.0000000000
98018  48.250  34.386  -28.786 0.0000000000
98019  46.931  35.307  -28.667 0.0000000000
98020  45.273  35.790  -28.668 0.0000000000
98021  43.335  33.350  -28.148 0.0000000000
98022  43.685  33.907  -28.140 0.0000000000
98025  49.985  32.113  -28.429 0.0000000000
98026  48.928  33.286  -29.268 0.0000000000
98027  47.156  34.188  -29.943 0.0000000000
98028  42.687  32.438  -28.345 0.0000000000
98029  42.592  32.549  -28.896 0.0000000000
98032  41.603  31.272  -29.936 0.0000000000
98033  40.480  30.468  -30.166 0.0000000000
98036  41.605  31.295  -30.561 0.0000000000
98037  40.739  30.679  -30.693 0.0000000000
98038  40.542  30.418  -31.433 0.0000000000
98039  39.874  29.981  -31.306 0.0000000000
98044  27.496  33.258  -27.774 0.0000000000
98045  27.541  32.045  -28.017 0.0000000000
98046  26.992  31.888  -27.696 0.0000000000
98047  26.319  31.787  -27.182 0.0000000000
98048  25.600  31.601  -26.594 0.0000000000
98049  24.730  31.698  -26.376 0.0000000000
98050  41.298  31.097  -32.819 0.0000000000
98051  40.371  30.348  -31.882 0.0000000000
98054  23.648  32.001  -26.423 0.0000000000
98055  22.703  32.433  -27.058 0.0000000000
98056  21.782  32.757  -28.208 0.0000000000
98057  41.608  31.049  -34.390 0.0000000000
98058  41.049  30.731  -32.933 0.0000000000
98059  32.475  34.168  -36.241 0.0000000000
98060  31.859  34.558  -35.979 0.0000000000
98061  30.719  35.640  -35.522 0.0000000000
98062  28.768  36.201  -35.138 0.0000000000
98063  27.085  36.212  -35.245 0.0000000000
98064  25.696  35.534  -35.473 0.0000000000
98065  25.170  34.790  -35.060 0.0000000000
98066  24.716  34.573  -34.891 0.0000000000
98067  20.619  33.100  -29.155 0.0000000000
98068  20.174  33.216  -30.395 0.0000000000
98069  41.429  30.377  -35.787 0.0000000000
98070  41.272  30.764  -34.018 0.0000000000
98071  34.738  33.321  -37.919 0.0000000000
98072  33.326  33.801  -36.499 0.0000000000
98073  32.311  34.439  -36.082 0.0000000000
98074  25.440  34.536  -35.179 0.0000000000
98075  25.054  34.319  -35.162 0.0000000000
98076  24.530  33.789  -34.618 0.0000000000
98077  23.526  33.527  -34.314 0.0000000000
98078  22.574  34.180  -34.185 0.0000000000
98079  20.363  33.690  -31.846 0.0000000000
98080  40.692  30.519  -37.578 0.0000000000
98081  38.893  31.390  -38.776 0.0000000000
98082  36.544  32.773  -38.786 0.0000000000
98083  22.796  33.246  -34.325 0.0000000000
98084  21.714  34.077  -33.998 0.0000000000
98085  20.859  34.339  -32.892 0.0000000000
98086  23.119  34.827  -38.702 0.0000000000
98087  22.607  34.368  -38.692 0.0000000000
98088  22.331  33.573  -38.565 0.0000000000
98089  22.202  33.133  -38.372 0.0000000000
98090  22.614  32.994  -37.965 0.0000000000
98091  23.054  34.664  -39.254 0.0000000000
98092  22.625  34.280  -39.028 0.0000000000
98093  22.812  33.472  -38.852 0.0000000000
98094  22.667  32.874  -38.763 0.0000000000
98095  22.583  32.789  -38.186 0.0000000000
98096  23.565  34.331  -39.585 0.0000000000
98097  23.721  33.622  -39.134 0.0000000000
98098  23.681  33.134  -38.644 0.0000000000
98099  23.091  32.990  -38.815 0.0000000000
98100  22.664  32.829  -38.575 0.0000000000
98652  41.291  35.013  -13.628 0.0000000000
98653  40.657  33.999  -14.010 0.0000000000
98666  44.553  37.504  -15.123 0.0000000000
98667  42.254  37.689  -15.144 0.0000000000
98668  40.465  34.956  -14.823 0.0000000000
98669  39.148  33.754  -15.959 0.0000000000
98670  38.037  32.700  -15.984 0.0000000000
98681  42.476  39.604  -17.269 0.0000000000
98682  41.776  40.362  -17.708 0.0000000000
98683  39.072  34.610  -16.512 0.0000000000
98684  38.041  33.394  -16.743 0.0000000000
98685  37.007  32.455  -16.619 0.0000000000
98690  43.400  40.508  -18.177 0.0000000000
98691  42.819  40.551  -19.039 0.0000000000
98692  43.142  39.605  -21.065 0.0000000000
98693  37.642  34.009  -17.743 0.0000000000
98694  36.778  32.888  -17.508 0.0000000000
98695  35.801  32.176  -18.249 0.0000000000
98698  50.160  35.272  -22.260 0.0000000000
98699  48.609  36.210  -21.825 0.0000000000
98700  43.506  39.347  -22.206 0.0000000000
98703  51.769  33.150  -24.074 0.0000000000
98704  50.546  34.766  -23.983 0.0000000000
98705  48.419  36.301  -23.965 0.0000000000
98706  47.258  36.653  -25.022 0.0000000000
98707  43.452  38.362  -23.391 0.0000000000
98708  43.313  38.356  -23.730 0.0000000000
98712  51.772  32.808  -24.776 0.0000000000
98713  50.941  33.621  -25.339 0.0000000000
98714  49.310  35.401  -25.546 0.0000000000
98715  47.675  36.367  -25.855 0.0000000000
98718  50.675  33.070  -26.642 0.0000000000
98719  49.578  34.505  -26.769 0.0000000000
98720  48.101  35.580  -27.041 0.0000000000
98721  43.753  35.528  -27.206 0.0000000000
98722  43.804  36.269  -26.394 0.0000000000
98725  50.427  32.584  -27.453 0.0000000000
98726  49.508  33.742  -27.895 0.0000000000
98727  48.503  34.795  -27.854 0.0000000000
98728  43.990  34.856  -27.845 0.0000000000
98729  43.879  35.784  -27.078 0.0000000000
98731  50.167  32.286  -27.849 0.0000000000
98732  49.890  32.920  -28.243 0.0000000000
98733  43.706  33.689  -28.910 0.0000000000
98735  43.477  32.590  -29.819 0.0000000000
98738  42.853  31.835  -30.592 0.0000000000
98739  42.072  31.228  -31.327 0.0000000000
98740  41.111  31.018  -31.404 0.0000000000
98743  27.185  32.659  -27.650 0.0000000000
98744  26.640  33.383  -26.695 0.0000000000
98745  25.985  32.771  -26.248 0.0000000000
98746  25.389  32.684  -25.920 0.0000000000
98747  24.455  32.939  -25.818 0.0000000000
98748  42.085  31.904  -32.093 0.0000000000
98749  42.067  31.257  -32.573 0.0000000000
98751  26.012  33.827  -25.737 0.0000000000
98752  23.424  33.368  -26.147 0.0000000000
98753  22.451  33.854  -27.076 0.0000000000
98754  21.554  34.221  -28.359 0.0000000000
98755  42.410  31.436  -34.599 0.0000000000
98756  31.909  34.693  -35.773 0.0000000000
98757  31.492  35.020  -35.574 0.0000000000
98758  27.790  36.165  -34.645 0.0000000000
98759  26.396  36.155  -35.073 0.0000000000
98760  25.463  35.935  -35.270 0.0000000000
98761  24.884  35.423  -35.061 0.0000000000
98762  21.001  34.537  -29.756 0.0000000000
98763  20.810  34.993  -31.112 0.0000000000
98764  42.092  31.011  -36.676 0.0000000000
98765  35.053  33.731  -38.019 0.0000000000
98766  33.924  34.018  -36.641 0.0000000000
98767  32.105  34.872  -35.616 0.0000000000
98768  24.321  34.699  -34.460 0.0000000000
98769  23.235  34.901  -34.174 0.0000000000
98770  22.129  35.689  -34.212 0.0000000000
98771  20.387  35.823  -32.225 0.0000000000
98772  40.459  31.824  -38.266 0.0000000000
98773  38.169  33.053  -38.770 0.0000000000
98774  35.993  34.050  -38.393 0.0000000000
98775  21.573  36.091  -33.476 0.0000000000
98776  20.562  36.742  -32.933 0.0000000000
99334  41.188  37.212  -15.894 0.0000000000
99335  40.474  35.684  -16.684 0.0000000000
99336  39.347  35.104  -16.417 0.0000000000
99341  41.757  38.332  -16.405 0.0000000000
99342  40.868  38.850  -17.342 0.0000000000
99343  39.199  36.101  -17.192 0.0000000000
99344  38.064  35.461  -17.814 0.0000000000
99345  41.216  40.502  -18.361 0.0000000000
99346  42.376  40.276  -20.725 0.0000000000
99347  37.137  34.677  -18.372 0.0000000000
99348  35.545  32.578  -18.647 0.0000000000
99353  43.489  36.091  -27.783 0.0000000000
99354  44.029  36.746  -26.532 0.0000000000
99356  43.627  35.094  -28.798 0.0000000000
99358  44.282  33.712  -29.608 0.0000000000
99361  43.909  33.280  -30.528 0.0000000000
99362  42.592  32.798  -31.827 0.0000000000
99363  31.771  34.652  -27.997 0.0000000000
99365  26.179  33.349  -25.916 0.0000000000
99366  25.900  33.281  -25.689 0.0000000000
99367  25.375  33.763  -25.581 0.0000000000
99368  24.349  34.003  -25.673 0.0000000000
99369  42.609  32.734  -32.883 0.0000000000
99370  43.062  32.301  -34.421 0.0000000000
99371  31.417  35.239  -28.652 0.0000000000
99372  30.902  34.628  -28.988 0.0000000000
99373  25.139  34.778  -25.940 0.0000000000
99374  23.716  34.651  -26.542 0.0000000000
99375  22.487  34.997  -27.790 0.0000000000
99376  21.858  35.426  -29.219 0.0000000000
99377  43.079  32.098  -36.078 0.0000000000
99378  25.140  36.033  -35.029 0.0000000000
99379  24.686  35.745  -34.799 0.0000000000
99380  21.357  36.059  -30.503 0.0000000000
99381  20.582  36.779  -31.583 0.0000000000
99382  41.775  32.732  -37.351 0.0000000000
99383  34.657  34.385  -37.267 0.0000000000
99384  33.282  35.076  -36.000 0.0000000000
99385  31.036  35.570  -34.813 0.0000000000
99386  24.907  36.105  -34.756 0.0000000000
99387  24.056  35.631  -34.427 0.0000000000
99388  22.524  36.557  -34.346 0.0000000000
99389  21.730  36.956  -34.313 0.0000000000
99390  20.297  37.326  -32.244 0.0000000000
99391  39.682  33.844  -38.352 0.0000000000
99392  37.220  34.749  -38.288 0.0000000000
99393  35.018  35.307  -37.258 0.0000000000
99394  33.644  36.198  -36.227 0.0000000000
99395  21.627  37.337  -34.181 0.0000000000
99396  21.170  37.596  -33.701 0.0000000000
99397  20.591  37.909  -32.776 0.0000000000
99942  40.317  39.895  -18.124 0.0000000000
99943  39.407  38.479  -18.093 0.0000000000
99944  38.547  36.959  -17.965 0.0000000000
99945  40.452  40.285  -18.111 0.0000000000
99946  39.681  41.093  -19.111 0.0000000000
99947  37.474  37.565  -18.823 0.0000000000
99948  34.909  36.374  -20.490 0.0000000000
99951  44.192  37.150  -27.158 0.0000000000
99952  32.108  36.185  -23.332 0.0000000000
99953  44.396  36.482  -28.377 0.0000000000
99954  31.794  36.979  -25.014 0.0000000000
99955  44.405  35.198  -29.959 0.0000000000
99956  30.594  36.931  -27.055 0.0000000000
99957  31.529  35.599  -27.799 0.0000000000
99958  43.694  34.786  -32.188 0.0000000000
99959  42.939  33.669  -32.798 0.0000000000
99960  30.427  37.808  -28.074 0.0000000000
99961  31.282  36.574  -28.427 0.0000000000
99962  43.611  35.471  -33.537 0.0000000000
99963  43.364  34.374  -34.363 0.0000000000
99964  43.208  32.991  -35.431 0.0000000000
99965  31.050  36.333  -29.092 0.0000000000
99966  30.324  36.128  -29.557 0.0000000000
99967  29.698  34.152  -28.965 0.0000000000
99968  24.871  35.388  -26.720 0.0000000000
99969  23.762  35.618  -27.977 0.0000000000
99970  22.766  35.812  -29.052 0.0000000000
99971  21.953  36.897  -29.805 0.0000000000
99972  42.549  35.548  -36.110 0.0000000000
99973  42.850  33.725  -36.315 0.0000000000
99974  27.967  35.708  -30.006 0.0000000000
99975  26.070  36.132  -34.688 0.0000000000
99976  21.038  37.485  -31.078 0.0000000000
99977  20.399  37.597  -31.724 0.0000000000
99978  41.497  36.056  -36.531 0.0000000000
99979  41.001  35.147  -37.274 0.0000000000
99980  32.334  36.622  -35.350 0.0000000000
99981  31.044  35.620  -33.939 0.0000000000
99982  25.194  35.159  -33.937 0.0000000000
99983  23.547  36.362  -34.001 0.0000000000
99984  21.895  36.757  -33.674 0.0000000000
99985  21.088  38.063  -32.125 0.0000000000
99986  20.528  37.971  -32.111 0.0000000000
99987  38.456  35.660  -37.711 0.0000000000
99988  36.309  36.130  -37.299 0.0000000000
99989  34.649  36.512  -36.428 0.0000000000
99990  33.371  37.053  -35.930 0.0000000000
99991  21.341  37.711  -33.839 0.0000000000
99992  20.999  38.088  -32.844 0.0000000000
99993  20.709  38.224  -32.518 0.0000000000
100583  32.955  40.166  -22.309 0.0000000000
100584  33.815  37.184  -22.021 0.0000000000
100585  43.814  38.102  -27.589 0.0000000000
100586  32.145  40.692  -23.000 0.0000000000
100587  31.924  39.288  -23.597 0.0000000000
100588  43.873  37.400  -29.282 0.0000000000
100589  30.774  39.474  -25.968 0.0000000000
100590  43.842  36.854  -31.149 0.0000000000
100591  30.206  39.293  -28.249 0.0000000000
100592  30.721  38.046  -28.542 0.0000000000
100593  43.520  36.771  -33.117 0.0000000000
100594  43.587  35.854  -34.020 0.0000000000
100595  30.395  39.864  -29.311 0.0000000000
100596  31.141  38.043  -29.431 0.0000000000
100597  31.266  36.692  -29.437 0.0000000000
100598  25.391  35.944  -28.100 0.0000000000
100599  23.132  37.053  -29.393 0.0000000000
100600  21.856  37.394  -30.108 0.0000000000
100601  42.869  37.709  -33.834 0.0000000000
100602  42.947  36.755  -34.753 0.0000000000
100603  31.757  37.876  -30.331 0.0000000000
100604  31.326  36.497  -30.057 0.0000000000
100605  22.848  37.208  -30.375 0.0000000000
100606  22.169  37.178  -31.100 0.0000000000
100607  41.681  36.866  -35.919 0.0000000000
100608  40.542  36.722  -36.523 0.0000000000
100609  34.513  38.237  -35.347 0.0000000000
100610  32.971  37.891  -35.242 0.0000000000
100611  32.180  37.007  -34.420 0.0000000000
100612  24.822  35.254  -32.939 0.0000000000
100613  22.873  37.044  -32.560 0.0000000000
100614  21.967  38.153  -32.063 0.0000000000
100615  39.232  36.707  -36.991 0.0000000000
100616  37.345  37.092  -36.921 0.0000000000
100617  35.520  37.267  -36.304 0.0000000000
100618  34.138  37.380  -35.813 0.0000000000
100619  21.345  37.030  -32.814 0.0000000000
100620  21.398  37.189  -32.414 0.0000000000
101236  34.316  39.853  -20.855 0.0000000000
101237  33.834  41.395  -21.775 0.0000000000
101238  42.641  39.994  -26.591 0.0000000000
101239  32.657  42.019  -23.177 0.0000000000
101240  31.918  41.044  -23.517 0.0000000000
101241  43.174  39.313  -28.516 0.0000000000
101242  32.589  42.764  -24.420 0.0000000000
101243  31.542  41.867  -24.819 0.0000000000
101244  43.412  38.705  -30.332 0.0000000000
101245  30.566  41.798  -27.413 0.0000000000
101246  43.302  38.209  -31.894 0.0000000000
101247  30.638  41.161  -29.317 0.0000000000
101248  31.635  40.070  -29.859 0.0000000000
101249  25.148  36.384  -29.700 0.0000000000
101250  24.256  36.843  -29.279 0.0000000000
101251  42.801  38.361  -32.999 0.0000000000
101252  41.549  38.574  -34.004 0.0000000000
101253  39.087  39.635  -33.965 0.0000000000
101254  37.788  40.111  -33.841 0.0000000000
101255  32.330  38.852  -30.507 0.0000000000
101256  31.951  37.845  -31.749 0.0000000000
101257  30.323  36.019  -31.776 0.0000000000
101258  23.778  37.247  -30.251 0.0000000000
101259  22.922  37.380  -30.815 0.0000000000
101260  41.682  37.645  -35.174 0.0000000000
101261  40.049  38.085  -35.476 0.0000000000
101262  37.490  39.385  -34.780 0.0000000000
101263  35.179  39.355  -34.578 0.0000000000
101264  33.416  39.184  -34.436 0.0000000000
101265  32.701  37.922  -33.673 0.0000000000
101266  31.538  36.564  -33.058 0.0000000000
101267  25.211  36.285  -31.164 0.0000000000
101268  23.176  37.700  -31.311 0.0000000000
101269  39.576  37.415  -36.419 0.0000000000
101270  38.357  37.921  -36.228 0.0000000000
101271  36.376  38.246  -35.763 0.0000000000
101986  35.390  41.478  -20.920 0.0000000000
101987  41.334  41.481  -26.038 0.0000000000
101988  40.463  42.208  -25.345 0.0000000000
101989  34.787  42.577  -22.686 0.0000000000
101990  41.680  40.826  -27.699 0.0000000000
101991  39.861  42.465  -26.686 0.0000000000
101992  38.576  43.312  -26.601 0.0000000000
101993  33.971  43.612  -24.889 0.0000000000
101994  32.335  43.318  -25.056 0.0000000000
101995  42.157  40.049  -29.589 0.0000000000
101996  40.230  41.369  -28.849 0.0000000000
101997  37.876  43.247  -27.904 0.0000000000
101998  34.788  43.823  -27.580 0.0000000000
101999  32.416  43.184  -26.521 0.0000000000
102000  42.523  39.292  -31.242 0.0000000000
102001  40.941  40.214  -30.826 0.0000000000
102002  38.737  41.495  -30.499 0.0000000000
102003  35.910  42.757  -30.197 0.0000000000
102004  32.670  42.296  -29.376 0.0000000000
102005  31.512  41.482  -30.192 0.0000000000
102006  42.700  38.819  -32.162 0.0000000000
102007  41.883  39.325  -32.360 0.0000000000
102008  39.979  40.088  -32.445 0.0000000000
102009  37.358  40.911  -32.611 0.0000000000
102010  34.555  41.493  -31.865 0.0000000000
102011  32.964  40.528  -31.120 0.0000000000
102012  32.972  39.011  -31.278 0.0000000000
102013  37.138  40.265  -33.758 0.0000000000
102014  35.879  40.395  -33.556 0.0000000000
102015  33.989  40.259  -33.216 0.0000000000
102016  33.140  39.219  -32.651 0.0000000000
102804  38.208  41.257  -19.366 0.0000000000
102805  41.338  41.310  -23.828 0.0000000000
102806  38.984  42.474  -21.299 0.0000000000
102807  37.445  41.547  -19.694 0.0000000000
102808  39.888  42.744  -24.746 0.0000000000
102809  38.960  43.101  -23.493 0.0000000000
102810  37.049  42.376  -22.042 0.0000000000
102811  39.720  42.820  -25.543 0.0000000000
102812  38.690  43.569  -25.481 0.0000000000
102813  36.709  43.328  -24.130 0.0000000000
102814  37.949  43.659  -26.474 0.0000000000
102815  36.710  44.195  -26.090 0.0000000000
124886  19.487  21.968  -33.947 0.0000000000
124887  23.433  17.911  -42.491 0.0000000000
124891  19.909  21.909  -33.984 0.0000000000
124892  18.627  23.280  -31.480 0.0000000000
124894  24.093  18.292  -42.817 0.0000000000
124897  21.550  20.630  -41.353 0.0000000000
124898  19.879  22.061  -34.174 0.0000000000
124899  21.699  20.115  -41.919 0.0000000000
124900  21.670  20.880  -42.151 0.0000000000
124901  21.972  21.208  -41.827 0.0000000000
124902  23.715  17.835  -41.100 0.0000000000
124904  23.262  21.170  -42.245 0.0000000000
124905  22.372  20.967  -42.099 0.0000000000
124906  21.825  21.232  -40.920 0.0000000000
124908  23.358  22.023  -40.984 0.0000000000
124909  20.875  21.118  -40.669 0.0000000000
124910  21.491  22.040  -39.491 0.0000000000
124912  23.706  23.406  -40.270 0.0000000000
124913  20.984  24.939  -36.427 0.0000000000
124914  17.911  24.621  -35.604 0.0000000000
124917  23.066  24.042  -39.349 0.0000000000
124919  17.821  25.454  -36.193 0.0000000000
124920  17.234  25.024  -35.759 0.0000000000
124921  16.543  25.385  -35.534 0.0000000000
124923  19.797  21.504  -34.494 0.0000000000
124924  22.595  25.796  -37.793 0.0000000000
124925  19.214  22.772  -35.222 0.0000000000
124926  18.774  27.265  -37.971 0.0000000000
124927  16.742  26.604  -36.129 0.0000000000
124928  15.752  26.158  -35.781 0.0000000000
124929  16.499  25.447  -35.025 0.0000000000
124932  19.423  22.395  -33.655 0.0000000000
124933  19.579  22.416  -33.954 0.0000000000
124934  21.902  25.736  -37.511 0.0000000000
124935  21.165  26.185  -38.003 0.0000000000
124936  15.427  26.914  -35.917 0.0000000000
124937  18.354  22.816  -31.649 0.0000000000
124938  19.131  22.464  -33.543 0.0000000000
124939  19.112  23.482  -34.010 0.0000000000
124940  17.178  24.879  -35.323 0.0000000000
124941  15.472  26.326  -35.535 0.0000000000
124942  14.838  27.206  -35.301 0.0000000000
124943  17.678  28.502  -38.801 0.0000000000
124944  15.010  27.684  -35.911 0.0000000000
124945  18.617  23.324  -30.550 0.0000000000
124946  18.934  23.775  -30.574 0.0000000000
124947  18.955  23.877  -29.221 0.0000000000
124948  19.467  24.428  -29.467 0.0000000000
125050  29.301  32.482  -28.303 0.0000000000
125051  30.500  33.538  -28.658 0.0000000000
125052  28.585  35.797  -34.057 0.0000000000
125053  27.347  34.311  -27.722 0.0000000000
125054  26.953  34.058  -27.373 0.0000000000
125055  26.653  34.217  -27.067 0.0000000000
125056  26.794  34.988  -27.471 0.0000000000
125057  31.056  35.662  -35.339 0.0000000000
125058  26.259  34.471  -26.856 0.0000000000
125059  25.772  34.930  -27.212 0.0000000000
125060  25.973  34.566  -25.997 0.0000000000
125061  25.945  34.975  -26.404 0.0000000000
125062  29.788  35.930  -34.746 0.0000000000
125063  28.128  34.282  -28.220 0.0000000000
125064  26.994  35.398  -28.442 0.0000000000
125065  25.757  34.384  -25.493 0.0000000000
125066  25.387  35.235  -26.520 0.0000000000
125067  28.107  35.155  -33.106 0.0000000000
125068  27.040  34.864  -31.415 0.0000000000
125069  25.141  35.364  -26.165 0.0000000000
125070  30.308  35.570  -32.987 0.0000000000
125071  25.171  35.346  -27.173 0.0000000000
125119  43.591  39.144  -22.619 0.0000000000
125120  43.351  39.354  -22.559 0.0000000000
125121  43.188  39.647  -21.915 0.0000000000
125122  38.398  41.464  -19.294 0.0000000000
125123  35.870  33.452  -18.583 0.0000000000
125124  34.983  34.328  -19.533 0.0000000000
125125  36.322  35.195  -19.080 0.0000000000
125126  41.617  40.841  -20.518 0.0000000000
125127  36.120  36.246  -19.826 0.0000000000
125128  43.196  37.962  -24.436 0.0000000000
125130  43.239  38.831  -23.708 0.0000000000
125131  43.344  38.431  -25.898 0.0000000000
125132  43.367  37.323  -25.544 0.0000000000
125133  43.118  38.788  -24.388 0.0000000000
125134  36.058  38.447  -20.205 0.0000000000
125135  34.652  38.357  -20.572 0.0000000000
125136  35.011  39.360  -20.180 0.0000000000
125137  35.779  40.279  -19.968 0.0000000000
125138  43.214  37.592  -24.881 0.0000000000
125139  42.396  40.120  -22.223 0.0000000000
125140  37.197  38.582  -19.822 0.0000000000
125141  37.451  40.041  -19.682 0.0000000000
