#!ascii label  , from subject Yale_0050560 vox2ras=TkReg
1855
103852  37.403  40.854  29.229 0.0000000000
104545  37.062  41.298  29.381 0.0000000000
104555  37.210  41.024  29.300 0.0000000000
104556  36.920  41.352  28.966 0.0000000000
104568  37.279  41.066  28.749 0.0000000000
104569  36.846  41.607  28.369 0.0000000000
104578  37.631  41.184  28.142 0.0000000000
104579  37.078  41.602  27.906 0.0000000000
104580  36.804  41.969  27.812 0.0000000000
104585  38.002  41.465  27.729 0.0000000000
104586  37.522  41.731  27.545 0.0000000000
104587  37.113  42.002  27.319 0.0000000000
105225  37.152  41.544  29.635 0.0000000000
105226  36.843  41.647  29.204 0.0000000000
105240  36.738  41.838  28.701 0.0000000000
105256  36.687  42.192  28.043 0.0000000000
105271  38.519  41.628  27.700 0.0000000000
105272  36.883  42.097  27.425 0.0000000000
105273  36.713  42.588  27.294 0.0000000000
105281  39.039  42.156  27.444 0.0000000000
105282  38.176  42.083  27.141 0.0000000000
105283  37.456  42.232  26.959 0.0000000000
105284  36.964  42.604  26.791 0.0000000000
105285  36.632  43.065  26.612 0.0000000000
105291  37.872  42.541  26.690 0.0000000000
105292  37.461  42.792  26.410 0.0000000000
105293  37.064  43.106  26.136 0.0000000000
105950  37.175  42.218  29.400 0.0000000000
105951  36.740  41.999  28.977 0.0000000000
105964  36.861  42.693  28.751 0.0000000000
105965  36.695  42.489  28.465 0.0000000000
105978  36.559  42.940  27.537 0.0000000000
105995  36.411  43.397  26.701 0.0000000000
105996  36.299  43.714  26.461 0.0000000000
106012  38.869  42.890  26.825 0.0000000000
106013  38.265  42.633  26.720 0.0000000000
106014  36.743  43.252  26.157 0.0000000000
106015  36.438  43.587  26.095 0.0000000000
106016  36.284  43.761  26.215 0.0000000000
106029  38.724  43.362  26.418 0.0000000000
106030  38.215  43.108  26.246 0.0000000000
106031  37.478  43.449  25.766 0.0000000000
106032  36.935  43.631  25.593 0.0000000000
106033  36.618  43.712  25.714 0.0000000000
106049  37.412  43.776  25.377 0.0000000000
106050  37.224  43.819  25.297 0.0000000000
106748  37.153  43.279  28.638 0.0000000000
106749  36.779  42.931  28.406 0.0000000000
106767  36.907  43.827  27.979 0.0000000000
106768  36.643  43.473  27.758 0.0000000000
106789  36.352  43.709  26.927 0.0000000000
106790  36.217  43.926  26.427 0.0000000000
106813  39.004  43.471  26.539 0.0000000000
106814  36.278  44.005  25.830 0.0000000000
106815  36.182  44.184  25.964 0.0000000000
106835  38.952  43.976  26.000 0.0000000000
106836  38.044  43.735  25.577 0.0000000000
106837  37.632  43.759  25.454 0.0000000000
106838  36.673  44.028  25.254 0.0000000000
106839  36.406  44.131  25.416 0.0000000000
106840  36.251  44.489  25.401 0.0000000000
106858  38.797  44.498  25.417 0.0000000000
106859  38.376  44.348  25.224 0.0000000000
106860  37.597  44.121  25.039 0.0000000000
106861  36.975  44.267  24.883 0.0000000000
106862  36.551  44.611  24.766 0.0000000000
106863  36.269  44.723  24.871 0.0000000000
107545  32.290  46.828  30.725 0.0000000000
107557  32.159  47.037  30.333 0.0000000000
107558  31.913  46.459  29.818 0.0000000000
107575  37.251  44.294  28.039 0.0000000000
107576  36.818  44.394  27.440 0.0000000000
107577  31.150  46.406  29.062 0.0000000000
107595  36.409  44.533  26.605 0.0000000000
107596  36.222  44.166  26.495 0.0000000000
107611  36.241  44.964  25.963 0.0000000000
107612  36.169  44.611  25.970 0.0000000000
107622  39.491  44.938  25.919 0.0000000000
107623  39.047  44.589  25.527 0.0000000000
107624  36.232  45.581  24.541 0.0000000000
107625  36.096  44.851  25.319 0.0000000000
107634  39.679  45.661  25.573 0.0000000000
107635  38.940  45.094  24.899 0.0000000000
107636  38.051  44.822  24.495 0.0000000000
107637  37.315  44.866  24.280 0.0000000000
107638  36.769  45.101  24.117 0.0000000000
107639  36.406  45.524  24.056 0.0000000000
107640  36.141  45.012  24.815 0.0000000000
107650  38.797  45.532  24.373 0.0000000000
107651  38.446  45.474  24.119 0.0000000000
107652  37.726  45.493  23.747 0.0000000000
107653  37.106  45.645  23.504 0.0000000000
107654  36.720  45.885  23.385 0.0000000000
108248  33.349  47.838  31.960 0.0000000000
108261  33.396  48.075  31.900 0.0000000000
108262  32.850  47.617  31.546 0.0000000000
108270  32.290  47.613  30.758 0.0000000000
108271  31.555  47.501  30.343 0.0000000000
108283  37.764  45.418  27.724 0.0000000000
108284  37.130  44.889  27.495 0.0000000000
108285  30.673  47.554  29.725 0.0000000000
108286  30.220  47.305  28.994 0.0000000000
108300  37.395  46.024  26.791 0.0000000000
108301  36.939  45.515  26.664 0.0000000000
108302  29.901  47.175  28.369 0.0000000000
108303  29.529  47.081  27.803 0.0000000000
108318  36.440  45.669  25.526 0.0000000000
108319  36.202  45.121  25.684 0.0000000000
108320  29.097  47.019  27.290 0.0000000000
108321  28.698  46.962  26.890 0.0000000000
108335  36.406  46.267  24.369 0.0000000000
108336  36.168  45.334  25.233 0.0000000000
108337  28.348  46.871  26.557 0.0000000000
108338  28.038  46.788  26.211 0.0000000000
108350  39.821  46.310  25.109 0.0000000000
108351  39.384  45.716  24.856 0.0000000000
108352  36.648  46.625  23.494 0.0000000000
108362  40.633  47.560  25.056 0.0000000000
108363  39.997  47.095  24.448 0.0000000000
108364  39.097  46.051  24.073 0.0000000000
108365  38.225  46.070  23.255 0.0000000000
108366  37.527  46.256  22.915 0.0000000000
108367  37.058  46.512  22.792 0.0000000000
108368  36.942  46.889  22.801 0.0000000000
108379  39.810  47.333  23.691 0.0000000000
108380  39.368  47.011  23.475 0.0000000000
108381  38.623  46.953  22.782 0.0000000000
108382  37.945  46.873  22.486 0.0000000000
108383  37.545  47.408  22.198 0.0000000000
108384  37.218  47.288  22.357 0.0000000000
108394  38.402  47.553  22.267 0.0000000000
108395  38.147  47.505  22.132 0.0000000000
108396  37.849  47.521  22.081 0.0000000000
108895  32.723  50.213  33.635 0.0000000000
108906  32.969  49.442  32.629 0.0000000000
108907  33.417  49.405  33.037 0.0000000000
108916  33.250  49.139  32.555 0.0000000000
108917  33.528  48.546  32.315 0.0000000000
108930  33.338  48.548  31.808 0.0000000000
108931  32.417  48.460  31.459 0.0000000000
108939  31.368  48.380  31.021 0.0000000000
108940  30.233  48.439  30.593 0.0000000000
108947  38.237  46.367  27.398 0.0000000000
108948  29.515  48.650  30.126 0.0000000000
108949  29.407  48.445  29.548 0.0000000000
108955  38.669  47.016  26.828 0.0000000000
108956  37.923  46.684  26.430 0.0000000000
108957  37.332  46.366  26.133 0.0000000000
108958  29.253  48.327  28.884 0.0000000000
108959  29.046  48.264  28.288 0.0000000000
108969  37.610  46.979  25.469 0.0000000000
108970  37.065  46.705  25.237 0.0000000000
108971  28.738  48.243  27.731 0.0000000000
108972  28.472  48.116  27.285 0.0000000000
108985  36.768  46.901  24.302 0.0000000000
108986  28.288  47.981  26.959 0.0000000000
108987  28.046  47.761  26.648 0.0000000000
109000  36.981  47.395  23.134 0.0000000000
109001  27.811  47.678  26.361 0.0000000000
109002  27.513  47.614  26.086 0.0000000000
109015  40.499  47.823  24.607 0.0000000000
109016  37.383  48.285  22.229 0.0000000000
109017  37.557  49.149  21.407 0.0000000000
109032  40.819  48.164  24.348 0.0000000000
109033  40.088  48.005  23.897 0.0000000000
109034  39.491  47.708  23.334 0.0000000000
109035  39.079  47.437  22.874 0.0000000000
109036  37.728  48.099  21.836 0.0000000000
109037  37.685  48.590  21.843 0.0000000000
109038  37.682  49.380  21.135 0.0000000000
109051  39.734  48.181  23.208 0.0000000000
109052  39.271  47.999  22.711 0.0000000000
109053  38.723  47.812  22.235 0.0000000000
109054  38.311  48.000  21.838 0.0000000000
109055  37.901  48.486  21.645 0.0000000000
109056  37.588  49.654  21.178 0.0000000000
109065  38.502  48.304  21.717 0.0000000000
109066  38.251  48.723  21.418 0.0000000000
109067  37.887  49.523  21.184 0.0000000000
109509  31.934  52.092  34.130 0.0000000000
109518  32.543  51.961  34.027 0.0000000000
109519  32.392  51.724  33.802 0.0000000000
109520  32.256  51.217  33.734 0.0000000000
109528  32.939  51.520  33.742 0.0000000000
109529  33.180  50.590  33.259 0.0000000000
109530  33.075  50.539  33.473 0.0000000000
109539  32.733  51.357  33.539 0.0000000000
109540  33.255  50.174  32.833 0.0000000000
109541  33.516  49.176  32.179 0.0000000000
109553  32.874  50.415  32.476 0.0000000000
109554  32.723  49.655  32.082 0.0000000000
109555  31.088  49.317  31.856 0.0000000000
109562  30.000  49.391  31.321 0.0000000000
109563  28.808  49.731  30.510 0.0000000000
109564  28.102  50.559  30.114 0.0000000000
109571  28.860  49.156  29.979 0.0000000000
109572  28.348  49.830  29.467 0.0000000000
109573  28.104  50.317  29.096 0.0000000000
109578  39.078  47.494  25.293 0.0000000000
109579  38.070  47.279  25.353 0.0000000000
109580  28.513  49.107  28.709 0.0000000000
109581  28.305  49.598  28.428 0.0000000000
109586  39.084  48.052  24.081 0.0000000000
109587  38.056  47.764  24.061 0.0000000000
109588  37.191  47.311  24.221 0.0000000000
109589  28.301  49.171  27.750 0.0000000000
109590  28.142  48.991  27.505 0.0000000000
109598  38.046  48.719  22.119 0.0000000000
109599  37.386  47.757  23.181 0.0000000000
109600  30.323  50.783  25.754 0.0000000000
109601  29.910  50.734  26.543 0.0000000000
109602  29.499  50.611  26.951 0.0000000000
109603  27.998  49.023  27.164 0.0000000000
109604  27.803  48.407  26.768 0.0000000000
109615  37.960  49.384  21.283 0.0000000000
109616  37.527  49.014  21.606 0.0000000000
109617  30.709  50.355  25.262 0.0000000000
109618  30.384  50.533  25.400 0.0000000000
109619  29.923  50.435  26.413 0.0000000000
109620  28.158  49.279  27.167 0.0000000000
109621  27.704  48.888  26.830 0.0000000000
109622  27.528  48.498  26.435 0.0000000000
109632  43.986  50.012  24.943 0.0000000000
109633  42.446  48.636  24.663 0.0000000000
109634  41.337  48.377  24.460 0.0000000000
109635  37.277  49.864  21.097 0.0000000000
109636  37.464  49.516  21.170 0.0000000000
109637  30.447  50.264  24.858 0.0000000000
109638  30.148  50.355  25.574 0.0000000000
109639  27.200  48.084  26.148 0.0000000000
109654  43.634  50.099  23.898 0.0000000000
109655  42.720  49.515  23.470 0.0000000000
109656  41.071  48.615  23.658 0.0000000000
109657  40.188  48.324  23.327 0.0000000000
109658  37.271  50.129  20.856 0.0000000000
109659  37.462  49.692  20.989 0.0000000000
109660  30.250  50.266  24.737 0.0000000000
109661  30.115  50.271  25.020 0.0000000000
109675  42.399  49.645  22.561 0.0000000000
109676  41.515  49.156  22.267 0.0000000000
109677  39.982  48.651  22.598 0.0000000000
109678  39.134  48.267  21.950 0.0000000000
109679  38.737  48.251  21.781 0.0000000000
109680  37.540  50.013  20.914 0.0000000000
109681  36.911  50.645  20.590 0.0000000000
109682  36.390  50.921  20.340 0.0000000000
109692  41.138  49.245  21.442 0.0000000000
109693  40.423  48.901  21.515 0.0000000000
109694  39.505  48.660  21.450 0.0000000000
109695  38.714  48.677  21.170 0.0000000000
109696  38.121  49.452  20.948 0.0000000000
109697  37.535  50.367  20.724 0.0000000000
109698  36.799  50.840  20.472 0.0000000000
109699  36.157  50.975  20.256 0.0000000000
109707  38.344  49.503  20.683 0.0000000000
109708  37.917  50.157  20.612 0.0000000000
109709  37.491  50.349  20.434 0.0000000000
110156  32.240  53.456  34.916 0.0000000000
110157  32.117  53.061  34.797 0.0000000000
110166  32.311  53.176  34.619 0.0000000000
110167  32.254  52.446  34.295 0.0000000000
110176  32.403  52.851  34.407 0.0000000000
110188  32.119  52.372  34.216 0.0000000000
110189  32.048  51.722  33.603 0.0000000000
110202  32.372  51.105  32.836 0.0000000000
110203  31.980  50.816  32.495 0.0000000000
110204  30.852  50.586  32.173 0.0000000000
110205  29.767  50.927  31.842 0.0000000000
110212  30.025  50.117  31.887 0.0000000000
110213  29.196  50.742  31.194 0.0000000000
110214  28.251  51.090  30.441 0.0000000000
110222  28.029  51.065  29.942 0.0000000000
110223  28.585  50.765  29.728 0.0000000000
110230  29.933  51.819  27.779 0.0000000000
110231  29.548  51.761  28.010 0.0000000000
110232  29.110  50.766  29.149 0.0000000000
110238  40.065  48.648  23.768 0.0000000000
110239  39.171  48.445  23.285 0.0000000000
110240  30.843  51.649  26.530 0.0000000000
110241  30.512  51.468  27.306 0.0000000000
110242  29.528  51.213  27.453 0.0000000000
110243  28.753  50.302  27.849 0.0000000000
110244  28.866  49.437  27.846 0.0000000000
110249  39.567  49.214  22.510 0.0000000000
110250  38.780  48.893  22.347 0.0000000000
110251  31.351  50.825  26.310 0.0000000000
110252  30.461  50.999  26.059 0.0000000000
110253  29.914  50.775  26.984 0.0000000000
110254  29.077  50.389  27.347 0.0000000000
110255  28.544  49.774  27.573 0.0000000000
110264  39.046  49.930  21.736 0.0000000000
110265  38.357  49.990  21.135 0.0000000000
110266  37.780  50.054  20.882 0.0000000000
110267  32.272  50.152  25.075 0.0000000000
110268  31.528  49.976  25.041 0.0000000000
110269  31.275  49.816  24.863 0.0000000000
110270  29.218  50.252  27.083 0.0000000000
110271  28.624  49.898  27.107 0.0000000000
110272  28.289  49.601  26.888 0.0000000000
110273  27.935  49.313  26.909 0.0000000000
110282  44.430  51.514  25.335 0.0000000000
110283  37.784  50.840  20.402 0.0000000000
110284  37.032  50.895  20.472 0.0000000000
110285  32.710  50.313  23.729 0.0000000000
110286  31.926  50.061  23.954 0.0000000000
110287  31.216  49.812  24.404 0.0000000000
110288  29.540  50.125  26.313 0.0000000000
110289  29.088  50.012  26.230 0.0000000000
110290  28.758  49.911  26.456 0.0000000000
110291  28.079  49.133  26.604 0.0000000000
110292  27.475  48.630  26.611 0.0000000000
110293  26.516  48.567  26.154 0.0000000000
110305  44.553  52.040  25.114 0.0000000000
110306  44.138  50.926  23.971 0.0000000000
110307  43.468  50.131  23.412 0.0000000000
110308  35.953  51.576  20.381 0.0000000000
110309  34.185  51.581  20.892 0.0000000000
110310  32.875  50.969  22.178 0.0000000000
110311  31.824  50.014  23.180 0.0000000000
110312  30.915  49.914  24.040 0.0000000000
110313  29.891  50.234  25.003 0.0000000000
110314  29.748  50.294  25.523 0.0000000000
110315  29.460  50.155  26.060 0.0000000000
110330  44.258  50.931  22.899 0.0000000000
110331  43.323  50.146  22.432 0.0000000000
110332  42.334  49.599  22.067 0.0000000000
110333  36.532  51.037  20.389 0.0000000000
110334  35.539  50.997  20.296 0.0000000000
110335  33.619  50.882  20.887 0.0000000000
110336  32.341  50.469  21.823 0.0000000000
110337  31.558  49.913  22.703 0.0000000000
110338  30.919  50.030  23.474 0.0000000000
110339  30.604  50.246  24.137 0.0000000000
110349  43.057  50.275  21.532 0.0000000000
110350  42.031  49.844  21.254 0.0000000000
110351  40.666  49.357  20.936 0.0000000000
110352  39.746  48.989  20.883 0.0000000000
110353  39.203  48.785  20.910 0.0000000000
110354  37.250  50.699  20.335 0.0000000000
110355  36.660  50.813  20.219 0.0000000000
110356  35.687  50.781  20.081 0.0000000000
110357  34.273  50.686  20.227 0.0000000000
110358  32.933  50.356  20.789 0.0000000000
110359  31.972  50.034  21.542 0.0000000000
110360  31.341  49.990  22.240 0.0000000000
110361  30.919  50.170  22.681 0.0000000000
110370  41.776  50.228  20.532 0.0000000000
110371  40.942  50.005  20.341 0.0000000000
110372  39.855  49.565  20.416 0.0000000000
110373  38.892  49.370  20.509 0.0000000000
110374  38.072  49.982  20.268 0.0000000000
110375  37.514  50.585  20.221 0.0000000000
110376  36.587  50.691  19.781 0.0000000000
110377  35.693  50.681  19.731 0.0000000000
110378  34.598  50.551  19.781 0.0000000000
110379  33.397  50.285  20.070 0.0000000000
110380  32.338  50.028  20.601 0.0000000000
110381  31.557  49.995  21.299 0.0000000000
110382  31.153  50.040  21.863 0.0000000000
110390  40.516  50.356  20.035 0.0000000000
110391  39.939  50.144  20.064 0.0000000000
110392  39.072  49.969  20.059 0.0000000000
110393  38.240  50.140  20.029 0.0000000000
110394  37.498  50.468  19.844 0.0000000000
110395  37.014  50.579  19.760 0.0000000000
110857  33.427  54.814  36.439 0.0000000000
110858  33.132  54.365  36.182 0.0000000000
110867  33.088  54.836  36.053 0.0000000000
110868  32.535  54.029  35.409 0.0000000000
110869  32.716  53.809  35.430 0.0000000000
110884  33.476  55.895  35.886 0.0000000000
110885  32.674  54.965  35.779 0.0000000000
110886  32.352  54.005  35.177 0.0000000000
110899  33.173  56.260  35.695 0.0000000000
110900  32.305  55.468  35.239 0.0000000000
110901  32.022  53.844  34.997 0.0000000000
110912  31.560  55.356  34.516 0.0000000000
110913  31.399  53.844  34.159 0.0000000000
110914  31.239  52.546  32.963 0.0000000000
110915  30.737  52.754  32.486 0.0000000000
110925  31.504  51.539  32.786 0.0000000000
110926  30.805  51.934  32.341 0.0000000000
110927  29.866  51.618  32.011 0.0000000000
110928  29.329  51.554  31.505 0.0000000000
110936  29.450  52.160  31.412 0.0000000000
110937  28.918  52.032  30.696 0.0000000000
110938  28.474  51.666  30.051 0.0000000000
110945  30.425  53.073  28.640 0.0000000000
110946  29.808  52.374  29.429 0.0000000000
110947  29.028  51.453  29.643 0.0000000000
110948  29.046  51.175  29.598 0.0000000000
110956  32.425  52.388  27.217 0.0000000000
110957  31.292  52.649  27.877 0.0000000000
110958  30.064  51.968  28.090 0.0000000000
110959  29.269  51.386  29.199 0.0000000000
110960  29.250  51.114  29.574 0.0000000000
110967  40.205  49.739  22.635 0.0000000000
110968  34.619  51.479  25.850 0.0000000000
110969  33.570  51.542  26.597 0.0000000000
110970  31.431  51.570  26.701 0.0000000000
110971  30.539  51.946  27.273 0.0000000000
110976  39.931  51.059  22.532 0.0000000000
110977  39.451  50.460  22.041 0.0000000000
110978  34.538  52.011  25.057 0.0000000000
110979  33.900  51.042  25.121 0.0000000000
110980  32.955  50.564  25.114 0.0000000000
110987  39.308  51.527  21.682 0.0000000000
110988  38.782  51.240  21.064 0.0000000000
110989  38.170  51.244  20.494 0.0000000000
110990  34.864  52.585  23.254 0.0000000000
110991  34.015  51.828  23.149 0.0000000000
110992  33.428  50.857  23.485 0.0000000000
110993  28.095  49.919  27.488 0.0000000000
110994  27.403  50.167  27.074 0.0000000000
111002  38.267  51.954  20.443 0.0000000000
111003  37.350  52.078  20.396 0.0000000000
111004  35.455  52.728  21.244 0.0000000000
111005  34.189  52.036  21.813 0.0000000000
111006  33.506  51.426  22.148 0.0000000000
111007  28.964  50.049  26.300 0.0000000000
111008  28.368  49.806  26.789 0.0000000000
111009  27.426  49.066  26.989 0.0000000000
111010  26.335  49.122  26.320 0.0000000000
111023  44.631  52.323  24.417 0.0000000000
111024  44.473  51.580  23.473 0.0000000000
111025  34.739  52.509  20.902 0.0000000000
111026  34.271  52.058  21.162 0.0000000000
111027  33.716  51.638  21.537 0.0000000000
111028  30.218  50.351  25.304 0.0000000000
111029  30.051  50.343  25.472 0.0000000000
111030  25.538  49.368  25.858 0.0000000000
111046  45.240  52.856  24.218 0.0000000000
111047  44.549  52.596  23.682 0.0000000000
111048  44.447  51.577  22.825 0.0000000000
111049  44.240  50.901  22.276 0.0000000000
111050  30.353  50.263  24.678 0.0000000000
111051  30.604  50.433  23.818 0.0000000000
111059  44.542  52.497  23.021 0.0000000000
111060  44.364  51.706  22.219 0.0000000000
111061  43.829  50.814  21.589 0.0000000000
111062  43.019  50.563  21.122 0.0000000000
111063  30.760  50.263  23.183 0.0000000000
111064  30.924  50.436  22.441 0.0000000000
111073  44.221  51.485  21.476 0.0000000000
111074  43.659  51.199  20.979 0.0000000000
111075  42.532  50.751  20.542 0.0000000000
111076  41.653  50.504  20.241 0.0000000000
111077  36.284  50.676  19.510 0.0000000000
111078  35.853  50.665  19.431 0.0000000000
111079  34.885  50.561  19.366 0.0000000000
111080  33.777  50.371  19.475 0.0000000000
111081  32.679  50.094  19.790 0.0000000000
111082  31.739  50.027  20.352 0.0000000000
111083  30.973  50.258  21.380 0.0000000000
111084  30.726  50.574  21.512 0.0000000000
111092  41.999  50.937  20.071 0.0000000000
111093  41.141  50.723  19.956 0.0000000000
111094  40.163  50.675  19.872 0.0000000000
111095  39.256  50.519  19.845 0.0000000000
111096  38.399  50.483  19.766 0.0000000000
111097  37.550  50.628  19.600 0.0000000000
111098  36.474  50.741  19.357 0.0000000000
111099  35.296  50.677  19.060 0.0000000000
111100  34.238  50.578  18.995 0.0000000000
111101  33.059  50.424  19.068 0.0000000000
111102  32.020  50.228  19.436 0.0000000000
111103  31.214  50.368  19.924 0.0000000000
111104  30.725  50.628  20.259 0.0000000000
111113  35.649  50.863  18.818 0.0000000000
111114  34.796  50.859  18.665 0.0000000000
111115  33.763  50.824  18.639 0.0000000000
111116  32.907  50.818  18.669 0.0000000000
111597  34.143  54.942  36.496 0.0000000000
111598  34.395  54.642  36.708 0.0000000000
111609  34.493  55.129  36.415 0.0000000000
111610  34.573  54.929  36.540 0.0000000000
111623  35.242  56.069  35.937 0.0000000000
111624  34.053  55.455  36.072 0.0000000000
111634  34.308  56.586  35.571 0.0000000000
111635  33.112  56.738  35.262 0.0000000000
111643  32.082  56.412  34.460 0.0000000000
111644  31.394  55.567  33.574 0.0000000000
111645  30.860  54.325  32.522 0.0000000000
111646  30.914  53.214  32.437 0.0000000000
111657  31.275  54.228  31.665 0.0000000000
111658  30.899  53.250  31.640 0.0000000000
111659  29.994  52.454  31.768 0.0000000000
111668  34.465  53.708  29.206 0.0000000000
111669  32.752  53.723  29.473 0.0000000000
111670  31.349  53.432  30.098 0.0000000000
111671  29.942  52.797  30.640 0.0000000000
111672  29.535  52.458  30.251 0.0000000000
111681  36.387  53.997  26.979 0.0000000000
111682  35.525  52.968  28.059 0.0000000000
111683  34.036  52.817  28.622 0.0000000000
111684  32.131  53.383  28.709 0.0000000000
111685  30.637  53.303  29.033 0.0000000000
111686  30.034  52.636  29.935 0.0000000000
111695  36.691  53.933  26.116 0.0000000000
111696  36.392  52.981  26.352 0.0000000000
111697  35.014  51.928  27.590 0.0000000000
111698  33.170  52.250  27.837 0.0000000000
111699  31.653  53.111  28.292 0.0000000000
111705  36.062  53.578  24.508 0.0000000000
111706  35.058  52.130  25.924 0.0000000000
111707  34.345  51.488  27.125 0.0000000000
111710  39.366  52.282  22.059 0.0000000000
111711  36.014  53.916  23.574 0.0000000000
111712  35.499  53.438  23.653 0.0000000000
111717  38.721  52.379  21.131 0.0000000000
111718  38.535  52.137  20.678 0.0000000000
111719  35.685  53.616  22.147 0.0000000000
111720  29.683  50.925  26.524 0.0000000000
111721  28.565  50.219  27.407 0.0000000000
111722  27.636  49.585  27.587 0.0000000000
111723  27.125  49.887  27.560 0.0000000000
111730  38.433  52.883  20.859 0.0000000000
111731  38.015  52.802  20.674 0.0000000000
111732  36.693  53.364  20.880 0.0000000000
111733  35.980  53.642  21.344 0.0000000000
111734  30.041  50.424  26.055 0.0000000000
111735  29.222  50.293  26.864 0.0000000000
111736  26.968  49.308  26.856 0.0000000000
111737  25.983  49.850  26.501 0.0000000000
111747  30.578  50.735  24.231 0.0000000000
111767  44.687  53.065  23.499 0.0000000000
111768  30.911  50.681  22.887 0.0000000000
111774  44.895  53.150  23.072 0.0000000000
111775  44.400  52.043  22.007 0.0000000000
111776  30.851  50.693  21.957 0.0000000000
111782  44.222  52.774  22.327 0.0000000000
111783  44.124  51.858  21.391 0.0000000000
111784  43.444  51.716  20.645 0.0000000000
111785  42.628  51.345  20.177 0.0000000000
111786  30.620  50.790  20.801 0.0000000000
111787  30.576  50.921  21.296 0.0000000000
111797  43.055  51.898  20.177 0.0000000000
111798  42.060  51.558  19.916 0.0000000000
111799  40.745  51.342  19.790 0.0000000000
111800  39.517  51.168  19.745 0.0000000000
111801  38.597  50.914  19.647 0.0000000000
111802  37.796  50.926  19.411 0.0000000000
111803  36.972  50.987  19.090 0.0000000000
111804  36.225  50.988  18.791 0.0000000000
111805  32.302  50.580  18.887 0.0000000000
111806  31.545  50.637  19.063 0.0000000000
111807  30.836  50.939  19.466 0.0000000000
111808  30.481  51.101  20.083 0.0000000000
111821  38.695  51.331  19.666 0.0000000000
111822  38.047  51.287  19.372 0.0000000000
111823  37.341  51.320  18.926 0.0000000000
111824  36.532  51.328  18.572 0.0000000000
111825  35.535  51.249  18.448 0.0000000000
111826  34.400  51.292  18.392 0.0000000000
111827  33.331  51.281  18.439 0.0000000000
111828  32.246  51.164  18.634 0.0000000000
111829  31.338  51.296  18.910 0.0000000000
111830  30.885  51.492  19.137 0.0000000000
112336  36.560  54.982  36.924 0.0000000000
112337  35.244  54.829  36.712 0.0000000000
112345  35.554  55.511  36.359 0.0000000000
112355  36.575  57.081  35.516 0.0000000000
112356  34.549  57.429  35.002 0.0000000000
112366  33.119  57.533  34.303 0.0000000000
112367  32.378  57.064  33.040 0.0000000000
112368  31.718  55.857  32.318 0.0000000000
112379  32.208  55.065  31.260 0.0000000000
112380  31.797  54.036  31.047 0.0000000000
112388  32.881  54.381  30.118 0.0000000000
112389  31.897  53.706  30.514 0.0000000000
112409  36.810  53.941  25.702 0.0000000000
112415  37.819  54.303  24.263 0.0000000000
112416  36.732  54.117  24.935 0.0000000000
112420  39.193  53.325  22.377 0.0000000000
112421  38.090  53.912  22.891 0.0000000000
112422  36.627  54.258  23.449 0.0000000000
112423  36.005  54.043  23.222 0.0000000000
112427  38.708  52.971  21.523 0.0000000000
112428  38.146  53.570  21.779 0.0000000000
112429  37.037  53.902  22.158 0.0000000000
112430  36.079  54.103  22.592 0.0000000000
112431  30.798  51.255  26.469 0.0000000000
112432  29.603  51.160  27.201 0.0000000000
112433  28.518  50.543  28.081 0.0000000000
112434  27.685  50.095  28.386 0.0000000000
112437  38.562  52.901  21.069 0.0000000000
112438  38.242  53.167  21.109 0.0000000000
112439  37.421  53.654  21.198 0.0000000000
112440  36.351  54.028  21.522 0.0000000000
112441  30.611  51.562  25.357 0.0000000000
112442  26.433  50.403  27.638 0.0000000000
112443  25.220  50.694  26.626 0.0000000000
112448  30.849  51.340  24.252 0.0000000000
112467  31.068  51.094  23.040 0.0000000000
112481  30.833  51.593  21.349 0.0000000000
112482  30.857  51.041  21.930 0.0000000000
112495  43.996  52.560  21.672 0.0000000000
112496  43.398  52.147  20.634 0.0000000000
112497  30.448  51.394  20.671 0.0000000000
112498  30.606  51.198  21.238 0.0000000000
112510  43.753  52.885  21.259 0.0000000000
112511  43.025  52.495  20.533 0.0000000000
112512  41.502  52.226  19.877 0.0000000000
112513  40.155  51.906  19.747 0.0000000000
112514  39.105  51.760  19.794 0.0000000000
112515  31.100  52.134  19.370 0.0000000000
112516  30.712  51.636  19.641 0.0000000000
112517  30.422  51.482  20.081 0.0000000000
112529  38.321  51.745  19.641 0.0000000000
112530  37.724  51.756  18.989 0.0000000000
112531  37.006  51.807  18.471 0.0000000000
112532  36.106  51.856  18.259 0.0000000000
112533  35.083  51.881  18.249 0.0000000000
112534  33.986  51.905  18.334 0.0000000000
112535  32.850  51.949  18.481 0.0000000000
112536  31.838  51.901  18.738 0.0000000000
112537  31.176  51.820  18.993 0.0000000000
112538  30.881  51.785  19.202 0.0000000000
113080  29.893  52.270  28.826 0.0000000000
113081  28.963  51.840  29.270 0.0000000000
113082  28.040  51.462  29.677 0.0000000000
113086  30.746  52.267  26.757 0.0000000000
113087  29.594  51.911  28.035 0.0000000000
113088  28.317  50.978  28.928 0.0000000000
113089  27.119  50.953  29.005 0.0000000000
113092  32.775  53.065  24.481 0.0000000000
113093  31.719  52.494  25.228 0.0000000000
113094  25.484  51.205  27.772 0.0000000000
113099  32.621  52.908  23.768 0.0000000000
113100  31.485  52.185  23.999 0.0000000000
113110  32.277  52.570  22.663 0.0000000000
113111  31.479  51.756  22.937 0.0000000000
113122  31.603  52.254  21.699 0.0000000000
113123  31.241  51.456  22.148 0.0000000000
113138  31.352  52.745  20.520 0.0000000000
113139  31.028  52.302  20.739 0.0000000000
113144  44.191  52.865  22.378 0.0000000000
113145  43.392  53.147  21.406 0.0000000000
113146  42.130  53.181  20.465 0.0000000000
113147  40.642  52.722  20.003 0.0000000000
113148  39.475  52.374  19.871 0.0000000000
113149  32.022  53.368  19.728 0.0000000000
113150  31.568  52.900  19.689 0.0000000000
113151  31.242  52.436  20.162 0.0000000000
113152  30.693  51.794  20.206 0.0000000000
113156  38.708  52.167  19.747 0.0000000000
113157  38.104  52.272  19.405 0.0000000000
113158  37.481  52.362  18.697 0.0000000000
113159  36.702  52.456  18.282 0.0000000000
113160  35.765  52.513  18.223 0.0000000000
113161  34.725  52.563  18.363 0.0000000000
113162  33.602  52.661  18.594 0.0000000000
113163  32.375  52.920  19.045 0.0000000000
113164  31.517  52.328  19.071 0.0000000000
113644  32.090  53.342  27.223 0.0000000000
113645  31.102  52.796  27.948 0.0000000000
113646  29.725  52.623  29.263 0.0000000000
113647  28.369  52.572  29.810 0.0000000000
113651  33.754  53.658  25.224 0.0000000000
113652  32.689  53.151  26.271 0.0000000000
113653  31.263  52.258  27.456 0.0000000000
113654  26.873  52.399  29.640 0.0000000000
113655  25.241  52.634  29.391 0.0000000000
113658  34.584  54.299  23.115 0.0000000000
113659  33.881  53.746  24.076 0.0000000000
113660  32.741  53.179  25.012 0.0000000000
113661  25.800  51.776  28.907 0.0000000000
113662  24.414  52.367  27.887 0.0000000000
113665  34.265  54.225  22.459 0.0000000000
113666  33.297  53.465  22.524 0.0000000000
113675  33.136  54.358  21.517 0.0000000000
113676  32.476  53.326  21.572 0.0000000000
113679  31.969  54.323  21.053 0.0000000000
113680  31.758  53.084  20.974 0.0000000000
113690  31.825  53.694  20.992 0.0000000000
113691  31.569  53.432  20.886 0.0000000000
113692  31.504  52.876  20.666 0.0000000000
113698  42.480  53.654  22.035 0.0000000000
113699  40.860  53.427  20.592 0.0000000000
113700  39.744  53.071  20.079 0.0000000000
113701  33.906  53.801  19.463 0.0000000000
113702  33.277  53.974  19.760 0.0000000000
113703  32.508  53.839  19.927 0.0000000000
113704  31.964  53.618  20.500 0.0000000000
113705  31.608  53.196  20.452 0.0000000000
113709  38.724  52.794  19.707 0.0000000000
113710  37.936  52.891  19.162 0.0000000000
113711  37.272  53.032  18.690 0.0000000000
113712  36.450  53.135  18.447 0.0000000000
113713  35.483  53.196  18.532 0.0000000000
113714  34.401  53.350  18.842 0.0000000000
113715  33.374  53.384  19.111 0.0000000000
113716  32.861  53.499  19.458 0.0000000000
114119  32.068  55.054  29.298 0.0000000000
114120  30.445  55.292  30.065 0.0000000000
114121  28.940  55.280  31.437 0.0000000000
114122  28.110  55.604  31.524 0.0000000000
114126  36.084  55.618  24.552 0.0000000000
114127  35.575  55.468  25.306 0.0000000000
114128  34.563  55.193  26.412 0.0000000000
114129  32.550  54.525  27.440 0.0000000000
114130  30.512  54.223  28.629 0.0000000000
114131  29.075  54.171  29.742 0.0000000000
114132  27.367  54.392  30.492 0.0000000000
114136  35.949  55.508  23.915 0.0000000000
114137  35.502  55.049  24.377 0.0000000000
114138  34.401  54.329  25.249 0.0000000000
114139  33.522  54.289  26.260 0.0000000000
114140  25.583  53.766  29.772 0.0000000000
114141  24.250  53.627  29.013 0.0000000000
114145  35.771  55.538  23.521 0.0000000000
114146  35.158  54.895  23.168 0.0000000000
114147  34.885  54.454  24.182 0.0000000000
114152  33.439  55.465  21.853 0.0000000000
114153  32.465  56.033  22.012 0.0000000000
114161  32.038  55.266  21.209 0.0000000000
114162  31.390  56.078  21.375 0.0000000000
114163  29.819  56.815  21.038 0.0000000000
114164  28.974  57.347  20.266 0.0000000000
114165  28.350  57.479  20.208 0.0000000000
114169  30.995  55.312  21.141 0.0000000000
114170  30.263  56.013  21.006 0.0000000000
114171  29.415  56.667  20.682 0.0000000000
114172  28.690  57.198  20.047 0.0000000000
114173  27.885  57.463  19.842 0.0000000000
114174  27.047  57.703  19.496 0.0000000000
114175  26.648  57.849  19.289 0.0000000000
114183  33.354  54.446  20.757 0.0000000000
114184  32.613  54.671  21.131 0.0000000000
114185  31.733  54.739  20.901 0.0000000000
114186  30.763  55.361  21.025 0.0000000000
114187  29.782  56.180  20.584 0.0000000000
114188  28.841  57.094  19.951 0.0000000000
114189  28.196  57.242  19.661 0.0000000000
114190  27.546  57.395  19.437 0.0000000000
114191  26.956  57.529  19.215 0.0000000000
114192  26.539  57.744  19.007 0.0000000000
114198  39.917  53.522  20.427 0.0000000000
114199  38.972  53.739  19.905 0.0000000000
114200  37.861  54.198  19.645 0.0000000000
114201  36.968  54.392  19.469 0.0000000000
114202  35.982  54.303  19.735 0.0000000000
114203  35.018  54.314  20.094 0.0000000000
114204  34.105  54.340  20.235 0.0000000000
114205  33.370  54.147  20.798 0.0000000000
114206  32.640  54.018  20.961 0.0000000000
114207  32.164  54.051  21.111 0.0000000000
114208  27.935  57.401  19.640 0.0000000000
114209  27.415  57.451  19.295 0.0000000000
114210  27.027  57.441  19.103 0.0000000000
114211  26.641  57.460  18.858 0.0000000000
114212  26.407  57.687  18.559 0.0000000000
114218  38.330  53.215  19.577 0.0000000000
114219  37.904  53.520  19.242 0.0000000000
114220  37.144  53.743  18.924 0.0000000000
114221  36.235  53.797  18.922 0.0000000000
114222  35.263  53.831  19.210 0.0000000000
114223  34.507  53.982  19.511 0.0000000000
114224  26.736  57.503  18.908 0.0000000000
114225  26.522  57.496  18.568 0.0000000000
114226  26.380  57.498  18.363 0.0000000000
114227  26.174  57.625  18.095 0.0000000000
114233  26.153  57.475  17.871 0.0000000000
114234  26.138  57.467  17.820 0.0000000000
114235  25.932  57.536  17.696 0.0000000000
114589  35.047  57.453  27.549 0.0000000000
114590  34.334  57.274  29.061 0.0000000000
114591  32.300  56.742  30.191 0.0000000000
114592  30.435  56.609  31.938 0.0000000000
114593  28.756  56.565  32.336 0.0000000000
114594  27.368  56.230  31.501 0.0000000000
114599  36.033  56.206  24.947 0.0000000000
114600  35.589  56.535  26.250 0.0000000000
114601  34.546  56.102  27.742 0.0000000000
114602  33.369  55.859  28.888 0.0000000000
114603  25.578  55.470  30.057 0.0000000000
114604  24.703  56.052  29.081 0.0000000000
114608  36.216  56.039  24.239 0.0000000000
114609  24.733  54.445  29.465 0.0000000000
114610  23.940  55.185  28.501 0.0000000000
114615  35.993  56.005  23.725 0.0000000000
114616  35.479  55.934  23.255 0.0000000000
114623  34.540  56.073  22.621 0.0000000000
114624  32.905  56.565  22.163 0.0000000000
114625  31.344  57.150  21.806 0.0000000000
114626  29.785  57.553  21.332 0.0000000000
114627  28.470  57.869  21.076 0.0000000000
114628  28.124  58.410  20.631 0.0000000000
114635  32.012  56.386  21.935 0.0000000000
114636  31.257  56.732  21.548 0.0000000000
114637  29.954  57.192  21.025 0.0000000000
114638  28.584  57.584  20.567 0.0000000000
114639  27.693  58.171  20.323 0.0000000000
114640  27.105  58.409  19.953 0.0000000000
114642  28.083  57.529  20.156 0.0000000000
114643  27.656  57.726  19.998 0.0000000000
114644  26.880  58.057  19.649 0.0000000000
114646  36.189  55.043  21.186 0.0000000000
114647  35.394  55.090  21.665 0.0000000000
114648  34.897  55.117  21.438 0.0000000000
114649  34.260  55.135  21.193 0.0000000000
114650  33.220  55.180  21.343 0.0000000000
114651  32.053  55.810  21.414 0.0000000000
114652  30.881  56.611  21.012 0.0000000000
114653  29.388  57.183  20.402 0.0000000000
114654  28.779  57.416  19.910 0.0000000000
114655  28.206  57.375  19.779 0.0000000000
114656  26.428  58.083  18.910 0.0000000000
114657  26.268  58.229  18.642 0.0000000000
114661  40.258  54.159  21.029 0.0000000000
114662  38.585  54.401  20.758 0.0000000000
114663  37.640  54.967  20.191 0.0000000000
114664  36.698  54.798  20.282 0.0000000000
114665  35.665  54.499  20.892 0.0000000000
114666  34.811  54.653  21.087 0.0000000000
114667  34.257  54.576  21.070 0.0000000000
114668  33.831  54.492  21.084 0.0000000000
114669  28.372  57.864  20.388 0.0000000000
114670  28.097  57.801  20.152 0.0000000000
114671  27.359  57.647  19.501 0.0000000000
114672  26.897  57.502  19.104 0.0000000000
114673  26.136  57.852  18.451 0.0000000000
114674  26.097  58.090  18.350 0.0000000000
114680  26.616  57.757  18.965 0.0000000000
114681  26.385  57.587  18.396 0.0000000000
114682  26.240  57.497  18.102 0.0000000000
114683  25.906  57.737  17.912 0.0000000000
114684  25.753  57.931  17.867 0.0000000000
114692  26.199  57.539  17.049 0.0000000000
114693  26.027  57.472  17.405 0.0000000000
114694  25.866  57.483  17.157 0.0000000000
114695  25.697  57.603  17.283 0.0000000000
114696  25.492  57.807  17.203 0.0000000000
114706  26.280  57.400  16.001 0.0000000000
114707  26.021  57.370  16.267 0.0000000000
114708  25.776  57.417  16.373 0.0000000000
114709  25.555  57.531  16.437 0.0000000000
114710  25.325  57.693  16.437 0.0000000000
114726  26.324  57.294  15.443 0.0000000000
114727  26.083  57.246  15.363 0.0000000000
114728  25.769  57.312  15.534 0.0000000000
114729  25.424  57.452  15.537 0.0000000000
114730  25.351  57.610  15.914 0.0000000000
114740  25.786  57.206  14.923 0.0000000000
114741  25.497  57.281  14.943 0.0000000000
114742  25.338  57.323  14.927 0.0000000000
115059  33.408  61.845  30.622 0.0000000000
115060  32.148  61.972  31.646 0.0000000000
115061  30.350  61.892  32.557 0.0000000000
115062  29.447  61.872  33.220 0.0000000000
115067  33.976  60.601  29.764 0.0000000000
115068  33.107  60.344  31.381 0.0000000000
115069  30.939  60.171  31.817 0.0000000000
115070  29.201  60.523  33.050 0.0000000000
115071  28.382  59.974  32.828 0.0000000000
115078  34.629  59.058  28.337 0.0000000000
115079  33.936  58.706  30.526 0.0000000000
115080  32.118  58.332  32.044 0.0000000000
115081  29.911  58.294  32.664 0.0000000000
115082  28.080  58.419  32.486 0.0000000000
115083  26.562  57.348  31.000 0.0000000000
115088  35.746  57.056  25.157 0.0000000000
115089  34.946  58.326  25.984 0.0000000000
115090  34.067  59.347  24.928 0.0000000000
115091  33.254  59.414  24.627 0.0000000000
115092  25.377  57.149  29.302 0.0000000000
115093  24.353  56.708  28.126 0.0000000000
115097  35.998  56.669  24.367 0.0000000000
115098  35.409  57.627  24.404 0.0000000000
115099  34.410  58.651  24.225 0.0000000000
115100  33.243  58.986  24.280 0.0000000000
115105  36.088  56.373  23.967 0.0000000000
115106  35.562  56.792  23.524 0.0000000000
115107  34.402  57.778  23.304 0.0000000000
115108  32.481  58.312  23.270 0.0000000000
115109  30.315  58.069  22.831 0.0000000000
115110  29.377  58.062  22.620 0.0000000000
115118  35.091  56.455  22.985 0.0000000000
115119  34.375  56.931  22.727 0.0000000000
115120  32.882  57.434  22.496 0.0000000000
115121  31.028  57.671  22.244 0.0000000000
115122  29.185  57.916  21.970 0.0000000000
115123  28.230  58.439  21.078 0.0000000000
115131  37.946  56.392  24.341 0.0000000000
115132  37.339  56.552  24.298 0.0000000000
115133  27.558  58.593  20.765 0.0000000000
115134  27.190  58.730  20.198 0.0000000000
115136  37.433  56.280  23.335 0.0000000000
115137  36.155  56.475  22.869 0.0000000000
115138  35.748  56.126  22.833 0.0000000000
115139  26.688  58.609  19.719 0.0000000000
115140  26.497  58.585  19.390 0.0000000000
115142  37.724  55.984  22.141 0.0000000000
115143  36.578  55.873  21.938 0.0000000000
115144  35.396  55.601  22.499 0.0000000000
115145  34.597  55.775  21.771 0.0000000000
115146  33.461  55.877  22.046 0.0000000000
115147  32.322  56.418  21.826 0.0000000000
115148  31.219  57.001  21.631 0.0000000000
115149  30.199  57.441  21.337 0.0000000000
115150  29.533  57.747  20.686 0.0000000000
115151  26.443  58.336  19.352 0.0000000000
115152  26.342  58.486  18.996 0.0000000000
115154  38.248  55.599  21.301 0.0000000000
115155  37.176  55.370  20.847 0.0000000000
115156  28.436  58.112  20.548 0.0000000000
115157  27.722  58.220  20.353 0.0000000000
115158  27.206  58.159  19.902 0.0000000000
115159  26.164  58.379  18.435 0.0000000000
115163  26.604  58.044  19.176 0.0000000000
115164  26.444  57.840  18.510 0.0000000000
115165  25.819  58.231  17.925 0.0000000000
115172  26.456  58.105  18.175 0.0000000000
115173  26.356  57.771  17.654 0.0000000000
115174  25.436  58.109  17.270 0.0000000000
115185  26.662  57.967  17.106 0.0000000000
115186  26.495  57.612  16.569 0.0000000000
115187  25.193  57.990  16.421 0.0000000000
115201  26.826  57.772  16.215 0.0000000000
115202  26.640  57.456  15.507 0.0000000000
115203  26.342  57.228  15.057 0.0000000000
115204  25.183  57.464  15.058 0.0000000000
115205  25.038  57.769  15.357 0.0000000000
115211  26.569  57.409  14.576 0.0000000000
115212  26.065  57.233  14.545 0.0000000000
115213  25.562  57.292  14.373 0.0000000000
115214  25.120  57.490  14.505 0.0000000000
115215  24.720  57.948  14.225 0.0000000000
115219  26.305  57.469  13.957 0.0000000000
115220  25.804  57.460  13.798 0.0000000000
115221  25.264  57.578  13.697 0.0000000000
115222  24.814  57.879  13.644 0.0000000000
115223  24.581  58.128  13.620 0.0000000000
115546  29.310  63.637  30.943 0.0000000000
115547  28.834  63.343  31.867 0.0000000000
115552  32.069  62.932  29.745 0.0000000000
115553  30.829  63.048  31.419 0.0000000000
115554  29.249  62.716  32.452 0.0000000000
115555  28.782  61.904  33.203 0.0000000000
115560  33.626  62.148  29.109 0.0000000000
115561  28.427  61.119  32.699 0.0000000000
115562  27.950  60.097  32.196 0.0000000000
115568  34.216  61.014  27.893 0.0000000000
115569  33.824  60.428  26.563 0.0000000000
115570  33.188  59.851  25.957 0.0000000000
115571  27.175  59.138  31.153 0.0000000000
115572  26.203  58.497  29.940 0.0000000000
115577  34.409  59.705  27.034 0.0000000000
115578  33.942  59.535  25.988 0.0000000000
115579  32.799  59.556  25.221 0.0000000000
115580  31.669  59.307  24.694 0.0000000000
115581  25.627  58.404  28.827 0.0000000000
115582  24.954  57.979  28.044 0.0000000000
115588  32.426  59.240  24.444 0.0000000000
115589  31.196  58.847  24.306 0.0000000000
115590  24.090  57.686  27.114 0.0000000000
115597  31.972  58.682  24.050 0.0000000000
115598  30.658  58.490  23.620 0.0000000000
115599  29.493  58.300  23.096 0.0000000000
115607  28.787  58.346  22.472 0.0000000000
115608  28.183  58.635  21.569 0.0000000000
115609  27.719  59.070  21.015 0.0000000000
115619  36.772  56.918  24.876 0.0000000000
115620  27.883  58.914  20.882 0.0000000000
115621  27.468  59.246  20.395 0.0000000000
115622  27.005  59.410  20.036 0.0000000000
115625  36.875  56.521  24.399 0.0000000000
115626  36.265  56.493  23.997 0.0000000000
115627  35.680  56.574  23.223 0.0000000000
115628  35.221  56.757  22.760 0.0000000000
115629  26.769  58.998  20.071 0.0000000000
115630  26.612  59.037  19.554 0.0000000000
115633  35.578  56.274  22.555 0.0000000000
115634  34.862  56.515  22.320 0.0000000000
115635  33.829  56.736  22.245 0.0000000000
115636  32.636  57.091  22.046 0.0000000000
115637  31.380  57.474  21.949 0.0000000000
115638  30.267  58.268  21.094 0.0000000000
115639  29.598  58.265  20.736 0.0000000000
115640  26.307  58.927  18.764 0.0000000000
115641  26.073  58.941  18.275 0.0000000000
115645  29.089  58.935  20.884 0.0000000000
115646  28.476  58.722  20.763 0.0000000000
115647  27.603  58.824  20.416 0.0000000000
115648  27.144  58.650  20.114 0.0000000000
115649  26.012  58.578  18.105 0.0000000000
115650  25.929  58.728  17.873 0.0000000000
115657  26.809  59.028  19.982 0.0000000000
115658  26.686  58.544  19.657 0.0000000000
115659  25.646  58.580  17.484 0.0000000000
115660  25.796  58.728  17.630 0.0000000000
115666  26.581  58.946  19.274 0.0000000000
115667  26.546  58.522  18.770 0.0000000000
115668  25.215  58.516  16.632 0.0000000000
115677  26.660  59.005  18.393 0.0000000000
115678  26.687  58.453  17.706 0.0000000000
115679  24.909  58.421  15.642 0.0000000000
115687  27.109  58.832  17.361 0.0000000000
115688  27.157  58.272  16.399 0.0000000000
115689  27.067  57.796  15.619 0.0000000000
115690  24.608  58.397  14.633 0.0000000000
115695  27.402  58.119  15.313 0.0000000000
115696  27.058  57.724  14.839 0.0000000000
115697  24.445  58.492  13.730 0.0000000000
115700  27.330  58.280  14.495 0.0000000000
115701  26.805  58.020  13.820 0.0000000000
115702  26.151  57.827  13.332 0.0000000000
115703  25.545  57.861  13.095 0.0000000000
115704  25.003  58.087  12.995 0.0000000000
115705  24.518  58.545  12.964 0.0000000000
115708  26.465  58.360  13.004 0.0000000000
115709  25.925  58.361  12.610 0.0000000000
115710  25.270  58.418  12.404 0.0000000000
115711  24.760  58.679  12.330 0.0000000000
115712  24.393  59.026  12.202 0.0000000000
115777  30.367  59.075  2.418 0.0000000000
115778  29.622  58.957  2.494 0.0000000000
115779  28.798  58.933  2.516 0.0000000000
115780  27.980  59.018  2.461 0.0000000000
115781  27.240  59.205  2.338 0.0000000000
115782  26.649  59.521  2.150 0.0000000000
115783  26.318  59.733  2.005 0.0000000000
115789  31.702  59.092  2.046 0.0000000000
115790  30.960  58.969  2.171 0.0000000000
115791  30.017  58.731  2.160 0.0000000000
115792  29.163  58.619  2.177 0.0000000000
115793  28.322  58.641  2.171 0.0000000000
115794  27.534  58.794  2.132 0.0000000000
115795  26.866  59.063  2.051 0.0000000000
115796  26.384  59.450  1.912 0.0000000000
115801  32.048  59.105  1.785 0.0000000000
115802  31.300  58.868  1.775 0.0000000000
115803  30.442  58.656  1.783 0.0000000000
115804  29.545  58.497  1.791 0.0000000000
115805  28.670  58.459  1.808 0.0000000000
115806  27.837  58.556  1.822 0.0000000000
115807  27.112  58.773  1.805 0.0000000000
115808  26.526  59.145  1.694 0.0000000000
115814  31.757  58.965  1.437 0.0000000000
115815  30.880  58.720  1.362 0.0000000000
115816  29.954  58.538  1.340 0.0000000000
115817  29.033  58.458  1.360 0.0000000000
115818  28.145  58.499  1.402 0.0000000000
115819  27.351  58.655  1.447 0.0000000000
115820  26.762  58.914  1.464 0.0000000000
116081  28.425  62.505  32.815 0.0000000000
116085  27.968  62.114  32.858 0.0000000000
116086  27.683  61.376  32.260 0.0000000000
116092  33.279  62.120  27.827 0.0000000000
116093  32.671  61.384  26.580 0.0000000000
116094  32.403  60.127  25.806 0.0000000000
116095  27.063  60.563  31.668 0.0000000000
116096  26.354  59.909  30.575 0.0000000000
116106  31.364  59.612  25.029 0.0000000000
116107  30.786  59.185  24.508 0.0000000000
116108  26.038  59.315  29.225 0.0000000000
116109  25.398  59.256  28.338 0.0000000000
116119  30.023  58.828  24.072 0.0000000000
116120  29.312  58.755  23.733 0.0000000000
116121  24.608  58.943  27.359 0.0000000000
116122  23.823  58.689  26.576 0.0000000000
116130  29.565  58.601  23.565 0.0000000000
116131  28.727  58.788  23.301 0.0000000000
116132  27.950  59.182  22.729 0.0000000000
116141  28.217  58.834  22.327 0.0000000000
116142  27.634  59.188  21.879 0.0000000000
116143  27.173  59.314  21.110 0.0000000000
116152  36.496  56.838  25.984 0.0000000000
116153  26.885  59.500  20.534 0.0000000000
116154  26.597  59.669  20.152 0.0000000000
116158  36.254  56.993  24.850 0.0000000000
116159  36.036  57.241  23.795 0.0000000000
116160  35.378  57.409  23.107 0.0000000000
116161  26.518  59.749  19.555 0.0000000000
116165  34.850  57.487  22.441 0.0000000000
116166  34.122  57.598  22.293 0.0000000000
116167  33.071  58.018  22.025 0.0000000000
116168  31.852  58.433  21.708 0.0000000000
116169  30.614  58.943  21.270 0.0000000000
116170  26.366  59.621  18.560 0.0000000000
116171  26.069  59.073  18.006 0.0000000000
116175  29.316  59.442  21.035 0.0000000000
116176  28.147  59.616  20.845 0.0000000000
116177  27.721  59.220  20.762 0.0000000000
116178  25.978  59.443  17.693 0.0000000000
116179  25.891  58.930  17.736 0.0000000000
116186  27.598  60.065  20.401 0.0000000000
116187  27.293  59.614  20.174 0.0000000000
116188  25.609  59.257  16.943 0.0000000000
116189  25.781  58.934  17.484 0.0000000000
116194  26.756  59.528  19.201 0.0000000000
116195  25.165  59.243  15.929 0.0000000000
116204  27.027  59.534  17.916 0.0000000000
116205  24.644  59.176  14.944 0.0000000000
116214  27.601  59.185  16.316 0.0000000000
116215  27.532  58.505  15.728 0.0000000000
116216  24.294  59.117  14.011 0.0000000000
116222  28.140  59.558  14.896 0.0000000000
116223  27.753  58.684  15.023 0.0000000000
116224  24.162  59.312  13.056 0.0000000000
116225  23.953  59.871  12.663 0.0000000000
116229  28.059  59.958  14.024 0.0000000000
116230  27.471  59.195  13.586 0.0000000000
116231  26.864  58.628  13.115 0.0000000000
116232  24.167  59.302  12.339 0.0000000000
116233  23.914  59.779  12.316 0.0000000000
116237  27.192  59.690  12.659 0.0000000000
116238  26.582  59.273  12.269 0.0000000000
116239  25.614  58.966  11.842 0.0000000000
116240  24.955  59.000  11.771 0.0000000000
116241  24.482  59.233  11.754 0.0000000000
116242  24.098  59.565  11.747 0.0000000000
116243  23.903  59.756  11.924 0.0000000000
116247  26.340  59.895  11.514 0.0000000000
116248  25.821  59.825  11.254 0.0000000000
116249  25.157  59.550  11.263 0.0000000000
116250  24.639  59.601  11.309 0.0000000000
116251  24.211  59.789  11.299 0.0000000000
116255  25.569  60.200  10.800 0.0000000000
116256  25.254  60.117  10.786 0.0000000000
116257  24.731  60.049  10.842 0.0000000000
116258  24.347  60.052  10.959 0.0000000000
116306  27.950  60.020  2.842 0.0000000000
116307  27.378  60.166  2.705 0.0000000000
116308  26.832  60.382  2.408 0.0000000000
116309  26.565  60.554  2.164 0.0000000000
116318  32.257  59.861  2.415 0.0000000000
116319  31.123  59.568  2.485 0.0000000000
116320  30.082  59.523  2.637 0.0000000000
116321  29.235  59.438  2.751 0.0000000000
116322  28.441  59.539  2.775 0.0000000000
116323  27.644  59.562  2.634 0.0000000000
116324  26.974  59.786  2.411 0.0000000000
116325  26.298  60.209  2.071 0.0000000000
116326  25.737  60.650  1.786 0.0000000000
116337  32.482  59.502  2.091 0.0000000000
116338  31.711  59.323  2.277 0.0000000000
116339  26.041  59.861  1.832 0.0000000000
116340  25.722  60.293  1.696 0.0000000000
116348  26.032  59.613  1.592 0.0000000000
116349  25.601  60.003  1.580 0.0000000000
116357  30.403  58.758  0.905 0.0000000000
116358  29.431  58.640  0.900 0.0000000000
116359  28.476  58.634  0.950 0.0000000000
116360  27.581  58.728  1.030 0.0000000000
116361  26.836  58.933  1.125 0.0000000000
116587  27.821  63.364  31.586 0.0000000000
116588  27.372  62.113  32.412 0.0000000000
116593  27.225  61.567  31.881 0.0000000000
116594  26.653  61.203  31.208 0.0000000000
116605  25.825  60.868  29.552 0.0000000000
116606  24.787  60.421  28.093 0.0000000000
116619  29.319  59.014  23.914 0.0000000000
116620  24.116  59.872  27.012 0.0000000000
116621  23.479  59.592  26.364 0.0000000000
116630  28.225  59.617  23.356 0.0000000000
116631  27.516  59.735  22.732 0.0000000000
116632  22.972  59.556  25.874 0.0000000000
116641  26.885  59.624  22.096 0.0000000000
116642  26.408  59.980  21.660 0.0000000000
116643  26.816  61.010  22.610 0.0000000000
116653  36.283  57.963  25.391 0.0000000000
116654  26.174  59.850  20.854 0.0000000000
116655  26.144  60.608  20.998 0.0000000000
116661  35.921  57.840  24.395 0.0000000000
116662  35.647  58.123  23.611 0.0000000000
116663  34.559  58.485  23.010 0.0000000000
116664  33.892  59.425  22.767 0.0000000000
116665  26.417  60.533  19.599 0.0000000000
116671  34.319  58.100  22.366 0.0000000000
116672  33.499  58.853  22.300 0.0000000000
116673  32.195  59.176  21.994 0.0000000000
116674  30.839  59.641  21.668 0.0000000000
116675  29.571  60.079  21.310 0.0000000000
116676  26.690  60.507  18.758 0.0000000000
116681  28.634  60.273  21.099 0.0000000000
116682  28.136  60.292  20.341 0.0000000000
116683  26.412  60.331  17.969 0.0000000000
116691  27.490  60.403  19.598 0.0000000000
116692  26.945  60.031  19.505 0.0000000000
116693  26.390  60.118  17.054 0.0000000000
116701  27.582  60.854  18.248 0.0000000000
116702  27.122  60.138  18.677 0.0000000000
116703  25.780  60.209  16.195 0.0000000000
116716  28.062  60.997  16.965 0.0000000000
116717  27.525  60.214  17.372 0.0000000000
116718  25.180  60.169  15.233 0.0000000000
116728  28.584  61.158  15.733 0.0000000000
116729  28.103  60.312  15.993 0.0000000000
116730  24.505  60.131  14.131 0.0000000000
116731  24.354  60.634  13.570 0.0000000000
116738  28.844  61.377  14.918 0.0000000000
116739  28.418  60.725  14.535 0.0000000000
116740  24.173  59.647  13.567 0.0000000000
116741  24.084  60.235  13.094 0.0000000000
116746  27.989  60.480  13.207 0.0000000000
116747  27.479  59.931  12.843 0.0000000000
116748  23.780  60.356  12.326 0.0000000000
116752  27.880  61.111  12.408 0.0000000000
116753  27.243  60.448  12.013 0.0000000000
116754  26.626  60.020  11.667 0.0000000000
116755  23.831  60.005  11.580 0.0000000000
116756  23.702  60.340  11.778 0.0000000000
116760  26.926  61.021  11.272 0.0000000000
116761  26.310  60.595  10.993 0.0000000000
116762  25.794  60.294  10.839 0.0000000000
116763  23.912  60.085  11.288 0.0000000000
116764  23.738  60.497  11.313 0.0000000000
116768  25.832  61.083  10.410 0.0000000000
116769  25.484  60.693  10.464 0.0000000000
116770  24.793  60.667  10.445 0.0000000000
116771  24.300  60.595  10.638 0.0000000000
116772  24.001  60.416  10.931 0.0000000000
116773  23.821  60.460  11.080 0.0000000000
116803  28.962  60.703  2.731 0.0000000000
116804  28.532  60.409  2.785 0.0000000000
116805  27.773  60.699  2.792 0.0000000000
116806  27.214  60.861  2.697 0.0000000000
116807  26.731  60.965  2.369 0.0000000000
116808  26.427  61.156  2.229 0.0000000000
116821  31.794  60.424  2.589 0.0000000000
116822  30.623  60.300  2.619 0.0000000000
116823  29.453  60.257  2.714 0.0000000000
116824  28.930  59.857  2.844 0.0000000000
116825  26.414  60.748  2.098 0.0000000000
116826  26.082  60.970  2.003 0.0000000000
116827  25.568  61.055  1.851 0.0000000000
117018  26.985  62.126  31.834 0.0000000000
117025  24.520  62.887  29.350 0.0000000000
117026  24.180  61.110  27.536 0.0000000000
117037  23.712  60.559  26.780 0.0000000000
117038  23.283  60.426  26.332 0.0000000000
117049  22.887  60.649  25.879 0.0000000000
117050  22.392  60.591  25.290 0.0000000000
117058  35.325  59.020  25.926 0.0000000000
117059  35.358  60.100  25.223 0.0000000000
117060  26.983  60.197  22.552 0.0000000000
117073  35.206  58.492  24.805 0.0000000000
117074  35.143  59.952  24.491 0.0000000000
117075  34.533  60.363  24.174 0.0000000000
117076  26.786  61.937  21.936 0.0000000000
117084  35.694  58.420  24.030 0.0000000000
117085  35.288  59.006  23.768 0.0000000000
117086  34.265  59.934  23.542 0.0000000000
117087  32.807  60.032  22.937 0.0000000000
117088  31.503  60.690  23.263 0.0000000000
117089  26.249  61.722  20.595 0.0000000000
117095  32.440  59.584  22.364 0.0000000000
117096  31.215  60.359  22.407 0.0000000000
117097  29.514  60.928  21.715 0.0000000000
117098  28.976  60.636  21.272 0.0000000000
117099  26.675  61.394  19.280 0.0000000000
117105  29.098  61.838  20.944 0.0000000000
117106  28.960  61.148  20.147 0.0000000000
117107  28.193  60.708  19.790 0.0000000000
117108  26.919  61.244  18.291 0.0000000000
117117  28.863  61.742  18.710 0.0000000000
117118  28.217  61.080  19.055 0.0000000000
117119  26.971  61.154  17.312 0.0000000000
117126  29.149  62.083  17.538 0.0000000000
117127  28.291  61.515  17.836 0.0000000000
117128  26.815  61.197  16.369 0.0000000000
117140  29.667  62.243  16.482 0.0000000000
117141  28.931  61.598  16.659 0.0000000000
117142  26.248  61.191  15.416 0.0000000000
117153  30.040  62.527  15.758 0.0000000000
117154  29.475  61.900  15.393 0.0000000000
117155  25.457  61.077  14.551 0.0000000000
117156  24.819  61.123  13.822 0.0000000000
117162  28.889  61.804  14.056 0.0000000000
117163  28.390  61.198  13.679 0.0000000000
117164  24.339  61.115  13.164 0.0000000000
117170  28.968  62.108  13.270 0.0000000000
117171  28.490  61.656  12.945 0.0000000000
117172  23.799  61.191  12.419 0.0000000000
117173  23.506  61.753  12.128 0.0000000000
117179  27.948  61.875  12.031 0.0000000000
117180  27.622  61.239  11.947 0.0000000000
117181  23.521  60.996  11.850 0.0000000000
117182  23.407  61.601  11.849 0.0000000000
117186  27.658  62.232  11.570 0.0000000000
117187  27.339  61.632  11.421 0.0000000000
117188  26.687  61.570  10.833 0.0000000000
117189  23.456  61.253  11.331 0.0000000000
117190  23.377  61.472  11.566 0.0000000000
117194  26.044  61.615  10.384 0.0000000000
117195  25.410  61.616  10.181 0.0000000000
117196  24.816  61.470  10.128 0.0000000000
117197  24.259  61.381  10.295 0.0000000000
117198  23.851  61.255  10.644 0.0000000000
117199  23.681  60.960  10.997 0.0000000000
117240  28.650  61.246  2.642 0.0000000000
117241  28.075  61.487  2.747 0.0000000000
117242  27.535  61.642  2.809 0.0000000000
117243  27.097  61.637  2.748 0.0000000000
117244  26.715  61.654  2.592 0.0000000000
117245  26.344  61.620  2.319 0.0000000000
117257  31.183  61.286  2.454 0.0000000000
117258  30.019  61.228  2.375 0.0000000000
117259  29.198  61.192  2.478 0.0000000000
117260  25.862  61.523  2.108 0.0000000000
117261  25.305  61.493  1.948 0.0000000000
117460  23.565  61.887  27.007 0.0000000000
117469  35.079  60.055  26.486 0.0000000000
117472  22.235  61.202  25.176 0.0000000000
117479  35.368  60.114  25.604 0.0000000000
117480  34.731  60.633  25.416 0.0000000000
117493  34.623  60.471  24.499 0.0000000000
117494  33.637  60.932  24.473 0.0000000000
117505  33.262  60.530  23.600 0.0000000000
117506  32.114  61.010  23.830 0.0000000000
117507  30.739  61.936  23.235 0.0000000000
117509  27.805  63.229  20.252 0.0000000000
117510  27.076  62.784  21.137 0.0000000000
117515  30.026  61.402  22.439 0.0000000000
117516  29.648  62.600  21.696 0.0000000000
117517  28.140  63.162  19.216 0.0000000000
117518  26.918  62.474  19.932 0.0000000000
117523  29.395  62.729  19.669 0.0000000000
117524  29.152  61.991  19.213 0.0000000000
117525  28.280  63.186  18.124 0.0000000000
117526  27.251  62.297  18.758 0.0000000000
117533  29.717  63.356  18.063 0.0000000000
117534  29.374  62.409  18.391 0.0000000000
117535  28.358  63.345  17.138 0.0000000000
117536  27.443  62.281  17.700 0.0000000000
117541  30.061  63.540  16.983 0.0000000000
117542  29.700  62.730  17.269 0.0000000000
117543  28.371  63.460  16.249 0.0000000000
117544  27.655  62.271  16.676 0.0000000000
117554  30.145  63.668  16.116 0.0000000000
117555  30.032  62.944  16.321 0.0000000000
117556  28.405  63.529  15.731 0.0000000000
117557  27.614  62.602  15.609 0.0000000000
117568  30.301  63.766  15.669 0.0000000000
117569  30.300  63.288  15.478 0.0000000000
117570  30.020  62.640  15.132 0.0000000000
117571  26.644  62.163  14.628 0.0000000000
117572  25.833  61.754  13.901 0.0000000000
117580  30.135  63.249  14.626 0.0000000000
117581  29.639  62.554  14.397 0.0000000000
117582  25.074  61.991  13.381 0.0000000000
117583  24.582  62.336  12.884 0.0000000000
117588  29.850  63.181  13.951 0.0000000000
117589  29.448  62.699  13.358 0.0000000000
117590  28.973  62.365  12.879 0.0000000000
117591  24.250  61.721  12.853 0.0000000000
117592  23.773  62.122  12.474 0.0000000000
117598  29.223  62.880  12.645 0.0000000000
117599  28.643  62.601  12.272 0.0000000000
117600  23.203  62.195  11.994 0.0000000000
117606  28.018  62.746  11.612 0.0000000000
117607  27.396  62.694  11.125 0.0000000000
117608  26.934  62.249  10.878 0.0000000000
117609  23.296  61.780  11.168 0.0000000000
117610  23.170  62.132  11.394 0.0000000000
117615  26.803  62.928  10.750 0.0000000000
117616  26.282  62.562  10.486 0.0000000000
117617  25.497  62.545  10.160 0.0000000000
117618  24.765  62.549  10.003 0.0000000000
117619  24.244  62.227  10.016 0.0000000000
117620  23.709  62.349  10.308 0.0000000000
117621  23.330  62.066  10.892 0.0000000000
117622  22.937  62.652  11.067 0.0000000000
117627  24.223  63.000  9.951 0.0000000000
117628  23.855  62.941  10.031 0.0000000000
117629  23.611  62.929  10.143 0.0000000000
117654  27.755  63.171  3.898 0.0000000000
117655  27.609  63.238  3.711 0.0000000000
117656  27.339  63.149  3.492 0.0000000000
117657  27.209  63.070  3.232 0.0000000000
117670  28.722  62.946  2.531 0.0000000000
117671  28.429  62.395  2.748 0.0000000000
117672  27.825  62.796  3.165 0.0000000000
117673  27.411  62.547  3.011 0.0000000000
117674  27.091  62.395  2.946 0.0000000000
117675  26.852  62.440  2.769 0.0000000000
117676  26.322  62.180  2.456 0.0000000000
117683  30.484  62.362  2.030 0.0000000000
117684  29.303  62.360  2.332 0.0000000000
117685  28.885  61.741  2.498 0.0000000000
117686  25.722  62.057  2.271 0.0000000000
117941  21.619  62.956  25.416 0.0000000000
117982  29.013  64.168  19.636 0.0000000000
117993  29.773  64.150  20.340 0.0000000000
117994  29.346  64.088  18.511 0.0000000000
118004  29.877  64.269  18.837 0.0000000000
118005  29.339  64.348  17.555 0.0000000000
118015  30.230  64.425  17.586 0.0000000000
118031  29.629  64.515  16.566 0.0000000000
118033  28.383  63.717  15.422 0.0000000000
118044  30.091  64.356  15.765 0.0000000000
118045  30.360  63.941  15.383 0.0000000000
118047  27.857  63.640  14.824 0.0000000000
118048  26.481  63.016  13.976 0.0000000000
118056  30.446  64.397  15.268 0.0000000000
118057  30.456  64.034  14.886 0.0000000000
118058  25.412  63.010  13.263 0.0000000000
118059  24.449  62.987  12.771 0.0000000000
118066  30.311  63.933  13.998 0.0000000000
118067  29.864  63.512  13.439 0.0000000000
118068  23.363  62.998  12.358 0.0000000000
118069  22.666  63.441  12.095 0.0000000000
118076  30.095  64.152  13.276 0.0000000000
118077  29.627  63.729  12.698 0.0000000000
118078  29.081  63.324  12.249 0.0000000000
118079  22.786  62.908  11.779 0.0000000000
118080  22.391  63.685  11.696 0.0000000000
118086  29.170  64.004  12.054 0.0000000000
118087  28.582  63.618  11.655 0.0000000000
118088  27.788  63.612  11.094 0.0000000000
118089  22.586  63.339  11.273 0.0000000000
118090  22.180  63.947  11.399 0.0000000000
118096  27.023  63.623  10.805 0.0000000000
118097  26.281  63.619  10.580 0.0000000000
118098  25.559  63.582  10.280 0.0000000000
118099  24.888  63.600  10.081 0.0000000000
118100  23.421  63.018  10.249 0.0000000000
118101  23.201  63.294  10.464 0.0000000000
118102  22.827  63.224  10.864 0.0000000000
118107  24.393  63.740  9.974 0.0000000000
118108  24.015  63.835  10.052 0.0000000000
118109  23.558  63.673  10.197 0.0000000000
118110  23.242  63.922  10.298 0.0000000000
118130  27.608  63.912  5.298 0.0000000000
118131  27.389  63.912  5.185 0.0000000000
118132  27.053  63.916  4.954 0.0000000000
118138  28.173  63.788  4.569 0.0000000000
118139  27.831  63.699  4.701 0.0000000000
118140  27.364  63.581  4.388 0.0000000000
118141  27.027  63.526  4.165 0.0000000000
118142  27.099  63.344  3.408 0.0000000000
118154  28.390  63.396  2.828 0.0000000000
118155  28.218  63.517  3.874 0.0000000000
118156  27.894  63.357  3.939 0.0000000000
118157  26.969  62.986  2.831 0.0000000000
118158  26.454  62.748  2.536 0.0000000000
118163  29.768  63.576  1.599 0.0000000000
118164  28.903  63.746  2.305 0.0000000000
118165  25.762  62.701  2.187 0.0000000000
118379  22.247  64.591  26.184 0.0000000000
118380  21.645  63.822  25.421 0.0000000000
118413  29.205  65.762  19.222 0.0000000000
118414  29.510  65.275  18.694 0.0000000000
118428  28.866  65.563  17.765 0.0000000000
118448  30.055  65.451  18.256 0.0000000000
118458  29.112  66.381  17.784 0.0000000000
118459  29.361  65.423  17.159 0.0000000000
118471  29.664  66.005  17.174 0.0000000000
118472  29.810  65.373  16.395 0.0000000000
118476  26.537  64.235  13.682 0.0000000000
118477  25.721  64.442  13.389 0.0000000000
118484  30.321  65.032  15.513 0.0000000000
118485  30.361  64.586  15.030 0.0000000000
118486  25.296  63.696  13.146 0.0000000000
118487  24.302  63.992  12.902 0.0000000000
118488  23.228  64.316  12.655 0.0000000000
118495  30.131  64.870  15.041 0.0000000000
118496  30.334  64.806  14.534 0.0000000000
118497  23.043  63.721  12.473 0.0000000000
118498  22.409  64.185  12.200 0.0000000000
118506  30.213  64.851  13.655 0.0000000000
118507  29.970  64.827  12.848 0.0000000000
118508  22.032  64.492  11.621 0.0000000000
118516  29.532  64.791  12.142 0.0000000000
118517  28.879  64.730  11.618 0.0000000000
118518  28.019  64.605  11.238 0.0000000000
118519  22.493  63.837  10.968 0.0000000000
118520  22.062  64.557  11.103 0.0000000000
118527  27.198  64.483  10.940 0.0000000000
118528  26.409  64.489  10.783 0.0000000000
118529  25.509  64.639  10.482 0.0000000000
118530  24.839  64.651  10.100 0.0000000000
118531  23.059  64.075  10.388 0.0000000000
118532  22.625  64.441  10.579 0.0000000000
118533  21.932  65.298  10.612 0.0000000000
118538  24.366  64.726  9.910 0.0000000000
118539  24.251  64.966  9.948 0.0000000000
118540  23.991  65.045  9.993 0.0000000000
118541  23.344  64.905  10.232 0.0000000000
118542  22.835  65.541  10.170 0.0000000000
118553  26.882  64.779  6.085 0.0000000000
118554  26.315  65.155  6.160 0.0000000000
118555  25.351  65.761  6.289 0.0000000000
118556  25.180  65.874  6.440 0.0000000000
118567  28.073  64.453  5.815 0.0000000000
118568  27.496  64.354  5.718 0.0000000000
118569  26.977  64.405  5.592 0.0000000000
118570  26.613  64.504  5.090 0.0000000000
118571  25.910  65.311  5.333 0.0000000000
118572  26.041  65.247  4.895 0.0000000000
118581  28.783  64.553  4.479 0.0000000000
118582  28.385  64.207  4.998 0.0000000000
118583  27.995  64.099  5.416 0.0000000000
118584  26.902  63.776  4.163 0.0000000000
118585  26.851  63.919  3.789 0.0000000000
118586  26.708  64.651  4.058 0.0000000000
118596  28.632  65.151  2.134 0.0000000000
118597  28.459  64.461  3.140 0.0000000000
118598  28.556  64.084  4.208 0.0000000000
118599  26.965  63.291  2.882 0.0000000000
118600  26.826  63.657  2.733 0.0000000000
118605  29.045  64.873  1.515 0.0000000000
118606  28.566  64.552  2.143 0.0000000000
118607  25.690  63.469  2.151 0.0000000000
118803  22.354  65.683  25.725 0.0000000000
118804  21.973  64.970  25.457 0.0000000000
118821  29.303  66.347  19.074 0.0000000000
118829  29.272  66.292  18.487 0.0000000000
118830  29.068  66.462  17.901 0.0000000000
118890  29.789  66.829  17.347 0.0000000000
118891  29.938  66.276  16.724 0.0000000000
118896  25.668  65.057  13.352 0.0000000000
118903  30.107  66.957  16.760 0.0000000000
118904  30.426  66.196  16.148 0.0000000000
118905  24.222  64.975  12.993 0.0000000000
118906  22.897  65.004  12.653 0.0000000000
118913  30.060  65.695  15.121 0.0000000000
118914  30.179  65.745  14.169 0.0000000000
118915  21.746  65.180  12.173 0.0000000000
118916  21.155  65.910  11.768 0.0000000000
118921  29.893  65.725  13.341 0.0000000000
118922  29.487  65.688  12.612 0.0000000000
118923  21.373  65.489  11.329 0.0000000000
118924  20.733  66.302  11.262 0.0000000000
118932  28.958  65.648  12.011 0.0000000000
118933  28.161  65.602  11.568 0.0000000000
118934  26.985  65.590  11.227 0.0000000000
118935  26.124  66.212  11.167 0.0000000000
118936  21.297  65.804  10.645 0.0000000000
118937  20.799  66.126  10.837 0.0000000000
118944  26.597  65.025  10.994 0.0000000000
118945  25.737  65.690  10.803 0.0000000000
118946  24.377  65.936  9.844 0.0000000000
118947  24.265  65.352  9.873 0.0000000000
118948  22.227  65.656  10.219 0.0000000000
118949  21.608  66.063  10.096 0.0000000000
118955  24.335  66.748  7.765 0.0000000000
118956  24.272  66.648  8.425 0.0000000000
118957  24.350  65.804  9.215 0.0000000000
118958  24.224  65.959  9.066 0.0000000000
118959  24.174  66.345  9.273 0.0000000000
118960  23.481  66.338  9.721 0.0000000000
118961  22.599  66.293  9.694 0.0000000000
118962  22.007  66.323  9.695 0.0000000000
118973  27.571  65.645  6.601 0.0000000000
118974  26.742  65.478  6.541 0.0000000000
118975  25.320  66.120  7.039 0.0000000000
118976  24.681  66.265  7.450 0.0000000000
118977  24.735  66.036  7.316 0.0000000000
118978  24.555  66.236  7.762 0.0000000000
118979  24.427  66.503  7.909 0.0000000000
118991  29.082  65.617  5.503 0.0000000000
118992  28.457  65.207  6.037 0.0000000000
118993  27.711  64.966  6.207 0.0000000000
118994  25.124  65.899  6.248 0.0000000000
118995  25.270  65.790  5.856 0.0000000000
118996  24.838  66.147  6.141 0.0000000000
119005  29.025  65.472  4.416 0.0000000000
119006  28.979  64.885  5.202 0.0000000000
119007  26.517  65.327  4.267 0.0000000000
119008  25.676  65.862  4.961 0.0000000000
119016  28.738  66.137  1.651 0.0000000000
119017  28.861  65.861  2.828 0.0000000000
119018  26.942  64.839  3.118 0.0000000000
119025  26.461  64.399  2.362 0.0000000000
119203  22.722  66.283  26.259 0.0000000000
119204  22.563  66.486  25.719 0.0000000000
119205  22.229  66.184  25.416 0.0000000000
119209  29.343  66.675  19.258 0.0000000000
119212  29.703  67.045  19.369 0.0000000000
119213  29.374  67.040  18.599 0.0000000000
119214  28.765  67.508  18.029 0.0000000000
119215  27.976  67.725  17.900 0.0000000000
119216  26.907  67.569  18.433 0.0000000000
119220  28.825  66.887  18.123 0.0000000000
119221  28.518  67.233  17.725 0.0000000000
119279  25.647  65.793  13.434 0.0000000000
119285  30.559  67.363  16.503 0.0000000000
119286  30.566  67.144  15.727 0.0000000000
119287  24.040  65.803  13.113 0.0000000000
119288  22.669  65.923  12.711 0.0000000000
119295  30.426  66.890  14.683 0.0000000000
119296  29.868  66.776  13.921 0.0000000000
119297  21.626  66.231  12.300 0.0000000000
119298  20.889  66.650  11.857 0.0000000000
119305  29.405  66.753  13.138 0.0000000000
119306  28.901  66.670  12.514 0.0000000000
119307  20.418  67.147  11.272 0.0000000000
119317  28.245  66.585  12.025 0.0000000000
119318  27.378  66.588  11.628 0.0000000000
119319  26.380  66.750  11.396 0.0000000000
119320  25.551  66.883  11.003 0.0000000000
119321  20.715  66.440  10.412 0.0000000000
119322  20.380  66.864  10.619 0.0000000000
119332  24.802  66.994  10.190 0.0000000000
119333  24.107  67.272  9.187 0.0000000000
119334  20.961  66.639  9.881 0.0000000000
119335  20.473  66.932  10.086 0.0000000000
119342  25.708  67.176  7.507 0.0000000000
119343  24.724  67.143  7.716 0.0000000000
119344  24.073  67.394  8.356 0.0000000000
119345  23.895  66.932  8.892 0.0000000000
119346  23.024  66.875  8.946 0.0000000000
119347  22.256  66.899  8.942 0.0000000000
119348  21.565  66.765  9.390 0.0000000000
119359  27.980  66.381  6.699 0.0000000000
119360  26.769  66.567  7.089 0.0000000000
119361  25.810  66.474  7.209 0.0000000000
119362  24.201  66.928  8.044 0.0000000000
119363  23.723  67.329  7.979 0.0000000000
119364  22.819  67.294  8.261 0.0000000000
119377  29.273  66.584  5.250 0.0000000000
119378  28.889  66.393  6.118 0.0000000000
119379  24.485  66.633  6.210 0.0000000000
119380  23.867  67.032  6.780 0.0000000000
119389  28.925  66.968  3.796 0.0000000000
119390  26.688  65.881  4.215 0.0000000000
119391  25.865  66.402  4.766 0.0000000000
119399  27.447  65.907  3.292 0.0000000000
119400  27.293  66.367  3.874 0.0000000000
119406  27.050  65.657  2.225 0.0000000000
119594  23.125  67.180  26.348 0.0000000000
119595  22.794  67.197  25.810 0.0000000000
119596  22.451  67.170  25.410 0.0000000000
119602  30.096  67.429  20.140 0.0000000000
119605  29.788  67.664  19.154 0.0000000000
119606  29.174  67.872  18.563 0.0000000000
119607  28.441  68.188  18.170 0.0000000000
119608  27.501  68.356  18.164 0.0000000000
119609  26.253  68.129  18.875 0.0000000000
119667  30.452  68.389  15.201 0.0000000000
119668  23.912  66.696  13.170 0.0000000000
119669  22.590  66.895  12.796 0.0000000000
119677  30.162  67.891  14.350 0.0000000000
119678  29.374  68.011  13.782 0.0000000000
119679  21.596  67.187  12.316 0.0000000000
119680  20.847  67.546  11.831 0.0000000000
119687  28.854  67.932  12.978 0.0000000000
119688  28.229  67.734  12.450 0.0000000000
119689  20.343  67.971  11.311 0.0000000000
119690  20.118  68.342  10.924 0.0000000000
119694  27.486  67.556  12.046 0.0000000000
119695  26.705  67.597  11.645 0.0000000000
119696  25.791  67.782  11.272 0.0000000000
119697  24.973  67.976  10.594 0.0000000000
119698  20.115  67.916  10.642 0.0000000000
119699  19.978  68.463  10.615 0.0000000000
119707  24.325  68.139  9.707 0.0000000000
119708  24.101  68.203  8.924 0.0000000000
119709  20.600  67.315  9.664 0.0000000000
119710  20.229  67.714  9.959 0.0000000000
119717  26.226  67.756  7.452 0.0000000000
119718  25.188  68.023  7.884 0.0000000000
119719  24.374  68.143  8.354 0.0000000000
119720  21.768  67.357  8.758 0.0000000000
119721  21.069  67.538  9.027 0.0000000000
119722  20.521  67.907  9.371 0.0000000000
119732  28.385  67.477  6.547 0.0000000000
119733  27.317  67.511  7.037 0.0000000000
119734  22.983  67.501  7.465 0.0000000000
119735  22.349  67.692  7.928 0.0000000000
119736  21.675  67.870  8.352 0.0000000000
119750  29.198  67.560  5.949 0.0000000000
119751  24.313  67.167  5.916 0.0000000000
119752  23.582  67.555  6.434 0.0000000000
119753  22.943  67.890  6.989 0.0000000000
119764  25.594  67.232  4.994 0.0000000000
119765  24.662  67.672  5.514 0.0000000000
119776  28.494  66.910  3.254 0.0000000000
119777  27.408  67.057  4.121 0.0000000000
119967  23.712  66.600  27.189 0.0000000000
119972  23.604  67.902  26.399 0.0000000000
119973  23.155  68.124  25.863 0.0000000000
119974  22.707  68.185  25.466 0.0000000000
119979  30.341  68.117  19.878 0.0000000000
119981  29.675  68.306  19.275 0.0000000000
119982  28.972  68.629  18.768 0.0000000000
119983  28.141  69.008  18.550 0.0000000000
119984  27.075  69.293  18.472 0.0000000000
119985  25.643  69.141  19.003 0.0000000000
120049  22.657  67.892  12.715 0.0000000000
120057  28.914  69.479  13.461 0.0000000000
120058  21.678  68.142  12.186 0.0000000000
120059  20.988  68.423  11.663 0.0000000000
120065  28.276  69.189  12.669 0.0000000000
120066  27.518  68.756  12.197 0.0000000000
120067  20.527  68.698  11.181 0.0000000000
120068  20.234  68.888  10.757 0.0000000000
120073  26.970  68.378  11.815 0.0000000000
120074  26.281  68.650  11.422 0.0000000000
120075  25.453  68.917  10.841 0.0000000000
120077  19.915  68.444  10.388 0.0000000000
120078  20.012  68.981  10.350 0.0000000000
120086  19.988  68.615  10.064 0.0000000000
120087  19.956  69.334  10.002 0.0000000000
120096  20.765  68.361  8.932 0.0000000000
120097  20.330  68.831  9.336 0.0000000000
120109  21.992  68.310  7.789 0.0000000000
120110  21.449  68.669  8.323 0.0000000000
120111  20.840  69.077  8.714 0.0000000000
120126  23.364  68.209  6.362 0.0000000000
120127  22.659  68.582  6.870 0.0000000000
120128  22.110  68.968  7.551 0.0000000000
120137  25.884  68.212  5.027 0.0000000000
120138  24.453  68.415  5.726 0.0000000000
120139  23.607  68.824  6.073 0.0000000000
120150  27.563  67.967  4.423 0.0000000000
120342  26.182  69.140  27.774 0.0000000000
120343  24.622  68.802  27.509 0.0000000000
120349  23.762  68.777  26.878 0.0000000000
120350  23.430  69.103  26.176 0.0000000000
120351  23.042  69.271  25.612 0.0000000000
120356  30.790  68.432  20.395 0.0000000000
120357  30.443  68.901  20.077 0.0000000000
120358  30.013  69.808  19.957 0.0000000000
120359  29.516  70.531  19.749 0.0000000000
120362  29.488  68.986  19.558 0.0000000000
120363  28.978  69.504  19.355 0.0000000000
120364  28.193  70.297  19.199 0.0000000000
120365  26.713  70.552  18.681 0.0000000000
120366  25.149  70.598  19.005 0.0000000000
120367  23.607  70.597  19.188 0.0000000000
120454  21.846  69.112  11.928 0.0000000000
120455  21.220  69.350  11.418 0.0000000000
120463  20.717  69.517  10.967 0.0000000000
120464  20.355  69.666  10.557 0.0000000000
120469  26.854  69.424  11.656 0.0000000000
120482  20.015  69.344  9.689 0.0000000000
120505  21.375  69.801  8.340 0.0000000000
120520  22.566  69.744  6.867 0.0000000000
120521  21.963  69.762  7.703 0.0000000000
120533  23.535  69.643  6.306 0.0000000000
120730  27.888  70.612  26.437 0.0000000000
120731  27.293  70.831  27.215 0.0000000000
120732  25.854  70.529  26.711 0.0000000000
120733  25.019  70.740  26.292 0.0000000000
120740  31.190  68.369  21.181 0.0000000000
120741  24.742  69.765  26.544 0.0000000000
120742  24.266  70.132  26.116 0.0000000000
120743  23.559  70.326  25.811 0.0000000000
120748  30.921  68.043  20.758 0.0000000000
120749  31.273  68.834  20.928 0.0000000000
120750  31.177  69.968  20.799 0.0000000000
120751  30.680  71.050  20.564 0.0000000000
120752  29.430  71.841  20.102 0.0000000000
120753  28.020  72.857  20.046 0.0000000000
120754  26.517  73.272  20.150 0.0000000000
120758  27.775  71.528  19.383 0.0000000000
120759  26.537  72.030  19.094 0.0000000000
120760  24.927  72.660  19.222 0.0000000000
121100  30.186  67.278  21.801 0.0000000000
121101  30.061  67.651  24.672 0.0000000000
121102  29.750  70.492  24.926 0.0000000000
121103  29.377  71.721  26.072 0.0000000000
121104  28.438  72.320  26.672 0.0000000000
121105  27.204  72.512  26.874 0.0000000000
121106  25.458  72.252  26.531 0.0000000000
121107  24.248  72.735  26.381 0.0000000000
121116  31.015  68.090  21.327 0.0000000000
121117  31.016  68.612  21.975 0.0000000000
121118  30.935  70.033  22.989 0.0000000000
121119  24.755  71.112  26.163 0.0000000000
121120  24.315  71.344  26.048 0.0000000000
121121  23.628  71.509  25.777 0.0000000000
121126  31.428  69.759  21.679 0.0000000000
121127  31.371  71.162  21.872 0.0000000000
121128  30.686  72.200  21.486 0.0000000000
121129  29.410  73.246  21.433 0.0000000000
121130  27.720  74.305  21.221 0.0000000000
121131  25.654  74.910  20.591 0.0000000000
121459  30.051  72.353  25.019 0.0000000000
121460  29.615  73.183  25.952 0.0000000000
121461  28.337  74.056  26.664 0.0000000000
121462  26.715  74.183  27.046 0.0000000000
121463  25.220  74.373  26.895 0.0000000000
121473  30.847  71.961  23.452 0.0000000000
121474  30.258  73.399  24.435 0.0000000000
121475  29.207  74.369  25.242 0.0000000000
121479  31.154  72.204  22.353 0.0000000000
121480  30.388  72.917  22.760 0.0000000000
121481  28.956  74.483  23.326 0.0000000000
121482  26.909  75.690  22.568 0.0000000000
121780  27.257  75.122  26.452 0.0000000000
121781  26.012  75.553  26.602 0.0000000000
121793  28.045  75.159  25.540 0.0000000000
121794  26.776  76.060  25.534 0.0000000000
121803  28.510  75.004  24.579 0.0000000000
121804  27.601  75.675  24.254 0.0000000000
121805  25.988  76.781  24.096 0.0000000000
125204  39.967  54.893  22.110 0.0000000000
125216  39.400  55.198  22.273 0.0000000000
125221  38.416  55.721  22.507 0.0000000000
125222  39.593  54.920  21.601 0.0000000000
125227  30.536  63.775  29.422 0.0000000000
125228  32.511  62.672  28.323 0.0000000000
125229  31.989  62.404  27.148 0.0000000000
125230  31.299  63.673  28.988 0.0000000000
125231  28.515  63.716  30.126 0.0000000000
125232  30.927  60.370  25.094 0.0000000000
125233  26.454  62.494  30.615 0.0000000000
125234  30.401  62.177  25.138 0.0000000000
125235  30.069  59.963  24.715 0.0000000000
125236  25.983  64.108  30.632 0.0000000000
125237  29.240  62.574  24.566 0.0000000000
125238  30.041  59.522  24.466 0.0000000000
125239  25.071  65.530  29.772 0.0000000000
125240  28.943  63.216  24.454 0.0000000000
125241  28.971  59.466  23.912 0.0000000000
125242  29.567  60.246  24.315 0.0000000000
125243  24.281  64.326  29.423 0.0000000000
125244  26.098  66.885  30.102 0.0000000000
125245  26.865  65.697  30.446 0.0000000000
125246  28.688  63.976  23.841 0.0000000000
125247  30.044  64.273  28.523 0.0000000000
125248  28.582  59.950  23.874 0.0000000000
125249  28.126  60.717  23.576 0.0000000000
125250  25.777  67.287  30.053 0.0000000000
125251  29.780  65.194  24.145 0.0000000000
125252  27.856  66.616  29.834 0.0000000000
125253  27.536  61.501  23.514 0.0000000000
125254  28.573  62.117  24.071 0.0000000000
125255  30.549  63.598  27.497 0.0000000000
125256  22.682  61.932  25.764 0.0000000000
125257  26.188  67.407  30.379 0.0000000000
125258  30.070  64.948  26.516 0.0000000000
125259  26.910  67.402  29.959 0.0000000000
125260  27.622  62.164  23.264 0.0000000000
125261  28.138  67.678  28.953 0.0000000000
125262  28.763  64.924  28.292 0.0000000000
125263  21.962  61.742  25.056 0.0000000000
125264  26.283  67.377  30.117 0.0000000000
125265  27.652  68.547  29.232 0.0000000000
125266  26.487  68.157  29.351 0.0000000000
125267  28.109  63.478  22.710 0.0000000000
125268  22.231  62.881  25.686 0.0000000000
125269  29.122  68.657  27.169 0.0000000000
125270  28.381  68.970  28.373 0.0000000000
125271  29.780  65.663  25.943 0.0000000000
125272  24.671  66.029  28.501 0.0000000000
125273  24.968  67.481  28.908 0.0000000000
125274  27.582  69.455  28.086 0.0000000000
125275  22.709  63.383  26.210 0.0000000000
125276  23.242  63.196  26.764 0.0000000000
125277  28.271  63.972  20.924 0.0000000000
125278  28.959  65.259  21.361 0.0000000000
125279  28.353  69.748  27.228 0.0000000000
125280  28.725  70.253  26.138 0.0000000000
125281  29.754  65.815  20.979 0.0000000000
125282  24.150  64.400  28.206 0.0000000000
125283  23.187  64.430  26.907 0.0000000000
125284  29.127  64.579  20.334 0.0000000000
125285  29.771  66.153  20.175 0.0000000000
125286  29.839  65.954  21.635 0.0000000000
125287  29.460  65.071  19.843 0.0000000000
