#!ascii label  , from subject Yale_0050560 vox2ras=TkReg
1121
2646  14.965  -68.201  16.330 0.0000000000
2656  14.736  -67.914  15.692 0.0000000000
3134  10.009  -66.533  27.128 0.0000000000
3135  9.037  -66.581  27.429 0.0000000000
3136  8.229  -66.716  27.654 0.0000000000
3137  7.666  -66.855  27.761 0.0000000000
3158  15.789  -69.172  18.530 0.0000000000
3159  15.218  -68.760  17.714 0.0000000000
3162  15.203  -68.700  17.263 0.0000000000
3163  14.969  -67.908  17.045 0.0000000000
3165  15.145  -68.184  16.719 0.0000000000
3166  14.600  -67.854  16.343 0.0000000000
3173  14.081  -67.599  15.390 0.0000000000
3180  14.369  -67.682  14.695 0.0000000000
3206  13.036  -67.840  11.814 0.0000000000
3704  7.015  -66.829  27.896 0.0000000000
3705  6.015  -66.823  28.026 0.0000000000
3715  13.394  -65.993  26.344 0.0000000000
3716  11.967  -66.033  26.496 0.0000000000
3717  10.699  -65.821  26.506 0.0000000000
3718  9.578  -66.203  26.789 0.0000000000
3719  8.672  -66.214  27.177 0.0000000000
3720  7.641  -66.251  27.256 0.0000000000
3721  6.820  -66.151  27.621 0.0000000000
3729  10.571  -65.315  25.983 0.0000000000
3730  10.031  -65.473  26.123 0.0000000000
3731  9.054  -65.754  26.183 0.0000000000
3732  8.327  -65.750  26.478 0.0000000000
3735  16.806  -67.394  23.538 0.0000000000
3742  16.442  -68.622  21.709 0.0000000000
3743  16.331  -69.158  20.537 0.0000000000
3744  16.224  -69.341  19.370 0.0000000000
3748  16.375  -69.337  19.574 0.0000000000
3749  15.599  -68.984  18.703 0.0000000000
3750  15.150  -68.592  17.898 0.0000000000
3753  15.077  -68.459  18.041 0.0000000000
3754  14.794  -67.890  17.461 0.0000000000
3757  14.019  -67.408  16.514 0.0000000000
3758  13.166  -66.941  15.826 0.0000000000
3763  19.595  -68.193  17.805 0.0000000000
3764  19.168  -68.343  17.788 0.0000000000
3765  18.396  -68.996  17.659 0.0000000000
3766  13.477  -67.217  15.512 0.0000000000
3767  12.655  -66.738  15.195 0.0000000000
3769  19.643  -68.173  16.227 0.0000000000
3770  19.284  -68.304  17.008 0.0000000000
3771  18.101  -69.176  16.796 0.0000000000
3772  17.348  -69.398  16.867 0.0000000000
3773  13.402  -67.158  14.634 0.0000000000
3774  12.756  -66.607  14.577 0.0000000000
3778  19.959  -68.358  14.447 0.0000000000
3779  19.440  -68.401  15.033 0.0000000000
3780  18.515  -68.896  15.263 0.0000000000
3781  17.411  -69.336  15.439 0.0000000000
3782  16.902  -69.557  15.985 0.0000000000
3783  13.384  -67.295  13.739 0.0000000000
3784  12.689  -66.625  13.810 0.0000000000
3789  19.005  -68.700  13.443 0.0000000000
3790  17.994  -68.907  13.549 0.0000000000
3791  17.404  -69.271  14.281 0.0000000000
3792  12.931  -67.362  12.742 0.0000000000
3793  12.618  -66.769  13.127 0.0000000000
3804  18.136  -68.821  12.373 0.0000000000
3805  12.770  -67.455  12.095 0.0000000000
3806  12.344  -66.639  12.302 0.0000000000
3818  13.381  -67.903  11.263 0.0000000000
3819  12.821  -67.186  11.633 0.0000000000
3820  12.075  -65.920  11.695 0.0000000000
3833  13.378  -67.086  11.179 0.0000000000
3834  12.441  -65.905  11.245 0.0000000000
3835  11.775  -65.358  11.240 0.0000000000
3851  12.919  -65.925  11.001 0.0000000000
4316  5.345  -66.350  27.867 0.0000000000
4324  16.396  -65.988  25.652 0.0000000000
4325  15.734  -65.509  26.012 0.0000000000
4326  14.383  -65.465  26.105 0.0000000000
4327  12.828  -65.175  25.932 0.0000000000
4328  11.496  -65.212  26.006 0.0000000000
4329  10.859  -65.214  26.015 0.0000000000
4330  7.188  -65.519  27.202 0.0000000000
4331  6.528  -65.550  27.484 0.0000000000
4336  18.252  -66.312  23.343 0.0000000000
4337  17.060  -66.284  24.272 0.0000000000
4338  16.583  -65.340  25.383 0.0000000000
4339  12.614  -64.650  25.311 0.0000000000
4340  11.955  -64.482  25.514 0.0000000000
4341  10.701  -64.634  25.397 0.0000000000
4342  9.465  -65.097  25.462 0.0000000000
4343  8.624  -64.945  26.034 0.0000000000
4344  7.796  -65.133  26.190 0.0000000000
4345  7.404  -64.976  26.872 0.0000000000
4347  18.702  -66.770  22.615 0.0000000000
4348  17.454  -67.488  22.697 0.0000000000
4349  16.850  -68.317  22.136 0.0000000000
4350  10.441  -63.746  24.739 0.0000000000
4351  9.826  -64.208  24.911 0.0000000000
4352  8.935  -64.565  25.227 0.0000000000
4353  8.415  -64.541  25.759 0.0000000000
4358  18.660  -67.108  21.996 0.0000000000
4359  18.423  -67.830  21.664 0.0000000000
4360  17.094  -68.680  21.068 0.0000000000
4361  16.592  -69.195  20.079 0.0000000000
4370  18.962  -66.770  21.663 0.0000000000
4371  18.887  -67.786  21.136 0.0000000000
4372  17.780  -68.733  20.326 0.0000000000
4373  16.362  -69.279  19.324 0.0000000000
4374  15.345  -68.640  18.584 0.0000000000
4383  19.174  -67.010  20.854 0.0000000000
4384  18.370  -68.301  19.920 0.0000000000
4385  16.399  -69.248  18.723 0.0000000000
4386  15.533  -68.722  18.362 0.0000000000
4387  14.609  -67.956  17.692 0.0000000000
4388  13.864  -67.476  17.141 0.0000000000
4394  19.055  -66.907  19.177 0.0000000000
4395  19.204  -67.403  19.642 0.0000000000
4396  17.242  -69.079  18.552 0.0000000000
4397  16.000  -69.319  17.805 0.0000000000
4398  13.777  -67.296  16.976 0.0000000000
4399  13.155  -66.831  16.222 0.0000000000
4400  12.665  -66.692  15.593 0.0000000000
4411  20.077  -67.763  18.179 0.0000000000
4412  19.460  -67.894  18.670 0.0000000000
4413  17.457  -69.172  17.710 0.0000000000
4414  15.986  -69.405  17.281 0.0000000000
4415  16.277  -68.433  16.870 0.0000000000
4416  12.483  -66.515  15.659 0.0000000000
4417  12.321  -66.476  15.129 0.0000000000
4422  20.598  -67.724  17.238 0.0000000000
4423  20.566  -67.605  17.849 0.0000000000
4424  16.286  -69.636  16.089 0.0000000000
4425  15.814  -68.925  16.125 0.0000000000
4426  15.566  -68.549  16.231 0.0000000000
4427  12.335  -66.222  14.551 0.0000000000
4431  20.694  -67.755  15.689 0.0000000000
4432  20.390  -67.778  16.333 0.0000000000
4433  16.548  -69.454  14.174 0.0000000000
4434  16.063  -69.346  14.754 0.0000000000
4435  15.792  -68.999  15.283 0.0000000000
4436  12.121  -66.094  13.770 0.0000000000
4437  11.912  -65.720  13.181 0.0000000000
4440  21.407  -67.829  14.596 0.0000000000
4441  20.726  -68.064  14.560 0.0000000000
4442  17.333  -68.808  12.909 0.0000000000
4443  16.818  -68.895  13.066 0.0000000000
4444  16.031  -69.103  13.644 0.0000000000
4445  12.143  -66.067  13.012 0.0000000000
4446  11.699  -65.448  12.710 0.0000000000
4458  17.365  -68.656  12.147 0.0000000000
4459  16.846  -68.267  12.110 0.0000000000
4460  11.738  -65.705  12.177 0.0000000000
4461  11.214  -65.114  12.033 0.0000000000
4474  22.906  -67.773  13.943 0.0000000000
4478  11.375  -65.142  11.478 0.0000000000
4479  10.844  -64.689  11.356 0.0000000000
4495  11.859  -65.186  10.926 0.0000000000
4496  11.340  -64.876  10.843 0.0000000000
4497  10.940  -64.680  10.957 0.0000000000
4513  13.000  -65.424  10.663 0.0000000000
4514  12.294  -65.160  10.688 0.0000000000
4515  11.681  -64.834  10.590 0.0000000000
4526  12.576  -64.645  10.089 0.0000000000
4527  11.840  -64.645  10.219 0.0000000000
4538  12.654  -64.326  9.544 0.0000000000
5004  5.502  -65.465  27.719 0.0000000000
5013  15.130  -64.917  25.888 0.0000000000
5014  13.803  -64.833  25.491 0.0000000000
5015  12.988  -64.704  25.323 0.0000000000
5016  6.695  -64.838  27.069 0.0000000000
5018  18.186  -65.527  23.943 0.0000000000
5019  17.356  -64.819  24.518 0.0000000000
5020  16.198  -64.512  25.431 0.0000000000
5021  14.560  -64.279  25.007 0.0000000000
5022  12.849  -64.108  24.771 0.0000000000
5023  11.496  -63.767  24.932 0.0000000000
5024  10.865  -63.734  24.832 0.0000000000
5025  7.787  -64.571  26.137 0.0000000000
5026  7.383  -64.702  26.374 0.0000000000
5029  18.559  -65.695  23.165 0.0000000000
5030  18.238  -64.902  23.704 0.0000000000
5031  12.618  -63.384  24.341 0.0000000000
5032  11.997  -63.245  24.391 0.0000000000
5033  10.930  -63.068  24.307 0.0000000000
5034  10.014  -63.403  24.335 0.0000000000
5035  9.370  -63.948  24.493 0.0000000000
5036  8.530  -64.163  25.209 0.0000000000
5037  7.990  -64.352  25.807 0.0000000000
5042  18.785  -65.907  22.334 0.0000000000
5043  10.280  -62.870  23.880 0.0000000000
5044  9.709  -63.192  23.898 0.0000000000
5045  9.212  -63.686  24.011 0.0000000000
5046  8.900  -63.784  24.191 0.0000000000
5052  18.884  -65.630  21.453 0.0000000000
5060  18.899  -65.703  20.834 0.0000000000
5061  15.413  -68.845  18.090 0.0000000000
5062  14.899  -67.892  17.774 0.0000000000
5063  14.131  -67.348  17.297 0.0000000000
5070  18.500  -65.580  19.548 0.0000000000
5071  18.517  -65.524  20.369 0.0000000000
5072  15.638  -68.228  17.635 0.0000000000
5073  14.238  -67.486  16.789 0.0000000000
5074  13.438  -66.924  16.466 0.0000000000
5075  12.887  -66.708  15.930 0.0000000000
5088  20.033  -66.903  18.501 0.0000000000
5089  19.206  -66.132  18.712 0.0000000000
5090  14.519  -67.765  16.253 0.0000000000
5091  13.390  -67.018  15.868 0.0000000000
5092  12.730  -66.715  15.622 0.0000000000
5093  12.426  -66.509  15.419 0.0000000000
5094  12.295  -66.305  15.275 0.0000000000
5104  20.699  -67.290  17.602 0.0000000000
5105  20.246  -66.777  17.915 0.0000000000
5106  19.675  -66.130  18.222 0.0000000000
5107  15.082  -68.206  15.168 0.0000000000
5108  14.513  -67.634  15.399 0.0000000000
5109  13.213  -66.983  15.139 0.0000000000
5110  12.574  -66.625  15.077 0.0000000000
5111  12.277  -66.295  14.933 0.0000000000
5112  12.075  -66.133  14.678 0.0000000000
5120  21.240  -67.466  16.289 0.0000000000
5121  21.064  -67.252  16.981 0.0000000000
5122  20.668  -66.769  17.485 0.0000000000
5123  15.807  -68.513  14.213 0.0000000000
5124  15.308  -68.127  14.496 0.0000000000
5125  14.028  -67.330  14.409 0.0000000000
5126  13.177  -66.968  14.533 0.0000000000
5127  11.974  -65.839  13.982 0.0000000000
5128  11.724  -65.526  13.263 0.0000000000
5138  22.009  -67.510  15.260 0.0000000000
5139  21.484  -67.527  15.718 0.0000000000
5140  16.024  -68.605  13.109 0.0000000000
5141  15.460  -67.989  13.317 0.0000000000
5142  14.457  -67.015  13.590 0.0000000000
5143  13.709  -66.380  13.549 0.0000000000
5144  11.249  -65.145  12.590 0.0000000000
5156  22.675  -67.660  14.526 0.0000000000
5157  22.241  -67.611  14.627 0.0000000000
5158  17.481  -68.321  11.259 0.0000000000
5159  16.842  -67.885  11.126 0.0000000000
5160  16.417  -67.627  12.238 0.0000000000
5161  15.956  -66.755  12.333 0.0000000000
5162  10.833  -64.660  11.869 0.0000000000
5177  23.123  -67.823  13.859 0.0000000000
5178  22.798  -67.682  14.316 0.0000000000
5181  17.182  -67.387  10.991 0.0000000000
5182  10.533  -64.334  11.191 0.0000000000
5195  10.910  -64.522  10.514 0.0000000000
5196  10.600  -64.326  10.639 0.0000000000
5210  11.299  -64.541  10.253 0.0000000000
5211  10.841  -64.260  10.005 0.0000000000
5219  12.301  -64.278  9.513 0.0000000000
5220  11.601  -64.173  9.535 0.0000000000
5221  10.873  -63.936  9.528 0.0000000000
5230  12.585  -63.941  9.006 0.0000000000
5231  11.784  -63.614  8.616 0.0000000000
5242  12.283  -63.457  7.924 0.0000000000
5243  11.792  -63.378  8.118 0.0000000000
5252  12.443  -63.248  7.404 0.0000000000
5716  6.594  -64.603  26.774 0.0000000000
5720  16.766  -63.843  24.531 0.0000000000
5721  15.580  -63.479  24.660 0.0000000000
5722  13.911  -63.484  24.369 0.0000000000
5723  13.022  -63.471  24.313 0.0000000000
5724  7.401  -64.305  26.191 0.0000000000
5727  18.627  -64.812  22.938 0.0000000000
5728  17.740  -63.955  23.666 0.0000000000
5729  16.275  -62.996  23.704 0.0000000000
5730  14.552  -62.744  23.673 0.0000000000
5731  12.890  -63.000  23.875 0.0000000000
5732  11.613  -62.809  23.846 0.0000000000
5733  11.131  -62.659  23.913 0.0000000000
5734  8.672  -63.805  24.248 0.0000000000
5735  8.082  -64.144  25.375 0.0000000000
5738  18.683  -64.549  21.831 0.0000000000
5739  17.979  -64.030  22.129 0.0000000000
5740  17.086  -63.252  22.645 0.0000000000
5741  14.203  -62.480  23.030 0.0000000000
5742  13.496  -62.521  23.040 0.0000000000
5743  12.255  -62.543  23.067 0.0000000000
5744  11.030  -62.524  23.290 0.0000000000
5745  10.053  -62.577  23.339 0.0000000000
5746  9.518  -62.999  23.354 0.0000000000
5747  9.084  -63.462  23.465 0.0000000000
5754  18.719  -64.179  21.279 0.0000000000
5755  18.428  -63.413  21.514 0.0000000000
5756  10.568  -62.229  22.592 0.0000000000
5757  9.826  -62.380  22.812 0.0000000000
5758  9.384  -62.836  22.956 0.0000000000
5759  9.088  -63.160  23.014 0.0000000000
5767  18.625  -64.308  20.750 0.0000000000
5776  18.421  -64.489  19.820 0.0000000000
5777  18.406  -64.068  20.125 0.0000000000
5790  18.247  -64.211  19.380 0.0000000000
5791  18.085  -63.415  19.842 0.0000000000
5802  19.587  -65.366  17.865 0.0000000000
5803  18.949  -64.951  18.323 0.0000000000
5804  12.664  -66.456  14.382 0.0000000000
5805  12.422  -66.244  14.432 0.0000000000
5806  12.167  -65.972  14.360 0.0000000000
5807  11.987  -65.885  14.412 0.0000000000
5816  21.045  -66.920  16.320 0.0000000000
5817  20.566  -66.141  16.953 0.0000000000
5818  20.065  -65.769  17.430 0.0000000000
5819  13.142  -66.334  13.786 0.0000000000
5820  12.631  -66.059  13.882 0.0000000000
5821  12.204  -65.842  13.837 0.0000000000
5822  11.843  -65.683  13.696 0.0000000000
5823  11.666  -65.509  13.680 0.0000000000
5824  11.470  -65.205  13.028 0.0000000000
5836  21.985  -67.029  15.306 0.0000000000
5837  21.614  -66.617  15.913 0.0000000000
5838  20.982  -65.962  16.357 0.0000000000
5839  14.833  -66.192  12.831 0.0000000000
5840  14.039  -65.513  12.880 0.0000000000
5841  13.175  -65.513  13.068 0.0000000000
5842  12.553  -65.473  13.239 0.0000000000
5843  12.138  -65.511  13.345 0.0000000000
5844  11.717  -65.277  13.135 0.0000000000
5845  11.337  -65.040  12.868 0.0000000000
5846  11.160  -64.906  12.590 0.0000000000
5857  23.351  -67.597  14.372 0.0000000000
5858  22.732  -67.324  14.698 0.0000000000
5859  22.060  -67.312  14.594 0.0000000000
5860  22.154  -67.108  15.066 0.0000000000
5861  16.427  -67.155  11.087 0.0000000000
5862  16.012  -66.171  11.070 0.0000000000
5863  15.430  -65.796  12.146 0.0000000000
5864  14.641  -64.917  12.234 0.0000000000
5865  10.949  -64.638  12.235 0.0000000000
5866  10.804  -64.400  11.914 0.0000000000
5874  23.222  -67.730  14.060 0.0000000000
5875  22.799  -67.637  14.520 0.0000000000
5876  22.443  -67.647  14.464 0.0000000000
5879  17.047  -66.472  10.689 0.0000000000
5880  16.430  -65.348  10.511 0.0000000000
5881  10.517  -64.180  11.413 0.0000000000
5892  10.414  -63.936  10.710 0.0000000000
5902  10.823  -63.467  9.427 0.0000000000
5903  10.590  -63.808  9.940 0.0000000000
5911  11.172  -63.550  8.997 0.0000000000
5912  10.784  -63.712  9.448 0.0000000000
5919  11.548  -63.275  8.291 0.0000000000
5929  12.158  -63.130  7.479 0.0000000000
5930  11.826  -63.186  7.866 0.0000000000
5941  12.909  -63.116  6.860 0.0000000000
5942  12.527  -63.113  7.116 0.0000000000
6478  7.611  -64.110  25.577 0.0000000000
6479  6.963  -64.242  26.251 0.0000000000
6483  8.217  -63.916  24.790 0.0000000000
6484  7.580  -64.183  25.616 0.0000000000
6487  15.185  -62.424  23.118 0.0000000000
6488  14.566  -62.464  23.039 0.0000000000
6489  8.424  -63.796  24.318 0.0000000000
6490  7.859  -64.096  25.410 0.0000000000
6493  18.812  -63.240  21.751 0.0000000000
6494  17.251  -63.109  21.744 0.0000000000
6495  15.897  -62.574  22.307 0.0000000000
6496  14.360  -62.157  22.550 0.0000000000
6497  12.989  -62.038  22.417 0.0000000000
6498  11.819  -62.064  22.456 0.0000000000
6499  11.131  -62.143  22.499 0.0000000000
6500  9.229  -62.654  22.637 0.0000000000
6501  8.972  -63.292  23.283 0.0000000000
6505  19.172  -62.294  21.546 0.0000000000
6506  18.297  -62.946  21.174 0.0000000000
6507  18.329  -63.241  20.435 0.0000000000
6508  18.412  -63.382  20.853 0.0000000000
6509  18.184  -62.799  21.092 0.0000000000
6510  16.399  -62.070  21.264 0.0000000000
6511  15.069  -61.783  21.677 0.0000000000
6512  13.783  -61.562  21.784 0.0000000000
6513  12.517  -61.567  21.784 0.0000000000
6514  11.328  -61.752  21.945 0.0000000000
6515  10.396  -61.900  22.186 0.0000000000
6516  9.637  -62.245  22.583 0.0000000000
6517  9.242  -62.929  22.721 0.0000000000
6522  18.257  -63.429  19.621 0.0000000000
6523  18.346  -63.376  20.542 0.0000000000
6524  18.059  -62.425  20.499 0.0000000000
6525  17.107  -61.987  20.611 0.0000000000
6533  18.298  -63.738  18.734 0.0000000000
6534  18.030  -62.893  20.133 0.0000000000
6535  17.682  -61.707  20.053 0.0000000000
6547  19.269  -64.306  17.601 0.0000000000
6548  17.982  -63.283  19.136 0.0000000000
6549  17.871  -62.516  19.435 0.0000000000
6550  17.388  -61.191  19.662 0.0000000000
6561  20.478  -65.118  16.725 0.0000000000
6562  19.018  -64.375  17.955 0.0000000000
6563  18.051  -63.261  18.398 0.0000000000
6564  17.587  -62.094  18.829 0.0000000000
6575  22.287  -66.463  15.391 0.0000000000
6576  20.137  -65.021  16.995 0.0000000000
6577  19.115  -64.056  17.294 0.0000000000
6578  18.236  -63.015  17.592 0.0000000000
6589  22.452  -66.694  15.232 0.0000000000
6590  21.785  -65.871  15.579 0.0000000000
6591  21.147  -65.333  16.114 0.0000000000
6592  20.465  -64.893  16.640 0.0000000000
6593  19.820  -64.344  16.864 0.0000000000
6594  13.981  -64.388  12.242 0.0000000000
6595  13.362  -64.490  12.530 0.0000000000
6596  12.634  -64.556  12.706 0.0000000000
6597  11.927  -64.643  12.793 0.0000000000
6598  11.328  -64.524  12.530 0.0000000000
6599  11.110  -64.566  12.377 0.0000000000
6609  22.876  -67.037  14.879 0.0000000000
6610  22.650  -66.627  14.920 0.0000000000
6611  22.158  -66.400  15.144 0.0000000000
6612  21.936  -66.521  15.206 0.0000000000
6613  15.504  -64.921  11.015 0.0000000000
6614  14.895  -64.511  11.339 0.0000000000
6615  14.251  -63.760  11.381 0.0000000000
6616  13.539  -63.656  11.893 0.0000000000
6617  12.837  -63.715  12.153 0.0000000000
6618  12.138  -63.808  12.218 0.0000000000
6619  11.434  -63.735  11.899 0.0000000000
6620  10.855  -64.119  11.912 0.0000000000
6621  10.583  -64.093  11.613 0.0000000000
6627  16.648  -64.696  9.783 0.0000000000
6628  15.801  -64.466  9.969 0.0000000000
6629  14.992  -64.102  10.353 0.0000000000
6630  14.648  -63.813  10.857 0.0000000000
6631  11.260  -63.322  11.252 0.0000000000
6632  10.896  -63.519  11.280 0.0000000000
6633  10.523  -63.804  11.153 0.0000000000
6645  16.096  -63.932  8.868 0.0000000000
6646  10.697  -63.303  10.584 0.0000000000
6647  10.465  -63.561  10.473 0.0000000000
6659  10.981  -62.923  9.448 0.0000000000
6660  10.760  -63.169  9.769 0.0000000000
6661  10.452  -63.616  10.211 0.0000000000
6668  11.127  -62.897  9.155 0.0000000000
6669  11.082  -63.138  9.028 0.0000000000
6675  11.458  -62.859  8.491 0.0000000000
6676  11.404  -63.096  8.387 0.0000000000
6683  12.623  -62.555  7.240 0.0000000000
6684  12.000  -62.883  7.694 0.0000000000
6685  11.642  -63.090  8.023 0.0000000000
6697  13.544  -62.603  6.548 0.0000000000
6698  12.816  -62.853  6.919 0.0000000000
6699  12.333  -62.995  7.271 0.0000000000
7225  11.657  -63.320  24.769 0.0000000000
7226  10.340  -63.733  24.710 0.0000000000
7240  10.899  -63.017  24.290 0.0000000000
7241  10.342  -63.114  24.216 0.0000000000
7242  9.672  -63.436  24.248 0.0000000000
7243  8.545  -64.014  25.034 0.0000000000
7253  9.581  -63.025  23.608 0.0000000000
7254  9.044  -63.756  24.221 0.0000000000
7255  7.973  -64.024  25.328 0.0000000000
7262  9.608  -62.783  23.271 0.0000000000
7263  9.345  -63.201  23.448 0.0000000000
7264  8.619  -63.872  24.449 0.0000000000
7270  9.340  -62.940  23.113 0.0000000000
7271  9.009  -63.577  23.733 0.0000000000
7275  9.312  -62.684  22.880 0.0000000000
7276  9.093  -63.354  23.365 0.0000000000
7279  9.989  -61.908  22.166 0.0000000000
7280  9.389  -62.306  22.440 0.0000000000
7281  9.092  -63.195  23.084 0.0000000000
7285  18.700  -61.991  21.274 0.0000000000
7286  18.070  -62.189  20.791 0.0000000000
7287  18.024  -62.513  20.140 0.0000000000
7288  15.481  -61.453  21.115 0.0000000000
7289  14.619  -61.176  21.139 0.0000000000
7290  13.355  -61.040  21.216 0.0000000000
7291  12.158  -61.070  21.233 0.0000000000
7292  11.142  -61.311  21.512 0.0000000000
7293  10.289  -61.639  22.044 0.0000000000
7294  9.622  -62.118  22.376 0.0000000000
7298  17.756  -61.691  20.463 0.0000000000
7299  17.797  -62.283  19.433 0.0000000000
7300  17.326  -61.357  20.317 0.0000000000
7301  15.883  -60.948  20.467 0.0000000000
7302  14.249  -60.557  20.717 0.0000000000
7303  13.027  -60.534  20.840 0.0000000000
7304  12.334  -60.622  20.887 0.0000000000
7308  18.587  -63.703  18.008 0.0000000000
7309  17.806  -62.679  18.264 0.0000000000
7310  16.884  -60.500  19.994 0.0000000000
7311  16.282  -60.089  20.172 0.0000000000
7321  19.750  -64.380  17.184 0.0000000000
7322  18.652  -63.338  17.261 0.0000000000
7323  17.791  -62.489  17.657 0.0000000000
7324  17.222  -61.363  19.112 0.0000000000
7325  16.908  -60.395  19.388 0.0000000000
7335  20.896  -65.035  16.418 0.0000000000
7336  20.109  -63.844  16.829 0.0000000000
7337  19.151  -63.328  16.871 0.0000000000
7338  17.645  -62.332  17.699 0.0000000000
7339  17.045  -61.441  18.200 0.0000000000
7340  17.016  -60.714  18.871 0.0000000000
7348  21.436  -65.275  16.028 0.0000000000
7349  20.768  -64.481  16.250 0.0000000000
7350  18.834  -63.009  16.858 0.0000000000
7351  17.986  -62.400  17.043 0.0000000000
7352  17.232  -61.648  17.382 0.0000000000
7358  22.077  -65.621  15.524 0.0000000000
7359  22.030  -64.675  15.089 0.0000000000
7360  21.568  -64.438  15.388 0.0000000000
7361  21.594  -64.821  15.696 0.0000000000
7362  21.117  -64.467  15.939 0.0000000000
7363  20.264  -63.937  16.137 0.0000000000
7364  19.415  -63.412  16.574 0.0000000000
7365  18.626  -62.334  16.696 0.0000000000
7370  22.500  -66.400  15.309 0.0000000000
7371  22.232  -66.054  15.228 0.0000000000
7372  21.889  -65.291  15.378 0.0000000000
7373  21.875  -65.418  15.600 0.0000000000
7374  14.071  -63.133  10.780 0.0000000000
7375  13.676  -63.094  11.098 0.0000000000
7376  13.028  -63.128  11.387 0.0000000000
7377  12.345  -63.282  11.573 0.0000000000
7378  11.883  -63.432  11.706 0.0000000000
7387  15.616  -63.803  9.022 0.0000000000
7388  15.176  -63.447  9.270 0.0000000000
7389  14.483  -63.194  10.191 0.0000000000
7390  13.878  -62.749  10.333 0.0000000000
7391  13.253  -62.592  10.580 0.0000000000
7392  12.581  -62.744  10.858 0.0000000000
7393  11.762  -63.041  11.066 0.0000000000
7394  11.113  -63.078  10.746 0.0000000000
7408  15.819  -62.919  8.486 0.0000000000
7409  15.369  -62.550  8.570 0.0000000000
7410  12.880  -62.378  10.285 0.0000000000
7411  12.318  -62.441  10.188 0.0000000000
7412  11.515  -62.685  10.198 0.0000000000
7413  10.979  -62.937  10.082 0.0000000000
7426  12.082  -62.377  9.561 0.0000000000
7427  11.312  -62.787  9.492 0.0000000000
7428  10.938  -62.910  9.782 0.0000000000
7440  12.289  -62.284  8.685 0.0000000000
7441  11.596  -62.677  8.781 0.0000000000
7453  13.304  -61.858  7.367 0.0000000000
7454  12.731  -62.061  7.846 0.0000000000
7455  12.017  -62.526  8.150 0.0000000000
7474  13.521  -61.973  6.951 0.0000000000
7475  12.913  -62.186  7.276 0.0000000000
7476  12.399  -62.429  7.609 0.0000000000
7494  14.096  -62.100  6.601 0.0000000000
7495  13.203  -62.371  6.862 0.0000000000
8028  21.805  -61.526  25.274 0.0000000000
8029  21.004  -62.331  25.495 0.0000000000
8036  12.668  -62.216  25.028 0.0000000000
8037  11.972  -62.636  24.512 0.0000000000
8046  21.873  -61.438  24.964 0.0000000000
8047  21.396  -61.812  24.835 0.0000000000
8048  20.437  -62.463  24.421 0.0000000000
8049  19.553  -63.410  23.663 0.0000000000
8051  12.328  -61.585  24.551 0.0000000000
8052  11.627  -62.173  24.087 0.0000000000
8053  10.716  -62.738  23.834 0.0000000000
8054  10.231  -62.943  23.963 0.0000000000
8064  11.225  -61.480  23.854 0.0000000000
8065  10.801  -61.733  23.714 0.0000000000
8066  10.177  -62.637  23.608 0.0000000000
8075  10.332  -61.680  23.245 0.0000000000
8076  9.999  -62.424  23.050 0.0000000000
8077  9.696  -62.579  22.996 0.0000000000
8087  10.127  -61.498  22.878 0.0000000000
8088  9.913  -61.838  22.655 0.0000000000
8089  9.643  -62.438  22.797 0.0000000000
8099  10.000  -61.875  22.351 0.0000000000
8100  9.563  -62.174  22.623 0.0000000000
8109  10.098  -61.706  22.102 0.0000000000
8110  9.694  -62.024  22.342 0.0000000000
8118  19.717  -61.244  21.314 0.0000000000
8119  18.532  -61.406  21.204 0.0000000000
8120  17.943  -61.535  20.966 0.0000000000
8121  11.814  -60.726  20.997 0.0000000000
8122  11.202  -60.813  21.243 0.0000000000
8123  10.670  -61.105  21.530 0.0000000000
8131  20.232  -60.763  20.963 0.0000000000
8132  19.391  -60.701  21.136 0.0000000000
8133  18.013  -60.869  21.160 0.0000000000
8134  17.364  -60.786  20.143 0.0000000000
8135  16.735  -60.282  20.167 0.0000000000
8136  15.843  -59.892  20.229 0.0000000000
8137  14.935  -60.059  20.257 0.0000000000
8138  13.731  -60.007  20.368 0.0000000000
8139  12.560  -60.254  20.690 0.0000000000
8140  11.859  -60.384  20.854 0.0000000000
8149  17.294  -61.450  19.020 0.0000000000
8150  17.028  -60.369  19.632 0.0000000000
8151  16.515  -59.842  19.722 0.0000000000
8152  16.118  -59.647  19.926 0.0000000000
8153  15.414  -59.506  20.026 0.0000000000
8154  14.555  -59.626  20.007 0.0000000000
8167  17.929  -62.227  17.165 0.0000000000
8168  17.265  -61.739  18.065 0.0000000000
8169  17.055  -60.817  18.774 0.0000000000
8170  16.230  -59.789  19.316 0.0000000000
8171  16.165  -59.545  19.673 0.0000000000
8185  19.781  -63.159  16.446 0.0000000000
8186  18.960  -62.891  16.730 0.0000000000
8187  16.705  -60.276  18.057 0.0000000000
8188  16.560  -60.044  18.739 0.0000000000
8201  21.343  -64.915  15.850 0.0000000000
8202  20.950  -63.947  16.291 0.0000000000
8203  17.159  -61.223  16.870 0.0000000000
8204  16.799  -60.851  17.427 0.0000000000
8213  21.473  -64.666  15.793 0.0000000000
8214  21.472  -64.087  15.834 0.0000000000
8215  21.343  -63.911  15.815 0.0000000000
8216  21.061  -63.776  15.956 0.0000000000
8217  20.055  -63.140  16.043 0.0000000000
8218  19.265  -62.615  16.092 0.0000000000
8219  18.488  -62.044  16.132 0.0000000000
8220  17.699  -61.463  16.380 0.0000000000
8230  21.616  -64.600  15.511 0.0000000000
8231  21.456  -64.575  15.604 0.0000000000
8244  14.795  -62.662  8.932 0.0000000000
8245  14.266  -62.446  9.424 0.0000000000
8246  13.596  -62.398  9.789 0.0000000000
8247  13.184  -62.321  10.092 0.0000000000
8263  15.414  -61.927  8.256 0.0000000000
8264  14.796  -62.065  8.476 0.0000000000
8265  14.140  -62.025  8.749 0.0000000000
8266  13.103  -62.192  9.577 0.0000000000
8267  12.540  -62.214  9.630 0.0000000000
8282  14.174  -61.707  8.389 0.0000000000
8283  13.577  -61.854  8.646 0.0000000000
8284  12.764  -62.104  9.100 0.0000000000
8297  13.743  -61.610  8.215 0.0000000000
8298  13.120  -61.843  8.428 0.0000000000
8312  14.305  -61.316  7.624 0.0000000000
8313  13.678  -61.580  7.783 0.0000000000
8314  12.911  -61.900  8.176 0.0000000000
8330  14.721  -61.294  7.259 0.0000000000
8331  13.927  -61.685  7.134 0.0000000000
8337  13.996  -61.853  6.844 0.0000000000
8774  22.169  -60.757  26.661 0.0000000000
8775  21.765  -61.361  26.961 0.0000000000
8781  22.426  -60.378  25.847 0.0000000000
8782  22.169  -60.986  25.997 0.0000000000
8783  21.602  -61.803  26.254 0.0000000000
8788  13.671  -61.641  25.228 0.0000000000
8795  22.507  -60.496  25.573 0.0000000000
8796  22.191  -60.905  25.143 0.0000000000
8797  21.835  -61.377  24.649 0.0000000000
8798  21.116  -61.801  24.195 0.0000000000
8799  20.233  -62.510  23.511 0.0000000000
8800  18.389  -62.827  23.073 0.0000000000
8801  16.451  -62.715  23.076 0.0000000000
8802  15.240  -61.845  23.882 0.0000000000
8803  14.084  -61.123  24.413 0.0000000000
8804  12.939  -61.145  24.626 0.0000000000
8805  12.127  -61.140  24.265 0.0000000000
8811  22.162  -60.865  24.629 0.0000000000
8812  21.704  -61.103  24.208 0.0000000000
8813  20.971  -61.556  23.588 0.0000000000
8814  19.988  -62.000  23.029 0.0000000000
8815  19.039  -61.964  22.787 0.0000000000
8816  13.358  -60.498  24.203 0.0000000000
8817  12.515  -60.467  24.064 0.0000000000
8818  11.436  -60.763  23.650 0.0000000000
8819  10.657  -61.071  23.333 0.0000000000
8824  22.400  -60.205  23.556 0.0000000000
8825  22.061  -60.546  23.515 0.0000000000
8826  10.775  -60.474  22.864 0.0000000000
8827  10.364  -61.046  22.974 0.0000000000
8832  21.964  -60.227  23.049 0.0000000000
8833  21.776  -60.638  23.333 0.0000000000
8834  10.696  -60.319  22.385 0.0000000000
8835  10.355  -60.831  22.391 0.0000000000
8836  10.051  -61.393  22.329 0.0000000000
8840  10.575  -60.582  21.828 0.0000000000
8841  10.224  -61.199  22.077 0.0000000000
8847  21.496  -60.870  22.390 0.0000000000
8848  10.896  -60.479  21.511 0.0000000000
8849  10.455  -60.944  21.767 0.0000000000
8856  21.148  -60.756  21.235 0.0000000000
8857  20.605  -60.793  20.931 0.0000000000
8858  11.900  -59.953  20.865 0.0000000000
8859  11.253  -60.390  21.174 0.0000000000
8860  10.647  -60.860  21.552 0.0000000000
8869  21.795  -60.069  20.601 0.0000000000
8870  20.826  -60.258  20.727 0.0000000000
8871  19.196  -59.903  21.005 0.0000000000
8872  17.696  -60.083  21.010 0.0000000000
8873  16.816  -60.095  20.511 0.0000000000
8874  16.530  -59.913  20.052 0.0000000000
8875  13.116  -59.799  20.399 0.0000000000
8876  12.370  -59.948  20.717 0.0000000000
8877  11.649  -60.271  20.925 0.0000000000
8890  18.641  -59.545  21.035 0.0000000000
8891  17.512  -59.773  20.866 0.0000000000
8892  17.114  -60.119  20.390 0.0000000000
8893  16.733  -59.980  19.229 0.0000000000
8894  15.635  -59.311  19.791 0.0000000000
8895  14.871  -59.272  19.624 0.0000000000
8896  13.880  -59.521  20.007 0.0000000000
8913  17.989  -61.732  17.097 0.0000000000
8914  17.476  -61.391  17.411 0.0000000000
8915  16.851  -60.823  18.272 0.0000000000
8916  16.212  -59.342  18.915 0.0000000000
8917  15.831  -59.162  19.498 0.0000000000
8918  15.170  -59.061  19.362 0.0000000000
8931  19.157  -62.671  16.399 0.0000000000
8932  18.362  -61.893  16.673 0.0000000000
8933  17.888  -61.207  17.096 0.0000000000
8934  16.680  -59.854  17.614 0.0000000000
8935  16.462  -59.516  18.297 0.0000000000
8945  19.683  -62.865  16.195 0.0000000000
8946  18.862  -62.019  16.237 0.0000000000
8947  18.646  -61.684  16.201 0.0000000000
8948  16.980  -60.595  16.446 0.0000000000
8949  16.711  -60.496  16.966 0.0000000000
8961  20.801  -63.498  16.057 0.0000000000
8962  20.268  -63.020  16.068 0.0000000000
8963  19.496  -62.388  16.151 0.0000000000
8964  18.950  -61.975  16.087 0.0000000000
8965  18.281  -61.597  16.043 0.0000000000
8966  17.732  -61.132  16.093 0.0000000000
8967  17.314  -60.763  16.167 0.0000000000
9012  15.039  -61.619  8.145 0.0000000000
9031  14.879  -61.468  8.036 0.0000000000
9032  14.224  -61.548  8.200 0.0000000000
9047  14.976  -61.261  7.788 0.0000000000
9048  14.286  -61.428  8.019 0.0000000000
9063  14.807  -61.240  7.605 0.0000000000
9064  14.191  -61.357  7.822 0.0000000000
9483  22.310  -60.526  26.539 0.0000000000
9484  22.338  -60.270  27.132 0.0000000000
9485  22.239  -59.498  27.685 0.0000000000
9491  22.657  -60.036  25.659 0.0000000000
9492  22.438  -60.038  26.253 0.0000000000
9493  22.546  -59.700  26.765 0.0000000000
9500  22.638  -60.126  25.220 0.0000000000
9501  22.434  -60.436  24.824 0.0000000000
9502  17.117  -62.277  22.783 0.0000000000
9503  16.078  -61.818  22.765 0.0000000000
9504  14.863  -60.965  23.428 0.0000000000
9505  13.998  -60.425  23.812 0.0000000000
9514  22.701  -59.943  24.787 0.0000000000
9515  22.342  -60.347  24.327 0.0000000000
9516  21.773  -60.746  23.637 0.0000000000
9517  21.002  -61.224  23.007 0.0000000000
9518  19.739  -61.385  22.668 0.0000000000
9519  17.869  -61.478  22.607 0.0000000000
9520  15.918  -60.756  22.611 0.0000000000
9521  14.419  -60.136  23.013 0.0000000000
9522  13.286  -59.920  23.543 0.0000000000
9523  12.226  -59.919  23.482 0.0000000000
9524  11.710  -59.964  23.253 0.0000000000
9532  23.159  -59.064  23.572 0.0000000000
9533  15.201  -60.184  22.496 0.0000000000
9534  14.702  -59.866  22.570 0.0000000000
9535  12.719  -59.589  23.039 0.0000000000
9536  12.065  -59.538  22.766 0.0000000000
9537  11.371  -59.936  22.902 0.0000000000
9544  22.609  -59.774  22.897 0.0000000000
9545  11.586  -59.540  22.419 0.0000000000
9546  11.082  -59.832  22.234 0.0000000000
9547  10.689  -60.237  22.156 0.0000000000
9555  22.423  -59.224  22.398 0.0000000000
9556  11.281  -59.683  21.659 0.0000000000
9557  10.794  -60.172  21.941 0.0000000000
9564  22.751  -59.434  21.505 0.0000000000
9565  22.121  -60.169  21.366 0.0000000000
9566  11.588  -59.661  21.288 0.0000000000
9567  11.029  -60.063  21.546 0.0000000000
9575  23.081  -59.090  21.097 0.0000000000
9576  22.489  -59.568  20.850 0.0000000000
9577  12.850  -59.353  20.582 0.0000000000
9578  12.008  -59.651  20.936 0.0000000000
9579  11.321  -60.029  21.259 0.0000000000
9588  21.980  -59.475  20.404 0.0000000000
9589  20.871  -59.203  20.475 0.0000000000
9590  19.597  -59.287  20.887 0.0000000000
9591  16.563  -59.971  20.284 0.0000000000
9592  16.429  -59.773  19.879 0.0000000000
9593  13.208  -59.449  20.363 0.0000000000
9594  12.474  -59.654  20.763 0.0000000000
9607  20.982  -58.708  20.417 0.0000000000
9608  19.884  -58.995  20.723 0.0000000000
9609  18.542  -59.390  20.878 0.0000000000
9610  17.229  -59.772  20.367 0.0000000000
9611  16.492  -59.743  19.597 0.0000000000
9612  14.718  -58.964  19.391 0.0000000000
9613  14.063  -59.132  19.756 0.0000000000
9629  16.903  -60.812  17.832 0.0000000000
9630  16.666  -60.206  18.373 0.0000000000
9631  16.217  -59.029  18.609 0.0000000000
9632  15.885  -58.905  19.077 0.0000000000
9633  15.357  -58.889  19.246 0.0000000000
9644  18.015  -61.201  16.911 0.0000000000
9645  17.365  -60.784  17.328 0.0000000000
9646  16.746  -60.340  17.738 0.0000000000
9647  16.556  -59.371  17.537 0.0000000000
9648  16.430  -59.270  18.037 0.0000000000
9658  18.162  -61.284  16.731 0.0000000000
9659  18.001  -60.966  16.656 0.0000000000
9660  17.761  -60.634  16.533 0.0000000000
9661  17.417  -60.571  16.423 0.0000000000
9662  17.186  -59.848  16.343 0.0000000000
9663  17.047  -59.929  16.523 0.0000000000
9664  16.812  -59.758  17.018 0.0000000000
9672  18.466  -61.412  16.233 0.0000000000
9673  18.004  -61.176  16.255 0.0000000000
9674  17.505  -60.764  16.185 0.0000000000
9675  17.306  -60.419  16.178 0.0000000000
9676  17.078  -60.411  16.210 0.0000000000
10204  22.451  -59.324  27.110 0.0000000000
10205  22.283  -58.789  27.625 0.0000000000
10218  22.838  -59.747  25.421 0.0000000000
10219  22.829  -59.419  25.704 0.0000000000
10220  22.652  -59.056  26.424 0.0000000000
10231  22.980  -59.392  25.113 0.0000000000
10232  23.040  -58.995  25.417 0.0000000000
10245  22.907  -59.450  24.437 0.0000000000
10246  22.533  -59.958  23.732 0.0000000000
10247  21.877  -60.358  23.113 0.0000000000
10248  20.818  -60.666  22.611 0.0000000000
10249  19.173  -60.636  22.422 0.0000000000
10250  17.422  -60.575  22.212 0.0000000000
10251  16.079  -60.306  22.232 0.0000000000
10252  13.758  -59.715  23.034 0.0000000000
10253  13.315  -59.554  22.922 0.0000000000
10266  23.475  -57.272  23.499 0.0000000000
10267  23.196  -58.026  23.683 0.0000000000
10268  23.030  -59.241  23.867 0.0000000000
10269  22.743  -59.611  23.204 0.0000000000
10270  21.886  -59.941  22.613 0.0000000000
10271  20.450  -60.049  22.313 0.0000000000
10272  18.724  -60.095  22.103 0.0000000000
10273  16.923  -60.154  21.930 0.0000000000
10274  15.261  -59.926  22.150 0.0000000000
10275  14.066  -59.544  22.470 0.0000000000
10276  12.841  -59.249  22.414 0.0000000000
10277  12.287  -59.290  22.433 0.0000000000
10288  23.228  -57.488  22.748 0.0000000000
10289  22.918  -58.348  22.989 0.0000000000
10290  15.699  -59.883  21.707 0.0000000000
10291  14.731  -59.425  21.776 0.0000000000
10292  13.689  -58.993  21.636 0.0000000000
10293  12.751  -58.957  21.762 0.0000000000
10294  12.065  -59.209  22.148 0.0000000000
10295  11.544  -59.424  22.131 0.0000000000
10306  23.322  -57.606  22.427 0.0000000000
10307  23.166  -58.201  22.222 0.0000000000
10308  13.590  -58.799  21.150 0.0000000000
10309  13.132  -58.805  21.130 0.0000000000
10310  12.283  -59.074  21.503 0.0000000000
10311  11.637  -59.365  21.810 0.0000000000
10320  23.293  -58.538  21.504 0.0000000000
10321  13.272  -58.857  20.572 0.0000000000
10322  12.552  -59.069  21.003 0.0000000000
10323  11.868  -59.316  21.354 0.0000000000
10332  23.200  -58.743  21.000 0.0000000000
10333  22.791  -58.828  20.592 0.0000000000
10334  13.558  -58.863  20.158 0.0000000000
10335  12.839  -59.104  20.605 0.0000000000
10336  12.144  -59.327  21.033 0.0000000000
10345  22.133  -58.666  20.363 0.0000000000
10346  21.553  -58.622  20.302 0.0000000000
10347  14.104  -58.749  19.750 0.0000000000
10348  13.670  -58.991  19.947 0.0000000000
10357  21.930  -58.382  20.398 0.0000000000
10358  21.525  -58.409  20.431 0.0000000000
10359  20.784  -58.530  20.581 0.0000000000
10360  19.712  -58.677  20.865 0.0000000000
10361  18.596  -59.307  20.614 0.0000000000
10362  17.293  -59.596  20.096 0.0000000000
10363  15.300  -58.747  19.052 0.0000000000
10364  14.839  -58.751  19.286 0.0000000000
10365  14.274  -58.914  19.531 0.0000000000
10370  16.425  -59.709  18.951 0.0000000000
10371  16.154  -59.038  18.363 0.0000000000
10372  15.735  -58.777  18.902 0.0000000000
10373  15.514  -58.781  19.084 0.0000000000
10379  16.771  -60.457  17.521 0.0000000000
10380  16.713  -60.053  17.906 0.0000000000
10381  16.745  -59.945  17.488 0.0000000000
10382  16.649  -59.251  17.343 0.0000000000
10383  16.520  -59.091  17.861 0.0000000000
10390  17.095  -60.487  17.274 0.0000000000
10391  17.096  -60.338  17.057 0.0000000000
10392  16.965  -60.081  16.868 0.0000000000
10393  16.975  -59.786  16.683 0.0000000000
10394  16.953  -59.558  16.796 0.0000000000
10395  16.813  -59.450  16.988 0.0000000000
10407  17.205  -60.218  16.440 0.0000000000
10408  17.276  -60.109  16.245 0.0000000000
10939  22.520  -58.392  27.087 0.0000000000
10940  22.188  -57.784  27.817 0.0000000000
10954  22.908  -58.629  25.762 0.0000000000
10955  22.854  -57.910  26.371 0.0000000000
10956  22.598  -57.480  27.132 0.0000000000
10969  23.161  -58.862  24.842 0.0000000000
10970  23.203  -58.497  25.162 0.0000000000
10971  23.099  -57.961  25.672 0.0000000000
10986  23.259  -58.407  24.472 0.0000000000
10987  23.349  -57.918  24.968 0.0000000000
11001  22.963  -58.500  23.598 0.0000000000
11002  22.556  -59.051  22.813 0.0000000000
11003  21.659  -59.446  22.290 0.0000000000
11004  19.988  -59.557  22.094 0.0000000000
11005  18.400  -59.797  21.885 0.0000000000
11006  17.432  -60.089  21.647 0.0000000000
11018  23.585  -56.728  23.017 0.0000000000
11019  22.886  -58.224  22.946 0.0000000000
11020  22.637  -58.758  22.335 0.0000000000
11021  21.298  -59.102  22.015 0.0000000000
11022  19.478  -59.313  21.859 0.0000000000
11023  17.894  -59.669  21.642 0.0000000000
11024  16.574  -60.158  21.318 0.0000000000
11025  15.295  -59.613  21.237 0.0000000000
11026  14.513  -59.090  21.296 0.0000000000
11038  23.349  -57.243  22.453 0.0000000000
11039  23.259  -57.605  22.019 0.0000000000
11040  16.995  -60.013  21.081 0.0000000000
11041  15.885  -59.852  20.583 0.0000000000
11042  14.841  -59.115  20.744 0.0000000000
11043  14.048  -58.779  20.982 0.0000000000
11044  13.597  -58.719  20.921 0.0000000000
11053  23.292  -57.933  21.534 0.0000000000
11054  15.649  -59.542  20.130 0.0000000000
11055  15.178  -58.967  20.097 0.0000000000
11056  14.450  -58.645  20.405 0.0000000000
11057  13.733  -58.720  20.666 0.0000000000
11062  23.100  -58.260  21.138 0.0000000000
11063  22.822  -58.208  20.960 0.0000000000
11064  15.104  -58.605  19.752 0.0000000000
11065  14.843  -58.631  19.744 0.0000000000
11066  14.052  -58.687  20.087 0.0000000000
11071  22.303  -58.239  20.821 0.0000000000
11072  22.172  -58.067  20.926 0.0000000000
11073  18.749  -58.864  20.523 0.0000000000
11074  18.171  -59.274  20.465 0.0000000000
11075  17.551  -59.435  20.137 0.0000000000
11076  17.234  -59.552  19.920 0.0000000000
11077  15.121  -58.587  19.253 0.0000000000
11078  14.620  -58.649  19.542 0.0000000000
11083  21.900  -58.226  20.583 0.0000000000
11084  21.655  -58.215  20.701 0.0000000000
11085  20.774  -58.378  20.804 0.0000000000
11086  19.898  -58.633  20.796 0.0000000000
11087  18.856  -59.060  20.446 0.0000000000
11088  17.278  -59.484  19.780 0.0000000000
11089  16.979  -59.587  19.795 0.0000000000
11090  16.850  -59.662  19.628 0.0000000000
11091  15.810  -58.746  18.394 0.0000000000
11092  15.499  -58.753  18.975 0.0000000000
11093  14.918  -58.658  19.318 0.0000000000
11098  16.437  -59.615  18.656 0.0000000000
11099  16.391  -59.632  18.894 0.0000000000
11100  16.311  -59.502  18.815 0.0000000000
11101  16.398  -59.012  17.873 0.0000000000
11102  16.190  -58.977  18.128 0.0000000000
11103  15.916  -58.816  18.580 0.0000000000
11109  16.465  -59.551  18.408 0.0000000000
11110  16.541  -59.650  18.141 0.0000000000
11111  16.499  -59.476  18.128 0.0000000000
11112  16.612  -59.330  17.624 0.0000000000
11113  16.636  -59.022  17.421 0.0000000000
11114  16.551  -59.051  17.646 0.0000000000
11122  16.664  -59.732  17.569 0.0000000000
11123  16.701  -59.625  17.298 0.0000000000
11124  16.753  -59.426  17.140 0.0000000000
11125  16.848  -59.256  17.121 0.0000000000
11721  21.767  -56.681  28.104 0.0000000000
11733  22.700  -56.757  26.677 0.0000000000
11734  22.159  -56.697  27.404 0.0000000000
11742  23.365  -57.694  25.315 0.0000000000
11743  23.178  -57.044  25.830 0.0000000000
11754  23.446  -57.520  24.070 0.0000000000
11755  23.500  -57.127  24.950 0.0000000000
11756  23.193  -56.353  25.530 0.0000000000
11766  23.334  -57.561  23.425 0.0000000000
11774  23.999  -55.915  23.321 0.0000000000
11775  23.173  -57.582  22.733 0.0000000000
11776  22.334  -58.463  22.016 0.0000000000
11777  20.528  -58.832  21.766 0.0000000000
11778  18.914  -59.236  21.636 0.0000000000
11779  17.878  -59.735  21.364 0.0000000000
11788  23.721  -56.464  22.614 0.0000000000
11789  23.490  -57.027  22.306 0.0000000000
11790  23.210  -57.607  22.101 0.0000000000
11791  21.572  -58.345  21.676 0.0000000000
11792  19.693  -58.850  21.538 0.0000000000
11793  18.299  -59.418  21.316 0.0000000000
11794  17.232  -59.761  21.005 0.0000000000
11795  16.608  -60.089  20.555 0.0000000000
11806  23.701  -56.704  22.288 0.0000000000
11807  23.517  -57.037  21.994 0.0000000000
11808  22.469  -57.681  21.660 0.0000000000
11809  20.341  -58.474  21.403 0.0000000000
11810  18.733  -59.199  21.175 0.0000000000
11811  17.389  -59.377  20.955 0.0000000000
11812  16.704  -59.718  20.419 0.0000000000
11813  16.081  -59.687  20.138 0.0000000000
11814  15.576  -59.321  19.898 0.0000000000
11823  23.237  -57.381  21.702 0.0000000000
11824  22.866  -57.713  21.700 0.0000000000
11825  20.731  -58.175  21.295 0.0000000000
11826  19.018  -59.050  20.988 0.0000000000
11827  17.671  -59.554  20.734 0.0000000000
11828  16.723  -59.487  20.223 0.0000000000
11829  16.389  -59.728  19.743 0.0000000000
11830  15.884  -59.311  19.695 0.0000000000
11831  15.367  -58.746  19.712 0.0000000000
11832  15.013  -58.475  19.566 0.0000000000
11840  22.469  -57.993  21.437 0.0000000000
11841  21.971  -57.986  21.061 0.0000000000
11842  21.528  -58.098  21.309 0.0000000000
11843  21.023  -58.128  21.156 0.0000000000
11844  20.132  -58.402  21.004 0.0000000000
11845  18.858  -59.035  20.776 0.0000000000
11846  17.766  -59.501  20.529 0.0000000000
11847  16.797  -59.616  19.886 0.0000000000
11848  16.400  -59.724  19.383 0.0000000000
11849  16.184  -59.259  19.325 0.0000000000
11850  15.603  -58.919  19.352 0.0000000000
11851  15.212  -58.579  19.473 0.0000000000
11857  21.404  -58.213  20.860 0.0000000000
11858  21.014  -58.245  20.944 0.0000000000
11859  20.294  -58.348  21.004 0.0000000000
11860  19.784  -58.657  20.962 0.0000000000
11861  16.447  -59.525  19.055 0.0000000000
11862  16.298  -59.492  18.889 0.0000000000
11863  16.321  -59.168  18.804 0.0000000000
11864  15.873  -58.750  18.934 0.0000000000
11865  15.412  -58.718  19.186 0.0000000000
11871  16.404  -59.350  18.316 0.0000000000
11872  16.336  -59.202  18.454 0.0000000000
11873  16.352  -59.099  18.221 0.0000000000
11874  16.117  -58.897  18.461 0.0000000000
11882  16.465  -59.318  17.947 0.0000000000
11883  16.590  -59.136  17.832 0.0000000000
11884  16.419  -59.042  17.986 0.0000000000
12535  21.835  -55.826  28.319 0.0000000000
12553  22.240  -55.845  26.990 0.0000000000
12554  21.639  -55.651  27.563 0.0000000000
12565  22.688  -55.794  26.161 0.0000000000
12578  23.518  -57.031  23.793 0.0000000000
12579  23.762  -56.555  24.265 0.0000000000
12580  23.146  -55.535  25.199 0.0000000000
12592  23.678  -56.729  23.523 0.0000000000
12593  23.280  -55.365  24.249 0.0000000000
12594  22.681  -54.786  24.840 0.0000000000
12606  23.785  -56.115  23.147 0.0000000000
12607  23.364  -55.107  23.917 0.0000000000
12614  23.950  -55.616  22.964 0.0000000000
12615  23.763  -55.492  22.865 0.0000000000
12616  23.762  -56.071  22.378 0.0000000000
12617  23.687  -56.633  22.262 0.0000000000
12627  23.727  -56.373  22.318 0.0000000000
12628  23.762  -56.130  22.280 0.0000000000
12629  23.513  -56.676  22.027 0.0000000000
12630  23.453  -56.953  21.936 0.0000000000
12640  23.395  -56.641  21.949 0.0000000000
12641  23.087  -57.262  21.740 0.0000000000
12642  23.027  -57.201  21.745 0.0000000000
12643  23.019  -57.025  21.876 0.0000000000
12644  22.986  -57.206  21.836 0.0000000000
12645  22.679  -57.429  21.674 0.0000000000
12657  22.653  -57.837  21.459 0.0000000000
12658  22.476  -57.737  21.569 0.0000000000
12659  22.239  -57.660  21.507 0.0000000000
12660  21.973  -57.681  21.532 0.0000000000
12661  21.835  -57.832  21.412 0.0000000000
13312  20.876  -54.223  27.420 0.0000000000
13313  21.512  -55.000  28.111 0.0000000000
13333  21.417  -54.695  26.777 0.0000000000
13334  21.191  -54.891  27.418 0.0000000000
13349  22.230  -54.647  25.907 0.0000000000
13362  22.044  -54.304  25.207 0.0000000000
13373  22.872  -54.465  24.317 0.0000000000
13374  22.395  -54.264  24.760 0.0000000000
13388  23.596  -55.236  23.433 0.0000000000
13389  23.257  -54.697  23.856 0.0000000000
13400  23.644  -55.078  23.078 0.0000000000
13401  23.534  -55.031  23.301 0.0000000000
13402  23.274  -54.160  23.992 0.0000000000
13410  23.687  -55.375  22.681 0.0000000000
13411  23.518  -55.377  22.808 0.0000000000
13412  23.571  -55.607  22.741 0.0000000000
13413  23.631  -55.379  22.830 0.0000000000
13414  23.678  -55.637  22.708 0.0000000000
13423  23.452  -56.041  22.252 0.0000000000
13424  23.411  -56.287  22.161 0.0000000000
13425  23.468  -56.119  22.280 0.0000000000
13426  23.663  -56.244  22.231 0.0000000000
13427  23.601  -56.458  22.121 0.0000000000
14135  20.684  -53.406  26.656 0.0000000000
14155  21.124  -53.580  25.807 0.0000000000
14176  21.537  -53.430  25.071 0.0000000000
14193  22.872  -54.015  24.374 0.0000000000
14194  22.343  -53.530  24.690 0.0000000000
14208  22.825  -53.574  24.380 0.0000000000
14209  22.124  -52.879  24.605 0.0000000000
14220  23.524  -54.525  23.324 0.0000000000
14221  23.281  -54.088  23.656 0.0000000000
14222  23.008  -53.559  24.091 0.0000000000
14230  23.449  -54.579  23.131 0.0000000000
14231  23.532  -54.770  23.077 0.0000000000
14232  23.541  -54.536  23.166 0.0000000000
14242  23.553  -55.351  22.836 0.0000000000
14243  23.637  -55.619  22.728 0.0000000000
14942  20.494  -52.615  26.000 0.0000000000
14958  20.872  -52.604  25.336 0.0000000000
14973  21.582  -52.509  24.855 0.0000000000
14989  22.396  -52.588  24.579 0.0000000000
14990  21.874  -52.465  24.618 0.0000000000
15005  22.982  -53.393  23.794 0.0000000000
15006  22.799  -52.985  24.181 0.0000000000
15007  22.626  -52.760  24.367 0.0000000000
15017  23.156  -53.638  23.577 0.0000000000
15018  23.220  -53.861  23.521 0.0000000000
15789  21.930  -51.907  24.524 0.0000000000
15790  21.809  -52.115  24.600 0.0000000000
15804  22.309  -52.254  24.366 0.0000000000
15805  22.125  -52.088  24.487 0.0000000000
123151  19.265  -63.166  22.494 0.0000000000
123152  19.091  -63.353  22.133 0.0000000000
123153  19.241  -63.208  22.272 0.0000000000
123155  19.682  -62.646  22.226 0.0000000000
123156  20.033  -61.679  21.607 0.0000000000
123158  20.777  -61.505  21.799 0.0000000000
123161  20.483  -61.653  21.680 0.0000000000
