#!ascii label  , from subject Yale_0050558 vox2ras=TkReg
2011
84  -3.256  -89.703  9.354 0.0000000000
85  -3.575  -90.075  9.714 0.0000000000
86  -4.270  -90.609  10.096 0.0000000000
93  -3.367  -89.811  9.025 0.0000000000
94  -3.734  -90.107  8.819 0.0000000000
95  -4.483  -90.826  8.985 0.0000000000
110  -4.118  -89.882  7.706 0.0000000000
111  -4.846  -90.431  7.727 0.0000000000
125  -4.455  -89.813  6.885 0.0000000000
126  -5.034  -89.923  6.127 0.0000000000
136  -5.322  -89.681  5.027 0.0000000000
153  -5.634  -89.778  4.642 0.0000000000
265  -3.898  -88.901  13.089 0.0000000000
266  -4.298  -88.845  13.274 0.0000000000
270  -2.985  -88.668  12.425 0.0000000000
271  -3.635  -88.886  12.698 0.0000000000
272  -4.426  -88.986  12.891 0.0000000000
282  -2.270  -88.663  11.705 0.0000000000
283  -3.537  -89.092  12.149 0.0000000000
284  -4.460  -89.146  12.386 0.0000000000
297  -1.966  -88.679  10.762 0.0000000000
298  -2.856  -89.116  11.057 0.0000000000
299  -4.297  -89.473  11.821 0.0000000000
318  -2.000  -88.919  9.925 0.0000000000
319  -3.080  -89.583  10.052 0.0000000000
320  -4.126  -90.154  10.966 0.0000000000
332  -2.178  -89.003  8.831 0.0000000000
333  -2.964  -89.435  8.721 0.0000000000
334  -3.341  -89.644  8.555 0.0000000000
353  -1.914  -88.536  8.028 0.0000000000
354  -2.244  -88.950  7.719 0.0000000000
355  -3.219  -89.348  7.672 0.0000000000
367  -3.827  -89.211  5.921 0.0000000000
368  -4.505  -89.466  5.411 0.0000000000
381  -4.423  -89.221  4.675 0.0000000000
382  -4.868  -89.543  5.037 0.0000000000
395  -4.456  -89.009  4.035 0.0000000000
396  -5.199  -89.450  4.075 0.0000000000
555  -4.404  -88.314  16.831 0.0000000000
556  -5.264  -88.279  17.194 0.0000000000
557  -6.011  -87.966  17.384 0.0000000000
564  -4.222  -88.390  16.204 0.0000000000
565  -5.161  -88.487  16.377 0.0000000000
566  -6.307  -88.031  16.673 0.0000000000
573  -2.586  -87.834  15.481 0.0000000000
574  -3.417  -88.141  15.572 0.0000000000
575  -4.699  -88.578  15.531 0.0000000000
576  -5.934  -88.319  15.645 0.0000000000
583  -2.530  -87.918  14.740 0.0000000000
584  -3.969  -88.487  14.498 0.0000000000
585  -5.405  -88.574  14.726 0.0000000000
586  -6.400  -88.183  14.946 0.0000000000
592  -2.955  -88.230  13.683 0.0000000000
593  -3.897  -88.670  13.530 0.0000000000
594  -4.906  -88.774  13.689 0.0000000000
595  -6.142  -88.275  14.102 0.0000000000
605  -2.200  -88.242  12.711 0.0000000000
606  -3.269  -88.578  13.001 0.0000000000
607  -5.142  -88.789  13.134 0.0000000000
608  -5.721  -88.493  13.322 0.0000000000
617  -1.704  -87.861  11.745 0.0000000000
618  -5.447  -88.761  12.717 0.0000000000
619  -6.039  -88.369  13.073 0.0000000000
626  -1.687  -88.236  11.024 0.0000000000
639  -1.647  -88.129  10.134 0.0000000000
645  -1.773  -88.042  8.787 0.0000000000
659  -1.775  -88.040  7.769 0.0000000000
660  -1.913  -88.387  7.296 0.0000000000
661  -2.333  -88.574  6.356 0.0000000000
670  -3.059  -88.316  4.865 0.0000000000
682  -4.011  -88.691  4.124 0.0000000000
683  -4.571  -88.343  3.661 0.0000000000
692  -4.335  -88.825  3.913 0.0000000000
693  -4.726  -88.738  3.727 0.0000000000
694  -5.633  -88.606  3.008 0.0000000000
858  -3.418  -87.027  20.328 0.0000000000
859  -4.931  -87.189  20.651 0.0000000000
860  -6.002  -86.977  20.599 0.0000000000
866  -3.096  -87.185  19.619 0.0000000000
867  -4.144  -87.405  19.705 0.0000000000
868  -5.803  -87.340  19.775 0.0000000000
876  -1.784  -87.186  18.134 0.0000000000
877  -2.888  -87.364  18.721 0.0000000000
878  -4.750  -87.840  18.847 0.0000000000
879  -6.246  -87.540  18.704 0.0000000000
880  -7.329  -87.214  18.558 0.0000000000
887  -2.282  -87.587  17.433 0.0000000000
888  -4.025  -87.970  17.685 0.0000000000
889  -5.545  -88.000  17.968 0.0000000000
890  -6.782  -87.510  17.679 0.0000000000
891  -7.717  -87.248  18.171 0.0000000000
896  -2.165  -87.691  16.442 0.0000000000
897  -3.277  -87.984  16.599 0.0000000000
898  -7.217  -87.647  16.794 0.0000000000
899  -7.524  -87.334  17.471 0.0000000000
909  -1.888  -87.571  15.609 0.0000000000
910  -2.621  -87.798  15.957 0.0000000000
911  -7.041  -87.759  15.719 0.0000000000
912  -7.160  -87.404  16.626 0.0000000000
921  -1.515  -87.251  14.635 0.0000000000
922  -6.831  -87.805  14.693 0.0000000000
930  -1.824  -87.648  13.676 0.0000000000
931  -6.800  -87.676  14.104 0.0000000000
945  -1.593  -87.254  12.612 0.0000000000
946  -6.559  -87.930  13.408 0.0000000000
960  -1.470  -86.825  11.555 0.0000000000
962  -6.308  -88.259  12.981 0.0000000000
971  -1.531  -87.419  10.740 0.0000000000
985  -1.603  -87.089  9.537 0.0000000000
999  -1.757  -86.741  8.184 0.0000000000
1000  -1.985  -86.393  7.358 0.0000000000
1017  -1.757  -87.573  7.921 0.0000000000
1018  -1.997  -87.407  7.050 0.0000000000
1019  -2.758  -87.145  5.551 0.0000000000
1020  -3.651  -86.298  4.841 0.0000000000
1030  -3.637  -87.410  4.456 0.0000000000
1031  -4.644  -86.324  4.057 0.0000000000
1032  -5.521  -85.964  3.629 0.0000000000
1033  -6.030  -85.992  3.730 0.0000000000
1045  -3.742  -88.112  4.239 0.0000000000
1046  -4.554  -87.683  3.542 0.0000000000
1047  -5.408  -86.752  2.846 0.0000000000
1048  -6.156  -86.233  2.929 0.0000000000
1049  -7.041  -86.674  2.983 0.0000000000
1057  -5.025  -88.197  3.267 0.0000000000
1058  -5.435  -87.734  2.526 0.0000000000
1059  -6.235  -87.414  2.998 0.0000000000
1235  -3.866  -85.792  23.259 0.0000000000
1236  -4.611  -85.898  23.028 0.0000000000
1237  -5.433  -85.938  22.718 0.0000000000
1242  -3.207  -86.132  22.341 0.0000000000
1243  -4.859  -86.363  22.299 0.0000000000
1244  -5.653  -86.224  22.320 0.0000000000
1252  -2.273  -86.610  20.855 0.0000000000
1253  -4.095  -86.712  21.365 0.0000000000
1254  -5.840  -86.583  21.523 0.0000000000
1262  -2.186  -86.907  19.658 0.0000000000
1263  -7.076  -86.533  20.241 0.0000000000
1264  -7.843  -86.418  19.716 0.0000000000
1271  -1.547  -86.907  18.117 0.0000000000
1272  -1.498  -86.663  18.509 0.0000000000
1273  -6.981  -87.057  19.255 0.0000000000
1274  -7.767  -86.826  19.088 0.0000000000
1284  -1.469  -86.850  17.654 0.0000000000
1285  -1.074  -86.064  17.704 0.0000000000
1286  -7.727  -86.987  18.182 0.0000000000
1296  -1.403  -86.994  16.444 0.0000000000
1297  -1.152  -86.259  17.025 0.0000000000
1299  -7.553  -86.762  17.594 0.0000000000
1311  -1.375  -86.939  15.388 0.0000000000
1312  -7.079  -86.978  15.988 0.0000000000
1313  -7.241  -87.080  16.984 0.0000000000
1323  -1.266  -86.547  14.726 0.0000000000
1324  -7.245  -87.239  14.699 0.0000000000
1332  -1.300  -86.268  13.527 0.0000000000
1333  -1.467  -85.312  12.856 0.0000000000
1334  -6.961  -87.187  13.787 0.0000000000
1348  -1.403  -86.372  12.321 0.0000000000
1349  -1.442  -85.577  12.339 0.0000000000
1364  -1.478  -85.776  11.456 0.0000000000
1365  -1.568  -85.191  11.725 0.0000000000
1382  -1.541  -86.108  10.379 0.0000000000
1392  -1.751  -85.845  8.954 0.0000000000
1393  -1.759  -85.449  8.307 0.0000000000
1404  -1.839  -85.905  8.296 0.0000000000
1405  -1.856  -85.603  7.679 0.0000000000
1419  -2.302  -85.833  6.563 0.0000000000
1420  -3.254  -85.216  5.518 0.0000000000
1421  -4.200  -85.441  4.871 0.0000000000
1432  -4.118  -84.493  5.052 0.0000000000
1433  -4.856  -84.914  4.445 0.0000000000
1434  -5.572  -85.089  4.143 0.0000000000
1435  -6.503  -85.466  4.141 0.0000000000
1436  -7.091  -85.557  4.158 0.0000000000
1449  -6.437  -85.965  3.369 0.0000000000
1450  -6.955  -86.041  3.439 0.0000000000
1451  -8.089  -86.306  3.081 0.0000000000
1673  -2.498  -85.240  23.877 0.0000000000
1674  -3.439  -85.057  24.185 0.0000000000
1675  -4.172  -84.824  24.524 0.0000000000
1684  -2.068  -85.458  23.438 0.0000000000
1685  -3.067  -85.472  23.382 0.0000000000
1686  -4.515  -85.287  23.917 0.0000000000
1687  -5.548  -85.444  23.242 0.0000000000
1695  -1.658  -85.303  23.089 0.0000000000
1696  -1.944  -85.689  22.736 0.0000000000
1697  -6.228  -85.654  22.495 0.0000000000
1707  -1.389  -85.236  22.368 0.0000000000
1708  -1.365  -85.506  21.286 0.0000000000
1709  -6.948  -85.840  21.413 0.0000000000
1718  -1.248  -85.694  19.525 0.0000000000
1719  -1.035  -84.947  19.118 0.0000000000
1720  -7.516  -85.933  20.680 0.0000000000
1721  -7.883  -86.004  20.146 0.0000000000
1728  -1.117  -85.648  18.286 0.0000000000
1729  -1.245  -84.870  18.563 0.0000000000
1730  -7.867  -86.041  19.355 0.0000000000
1743  -1.097  -85.485  17.665 0.0000000000
1744  -1.357  -84.887  17.678 0.0000000000
1757  -1.052  -85.976  16.325 0.0000000000
1758  -1.236  -85.285  16.892 0.0000000000
1759  -2.030  -84.120  16.820 0.0000000000
1774  -1.157  -86.130  15.415 0.0000000000
1775  -1.320  -85.224  15.747 0.0000000000
1776  -1.820  -84.319  15.967 0.0000000000
1790  -1.224  -85.952  14.497 0.0000000000
1791  -1.362  -85.140  14.636 0.0000000000
1792  -1.649  -84.392  15.114 0.0000000000
1803  -1.311  -85.571  14.047 0.0000000000
1804  -1.505  -84.876  13.427 0.0000000000
1821  -1.649  -84.554  12.062 0.0000000000
1837  -1.552  -85.475  10.797 0.0000000000
1838  -1.621  -84.885  11.000 0.0000000000
1857  -1.627  -85.193  10.327 0.0000000000
1858  -1.620  -84.392  9.845 0.0000000000
1869  -1.668  -85.185  9.570 0.0000000000
1870  -1.599  -84.464  8.321 0.0000000000
1883  -1.871  -84.498  6.878 0.0000000000
1896  -2.450  -84.493  6.054 0.0000000000
1897  -3.053  -84.261  5.695 0.0000000000
1909  -2.893  -83.768  5.852 0.0000000000
1910  -3.551  -83.695  5.362 0.0000000000
1911  -4.267  -83.492  4.971 0.0000000000
1912  -5.006  -84.001  5.098 0.0000000000
1913  -6.120  -84.354  4.935 0.0000000000
1914  -7.422  -84.720  4.691 0.0000000000
1915  -8.684  -84.401  4.928 0.0000000000
1931  -7.594  -85.779  4.135 0.0000000000
1932  -8.416  -85.490  4.311 0.0000000000
2151  -4.116  -84.025  25.831 0.0000000000
2152  -4.321  -83.895  25.956 0.0000000000
2161  -3.002  -84.363  24.958 0.0000000000
2162  -3.885  -84.260  25.449 0.0000000000
2163  -4.480  -84.003  25.721 0.0000000000
2173  -2.640  -84.842  24.420 0.0000000000
2174  -3.710  -84.634  24.810 0.0000000000
2175  -4.888  -84.367  25.043 0.0000000000
2187  -1.745  -85.104  23.808 0.0000000000
2188  -5.820  -84.747  23.904 0.0000000000
2189  -6.293  -85.156  23.212 0.0000000000
2203  -1.218  -84.640  22.821 0.0000000000
2204  -6.627  -84.823  23.212 0.0000000000
2205  -6.617  -85.116  22.919 0.0000000000
2218  -0.877  -84.631  21.682 0.0000000000
2219  -0.669  -84.543  20.684 0.0000000000
2220  -6.811  -84.765  23.057 0.0000000000
2221  -6.788  -84.972  22.375 0.0000000000
2229  -0.952  -84.693  19.853 0.0000000000
2230  -0.987  -84.931  19.375 0.0000000000
2231  -7.380  -85.175  20.856 0.0000000000
2238  -1.799  -83.845  19.396 0.0000000000
2239  -1.917  -84.164  18.994 0.0000000000
2252  -2.396  -83.742  17.685 0.0000000000
2268  -2.574  -83.340  16.576 0.0000000000
2285  -2.451  -83.534  16.019 0.0000000000
2301  -1.767  -83.790  14.036 0.0000000000
2302  -2.275  -83.438  15.129 0.0000000000
2319  -1.869  -83.530  12.675 0.0000000000
2336  -1.898  -83.365  11.594 0.0000000000
2353  -1.738  -83.732  10.717 0.0000000000
2374  -1.599  -83.032  9.173 0.0000000000
2393  -1.495  -83.003  7.878 0.0000000000
2404  -1.589  -83.337  7.028 0.0000000000
2411  -2.246  -83.543  6.269 0.0000000000
2412  -3.787  -82.028  5.293 0.0000000000
2413  -4.146  -81.949  5.304 0.0000000000
2414  -4.873  -82.112  5.623 0.0000000000
2415  -6.051  -82.554  5.748 0.0000000000
2416  -7.257  -82.763  5.674 0.0000000000
2430  -3.136  -82.947  5.824 0.0000000000
2431  -3.781  -82.318  5.111 0.0000000000
2432  -4.400  -82.740  5.354 0.0000000000
2433  -5.594  -82.958  5.239 0.0000000000
2434  -6.793  -83.372  5.142 0.0000000000
2435  -7.951  -83.521  5.205 0.0000000000
2751  -3.427  -83.767  26.148 0.0000000000
2752  -3.984  -83.836  26.094 0.0000000000
2753  -4.571  -83.795  26.039 0.0000000000
2764  -2.979  -84.054  25.611 0.0000000000
2765  -3.764  -84.011  25.758 0.0000000000
2766  -4.974  -83.818  25.809 0.0000000000
2776  -1.800  -84.502  24.608 0.0000000000
2777  -5.558  -83.907  25.712 0.0000000000
2786  -1.214  -84.441  23.669 0.0000000000
2787  -5.751  -83.946  25.037 0.0000000000
2798  -0.587  -83.957  23.009 0.0000000000
2799  -6.138  -84.440  23.463 0.0000000000
2814  -0.687  -83.733  22.009 0.0000000000
2815  -0.857  -83.678  20.834 0.0000000000
2816  -6.718  -84.550  22.732 0.0000000000
2817  -6.858  -84.328  21.771 0.0000000000
2825  -1.611  -83.568  19.847 0.0000000000
2831  -2.203  -83.357  18.999 0.0000000000
2832  -2.499  -83.266  18.289 0.0000000000
2842  -2.663  -82.948  17.442 0.0000000000
2855  -2.586  -82.960  16.761 0.0000000000
2875  -2.373  -82.679  15.476 0.0000000000
2892  -2.169  -82.873  13.175 0.0000000000
2893  -2.305  -82.542  13.931 0.0000000000
2905  -2.244  -82.629  12.452 0.0000000000
2906  -2.406  -82.190  12.710 0.0000000000
2917  -2.130  -82.746  11.839 0.0000000000
2918  -2.230  -82.177  11.825 0.0000000000
2933  -1.849  -82.250  10.650 0.0000000000
2934  -2.006  -81.904  11.312 0.0000000000
2953  -1.299  -81.659  9.016 0.0000000000
2969  -1.679  -81.804  7.480 0.0000000000
2970  -1.383  -82.026  8.058 0.0000000000
2975  -1.985  -81.938  7.100 0.0000000000
2976  -1.639  -82.378  7.290 0.0000000000
2977  -3.848  -81.145  6.411 0.0000000000
2978  -4.508  -81.002  6.021 0.0000000000
2979  -5.023  -81.176  6.177 0.0000000000
2980  -5.912  -81.545  6.374 0.0000000000
2992  -2.234  -81.800  6.926 0.0000000000
2993  -2.518  -82.266  6.482 0.0000000000
2994  -3.746  -81.636  5.643 0.0000000000
2995  -4.662  -81.356  5.527 0.0000000000
2996  -5.324  -81.911  6.230 0.0000000000
2997  -6.574  -82.153  6.136 0.0000000000
3010  -3.525  -82.149  5.503 0.0000000000
3011  -3.712  -81.938  5.180 0.0000000000
3279  -8.995  -80.420  27.597 0.0000000000
3287  -3.961  -83.732  26.401 0.0000000000
3288  -4.604  -83.601  26.260 0.0000000000
3289  -4.860  -83.668  26.097 0.0000000000
3291  -9.654  -80.092  27.269 0.0000000000
3300  -2.719  -83.679  26.384 0.0000000000
3301  -4.840  -83.435  26.546 0.0000000000
3302  -5.171  -83.608  26.093 0.0000000000
3305  -9.311  -80.059  26.753 0.0000000000
3314  -1.311  -83.810  25.102 0.0000000000
3315  -5.816  -83.371  26.305 0.0000000000
3316  -5.800  -83.659  26.018 0.0000000000
3321  -9.236  -80.299  26.467 0.0000000000
3330  -0.779  -83.768  23.870 0.0000000000
3331  -5.840  -83.097  26.071 0.0000000000
3332  -5.897  -83.421  25.670 0.0000000000
3341  -0.133  -81.627  22.085 0.0000000000
3342  -0.573  -82.447  22.563 0.0000000000
3343  -5.920  -82.907  25.367 0.0000000000
3344  -5.816  -83.268  24.351 0.0000000000
3356  0.178  -81.490  21.095 0.0000000000
3357  -0.819  -82.494  20.960 0.0000000000
3358  -1.318  -82.845  20.395 0.0000000000
3359  -5.948  -83.431  22.430 0.0000000000
3373  0.291  -81.704  19.344 0.0000000000
3374  -1.318  -82.445  19.788 0.0000000000
3375  -1.646  -82.974  20.015 0.0000000000
3381  0.539  -81.422  17.773 0.0000000000
3382  -0.683  -82.211  18.449 0.0000000000
3383  -2.098  -82.730  18.983 0.0000000000
3384  -2.477  -82.958  18.568 0.0000000000
3391  0.616  -81.279  16.814 0.0000000000
3392  -0.065  -81.847  17.098 0.0000000000
3393  -1.618  -82.366  17.531 0.0000000000
3394  -2.496  -82.790  17.906 0.0000000000
3403  0.654  -80.887  16.327 0.0000000000
3404  0.335  -81.456  16.123 0.0000000000
3405  -0.696  -81.910  16.139 0.0000000000
3406  -2.260  -82.466  16.421 0.0000000000
3423  0.403  -80.824  15.841 0.0000000000
3424  0.192  -81.057  15.488 0.0000000000
3425  -1.406  -81.848  15.327 0.0000000000
3426  -2.022  -81.906  14.666 0.0000000000
3447  -2.246  -81.925  13.843 0.0000000000
3468  -2.352  -81.865  12.966 0.0000000000
3484  -2.011  -81.730  11.876 0.0000000000
3501  -1.170  -80.863  9.710 0.0000000000
3502  -1.415  -81.401  10.763 0.0000000000
3515  -1.295  -80.792  8.724 0.0000000000
3520  -1.691  -81.328  7.771 0.0000000000
3521  -1.416  -81.257  8.293 0.0000000000
3522  -3.364  -80.365  7.542 0.0000000000
3523  -4.284  -80.284  7.637 0.0000000000
3524  -5.009  -80.262  7.586 0.0000000000
3535  -2.082  -81.469  7.304 0.0000000000
3536  -2.573  -81.154  7.094 0.0000000000
3537  -3.269  -80.939  6.900 0.0000000000
3538  -4.078  -80.822  6.947 0.0000000000
3539  -4.806  -80.684  6.738 0.0000000000
3540  -5.376  -80.917  6.855 0.0000000000
3553  -2.474  -81.606  6.864 0.0000000000
3554  -3.000  -81.457  6.561 0.0000000000
3555  -3.493  -81.329  6.439 0.0000000000
3812  -8.370  -79.521  30.310 0.0000000000
3819  -9.074  -79.647  29.074 0.0000000000
3825  -2.067  -82.362  28.966 0.0000000000
3826  -2.590  -82.249  29.229 0.0000000000
3827  -8.811  -80.489  27.968 0.0000000000
3828  -9.908  -79.859  27.856 0.0000000000
3829  -10.674  -79.324  27.329 0.0000000000
3835  -0.741  -82.063  27.357 0.0000000000
3836  -1.918  -82.457  28.059 0.0000000000
3837  -3.098  -82.523  28.733 0.0000000000
3838  -10.233  -79.809  27.281 0.0000000000
3839  -10.620  -79.468  27.122 0.0000000000
3842  -0.149  -82.380  26.865 0.0000000000
3843  -1.190  -83.045  27.051 0.0000000000
3844  -3.819  -83.084  27.621 0.0000000000
3845  -10.318  -79.680  26.951 0.0000000000
3846  -10.915  -79.059  26.648 0.0000000000
3850  0.162  -82.347  26.046 0.0000000000
3851  -0.535  -83.183  25.591 0.0000000000
3852  -5.811  -82.999  26.834 0.0000000000
3856  -9.644  -80.077  26.292 0.0000000000
3857  -10.253  -79.188  26.490 0.0000000000
3858  -11.021  -78.456  26.313 0.0000000000
3864  0.382  -81.941  24.532 0.0000000000
3865  -0.221  -82.759  23.966 0.0000000000
3866  -5.840  -82.297  25.698 0.0000000000
3875  0.311  -81.249  22.526 0.0000000000
3876  -0.304  -82.050  23.053 0.0000000000
3877  -5.794  -82.253  24.503 0.0000000000
3878  -5.849  -82.154  23.174 0.0000000000
3883  1.228  -80.741  20.702 0.0000000000
3898  1.252  -80.842  19.482 0.0000000000
3912  1.142  -80.920  18.263 0.0000000000
3922  0.638  -79.766  16.489 0.0000000000
3923  0.893  -80.307  16.882 0.0000000000
3931  0.564  -79.684  16.185 0.0000000000
3932  0.497  -80.225  16.001 0.0000000000
3933  -0.023  -81.483  15.495 0.0000000000
3934  -0.494  -81.594  15.176 0.0000000000
3946  0.394  -79.496  15.504 0.0000000000
3947  0.174  -80.261  15.250 0.0000000000
3948  -0.012  -80.962  14.742 0.0000000000
3949  -0.764  -81.415  14.319 0.0000000000
3950  -1.342  -81.489  13.898 0.0000000000
3967  0.274  -79.506  14.873 0.0000000000
3968  0.238  -79.826  14.166 0.0000000000
3969  0.051  -80.529  13.560 0.0000000000
3970  -0.631  -81.065  13.103 0.0000000000
3971  -1.720  -81.519  13.581 0.0000000000
3993  0.418  -79.555  13.499 0.0000000000
3994  0.260  -79.929  13.520 0.0000000000
3995  -0.562  -80.862  12.255 0.0000000000
3996  -1.422  -81.351  12.482 0.0000000000
4015  -0.517  -80.505  11.469 0.0000000000
4016  -1.042  -80.960  11.112 0.0000000000
4035  -0.732  -79.923  10.197 0.0000000000
4036  -0.980  -80.742  10.368 0.0000000000
4044  -1.480  -79.797  8.936 0.0000000000
4045  -2.654  -79.204  8.820 0.0000000000
4046  -3.951  -79.060  9.119 0.0000000000
4053  -1.849  -81.017  7.735 0.0000000000
4054  -1.784  -80.666  8.020 0.0000000000
4055  -2.458  -79.944  8.064 0.0000000000
4056  -3.526  -79.716  8.256 0.0000000000
4057  -4.518  -79.635  8.378 0.0000000000
4069  -1.924  -81.195  7.580 0.0000000000
4070  -2.120  -81.007  7.542 0.0000000000
4071  -2.577  -80.642  7.506 0.0000000000
4403  -7.984  -79.027  31.456 0.0000000000
4409  -4.401  -80.645  31.319 0.0000000000
4410  -4.822  -80.961  30.838 0.0000000000
4411  -8.706  -78.949  30.393 0.0000000000
4414  -2.275  -80.867  30.403 0.0000000000
4415  -3.476  -81.152  30.733 0.0000000000
4416  -4.768  -81.470  30.004 0.0000000000
4417  -9.688  -79.010  29.219 0.0000000000
4418  -10.536  -78.848  28.339 0.0000000000
4421  -0.755  -81.267  28.567 0.0000000000
4422  -1.676  -81.446  29.366 0.0000000000
4423  -3.737  -82.144  29.534 0.0000000000
4424  -4.865  -81.703  29.295 0.0000000000
4425  -10.208  -79.320  28.467 0.0000000000
4426  -10.788  -79.033  27.643 0.0000000000
4428  -0.799  -81.415  27.915 0.0000000000
4429  -1.597  -81.996  28.650 0.0000000000
4430  -4.552  -82.391  28.420 0.0000000000
4431  -11.030  -78.842  26.813 0.0000000000
4433  0.371  -81.420  26.580 0.0000000000
4434  -5.670  -82.516  27.628 0.0000000000
4435  -11.254  -78.392  26.154 0.0000000000
4437  0.606  -81.033  25.057 0.0000000000
4438  -5.808  -81.986  26.509 0.0000000000
4442  -9.800  -79.746  26.424 0.0000000000
4443  -10.430  -78.670  26.448 0.0000000000
4444  -11.094  -78.046  26.028 0.0000000000
4445  -11.333  -78.097  25.785 0.0000000000
4448  1.130  -80.596  23.633 0.0000000000
4449  -5.429  -81.299  25.493 0.0000000000
4452  -11.345  -77.732  25.453 0.0000000000
4453  -11.333  -77.936  25.575 0.0000000000
4462  1.565  -80.127  22.312 0.0000000000
4463  -5.354  -81.261  24.606 0.0000000000
4464  -5.728  -81.488  23.611 0.0000000000
4475  1.572  -80.097  21.058 0.0000000000
4476  1.892  -79.385  20.055 0.0000000000
4489  1.741  -80.047  19.651 0.0000000000
4490  1.000  -78.795  18.703 0.0000000000
4491  -0.510  -77.946  17.822 0.0000000000
4492  -1.552  -77.573  17.406 0.0000000000
4511  1.156  -79.580  17.989 0.0000000000
4512  -0.259  -78.197  17.645 0.0000000000
4513  -1.363  -77.599  17.222 0.0000000000
4514  -2.280  -77.543  17.183 0.0000000000
4529  0.597  -79.391  16.349 0.0000000000
4530  0.533  -79.057  16.737 0.0000000000
4531  -0.293  -78.306  17.029 0.0000000000
4532  -1.272  -77.311  16.928 0.0000000000
4533  -2.468  -77.594  16.628 0.0000000000
4534  -3.364  -77.320  16.417 0.0000000000
4539  0.484  -79.032  15.768 0.0000000000
4540  0.270  -78.669  15.943 0.0000000000
4541  -0.330  -78.159  16.194 0.0000000000
4542  -1.058  -77.365  16.450 0.0000000000
4543  -2.242  -77.095  16.143 0.0000000000
4544  -3.469  -77.181  15.960 0.0000000000
4545  -4.109  -76.950  15.738 0.0000000000
4550  0.499  -78.942  15.327 0.0000000000
4551  -0.065  -78.354  15.568 0.0000000000
4552  -0.172  -78.238  15.777 0.0000000000
4553  -2.765  -76.883  15.633 0.0000000000
4554  -3.375  -76.976  15.690 0.0000000000
4555  -3.870  -76.914  15.611 0.0000000000
4562  0.456  -79.055  15.010 0.0000000000
4563  0.519  -78.926  14.433 0.0000000000
4564  0.178  -80.253  13.113 0.0000000000
4565  0.016  -80.397  12.946 0.0000000000
4577  0.428  -78.872  13.509 0.0000000000
4578  0.309  -79.730  12.937 0.0000000000
4579  -0.112  -80.200  12.196 0.0000000000
4589  0.135  -78.625  12.557 0.0000000000
4590  0.078  -79.100  11.951 0.0000000000
4591  -0.231  -79.409  11.133 0.0000000000
4604  -0.221  -78.342  11.965 0.0000000000
4605  -0.421  -78.415  11.372 0.0000000000
4606  -1.124  -78.467  10.424 0.0000000000
4607  -2.648  -77.976  10.231 0.0000000000
4617  -1.285  -79.199  9.705 0.0000000000
4618  -1.922  -78.757  9.491 0.0000000000
4619  -3.259  -78.448  9.638 0.0000000000
4927  -7.651  -78.838  31.867 0.0000000000
4931  -3.977  -78.733  31.999 0.0000000000
4932  -4.793  -79.008  31.872 0.0000000000
4933  -5.701  -78.820  31.285 0.0000000000
4934  -7.538  -78.508  31.858 0.0000000000
4935  -8.369  -78.548  30.688 0.0000000000
4941  -2.299  -79.344  31.084 0.0000000000
4942  -3.693  -79.713  31.616 0.0000000000
4943  -5.468  -80.045  31.202 0.0000000000
4944  -6.627  -78.823  30.516 0.0000000000
4945  -7.340  -78.190  30.143 0.0000000000
4946  -9.486  -78.457  29.448 0.0000000000
4951  -1.404  -80.071  30.230 0.0000000000
4952  -2.626  -80.356  30.938 0.0000000000
4953  -5.861  -80.823  30.047 0.0000000000
4954  -6.849  -79.902  29.928 0.0000000000
4955  -7.657  -78.614  29.497 0.0000000000
4956  -8.310  -78.237  28.923 0.0000000000
4957  -10.353  -78.376  28.559 0.0000000000
4958  -10.832  -78.382  27.721 0.0000000000
4961  -0.365  -80.511  28.150 0.0000000000
4962  -0.483  -80.202  29.151 0.0000000000
4963  -5.133  -81.802  28.677 0.0000000000
4964  -5.780  -81.208  28.755 0.0000000000
4965  -6.793  -80.436  28.510 0.0000000000
4966  -7.642  -79.555  28.719 0.0000000000
4967  -8.384  -78.700  28.503 0.0000000000
4968  -8.678  -78.244  28.102 0.0000000000
4969  -11.057  -78.372  26.846 0.0000000000
4972  0.485  -80.542  27.061 0.0000000000
4973  -5.758  -81.781  27.797 0.0000000000
4974  -5.676  -80.948  27.639 0.0000000000
4975  -6.746  -79.961  27.441 0.0000000000
4976  -7.373  -79.858  27.452 0.0000000000
4977  -8.348  -79.391  27.833 0.0000000000
4978  -8.776  -78.548  27.823 0.0000000000
4979  -11.272  -78.151  26.099 0.0000000000
4980  -11.404  -77.833  25.652 0.0000000000
4982  0.726  -80.463  26.248 0.0000000000
4983  -5.681  -81.532  26.891 0.0000000000
4984  -5.550  -80.681  26.415 0.0000000000
4985  -7.291  -79.917  26.396 0.0000000000
4986  -8.032  -79.921  26.827 0.0000000000
4987  -9.222  -79.125  27.287 0.0000000000
4988  -9.958  -78.439  26.762 0.0000000000
4989  -11.341  -78.031  25.786 0.0000000000
4990  -11.391  -77.732  25.428 0.0000000000
4992  1.003  -80.323  25.499 0.0000000000
4993  -5.368  -80.901  25.850 0.0000000000
4994  -5.115  -80.178  25.143 0.0000000000
4995  -6.868  -80.367  25.286 0.0000000000
4996  -8.308  -80.271  26.239 0.0000000000
4997  -9.626  -79.533  26.739 0.0000000000
4998  -10.525  -78.163  26.365 0.0000000000
4999  -11.012  -77.744  25.763 0.0000000000
5000  -11.145  -77.704  25.550 0.0000000000
5001  -11.373  -77.916  25.587 0.0000000000
5002  -11.368  -77.591  25.242 0.0000000000
5004  1.424  -80.010  24.276 0.0000000000
5005  -5.177  -80.618  24.934 0.0000000000
5006  -4.976  -80.224  24.390 0.0000000000
5009  -10.993  -77.328  25.398 0.0000000000
5010  -11.075  -77.522  25.183 0.0000000000
5011  -11.212  -77.724  25.167 0.0000000000
5012  -11.247  -77.511  25.088 0.0000000000
5015  1.739  -79.626  22.945 0.0000000000
5016  -5.247  -80.569  24.370 0.0000000000
5017  -5.307  -80.669  23.756 0.0000000000
5029  1.893  -79.121  21.304 0.0000000000
5030  1.414  -78.460  19.662 0.0000000000
5031  -5.370  -81.275  23.055 0.0000000000
5043  0.287  -78.055  18.433 0.0000000000
5044  -0.911  -77.595  17.494 0.0000000000
5045  -2.481  -77.542  16.923 0.0000000000
5046  -3.361  -77.690  16.968 0.0000000000
5056  -3.058  -77.650  16.836 0.0000000000
5057  -3.705  -77.576  16.712 0.0000000000
5058  -4.483  -77.423  16.611 0.0000000000
5068  -2.785  -77.643  16.878 0.0000000000
5069  -3.426  -77.517  16.588 0.0000000000
5070  -4.267  -77.297  16.471 0.0000000000
5071  -4.959  -77.328  16.054 0.0000000000
5080  0.406  -78.714  15.664 0.0000000000
5081  0.232  -78.545  15.566 0.0000000000
5082  -0.850  -77.621  15.965 0.0000000000
5083  -1.441  -77.360  15.774 0.0000000000
5084  -2.174  -77.131  15.567 0.0000000000
5085  -3.839  -77.217  16.393 0.0000000000
5086  -4.336  -77.177  15.931 0.0000000000
5087  -5.204  -76.996  15.690 0.0000000000
5094  0.399  -78.686  15.415 0.0000000000
5095  -0.025  -78.405  15.182 0.0000000000
5096  -0.577  -77.784  15.343 0.0000000000
5097  -1.667  -77.264  15.022 0.0000000000
5098  -2.543  -77.104  14.980 0.0000000000
5099  -3.370  -76.939  15.178 0.0000000000
5100  -4.324  -76.640  15.556 0.0000000000
5101  -5.380  -76.481  15.336 0.0000000000
5105  0.340  -78.670  14.933 0.0000000000
5106  -0.194  -78.142  14.242 0.0000000000
5107  -1.132  -77.316  14.297 0.0000000000
5108  -2.004  -76.931  14.128 0.0000000000
5109  -2.942  -76.829  14.403 0.0000000000
5110  -3.930  -76.717  14.638 0.0000000000
5111  -4.958  -76.559  14.844 0.0000000000
5112  -5.561  -76.388  14.974 0.0000000000
5122  -0.294  -77.991  13.018 0.0000000000
5123  -1.158  -77.248  13.344 0.0000000000
5124  -1.570  -77.093  13.725 0.0000000000
5135  -0.352  -78.003  12.266 0.0000000000
5136  -1.064  -77.374  12.415 0.0000000000
5137  -1.840  -76.829  11.850 0.0000000000
5138  -3.004  -77.034  11.682 0.0000000000
5152  -0.372  -78.074  12.003 0.0000000000
5153  -0.541  -77.906  11.848 0.0000000000
5154  -1.058  -77.500  11.345 0.0000000000
5155  -1.993  -77.136  10.861 0.0000000000
5428  -3.189  -77.400  32.125 0.0000000000
5429  -3.454  -77.395  32.114 0.0000000000
5435  -2.374  -77.720  31.655 0.0000000000
5436  -3.057  -77.920  31.915 0.0000000000
5437  -4.184  -77.870  31.984 0.0000000000
5438  -5.235  -78.008  31.513 0.0000000000
5439  -6.898  -77.758  31.844 0.0000000000
5440  -7.642  -78.061  30.927 0.0000000000
5441  -8.477  -78.148  30.198 0.0000000000
5446  -2.156  -78.115  31.215 0.0000000000
5447  -2.833  -78.798  31.447 0.0000000000
5448  -6.319  -77.870  31.092 0.0000000000
5449  -7.065  -77.893  30.467 0.0000000000
5450  -8.313  -77.821  29.769 0.0000000000
5451  -9.173  -77.924  29.470 0.0000000000
5457  -1.312  -78.523  30.280 0.0000000000
5458  -6.991  -77.391  30.511 0.0000000000
5459  -7.798  -77.550  29.935 0.0000000000
5460  -8.265  -77.811  29.254 0.0000000000
5461  -10.041  -77.770  28.689 0.0000000000
5462  -10.513  -77.721  27.816 0.0000000000
5467  0.031  -79.463  28.143 0.0000000000
5468  -0.365  -78.582  28.841 0.0000000000
5469  -5.789  -80.615  27.628 0.0000000000
5470  -6.006  -80.418  27.640 0.0000000000
5471  -8.201  -77.233  29.045 0.0000000000
5472  -8.683  -77.605  28.295 0.0000000000
5473  -8.845  -78.039  27.897 0.0000000000
5474  -10.305  -77.828  26.595 0.0000000000
5482  0.618  -79.514  27.149 0.0000000000
5483  0.244  -78.392  27.244 0.0000000000
5484  -5.737  -80.284  26.709 0.0000000000
5485  -6.274  -80.031  26.963 0.0000000000
5486  -6.711  -79.855  26.980 0.0000000000
5487  -8.976  -77.078  27.582 0.0000000000
5488  -9.296  -77.670  27.519 0.0000000000
5489  -10.613  -77.739  26.002 0.0000000000
5490  -11.104  -77.563  25.556 0.0000000000
5501  1.089  -79.644  25.949 0.0000000000
5502  0.651  -78.432  25.862 0.0000000000
5503  -5.315  -80.057  25.522 0.0000000000
5504  -5.707  -79.942  25.753 0.0000000000
5505  -6.547  -79.903  26.175 0.0000000000
5506  -9.877  -77.767  26.990 0.0000000000
5507  -10.157  -77.479  26.327 0.0000000000
5508  -11.094  -77.536  25.176 0.0000000000
5519  1.298  -79.556  24.798 0.0000000000
5520  0.965  -78.684  24.574 0.0000000000
5521  -5.013  -80.002  24.910 0.0000000000
5522  -5.210  -79.921  24.842 0.0000000000
5523  -5.670  -80.075  24.737 0.0000000000
5524  -10.489  -77.260  25.834 0.0000000000
5525  -10.775  -77.289  25.481 0.0000000000
5526  -11.138  -77.307  25.048 0.0000000000
5534  1.556  -79.136  23.689 0.0000000000
5535  0.933  -78.098  23.107 0.0000000000
5536  -5.022  -79.955  24.496 0.0000000000
5537  -5.090  -80.049  24.150 0.0000000000
5539  -10.872  -76.984  25.203 0.0000000000
5540  -10.810  -76.790  24.985 0.0000000000
5541  -10.881  -76.995  24.846 0.0000000000
5542  -10.923  -77.230  24.888 0.0000000000
5545  1.670  -78.693  22.393 0.0000000000
5546  1.249  -77.787  21.779 0.0000000000
5547  -5.019  -80.147  23.946 0.0000000000
5548  -5.138  -80.475  23.530 0.0000000000
5553  1.503  -78.310  21.488 0.0000000000
5554  1.325  -77.838  20.496 0.0000000000
5555  0.703  -77.439  19.547 0.0000000000
5564  0.771  -77.826  19.241 0.0000000000
5565  -0.213  -77.615  18.270 0.0000000000
5566  -1.668  -77.541  17.143 0.0000000000
5567  -3.284  -77.502  16.870 0.0000000000
5568  -4.554  -77.567  16.758 0.0000000000
5576  -3.841  -77.554  16.800 0.0000000000
5577  -4.703  -77.624  16.551 0.0000000000
5584  -4.875  -77.448  16.333 0.0000000000
5585  -5.770  -77.169  15.937 0.0000000000
5596  -5.991  -76.508  15.451 0.0000000000
5609  -5.892  -76.357  15.070 0.0000000000
5620  -1.972  -76.644  13.645 0.0000000000
5621  -2.380  -76.670  13.653 0.0000000000
5622  -3.290  -76.648  13.741 0.0000000000
5623  -4.414  -76.513  13.869 0.0000000000
5624  -5.750  -76.472  14.172 0.0000000000
5639  -1.519  -76.772  13.132 0.0000000000
5640  -1.754  -76.564  13.311 0.0000000000
5641  -2.458  -76.366  13.045 0.0000000000
5642  -3.543  -76.486  12.976 0.0000000000
5663  -1.480  -76.720  12.896 0.0000000000
5664  -1.851  -76.581  12.639 0.0000000000
5665  -2.602  -76.368  12.385 0.0000000000
5666  -3.756  -76.583  12.168 0.0000000000
5945  -6.258  -76.549  32.407 0.0000000000
5949  -2.213  -76.238  32.102 0.0000000000
5950  -3.050  -76.840  32.195 0.0000000000
5951  -3.781  -76.858  32.160 0.0000000000
5952  -5.999  -76.881  31.081 0.0000000000
5953  -6.481  -77.262  32.145 0.0000000000
5957  -1.936  -77.038  31.576 0.0000000000
5958  -2.567  -77.021  32.040 0.0000000000
5959  -4.807  -76.747  31.567 0.0000000000
5960  -5.648  -77.391  31.296 0.0000000000
5961  -6.407  -76.641  30.538 0.0000000000
5962  -6.710  -77.260  30.665 0.0000000000
5963  -7.651  -77.329  29.837 0.0000000000
5966  -1.123  -77.320  30.627 0.0000000000
5967  -5.324  -75.873  30.751 0.0000000000
5968  -6.024  -76.853  30.940 0.0000000000
5969  -8.622  -77.151  28.735 0.0000000000
5970  -9.601  -77.408  28.704 0.0000000000
5973  -0.590  -77.432  29.462 0.0000000000
5974  -5.166  -75.535  29.858 0.0000000000
5975  -6.307  -76.096  29.726 0.0000000000
5976  -7.174  -77.032  29.799 0.0000000000
5977  -8.856  -76.575  27.840 0.0000000000
5978  -9.526  -76.996  27.482 0.0000000000
5979  -10.357  -77.269  27.149 0.0000000000
5985  -0.264  -77.217  28.354 0.0000000000
5986  -0.317  -76.546  27.515 0.0000000000
5987  -6.669  -75.730  28.408 0.0000000000
5988  -7.522  -76.613  28.956 0.0000000000
5989  -8.228  -76.786  28.321 0.0000000000
5990  -9.697  -76.551  26.615 0.0000000000
5991  -9.950  -77.018  26.524 0.0000000000
6004  -0.058  -77.328  27.402 0.0000000000
6005  -0.513  -76.339  26.398 0.0000000000
6006  -6.994  -76.060  27.958 0.0000000000
6007  -7.588  -76.166  27.680 0.0000000000
6008  -8.724  -76.325  27.417 0.0000000000
6009  -9.290  -76.673  27.199 0.0000000000
6010  -9.676  -76.426  26.156 0.0000000000
6011  -10.164  -76.731  25.921 0.0000000000
6012  -10.720  -77.088  25.605 0.0000000000
6022  0.137  -77.218  26.038 0.0000000000
6023  -0.789  -76.092  24.999 0.0000000000
6024  -9.096  -76.253  26.697 0.0000000000
6025  -9.670  -76.649  26.416 0.0000000000
6026  -10.270  -76.783  25.825 0.0000000000
6027  -10.506  -76.209  25.082 0.0000000000
6028  -11.087  -77.010  25.047 0.0000000000
6035  0.453  -77.141  24.160 0.0000000000
6036  -0.447  -75.925  23.567 0.0000000000
6037  0.028  -75.606  23.037 0.0000000000
6038  -9.848  -76.061  25.088 0.0000000000
6039  -10.571  -76.535  25.222 0.0000000000
6040  -10.771  -76.719  25.114 0.0000000000
6041  -10.727  -76.462  24.586 0.0000000000
6042  -11.068  -76.971  24.812 0.0000000000
6053  0.888  -77.040  22.306 0.0000000000
6054  0.394  -76.346  22.643 0.0000000000
6055  0.245  -75.824  22.575 0.0000000000
6056  -9.626  -75.429  24.083 0.0000000000
6057  -10.228  -75.757  24.364 0.0000000000
6058  -10.439  -76.114  24.457 0.0000000000
6059  -10.635  -76.199  24.157 0.0000000000
6060  -10.829  -76.645  24.518 0.0000000000
6061  -10.868  -76.852  24.714 0.0000000000
6067  1.179  -77.035  20.936 0.0000000000
6068  0.713  -76.289  21.295 0.0000000000
6069  0.480  -76.019  22.037 0.0000000000
6070  -10.363  -75.526  23.809 0.0000000000
6071  -10.383  -75.764  23.965 0.0000000000
6074  0.959  -77.244  20.168 0.0000000000
6075  0.439  -76.855  19.639 0.0000000000
6084  -0.384  -77.202  18.386 0.0000000000
6085  -1.073  -77.588  17.337 0.0000000000
6086  -2.268  -77.418  16.631 0.0000000000
6087  -3.557  -77.261  16.491 0.0000000000
6088  -4.687  -77.236  16.405 0.0000000000
6391  -10.760  -76.386  37.408 0.0000000000
6392  -11.075  -76.459  37.465 0.0000000000
6393  -11.848  -76.628  37.473 0.0000000000
6394  -12.938  -76.741  37.261 0.0000000000
6404  -10.738  -76.464  37.124 0.0000000000
6405  -11.177  -76.770  36.771 0.0000000000
6440  -5.938  -75.839  32.703 0.0000000000
6451  -1.811  -75.287  32.187 0.0000000000
6452  -2.752  -75.487  32.278 0.0000000000
6453  -3.339  -76.281  32.259 0.0000000000
6454  -5.518  -76.179  31.188 0.0000000000
6458  -1.323  -75.729  31.849 0.0000000000
6459  -3.426  -74.825  32.164 0.0000000000
6460  -3.758  -75.888  32.104 0.0000000000
6461  -6.088  -76.269  30.327 0.0000000000
6462  -6.816  -76.334  29.775 0.0000000000
6463  -7.178  -76.973  29.858 0.0000000000
6467  -0.778  -76.201  30.957 0.0000000000
6468  -3.728  -74.445  31.899 0.0000000000
6469  -4.341  -75.096  31.502 0.0000000000
6470  -7.293  -76.066  28.723 0.0000000000
6471  -7.673  -76.597  29.199 0.0000000000
6474  -0.514  -76.534  29.909 0.0000000000
6475  -4.759  -74.991  30.119 0.0000000000
6476  -5.069  -75.051  29.128 0.0000000000
6477  -7.519  -75.559  28.366 0.0000000000
6478  -8.249  -75.919  28.051 0.0000000000
6479  -8.816  -76.290  27.228 0.0000000000
6485  -0.406  -76.240  28.498 0.0000000000
6486  -0.623  -75.679  26.901 0.0000000000
6487  -5.659  -74.989  28.095 0.0000000000
6488  -8.578  -75.737  26.868 0.0000000000
6489  -9.162  -76.061  26.396 0.0000000000
6503  -1.364  -75.461  25.606 0.0000000000
6504  -6.538  -75.383  27.214 0.0000000000
6505  -7.474  -75.366  26.436 0.0000000000
6506  -8.728  -75.604  26.450 0.0000000000
6507  -9.448  -75.896  25.584 0.0000000000
6508  -9.848  -75.931  25.166 0.0000000000
6522  -1.344  -75.238  24.346 0.0000000000
6523  -0.864  -75.122  23.905 0.0000000000
6524  -7.944  -75.089  25.286 0.0000000000
6525  -9.082  -75.708  25.830 0.0000000000
6526  -9.520  -76.035  25.665 0.0000000000
6527  -9.527  -75.441  24.834 0.0000000000
6528  -9.963  -75.664  24.636 0.0000000000
6537  -0.735  -75.476  23.856 0.0000000000
6538  -0.268  -75.372  23.450 0.0000000000
6539  -7.918  -74.944  24.731 0.0000000000
6540  -8.272  -75.019  24.550 0.0000000000
6541  -9.125  -75.652  24.927 0.0000000000
6542  -10.309  -75.828  24.416 0.0000000000
6554  0.315  -75.526  22.448 0.0000000000
6555  -8.348  -74.615  24.051 0.0000000000
6556  -8.931  -75.020  23.994 0.0000000000
6557  -9.662  -74.946  23.527 0.0000000000
6558  -10.270  -75.434  23.965 0.0000000000
6559  -10.416  -75.434  23.721 0.0000000000
6560  -10.468  -75.852  24.154 0.0000000000
6569  0.506  -75.933  21.000 0.0000000000
6570  0.468  -75.791  21.645 0.0000000000
6571  -9.768  -74.728  23.239 0.0000000000
6572  -10.135  -75.099  23.423 0.0000000000
6573  -10.508  -75.265  23.514 0.0000000000
6579  0.200  -76.086  20.219 0.0000000000
6587  -0.475  -76.477  18.451 0.0000000000
6588  -1.587  -77.202  16.669 0.0000000000
6589  -2.780  -77.196  16.148 0.0000000000
6590  -3.922  -77.036  16.117 0.0000000000
6604  -0.491  -75.460  17.278 0.0000000000
6605  -0.851  -76.117  16.798 0.0000000000
6606  -2.205  -76.537  15.857 0.0000000000
6607  -3.301  -76.973  15.755 0.0000000000
6608  -4.329  -76.944  15.773 0.0000000000
6621  -0.697  -75.128  16.672 0.0000000000
6622  -1.434  -75.308  15.790 0.0000000000
6623  -2.157  -75.610  15.600 0.0000000000
6628  -1.664  -74.926  15.240 0.0000000000
6629  -1.819  -75.120  15.304 0.0000000000
6952  -8.825  -75.394  37.407 0.0000000000
6953  -9.612  -75.494  37.759 0.0000000000
6954  -10.607  -75.625  38.099 0.0000000000
6955  -11.442  -75.589  38.184 0.0000000000
6956  -11.903  -75.475  38.196 0.0000000000
6962  -8.623  -75.634  37.056 0.0000000000
6963  -9.379  -75.948  37.233 0.0000000000
6964  -10.440  -76.201  37.545 0.0000000000
6965  -11.311  -76.184  38.005 0.0000000000
6966  -12.398  -75.908  38.048 0.0000000000
6967  -13.678  -76.099  37.691 0.0000000000
6968  -14.552  -76.006  37.543 0.0000000000
6979  -8.584  -75.655  36.818 0.0000000000
6980  -9.011  -75.840  36.728 0.0000000000
6981  -10.153  -76.474  36.427 0.0000000000
7012  -5.021  -74.790  32.922 0.0000000000
7013  -5.702  -75.274  33.075 0.0000000000
7027  -1.833  -74.428  32.310 0.0000000000
7028  -2.585  -74.186  32.336 0.0000000000
7029  -4.949  -74.467  32.114 0.0000000000
7030  -5.246  -75.066  31.424 0.0000000000
7043  -1.117  -74.627  32.095 0.0000000000
7044  -3.325  -73.920  32.229 0.0000000000
7045  -6.029  -75.169  30.121 0.0000000000
7046  -6.218  -75.937  29.604 0.0000000000
7050  -0.673  -74.915  31.199 0.0000000000
7051  -3.965  -73.949  31.580 0.0000000000
7052  -4.669  -74.109  30.882 0.0000000000
7053  -6.486  -74.598  29.422 0.0000000000
7054  -6.844  -75.248  28.931 0.0000000000
7061  -0.481  -75.294  29.556 0.0000000000
7062  -4.696  -74.027  29.276 0.0000000000
7063  -5.038  -74.525  28.476 0.0000000000
7064  -7.747  -74.878  28.016 0.0000000000
7065  -8.219  -74.926  27.052 0.0000000000
7074  -0.629  -75.056  27.482 0.0000000000
7075  -1.299  -75.104  26.128 0.0000000000
7076  -4.958  -73.596  28.541 0.0000000000
7077  -5.155  -73.977  27.920 0.0000000000
7078  -8.695  -75.136  26.121 0.0000000000
7079  -9.016  -75.596  25.761 0.0000000000
7090  -1.536  -74.997  25.183 0.0000000000
7091  -5.882  -74.299  26.807 0.0000000000
7092  -6.544  -74.724  26.239 0.0000000000
7093  -8.861  -74.368  25.834 0.0000000000
7094  -9.261  -74.743  25.452 0.0000000000
7107  -1.513  -74.962  24.503 0.0000000000
7108  -1.099  -75.065  24.074 0.0000000000
7109  -6.407  -74.094  26.074 0.0000000000
7110  -7.072  -74.460  25.477 0.0000000000
7111  -9.787  -74.280  24.801 0.0000000000
7112  -9.996  -74.987  24.518 0.0000000000
7125  -0.172  -75.140  23.429 0.0000000000
7126  -7.721  -74.620  24.742 0.0000000000
7127  -7.981  -74.262  24.297 0.0000000000
7128  -10.212  -74.053  24.257 0.0000000000
7129  -10.218  -75.129  24.175 0.0000000000
7140  0.302  -75.257  22.377 0.0000000000
7141  -8.428  -74.160  23.870 0.0000000000
7142  -8.918  -74.218  23.424 0.0000000000
7143  -9.676  -74.193  23.336 0.0000000000
7144  -10.134  -74.059  23.451 0.0000000000
7145  -10.346  -74.539  23.778 0.0000000000
7146  -10.301  -75.450  24.050 0.0000000000
7155  0.402  -75.733  20.900 0.0000000000
7156  0.415  -75.478  21.309 0.0000000000
7157  -9.940  -74.608  23.130 0.0000000000
7158  -10.163  -74.605  23.228 0.0000000000
7159  -10.346  -74.719  23.400 0.0000000000
7166  0.236  -75.702  20.502 0.0000000000
7187  -0.314  -75.470  18.427 0.0000000000
7188  -3.010  -76.733  15.587 0.0000000000
7189  -3.655  -76.607  15.564 0.0000000000
7206  -0.370  -74.471  17.150 0.0000000000
7207  -0.844  -74.478  16.090 0.0000000000
7208  -2.880  -76.017  15.658 0.0000000000
7209  -3.741  -75.656  15.532 0.0000000000
7222  -1.411  -74.658  15.409 0.0000000000
7223  -2.277  -74.933  15.284 0.0000000000
7224  -3.840  -74.556  15.421 0.0000000000
7597  -7.211  -73.342  37.586 0.0000000000
7598  -7.616  -73.703  37.641 0.0000000000
7599  -8.600  -74.548  37.728 0.0000000000
7600  -9.910  -74.853  38.049 0.0000000000
7601  -10.840  -75.011  38.256 0.0000000000
7602  -11.580  -74.881  38.190 0.0000000000
7603  -12.150  -75.227  38.105 0.0000000000
7610  -6.969  -73.577  37.426 0.0000000000
7611  -7.449  -74.279  37.353 0.0000000000
7612  -8.086  -75.053  37.202 0.0000000000
7613  -12.115  -74.519  37.811 0.0000000000
7614  -12.692  -74.890  37.808 0.0000000000
7615  -13.471  -75.030  37.643 0.0000000000
7616  -14.298  -75.260  37.547 0.0000000000
7617  -15.099  -75.248  37.506 0.0000000000
7618  -15.851  -75.260  37.479 0.0000000000
7625  -6.670  -73.943  37.039 0.0000000000
7626  -7.213  -74.570  36.778 0.0000000000
7627  -8.264  -75.381  36.579 0.0000000000
7628  -9.290  -75.836  35.845 0.0000000000
7630  -14.096  -74.569  37.396 0.0000000000
7631  -14.729  -74.314  37.212 0.0000000000
7632  -15.669  -74.276  37.102 0.0000000000
7633  -16.621  -74.514  37.220 0.0000000000
7634  -17.538  -74.269  36.919 0.0000000000
7648  -17.971  -73.767  36.438 0.0000000000
7658  -4.749  -74.305  33.643 0.0000000000
7659  -5.035  -74.511  34.050 0.0000000000
7668  -4.676  -74.125  32.822 0.0000000000
7669  -5.574  -74.737  33.641 0.0000000000
7681  -1.759  -73.443  32.404 0.0000000000
7682  -2.501  -73.155  32.422 0.0000000000
7683  -4.676  -73.634  31.843 0.0000000000
7684  -5.068  -73.797  31.094 0.0000000000
7703  -1.193  -73.699  32.212 0.0000000000
7704  -3.618  -73.059  32.045 0.0000000000
7705  -5.578  -74.187  30.395 0.0000000000
7720  -0.578  -73.726  31.677 0.0000000000
7721  -4.637  -73.193  31.389 0.0000000000
7722  -4.664  -73.472  30.587 0.0000000000
7723  -6.195  -74.018  29.688 0.0000000000
7724  -6.740  -73.997  28.968 0.0000000000
7731  -0.358  -73.872  30.222 0.0000000000
7732  -4.830  -73.070  30.890 0.0000000000
7733  -4.755  -73.052  30.130 0.0000000000
7734  -7.340  -74.000  28.224 0.0000000000
7735  -7.809  -73.902  27.314 0.0000000000
7746  -0.456  -73.954  27.878 0.0000000000
7747  -1.199  -74.670  26.085 0.0000000000
7748  -5.020  -73.165  29.151 0.0000000000
7749  -5.246  -73.134  28.295 0.0000000000
7750  -8.496  -73.764  26.343 0.0000000000
7751  -8.646  -72.852  25.566 0.0000000000
7761  0.431  -73.965  25.094 0.0000000000
7762  -1.367  -74.673  24.943 0.0000000000
7763  -5.915  -73.308  27.222 0.0000000000
7764  -6.508  -72.994  27.027 0.0000000000
7765  -9.016  -73.781  25.691 0.0000000000
7766  -9.366  -73.347  25.216 0.0000000000
7777  0.898  -74.166  23.109 0.0000000000
7778  -0.216  -74.807  23.906 0.0000000000
7779  -0.488  -75.027  23.630 0.0000000000
7780  -6.184  -73.785  26.396 0.0000000000
7781  -7.007  -73.385  26.107 0.0000000000
7782  -7.846  -72.974  25.747 0.0000000000
7783  -9.646  -73.192  24.564 0.0000000000
7796  0.885  -73.271  20.043 0.0000000000
7797  1.155  -73.851  20.841 0.0000000000
7798  0.979  -74.198  21.880 0.0000000000
7799  0.480  -74.694  22.580 0.0000000000
7800  0.037  -75.018  23.208 0.0000000000
7801  -7.508  -73.973  24.886 0.0000000000
7802  -8.206  -73.404  24.713 0.0000000000
7803  -8.876  -73.086  24.714 0.0000000000
7804  -9.961  -73.189  24.295 0.0000000000
7815  0.161  -73.008  18.446 0.0000000000
7816  0.305  -75.010  22.283 0.0000000000
7817  -8.603  -73.770  23.827 0.0000000000
7818  -9.027  -73.378  23.957 0.0000000000
7819  -9.833  -73.278  23.820 0.0000000000
7820  -10.213  -73.328  23.868 0.0000000000
7821  -10.277  -73.342  24.103 0.0000000000
7830  0.311  -75.184  20.974 0.0000000000
7837  0.163  -75.481  20.424 0.0000000000
7844  -2.507  -71.794  17.410 0.0000000000
7855  -2.382  -71.978  17.178 0.0000000000
7856  -2.707  -71.917  17.178 0.0000000000
7869  -0.451  -73.778  17.139 0.0000000000
7870  -1.507  -73.922  16.088 0.0000000000
7871  -2.776  -73.587  16.027 0.0000000000
7872  -3.390  -73.293  15.772 0.0000000000
7883  -1.771  -74.513  15.480 0.0000000000
7884  -2.538  -74.158  15.520 0.0000000000
7885  -3.965  -73.564  15.387 0.0000000000
8289  -6.915  -73.088  37.552 0.0000000000
8290  -7.445  -73.043  37.732 0.0000000000
8291  -8.294  -73.349  37.895 0.0000000000
8292  -9.384  -73.784  38.014 0.0000000000
8293  -10.471  -74.125  37.961 0.0000000000
8294  -11.087  -74.425  38.058 0.0000000000
8301  -6.310  -73.003  37.054 0.0000000000
8302  -6.940  -72.456  37.589 0.0000000000
8303  -7.900  -72.356  37.821 0.0000000000
8304  -9.018  -72.600  37.925 0.0000000000
8305  -10.143  -73.041  37.884 0.0000000000
8306  -11.436  -73.431  37.613 0.0000000000
8307  -12.667  -73.946  37.476 0.0000000000
8308  -13.180  -74.394  37.498 0.0000000000
8314  -5.992  -73.910  36.214 0.0000000000
8315  -7.239  -74.787  35.988 0.0000000000
8316  -8.543  -75.271  35.532 0.0000000000
8318  -11.848  -72.384  37.057 0.0000000000
8319  -12.606  -72.820  37.059 0.0000000000
8320  -13.775  -73.578  37.036 0.0000000000
8321  -15.266  -72.905  36.498 0.0000000000
8322  -16.298  -73.345  36.490 0.0000000000
8323  -17.174  -73.527  36.424 0.0000000000
8324  -17.654  -73.624  36.366 0.0000000000
8331  -5.158  -73.937  35.083 0.0000000000
8332  -6.316  -74.478  35.311 0.0000000000
8333  -7.924  -74.617  35.065 0.0000000000
8337  -15.565  -72.207  35.934 0.0000000000
8338  -16.003  -72.316  35.868 0.0000000000
8339  -16.900  -72.554  35.735 0.0000000000
8340  -17.874  -72.978  35.657 0.0000000000
8349  -4.748  -74.101  34.258 0.0000000000
8350  -5.632  -74.544  34.488 0.0000000000
8351  -7.181  -74.538  34.538 0.0000000000
8362  -4.530  -73.556  33.460 0.0000000000
8363  -6.827  -74.652  34.100 0.0000000000
8371  -1.732  -72.890  32.442 0.0000000000
8372  -1.898  -72.618  32.452 0.0000000000
8373  -4.556  -73.115  32.385 0.0000000000
8374  -4.844  -72.846  31.336 0.0000000000
8387  -0.319  -71.427  31.350 0.0000000000
8388  -0.984  -72.400  32.094 0.0000000000
8389  -2.628  -72.199  32.305 0.0000000000
8390  -5.856  -72.888  30.088 0.0000000000
8391  -6.727  -71.975  29.446 0.0000000000
8411  0.231  -71.765  30.463 0.0000000000
8412  -0.216  -72.876  30.925 0.0000000000
8413  -4.249  -72.018  31.547 0.0000000000
8414  -4.729  -71.573  30.967 0.0000000000
8415  -6.522  -73.389  29.325 0.0000000000
8416  -7.230  -72.762  28.566 0.0000000000
8417  -7.803  -72.082  27.566 0.0000000000
8438  0.994  -71.834  28.418 0.0000000000
8439  0.283  -72.817  29.259 0.0000000000
8440  -4.879  -72.679  30.943 0.0000000000
8441  -5.297  -72.106  30.221 0.0000000000
8442  -5.712  -71.574  29.695 0.0000000000
8443  -7.577  -73.281  27.717 0.0000000000
8444  -7.867  -72.739  27.078 0.0000000000
8464  1.529  -71.948  27.043 0.0000000000
8465  1.016  -72.755  26.867 0.0000000000
8466  -5.299  -72.643  29.007 0.0000000000
8467  -5.860  -72.123  28.693 0.0000000000
8468  -6.634  -71.994  28.161 0.0000000000
8469  -8.472  -72.634  26.247 0.0000000000
8470  -8.929  -72.564  26.048 0.0000000000
8486  1.972  -71.495  24.707 0.0000000000
8487  1.888  -71.885  25.423 0.0000000000
8488  1.495  -72.946  24.747 0.0000000000
8489  -6.312  -72.511  27.595 0.0000000000
8490  -6.963  -72.494  27.355 0.0000000000
8491  -7.740  -72.276  27.525 0.0000000000
8492  -9.345  -72.514  25.651 0.0000000000
8493  -9.730  -72.160  25.479 0.0000000000
8507  1.809  -71.595  23.677 0.0000000000
8508  1.854  -72.590  23.202 0.0000000000
8509  1.550  -73.516  23.266 0.0000000000
8510  -7.655  -72.732  27.115 0.0000000000
8511  -8.072  -72.442  26.811 0.0000000000
8512  -8.669  -72.142  26.508 0.0000000000
8513  -9.681  -72.555  25.117 0.0000000000
8514  -10.038  -71.863  25.442 0.0000000000
8526  0.847  -71.993  20.747 0.0000000000
8527  1.543  -73.234  21.646 0.0000000000
8528  1.514  -73.845  22.099 0.0000000000
8529  -8.605  -72.658  26.044 0.0000000000
8530  -9.153  -72.438  25.663 0.0000000000
8531  -9.756  -72.058  25.507 0.0000000000
8532  -10.026  -71.884  25.413 0.0000000000
8533  -9.906  -72.676  24.720 0.0000000000
8534  -10.098  -72.146  25.175 0.0000000000
8545  -1.005  -70.955  19.763 0.0000000000
8546  -1.721  -70.956  19.604 0.0000000000
8547  -9.357  -73.042  24.935 0.0000000000
8548  -9.636  -72.818  24.892 0.0000000000
8549  -10.127  -72.381  24.704 0.0000000000
8550  -10.141  -72.726  24.482 0.0000000000
8562  -0.444  -71.260  20.039 0.0000000000
8563  -1.705  -71.108  19.428 0.0000000000
8564  -2.892  -71.184  19.474 0.0000000000
8571  -1.008  -71.554  18.626 0.0000000000
8572  -2.409  -71.311  18.727 0.0000000000
8573  -3.901  -71.415  19.157 0.0000000000
8583  -1.980  -71.424  17.784 0.0000000000
8584  -3.050  -71.531  17.927 0.0000000000
8585  -4.492  -71.628  18.057 0.0000000000
8603  -1.209  -72.319  17.268 0.0000000000
8604  -2.229  -72.323  16.841 0.0000000000
8605  -3.368  -72.049  17.037 0.0000000000
8606  -5.229  -71.974  17.068 0.0000000000
8629  -0.631  -72.775  16.853 0.0000000000
8630  -1.857  -72.936  16.478 0.0000000000
8631  -3.288  -72.863  16.159 0.0000000000
8632  -4.677  -72.405  16.050 0.0000000000
8656  -3.828  -73.207  15.724 0.0000000000
8657  -4.541  -73.039  15.631 0.0000000000
9106  -5.878  -72.338  36.752 0.0000000000
9107  -6.301  -71.830  37.021 0.0000000000
9108  -7.330  -71.541  37.490 0.0000000000
9109  -8.563  -71.287  37.621 0.0000000000
9110  -9.833  -71.901  37.633 0.0000000000
9111  -10.626  -72.472  37.610 0.0000000000
9115  -5.556  -72.702  36.325 0.0000000000
9116  -5.703  -71.905  36.434 0.0000000000
9117  -8.737  -70.536  37.309 0.0000000000
9118  -9.506  -70.625  37.207 0.0000000000
9119  -10.989  -71.583  37.097 0.0000000000
9120  -12.239  -71.713  36.503 0.0000000000
9121  -13.339  -72.045  36.318 0.0000000000
9122  -14.377  -72.184  36.203 0.0000000000
9127  -4.962  -72.838  35.470 0.0000000000
9128  -4.560  -72.098  34.882 0.0000000000
9129  -10.408  -69.979  36.574 0.0000000000
9130  -11.674  -70.472  36.099 0.0000000000
9131  -12.851  -70.902  35.655 0.0000000000
9132  -13.983  -71.193  35.486 0.0000000000
9133  -15.317  -71.428  35.429 0.0000000000
9134  -16.455  -71.554  35.091 0.0000000000
9135  -17.359  -71.801  34.771 0.0000000000
9136  -18.263  -71.923  34.432 0.0000000000
9142  -4.466  -73.013  34.400 0.0000000000
9143  -4.473  -71.701  34.068 0.0000000000
9144  -16.056  -70.680  34.468 0.0000000000
9145  -16.860  -70.761  34.172 0.0000000000
9156  -4.430  -72.479  33.152 0.0000000000
9157  -4.865  -71.381  32.712 0.0000000000
9158  -5.528  -70.826  31.953 0.0000000000
9166  -4.660  -72.268  32.057 0.0000000000
9167  -5.245  -71.749  31.208 0.0000000000
9168  -6.193  -70.829  31.010 0.0000000000
9175  -1.048  -70.942  31.549 0.0000000000
9176  -1.968  -71.266  32.163 0.0000000000
9177  -3.105  -71.309  31.837 0.0000000000
9178  -6.166  -71.633  30.209 0.0000000000
9179  -7.410  -70.953  29.857 0.0000000000
9180  -8.131  -70.705  29.143 0.0000000000
9188  -0.038  -70.721  30.640 0.0000000000
9189  -3.752  -71.214  31.509 0.0000000000
9190  -4.295  -71.144  31.251 0.0000000000
9191  -7.461  -71.808  29.076 0.0000000000
9192  -8.051  -71.425  28.407 0.0000000000
9202  1.414  -70.258  27.930 0.0000000000
9203  0.884  -70.668  29.126 0.0000000000
9204  -4.861  -71.104  30.715 0.0000000000
9205  -5.449  -71.089  30.153 0.0000000000
9206  -8.633  -71.625  27.025 0.0000000000
9207  -9.169  -70.810  26.660 0.0000000000
9212  1.756  -70.441  26.662 0.0000000000
9213  1.615  -71.173  27.308 0.0000000000
9214  -5.863  -71.109  29.456 0.0000000000
9215  -6.329  -71.247  28.737 0.0000000000
9216  -8.814  -72.147  26.456 0.0000000000
9217  -9.575  -71.501  26.355 0.0000000000
9218  -9.976  -70.940  25.885 0.0000000000
9228  1.940  -70.978  25.052 0.0000000000
9229  1.917  -71.137  26.128 0.0000000000
9230  -6.989  -71.469  28.032 0.0000000000
9231  -8.019  -71.580  27.552 0.0000000000
9232  -8.351  -71.239  27.413 0.0000000000
9233  -9.716  -72.015  25.743 0.0000000000
9234  -10.007  -71.445  25.787 0.0000000000
9244  1.788  -71.010  23.909 0.0000000000
9245  -8.468  -71.902  26.929 0.0000000000
9246  -8.848  -71.554  26.808 0.0000000000
9247  -9.504  -71.329  26.380 0.0000000000
9248  -10.494  -71.073  25.540 0.0000000000
9256  1.452  -71.033  22.820 0.0000000000
9257  -9.509  -71.780  26.116 0.0000000000
9258  -9.886  -71.476  25.862 0.0000000000
9259  -10.223  -71.544  25.306 0.0000000000
9260  -10.536  -71.673  24.869 0.0000000000
9261  -10.579  -71.262  25.193 0.0000000000
9268  0.796  -70.979  21.770 0.0000000000
9269  0.377  -70.766  21.263 0.0000000000
9270  0.061  -70.613  20.880 0.0000000000
9271  -0.457  -70.722  20.300 0.0000000000
9272  -0.934  -70.725  19.792 0.0000000000
9273  -1.536  -70.864  19.634 0.0000000000
9274  -10.375  -71.859  24.713 0.0000000000
9275  -10.226  -72.249  24.724 0.0000000000
9287  -2.430  -71.020  19.720 0.0000000000
9288  -3.892  -71.164  20.025 0.0000000000
9817  -6.880  -70.985  36.885 0.0000000000
9818  -7.774  -70.680  37.184 0.0000000000
9819  -8.386  -70.560  37.277 0.0000000000
9822  -5.242  -71.884  35.788 0.0000000000
9823  -6.001  -70.905  36.113 0.0000000000
9824  -7.161  -70.147  36.587 0.0000000000
9825  -8.411  -69.856  36.931 0.0000000000
9826  -9.398  -69.619  36.747 0.0000000000
9831  -4.782  -71.959  35.329 0.0000000000
9832  -5.030  -71.270  35.029 0.0000000000
9833  -8.863  -68.996  36.629 0.0000000000
9834  -9.735  -68.807  36.403 0.0000000000
9835  -11.050  -69.023  35.707 0.0000000000
9836  -12.369  -69.669  35.181 0.0000000000
9837  -13.475  -70.139  34.800 0.0000000000
9838  -14.456  -70.420  34.747 0.0000000000
9843  -5.154  -70.602  33.935 0.0000000000
9844  -5.782  -70.025  33.488 0.0000000000
9845  -11.949  -68.536  34.812 0.0000000000
9846  -13.026  -68.984  34.094 0.0000000000
9847  -14.117  -69.529  33.942 0.0000000000
9848  -15.215  -69.982  33.971 0.0000000000
9849  -16.252  -69.853  33.573 0.0000000000
9859  -5.524  -70.520  32.893 0.0000000000
9860  -6.281  -69.947  32.372 0.0000000000
9861  -6.873  -69.445  31.760 0.0000000000
9862  -13.790  -68.784  33.254 0.0000000000
9863  -14.656  -68.919  32.854 0.0000000000
9876  -7.107  -70.127  31.062 0.0000000000
9877  -7.402  -69.596  30.957 0.0000000000
9888  -1.558  -70.350  31.309 0.0000000000
9889  -2.078  -70.572  31.640 0.0000000000
9890  -2.595  -70.892  31.767 0.0000000000
9891  -7.599  -70.140  30.430 0.0000000000
9892  -7.942  -69.950  29.733 0.0000000000
9893  -8.295  -69.872  29.101 0.0000000000
9901  -0.990  -70.091  30.773 0.0000000000
9902  -2.123  -69.877  31.108 0.0000000000
9903  -3.374  -70.537  31.292 0.0000000000
9904  -4.325  -70.720  30.944 0.0000000000
9905  -8.572  -70.514  28.494 0.0000000000
9906  -8.750  -70.001  28.432 0.0000000000
9916  1.082  -69.725  28.680 0.0000000000
9917  0.126  -69.537  29.633 0.0000000000
9918  -1.610  -69.156  30.039 0.0000000000
9919  -3.263  -69.483  30.530 0.0000000000
9920  -4.690  -70.305  30.412 0.0000000000
9921  -5.475  -70.642  29.871 0.0000000000
9922  -8.657  -70.910  27.784 0.0000000000
9923  -9.356  -70.423  27.528 0.0000000000
9929  1.415  -69.379  27.529 0.0000000000
9930  0.830  -69.088  28.566 0.0000000000
9931  -1.885  -68.651  29.157 0.0000000000
9932  -2.988  -68.830  29.571 0.0000000000
9933  -4.338  -69.374  29.669 0.0000000000
9934  -5.680  -70.296  29.288 0.0000000000
9935  -6.445  -70.744  28.585 0.0000000000
9936  -9.952  -70.380  26.764 0.0000000000
9937  -10.228  -70.410  26.129 0.0000000000
9942  1.660  -69.726  25.763 0.0000000000
9943  -1.618  -68.228  28.480 0.0000000000
9944  -2.682  -68.534  28.609 0.0000000000
9945  -3.816  -68.785  28.932 0.0000000000
9946  -5.004  -69.275  28.717 0.0000000000
9947  -6.594  -70.243  28.272 0.0000000000
9948  -7.584  -70.597  27.526 0.0000000000
9949  -8.251  -70.804  27.258 0.0000000000
9950  -10.417  -70.655  25.585 0.0000000000
9955  1.574  -70.346  24.133 0.0000000000
9956  -1.327  -67.825  28.065 0.0000000000
9957  -2.083  -68.056  27.879 0.0000000000
9958  -3.645  -68.501  27.831 0.0000000000
9959  -5.345  -68.996  27.951 0.0000000000
9960  -6.625  -69.457  27.768 0.0000000000
9961  -7.618  -70.005  27.374 0.0000000000
9962  -8.361  -70.407  26.941 0.0000000000
9963  -9.165  -70.777  26.650 0.0000000000
9964  -10.466  -70.307  24.999 0.0000000000
9970  1.116  -70.182  22.852 0.0000000000
9971  0.773  -70.013  22.236 0.0000000000
9972  -4.249  -68.361  27.239 0.0000000000
9973  -5.452  -68.665  27.557 0.0000000000
9974  -6.159  -68.985  27.506 0.0000000000
9975  -9.652  -70.603  26.245 0.0000000000
9976  -10.178  -70.723  25.744 0.0000000000
9977  -10.392  -70.720  25.446 0.0000000000
9978  -10.373  -70.545  25.239 0.0000000000
9983  0.747  -70.443  21.905 0.0000000000
9984  0.470  -70.237  21.508 0.0000000000
9985  -0.018  -70.271  20.818 0.0000000000
9986  -0.626  -70.424  20.178 0.0000000000
9987  -1.293  -70.666  19.619 0.0000000000
9988  -2.083  -70.898  19.649 0.0000000000
9999  -1.989  -70.687  19.653 0.0000000000
10000  -3.001  -70.871  20.012 0.0000000000
10560  -6.640  -69.672  35.900 0.0000000000
10561  -7.517  -69.083  36.371 0.0000000000
10562  -8.287  -68.938  36.564 0.0000000000
10567  -5.935  -70.006  34.940 0.0000000000
10568  -6.849  -68.536  35.391 0.0000000000
10569  -8.447  -68.039  36.234 0.0000000000
10570  -10.138  -67.714  35.851 0.0000000000
10571  -11.154  -67.947  35.335 0.0000000000
10575  -5.724  -69.930  34.108 0.0000000000
10576  -6.124  -69.187  33.970 0.0000000000
10577  -10.787  -67.255  35.301 0.0000000000
10578  -11.626  -67.406  34.742 0.0000000000
10579  -12.444  -68.041  34.105 0.0000000000
10583  -6.493  -68.760  32.813 0.0000000000
10584  -6.884  -68.803  31.804 0.0000000000
10585  -12.429  -67.110  34.036 0.0000000000
10586  -13.221  -67.895  33.158 0.0000000000
10587  -14.034  -68.401  32.515 0.0000000000
10600  -7.340  -69.034  30.974 0.0000000000
10601  -14.040  -67.780  32.044 0.0000000000
10615  -7.500  -69.118  30.372 0.0000000000
10616  -7.785  -69.442  29.584 0.0000000000
10632  -8.392  -69.605  28.639 0.0000000000
10644  -0.722  -68.949  29.303 0.0000000000
10645  -1.313  -68.838  29.330 0.0000000000
10646  -9.576  -69.721  27.438 0.0000000000
10647  -10.158  -69.402  26.956 0.0000000000
10658  0.932  -68.477  27.893 0.0000000000
10659  0.048  -68.569  28.617 0.0000000000
10660  -1.027  -68.523  28.867 0.0000000000
10661  -10.033  -70.003  27.148 0.0000000000
10662  -10.403  -69.675  26.662 0.0000000000
10671  1.334  -68.330  26.514 0.0000000000
10672  0.332  -67.573  27.596 0.0000000000
10673  -0.723  -67.889  28.292 0.0000000000
10674  -10.755  -69.782  25.864 0.0000000000
10682  1.394  -69.098  24.377 0.0000000000
10683  -0.122  -67.113  27.304 0.0000000000
10684  -0.952  -67.394  27.494 0.0000000000
10685  -2.384  -67.777  26.918 0.0000000000
10686  -3.391  -68.213  26.951 0.0000000000
10687  -6.811  -69.211  27.474 0.0000000000
10688  -7.722  -69.552  27.227 0.0000000000
10689  -8.415  -69.886  26.621 0.0000000000
10690  -8.908  -70.137  26.277 0.0000000000
10691  -10.759  -69.741  25.626 0.0000000000
10697  0.898  -69.411  22.850 0.0000000000
10698  0.663  -69.730  22.077 0.0000000000
10699  -2.498  -67.596  26.343 0.0000000000
10700  -3.213  -67.937  26.477 0.0000000000
10701  -4.366  -68.132  26.945 0.0000000000
10702  -5.658  -68.481  27.449 0.0000000000
10703  -6.723  -68.886  27.370 0.0000000000
10704  -7.727  -69.207  27.043 0.0000000000
10705  -8.614  -69.533  26.253 0.0000000000
10706  -9.423  -69.625  25.728 0.0000000000
10707  -10.097  -69.663  25.504 0.0000000000
10708  -10.601  -69.857  25.473 0.0000000000
10712  0.494  -69.717  21.477 0.0000000000
10713  -0.064  -69.847  20.682 0.0000000000
10714  -0.827  -70.249  19.926 0.0000000000
10715  -1.453  -70.486  19.554 0.0000000000
10723  -0.410  -69.812  20.165 0.0000000000
10724  -1.061  -70.128  19.637 0.0000000000
10725  -2.197  -70.445  19.603 0.0000000000
10726  -3.645  -70.462  20.216 0.0000000000
11337  -7.619  -67.047  35.231 0.0000000000
11338  -9.235  -66.696  35.395 0.0000000000
11339  -10.207  -66.988  35.394 0.0000000000
11348  -6.603  -67.743  34.197 0.0000000000
11349  -9.693  -66.145  34.998 0.0000000000
11350  -10.625  -66.415  34.966 0.0000000000
11351  -11.700  -66.579  34.481 0.0000000000
11359  -6.572  -67.603  32.780 0.0000000000
11360  -6.804  -68.234  31.718 0.0000000000
11361  -11.365  -66.001  34.420 0.0000000000
11362  -12.146  -66.146  33.906 0.0000000000
11363  -12.901  -66.721  33.419 0.0000000000
11369  -6.601  -67.480  31.941 0.0000000000
11370  -6.904  -68.217  31.076 0.0000000000
11371  -12.909  -65.862  33.287 0.0000000000
11372  -13.579  -66.653  32.589 0.0000000000
11380  -7.226  -68.585  30.255 0.0000000000
11381  -7.528  -68.901  29.459 0.0000000000
11382  -14.291  -67.033  31.555 0.0000000000
11395  -7.802  -69.181  28.731 0.0000000000
11408  -8.722  -69.395  27.809 0.0000000000
11409  -9.892  -69.337  27.199 0.0000000000
11423  -9.715  -69.159  27.150 0.0000000000
11424  -10.338  -69.163  26.736 0.0000000000
11438  0.825  -67.192  26.441 0.0000000000
11439  0.235  -67.085  26.964 0.0000000000
11440  -10.760  -69.151  26.231 0.0000000000
11452  1.437  -67.578  25.211 0.0000000000
11453  -0.278  -66.890  26.873 0.0000000000
11454  -1.231  -66.932  26.543 0.0000000000
11455  -2.101  -67.365  26.385 0.0000000000
11456  -10.554  -68.931  25.696 0.0000000000
11457  -10.769  -69.138  25.875 0.0000000000
11467  1.216  -68.266  23.257 0.0000000000
11468  0.709  -69.208  22.299 0.0000000000
11469  -1.275  -66.593  26.123 0.0000000000
11470  -2.192  -67.137  26.032 0.0000000000
11471  -3.336  -67.534  26.160 0.0000000000
11472  -4.418  -67.794  26.789 0.0000000000
11473  -5.506  -68.133  27.339 0.0000000000
11474  -6.655  -68.603  27.462 0.0000000000
11475  -7.777  -68.993  26.921 0.0000000000
11476  -8.603  -69.079  26.168 0.0000000000
11477  -9.433  -69.049  25.676 0.0000000000
11478  -10.230  -69.036  25.527 0.0000000000
11479  -10.734  -69.241  25.657 0.0000000000
11483  1.197  -68.105  22.351 0.0000000000
11484  0.694  -68.925  21.678 0.0000000000
11485  0.261  -69.450  20.618 0.0000000000
11492  1.246  -68.092  21.656 0.0000000000
11493  0.920  -68.750  20.691 0.0000000000
11494  -0.226  -69.453  19.965 0.0000000000
11495  -1.396  -69.922  19.430 0.0000000000
11496  -2.784  -70.101  19.655 0.0000000000
11506  0.630  -68.830  19.865 0.0000000000
11507  -0.417  -69.240  19.346 0.0000000000
11508  -1.819  -69.679  19.080 0.0000000000
11509  -3.268  -69.681  19.448 0.0000000000
12123  -8.291  -66.078  34.853 0.0000000000
12124  -9.047  -65.904  34.828 0.0000000000
12132  -7.420  -66.500  34.002 0.0000000000
12133  -9.854  -65.738  34.662 0.0000000000
12134  -10.707  -65.575  34.393 0.0000000000
12142  -6.996  -66.519  32.630 0.0000000000
12143  -11.458  -65.501  34.085 0.0000000000
12144  -12.045  -65.270  33.593 0.0000000000
12150  -6.391  -66.865  31.463 0.0000000000
12151  -6.792  -67.886  30.748 0.0000000000
12152  -12.692  -65.085  33.034 0.0000000000
12153  -13.415  -65.437  32.669 0.0000000000
12160  -6.671  -66.268  31.079 0.0000000000
12161  -6.850  -67.697  30.234 0.0000000000
12162  -7.312  -68.520  29.307 0.0000000000
12163  -13.986  -65.834  31.842 0.0000000000
12171  -6.752  -66.518  30.216 0.0000000000
12172  -6.941  -67.833  29.439 0.0000000000
12173  -7.533  -68.815  28.672 0.0000000000
12185  -6.757  -66.940  29.455 0.0000000000
12186  -7.141  -68.236  28.769 0.0000000000
12187  -7.812  -69.060  28.082 0.0000000000
12198  -6.806  -67.572  28.832 0.0000000000
12199  -7.464  -68.724  28.131 0.0000000000
12200  -8.834  -69.098  27.373 0.0000000000
12201  -9.966  -69.005  26.853 0.0000000000
12214  0.551  -66.756  26.227 0.0000000000
12215  0.309  -66.795  26.575 0.0000000000
12216  -6.990  -68.192  28.296 0.0000000000
12217  -7.918  -68.975  27.503 0.0000000000
12218  -9.607  -68.923  26.718 0.0000000000
12219  -10.483  -68.961  26.381 0.0000000000
12234  0.966  -66.682  25.673 0.0000000000
12235  -0.040  -66.474  26.174 0.0000000000
12236  -0.842  -66.431  26.178 0.0000000000
12237  -4.508  -66.600  26.835 0.0000000000
12238  -4.863  -66.781  27.239 0.0000000000
12239  -9.174  -68.820  26.413 0.0000000000
12240  -10.386  -68.873  26.062 0.0000000000
12241  -10.791  -68.918  26.105 0.0000000000
12253  1.705  -66.521  24.357 0.0000000000
12254  0.714  -66.086  25.186 0.0000000000
12255  -0.879  -66.140  25.676 0.0000000000
12256  -2.384  -66.570  25.525 0.0000000000
12257  -3.481  -66.917  25.931 0.0000000000
12258  -4.416  -67.197  26.793 0.0000000000
12259  -5.357  -67.578  27.397 0.0000000000
12260  -6.466  -68.442  27.492 0.0000000000
12261  -7.608  -68.935  27.020 0.0000000000
12262  -8.636  -68.884  26.248 0.0000000000
12263  -9.407  -68.845  25.877 0.0000000000
12264  -10.075  -68.844  25.801 0.0000000000
12271  1.507  -67.170  22.641 0.0000000000
12278  1.730  -67.590  20.753 0.0000000000
12279  1.361  -68.455  20.084 0.0000000000
12286  1.174  -67.148  19.761 0.0000000000
12287  1.083  -68.329  19.239 0.0000000000
12288  -0.707  -69.080  18.450 0.0000000000
12289  -2.420  -69.318  18.543 0.0000000000
12290  -3.698  -69.195  19.130 0.0000000000
12302  1.307  -66.442  19.385 0.0000000000
12303  1.531  -67.202  18.739 0.0000000000
12304  -0.050  -67.895  18.077 0.0000000000
12305  -1.623  -68.641  17.654 0.0000000000
12306  -3.388  -68.591  18.239 0.0000000000
12324  1.632  -66.358  18.801 0.0000000000
12325  0.620  -66.730  18.309 0.0000000000
12326  -0.347  -67.136  17.587 0.0000000000
12871  -8.411  -65.866  34.677 0.0000000000
12872  -8.566  -65.675  34.716 0.0000000000
12885  -8.302  -65.776  34.432 0.0000000000
12886  -8.970  -65.342  34.434 0.0000000000
12887  -9.959  -65.239  34.208 0.0000000000
12898  -8.154  -65.523  33.361 0.0000000000
12899  -9.404  -64.826  33.762 0.0000000000
12900  -10.833  -64.804  33.778 0.0000000000
12901  -11.961  -64.479  33.158 0.0000000000
12912  -7.219  -65.449  32.106 0.0000000000
12913  -13.110  -64.371  32.572 0.0000000000
12914  -13.657  -65.028  32.222 0.0000000000
12921  -7.198  -65.380  31.083 0.0000000000
12922  -13.531  -63.905  32.111 0.0000000000
12923  -13.979  -64.576  31.704 0.0000000000
12930  -7.138  -65.475  30.049 0.0000000000
12941  -6.801  -65.367  28.932 0.0000000000
12942  -6.628  -65.961  29.308 0.0000000000
12954  -5.872  -65.670  28.015 0.0000000000
12955  -6.269  -66.020  28.515 0.0000000000
12956  -6.560  -66.929  28.722 0.0000000000
12967  -4.869  -65.437  27.329 0.0000000000
12968  -5.500  -65.879  27.687 0.0000000000
12969  -6.047  -66.933  28.126 0.0000000000
12970  -6.804  -68.048  28.089 0.0000000000
12971  -7.388  -68.826  27.665 0.0000000000
12987  -4.273  -65.973  26.446 0.0000000000
12988  -4.683  -66.013  26.961 0.0000000000
12989  -5.287  -66.511  27.509 0.0000000000
12990  -5.923  -67.297  27.816 0.0000000000
12991  -6.717  -68.200  27.813 0.0000000000
12992  -7.699  -68.853  27.376 0.0000000000
13005  1.951  -66.001  24.185 0.0000000000
13006  1.514  -65.879  24.197 0.0000000000
13007  0.229  -65.469  24.634 0.0000000000
13008  -1.347  -65.487  24.954 0.0000000000
13009  -2.698  -65.790  24.975 0.0000000000
13010  -3.763  -65.960  25.846 0.0000000000
13011  -5.142  -66.896  27.419 0.0000000000
13012  -5.775  -67.552  27.614 0.0000000000
13013  -6.655  -68.372  27.636 0.0000000000
13014  -7.587  -68.975  27.194 0.0000000000
13015  -8.527  -68.852  26.466 0.0000000000
13025  1.560  -66.039  23.653 0.0000000000
13026  1.377  -65.084  23.318 0.0000000000
13027  -0.460  -64.855  24.060 0.0000000000
13028  -1.854  -65.042  24.232 0.0000000000
13029  -2.590  -65.156  24.297 0.0000000000
13038  1.535  -66.168  22.087 0.0000000000
13039  1.711  -65.258  21.675 0.0000000000
13048  1.665  -66.155  20.488 0.0000000000
13049  1.565  -65.218  20.628 0.0000000000
13056  1.536  -65.610  19.539 0.0000000000
13057  0.901  -65.137  20.181 0.0000000000
13058  -1.185  -67.768  17.155 0.0000000000
13059  -2.429  -68.003  17.118 0.0000000000
13060  -3.939  -67.815  17.493 0.0000000000
13079  0.873  -65.838  18.785 0.0000000000
13080  -0.064  -65.970  17.750 0.0000000000
13081  -0.937  -66.893  16.999 0.0000000000
13082  -1.862  -67.118  16.657 0.0000000000
13083  -3.151  -67.290  16.807 0.0000000000
13084  -4.612  -66.976  17.232 0.0000000000
13106  -0.405  -65.503  17.291 0.0000000000
13107  -0.869  -66.006  17.068 0.0000000000
13108  -1.366  -66.619  16.758 0.0000000000
13688  -8.104  -65.179  32.660 0.0000000000
13689  -8.767  -64.730  32.986 0.0000000000
13690  -9.916  -64.327  33.101 0.0000000000
13691  -11.023  -64.081  33.083 0.0000000000
13708  -8.110  -64.774  32.359 0.0000000000
13709  -9.049  -64.284  32.324 0.0000000000
13710  -10.398  -63.670  32.356 0.0000000000
13711  -11.921  -63.726  32.513 0.0000000000
13723  -7.930  -64.546  31.716 0.0000000000
13724  -9.057  -63.510  31.524 0.0000000000
13725  -10.557  -63.252  31.562 0.0000000000
13726  -13.012  -63.555  32.057 0.0000000000
13727  -13.783  -63.485  31.769 0.0000000000
13740  -8.012  -64.435  30.772 0.0000000000
13741  -8.869  -63.404  30.345 0.0000000000
13758  -7.182  -64.696  28.935 0.0000000000
13759  -7.597  -64.083  29.386 0.0000000000
13760  -8.849  -63.153  29.652 0.0000000000
13775  -6.127  -64.582  27.983 0.0000000000
13776  -6.946  -64.367  28.585 0.0000000000
13777  -7.642  -63.698  28.582 0.0000000000
13790  -4.930  -64.508  27.408 0.0000000000
13791  -5.444  -64.809  27.791 0.0000000000
13808  -4.185  -65.275  26.137 0.0000000000
13809  -4.395  -64.552  26.774 0.0000000000
13820  -3.155  -65.076  24.600 0.0000000000
13821  -3.946  -64.580  25.019 0.0000000000
13822  -4.178  -64.387  25.969 0.0000000000
13834  0.873  -64.716  22.299 0.0000000000
13835  -0.064  -64.440  23.061 0.0000000000
13836  -1.141  -64.328  23.704 0.0000000000
13837  -2.465  -64.492  23.670 0.0000000000
13838  -3.456  -64.486  23.974 0.0000000000
13846  0.945  -64.780  21.463 0.0000000000
13847  0.212  -63.936  22.037 0.0000000000
13848  -1.142  -63.673  22.897 0.0000000000
13849  -2.500  -63.699  22.894 0.0000000000
13857  0.676  -64.409  20.783 0.0000000000
13858  0.094  -63.463  21.230 0.0000000000
13866  1.016  -65.359  19.544 0.0000000000
13867  0.680  -64.722  19.671 0.0000000000
13876  0.860  -65.330  19.229 0.0000000000
13877  0.557  -64.768  18.527 0.0000000000
13878  -2.014  -66.618  16.671 0.0000000000
13879  -2.596  -66.547  16.645 0.0000000000
13880  -3.835  -66.474  16.657 0.0000000000
13881  -5.246  -66.358  16.787 0.0000000000
13900  -0.003  -64.817  17.463 0.0000000000
13901  -0.615  -65.187  16.775 0.0000000000
13902  -1.728  -65.865  16.645 0.0000000000
13903  -3.002  -65.733  16.310 0.0000000000
13904  -4.382  -65.737  16.309 0.0000000000
14493  -11.398  -63.338  31.899 0.0000000000
14494  -12.279  -63.208  31.858 0.0000000000
14510  -10.269  -63.060  30.752 0.0000000000
14511  -11.713  -62.758  31.233 0.0000000000
14512  -13.192  -62.873  31.408 0.0000000000
14513  -13.956  -63.114  31.288 0.0000000000
14530  -9.838  -62.778  29.840 0.0000000000
14531  -11.257  -62.359  30.139 0.0000000000
14532  -12.893  -62.109  30.355 0.0000000000
14547  -8.154  -63.129  28.583 0.0000000000
14548  -9.112  -62.704  28.974 0.0000000000
14549  -10.697  -62.333  29.043 0.0000000000
14550  -12.094  -61.651  29.278 0.0000000000
14561  -6.068  -63.751  27.602 0.0000000000
14562  -6.706  -63.578  27.760 0.0000000000
14563  -7.687  -63.115  27.945 0.0000000000
14564  -8.841  -62.491  27.922 0.0000000000
14565  -10.164  -62.322  27.956 0.0000000000
14566  -11.405  -61.604  28.104 0.0000000000
14578  -5.073  -64.066  27.259 0.0000000000
14579  -5.408  -63.871  27.395 0.0000000000
14580  -6.148  -63.166  27.163 0.0000000000
14581  -7.193  -62.748  27.055 0.0000000000
14582  -8.403  -62.294  26.950 0.0000000000
14583  -9.725  -62.146  26.893 0.0000000000
14584  -10.923  -62.046  26.812 0.0000000000
14603  -4.905  -63.872  26.894 0.0000000000
14604  -5.460  -62.966  26.411 0.0000000000
14605  -6.658  -62.586  26.278 0.0000000000
14606  -7.870  -62.127  25.927 0.0000000000
14607  -9.139  -61.489  25.778 0.0000000000
14608  -10.399  -61.468  25.625 0.0000000000
14618  -4.236  -63.981  24.765 0.0000000000
14619  -4.564  -63.575  25.542 0.0000000000
14620  -5.365  -62.470  25.160 0.0000000000
14621  -8.422  -61.230  24.933 0.0000000000
14622  -9.672  -61.501  24.613 0.0000000000
14623  -10.977  -62.297  24.411 0.0000000000
14636  -3.271  -64.158  23.168 0.0000000000
14637  -4.071  -63.715  23.861 0.0000000000
14638  -4.827  -62.341  24.108 0.0000000000
14639  -5.492  -62.182  24.387 0.0000000000
14640  -7.991  -61.448  23.089 0.0000000000
14641  -8.697  -61.411  23.618 0.0000000000
14642  -10.472  -62.627  23.229 0.0000000000
14654  -0.667  -63.091  21.815 0.0000000000
14655  -1.907  -63.155  22.070 0.0000000000
14656  -3.247  -63.310  22.460 0.0000000000
14657  -4.106  -62.211  22.865 0.0000000000
14658  -4.752  -62.161  23.297 0.0000000000
14659  -7.405  -61.188  21.905 0.0000000000
14660  -8.382  -61.389  22.431 0.0000000000
14661  -9.779  -62.631  22.380 0.0000000000
14662  -10.721  -63.303  22.311 0.0000000000
14673  0.379  -63.476  20.293 0.0000000000
14674  -0.333  -62.770  20.923 0.0000000000
14675  -1.211  -62.312  21.167 0.0000000000
14676  -2.574  -62.537  21.643 0.0000000000
14677  -3.436  -62.370  22.103 0.0000000000
14678  -7.554  -62.020  21.099 0.0000000000
14679  -8.226  -62.200  21.342 0.0000000000
14680  -9.310  -62.653  21.640 0.0000000000
14681  -10.435  -63.215  21.850 0.0000000000
14690  0.542  -63.140  19.047 0.0000000000
14691  -0.133  -62.553  20.059 0.0000000000
14692  -0.663  -62.241  20.631 0.0000000000
14702  0.395  -63.540  17.770 0.0000000000
14719  -0.249  -63.987  16.623 0.0000000000
14720  -0.983  -64.571  15.895 0.0000000000
14721  -1.920  -64.877  15.627 0.0000000000
14722  -3.439  -64.981  15.737 0.0000000000
14723  -4.862  -65.113  15.786 0.0000000000
14746  -0.453  -63.324  16.284 0.0000000000
14747  -0.631  -63.662  15.485 0.0000000000
14748  -1.280  -63.879  15.036 0.0000000000
14749  -2.407  -64.182  14.913 0.0000000000
14750  -3.920  -64.397  15.125 0.0000000000
15462  -6.389  -62.375  25.420 0.0000000000
15463  -7.335  -62.183  25.368 0.0000000000
15464  -7.911  -61.771  25.202 0.0000000000
15476  -6.274  -62.165  24.481 0.0000000000
15477  -7.200  -62.029  24.654 0.0000000000
15478  -7.822  -61.496  24.857 0.0000000000
15491  -5.056  -62.049  23.463 0.0000000000
15492  -5.747  -61.993  23.595 0.0000000000
15493  -7.250  -61.572  23.567 0.0000000000
15494  -7.952  -61.473  24.339 0.0000000000
15507  -4.202  -61.980  22.386 0.0000000000
15508  -4.871  -61.860  22.674 0.0000000000
15509  -6.338  -61.403  22.455 0.0000000000
15510  -7.479  -61.399  22.654 0.0000000000
15521  -1.240  -62.041  20.714 0.0000000000
15522  -1.950  -62.110  20.823 0.0000000000
15523  -3.601  -61.946  21.593 0.0000000000
15524  -5.112  -61.610  21.395 0.0000000000
15525  -6.663  -61.791  20.913 0.0000000000
15526  -7.749  -61.912  20.935 0.0000000000
15527  -8.838  -62.277  21.191 0.0000000000
15528  -9.978  -62.648  21.420 0.0000000000
15538  0.456  -62.435  18.791 0.0000000000
15539  0.030  -62.165  19.210 0.0000000000
15540  -0.948  -61.731  20.163 0.0000000000
15541  -2.321  -61.681  20.066 0.0000000000
15542  -4.033  -61.992  19.987 0.0000000000
15543  -5.493  -61.850  19.979 0.0000000000
15544  -6.621  -61.541  20.185 0.0000000000
15545  -8.020  -61.821  20.824 0.0000000000
15546  -9.219  -62.128  21.010 0.0000000000
15547  -9.972  -62.222  21.187 0.0000000000
15558  0.294  -62.171  18.209 0.0000000000
15559  -0.489  -61.407  18.838 0.0000000000
15560  -1.377  -60.985  19.014 0.0000000000
15561  -2.750  -61.226  18.909 0.0000000000
15562  -4.339  -61.360  19.112 0.0000000000
15563  -5.582  -61.292  19.350 0.0000000000
15564  -6.188  -61.232  19.483 0.0000000000
15581  0.031  -62.770  16.939 0.0000000000
15604  -0.722  -62.790  15.984 0.0000000000
15605  -0.914  -62.794  14.696 0.0000000000
15606  -1.833  -63.220  14.508 0.0000000000
15607  -3.009  -63.689  14.215 0.0000000000
15608  -4.420  -64.013  14.391 0.0000000000
15632  -1.144  -62.061  14.766 0.0000000000
15633  -1.570  -62.347  14.328 0.0000000000
15634  -2.659  -62.662  14.105 0.0000000000
15635  -3.662  -63.281  13.532 0.0000000000
16379  -10.689  -62.350  21.165 0.0000000000
16388  -6.508  -60.990  19.656 0.0000000000
16389  -7.110  -60.350  20.839 0.0000000000
16390  -8.453  -60.763  21.310 0.0000000000
16391  -9.924  -61.336  21.315 0.0000000000
16406  -0.052  -61.809  17.925 0.0000000000
16407  -0.356  -61.470  17.990 0.0000000000
16408  -0.852  -60.577  18.124 0.0000000000
16409  -1.668  -60.079  18.009 0.0000000000
16410  -3.054  -60.209  18.169 0.0000000000
16411  -4.529  -60.431  18.516 0.0000000000
16412  -5.782  -60.541  18.971 0.0000000000
16413  -6.559  -60.232  19.530 0.0000000000
16429  -0.217  -61.893  17.498 0.0000000000
16430  -0.822  -61.169  17.131 0.0000000000
16431  -1.164  -59.990  17.273 0.0000000000
16432  -1.644  -59.789  17.117 0.0000000000
16451  -0.556  -62.096  16.652 0.0000000000
16452  -1.063  -61.897  15.579 0.0000000000
16453  -1.303  -61.696  14.728 0.0000000000
16481  -0.881  -62.041  14.445 0.0000000000
16482  -1.487  -61.634  14.197 0.0000000000
16483  -2.335  -61.931  13.950 0.0000000000
16484  -3.294  -62.255  13.272 0.0000000000
16485  -4.534  -63.010  12.929 0.0000000000
16512  -2.223  -61.373  14.024 0.0000000000
16513  -3.035  -61.415  13.455 0.0000000000
16514  -4.148  -61.744  12.484 0.0000000000
16515  -5.443  -62.802  12.327 0.0000000000
16528  -5.144  -61.399  12.061 0.0000000000
16529  -5.458  -62.067  11.981 0.0000000000
16530  -6.105  -62.850  11.604 0.0000000000
16542  -5.327  -61.297  11.545 0.0000000000
16543  -5.585  -61.708  11.543 0.0000000000
16544  -5.902  -62.189  11.524 0.0000000000
17252  -7.295  -59.691  20.796 0.0000000000
17253  -7.820  -59.616  20.809 0.0000000000
17254  -9.125  -60.013  21.171 0.0000000000
17270  -2.236  -59.672  17.414 0.0000000000
17271  -3.316  -59.370  17.412 0.0000000000
17272  -4.834  -59.641  17.902 0.0000000000
17273  -5.958  -59.409  18.422 0.0000000000
17274  -7.171  -59.381  20.169 0.0000000000
17275  -7.570  -59.007  20.710 0.0000000000
17292  -1.366  -60.689  16.291 0.0000000000
17293  -1.564  -59.726  16.420 0.0000000000
17294  -2.269  -59.528  16.578 0.0000000000
17295  -3.143  -59.133  16.547 0.0000000000
17296  -4.108  -58.937  16.842 0.0000000000
17297  -5.124  -59.247  17.462 0.0000000000
17313  -1.475  -61.315  15.496 0.0000000000
17314  -1.861  -60.777  15.324 0.0000000000
17315  -2.015  -59.382  15.669 0.0000000000
17316  -2.970  -59.375  15.628 0.0000000000
17317  -3.394  -58.823  16.230 0.0000000000
17342  -1.878  -60.946  14.205 0.0000000000
17343  -2.546  -60.175  14.793 0.0000000000
17344  -2.524  -59.186  15.040 0.0000000000
17372  -1.981  -61.118  14.294 0.0000000000
17373  -2.408  -60.847  13.813 0.0000000000
17374  -3.406  -60.786  12.981 0.0000000000
17387  -4.311  -60.812  12.229 0.0000000000
17388  -6.742  -63.191  11.574 0.0000000000
17389  -7.707  -62.583  11.358 0.0000000000
17390  -8.778  -62.461  10.741 0.0000000000
17398  -5.109  -61.011  11.735 0.0000000000
17399  -5.435  -61.242  11.315 0.0000000000
17400  -6.450  -61.856  11.201 0.0000000000
17401  -7.791  -62.178  10.565 0.0000000000
17402  -8.743  -62.194  10.231 0.0000000000
17403  -9.284  -61.839  10.257 0.0000000000
17414  -7.101  -61.355  10.521 0.0000000000
17415  -7.871  -61.380  10.364 0.0000000000
17416  -8.737  -61.222  10.277 0.0000000000
17417  -9.530  -61.186  10.258 0.0000000000
18184  -7.760  -58.985  20.789 0.0000000000
18185  -8.453  -59.047  20.803 0.0000000000
18186  -9.564  -59.227  20.862 0.0000000000
18200  -5.917  -58.735  18.054 0.0000000000
18201  -6.541  -58.605  18.595 0.0000000000
18202  -7.721  -58.493  20.161 0.0000000000
18203  -8.884  -58.114  21.035 0.0000000000
18219  -4.472  -58.943  16.497 0.0000000000
18220  -5.241  -58.493  17.121 0.0000000000
18221  -6.376  -58.171  17.609 0.0000000000
18234  -3.279  -59.220  15.251 0.0000000000
18235  -3.886  -58.794  15.688 0.0000000000
18236  -5.006  -58.417  15.318 0.0000000000
18248  -2.699  -59.183  14.697 0.0000000000
18249  -3.078  -58.898  14.596 0.0000000000
18250  -4.091  -58.413  14.053 0.0000000000
18251  -5.010  -58.056  14.101 0.0000000000
18274  -3.209  -60.040  14.096 0.0000000000
18275  -4.039  -59.666  13.022 0.0000000000
18276  -4.885  -59.017  13.019 0.0000000000
18277  -4.692  -58.164  13.612 0.0000000000
18291  -5.014  -60.471  12.024 0.0000000000
18292  -5.201  -59.709  11.851 0.0000000000
18293  -5.785  -59.594  11.425 0.0000000000
18294  -9.531  -62.418  10.397 0.0000000000
18295  -10.617  -62.292  10.527 0.0000000000
18309  -5.316  -60.880  11.570 0.0000000000
18310  -5.533  -60.683  11.315 0.0000000000
18311  -6.494  -60.171  10.973 0.0000000000
18312  -7.236  -59.645  10.788 0.0000000000
18313  -9.369  -62.235  10.277 0.0000000000
18314  -10.179  -61.731  10.360 0.0000000000
18315  -11.553  -61.527  10.075 0.0000000000
18332  -7.228  -60.772  10.401 0.0000000000
18333  -7.830  -60.157  10.390 0.0000000000
18334  -9.272  -60.216  10.181 0.0000000000
18335  -10.249  -60.768  10.220 0.0000000000
18336  -11.354  -60.993  9.861 0.0000000000
18337  -12.247  -60.973  9.288 0.0000000000
18351  -9.664  -59.921  10.207 0.0000000000
18352  -10.059  -60.020  10.157 0.0000000000
18353  -11.035  -60.237  10.060 0.0000000000
18354  -12.004  -60.451  9.291 0.0000000000
18355  -12.581  -60.602  9.250 0.0000000000
19113  -7.172  -57.843  18.490 0.0000000000
19114  -8.284  -57.247  19.171 0.0000000000
19115  -9.630  -57.236  20.364 0.0000000000
19128  -5.953  -58.092  16.397 0.0000000000
19129  -7.035  -58.065  17.181 0.0000000000
19130  -7.483  -57.103  17.872 0.0000000000
19145  -5.765  -57.968  14.911 0.0000000000
19146  -6.955  -58.175  15.825 0.0000000000
19147  -7.877  -57.993  16.755 0.0000000000
19160  -5.610  -57.807  13.844 0.0000000000
19161  -6.580  -57.779  14.397 0.0000000000
19162  -7.800  -57.755  15.257 0.0000000000
19177  -5.304  -58.983  12.711 0.0000000000
19178  -5.457  -58.405  13.245 0.0000000000
19179  -6.618  -58.201  13.364 0.0000000000
19180  -7.364  -57.350  13.562 0.0000000000
19188  -5.246  -59.299  12.419 0.0000000000
19189  -5.699  -59.311  12.226 0.0000000000
19190  -6.430  -58.866  12.297 0.0000000000
19191  -7.255  -58.089  12.318 0.0000000000
19202  -6.125  -59.325  11.372 0.0000000000
19203  -6.979  -59.060  11.195 0.0000000000
19204  -8.044  -58.115  11.084 0.0000000000
19205  -8.903  -57.891  10.510 0.0000000000
19206  -11.175  -58.051  10.394 0.0000000000
19207  -11.565  -58.275  10.280 0.0000000000
19223  -7.782  -59.198  10.722 0.0000000000
19224  -8.591  -58.929  10.145 0.0000000000
19225  -9.699  -58.391  10.246 0.0000000000
19226  -10.927  -58.459  10.303 0.0000000000
19227  -12.057  -58.976  9.503 0.0000000000
19244  -9.636  -59.478  10.190 0.0000000000
19245  -10.495  -59.372  10.180 0.0000000000
19246  -11.582  -59.596  9.690 0.0000000000
19247  -12.528  -59.906  9.276 0.0000000000
19248  -12.787  -60.053  9.318 0.0000000000
20048  -8.447  -56.469  18.578 0.0000000000
20049  -9.040  -56.272  19.046 0.0000000000
20061  -8.105  -56.623  18.248 0.0000000000
20062  -8.566  -55.945  18.287 0.0000000000
20072  -8.251  -56.874  17.553 0.0000000000
20073  -8.922  -56.158  17.113 0.0000000000
20086  -8.790  -57.610  16.106 0.0000000000
20087  -9.540  -56.853  15.474 0.0000000000
20100  -8.587  -57.182  14.520 0.0000000000
20101  -9.352  -56.167  13.460 0.0000000000
20102  -10.033  -55.919  12.549 0.0000000000
20122  -8.213  -56.796  12.341 0.0000000000
20123  -9.342  -56.325  11.839 0.0000000000
20124  -10.474  -56.052  11.655 0.0000000000
20125  -11.672  -56.365  11.471 0.0000000000
20138  -8.835  -57.203  11.271 0.0000000000
20139  -9.820  -57.269  10.852 0.0000000000
20140  -11.069  -57.534  10.773 0.0000000000
20141  -12.501  -58.082  10.105 0.0000000000
20160  -10.176  -57.942  10.461 0.0000000000
20161  -10.451  -57.723  10.541 0.0000000000
20162  -12.853  -59.239  9.360 0.0000000000
20163  -13.527  -58.404  9.297 0.0000000000
20183  -12.701  -59.694  9.302 0.0000000000
20184  -13.056  -59.272  9.402 0.0000000000
20942  -9.023  -55.621  18.463 0.0000000000
20959  -9.217  -55.172  18.084 0.0000000000
20966  -9.510  -55.212  16.607 0.0000000000
20979  -10.111  -55.904  15.061 0.0000000000
20980  -10.770  -55.449  14.702 0.0000000000
20996  -10.390  -56.065  13.766 0.0000000000
20997  -10.881  -55.639  12.910 0.0000000000
21022  -11.203  -55.819  12.005 0.0000000000
115059  -0.135  -75.813  19.743 0.0000000000
115060  -0.270  -75.817  19.109 0.0000000000
115061  -0.111  -75.453  19.749 0.0000000000
115062  -0.019  -74.985  19.805 0.0000000000
115063  -0.786  -71.978  17.422 0.0000000000
115064  -0.916  -71.884  17.630 0.0000000000
115065  -1.427  -71.862  17.649 0.0000000000
115066  -1.788  -72.038  17.232 0.0000000000
115067  -2.001  -71.815  17.508 0.0000000000
115068  -0.284  -74.936  17.591 0.0000000000
115069  0.552  -74.603  20.986 0.0000000000
115070  -0.548  -71.005  20.207 0.0000000000
115071  0.421  -74.207  18.747 0.0000000000
115072  -0.146  -70.964  20.625 0.0000000000
115073  -0.648  -72.264  18.071 0.0000000000
115074  0.320  -71.225  20.896 0.0000000000
