#!ascii label  , from subject Yale_0050558 vox2ras=TkReg
379
105431  -35.203  39.818  13.211 0.0000000000
105435  -34.650  39.754  13.027 0.0000000000
105436  -36.056  39.625  13.460 0.0000000000
105446  -34.220  39.743  12.725 0.0000000000
105447  -35.765  39.757  13.254 0.0000000000
105464  -33.992  39.852  12.386 0.0000000000
105465  -34.644  40.082  12.596 0.0000000000
105466  -35.868  40.495  12.902 0.0000000000
105992  -37.244  40.078  14.283 0.0000000000
105998  -33.538  40.075  13.412 0.0000000000
105999  -34.122  40.051  13.394 0.0000000000
106000  -36.121  40.101  13.676 0.0000000000
106003  -33.354  40.013  13.261 0.0000000000
106004  -33.782  39.825  13.174 0.0000000000
106012  -33.150  39.916  13.013 0.0000000000
106013  -33.590  39.759  12.829 0.0000000000
106023  -33.243  40.043  12.512 0.0000000000
106024  -33.630  39.970  12.243 0.0000000000
106025  -34.075  40.147  11.916 0.0000000000
106026  -34.952  40.625  11.946 0.0000000000
106027  -36.264  41.306  12.121 0.0000000000
106043  -33.460  40.430  11.614 0.0000000000
106044  -33.733  40.465  11.255 0.0000000000
106045  -34.322  40.598  10.950 0.0000000000
106046  -35.320  41.273  10.949 0.0000000000
106047  -36.850  42.249  11.050 0.0000000000
106069  -33.550  40.684  10.538 0.0000000000
106070  -33.845  40.798  9.895 0.0000000000
106071  -34.568  41.087  9.815 0.0000000000
106072  -35.708  42.069  9.823 0.0000000000
106073  -37.535  43.136  9.654 0.0000000000
106095  -34.107  41.084  8.931 0.0000000000
106096  -34.829  41.758  8.723 0.0000000000
106097  -36.139  42.789  8.662 0.0000000000
106098  -37.409  43.454  8.417 0.0000000000
106600  -37.259  40.639  14.310 0.0000000000
106604  -33.644  40.424  13.368 0.0000000000
106605  -34.928  40.540  13.501 0.0000000000
106606  -36.095  40.599  13.519 0.0000000000
106609  -33.122  40.529  12.687 0.0000000000
106610  -33.122  40.198  13.063 0.0000000000
106617  -33.276  40.585  12.148 0.0000000000
106618  -33.101  40.173  12.700 0.0000000000
106630  -33.360  40.785  11.388 0.0000000000
106631  -33.314  40.449  11.920 0.0000000000
106639  -33.326  40.940  10.928 0.0000000000
106640  -33.385  40.821  10.708 0.0000000000
106653  -33.707  41.163  9.146 0.0000000000
106654  -33.857  41.088  8.895 0.0000000000
106679  -33.955  41.697  8.150 0.0000000000
106680  -34.219  41.840  7.819 0.0000000000
106681  -35.274  42.634  7.655 0.0000000000
106682  -36.645  43.482  7.615 0.0000000000
106710  -34.757  42.980  6.633 0.0000000000
106711  -35.033  42.891  6.699 0.0000000000
107185  -37.291  41.528  14.323 0.0000000000
107186  -38.442  41.407  14.877 0.0000000000
107189  -33.848  41.271  13.359 0.0000000000
107190  -34.609  41.287  13.582 0.0000000000
107191  -36.086  41.254  13.685 0.0000000000
107194  -33.304  41.027  12.554 0.0000000000
107195  -33.389  40.890  13.020 0.0000000000
107201  -33.305  40.943  12.066 0.0000000000
107213  -33.309  40.960  11.559 0.0000000000
107222  -33.397  41.142  10.794 0.0000000000
107223  -33.362  41.083  10.421 0.0000000000
107233  -33.479  41.271  10.058 0.0000000000
107234  -33.577  41.319  9.522 0.0000000000
107247  -33.986  42.026  8.051 0.0000000000
107248  -34.334  42.251  7.650 0.0000000000
107268  -34.613  43.141  6.755 0.0000000000
107269  -34.603  42.902  6.811 0.0000000000
107718  -37.117  42.884  14.177 0.0000000000
107719  -38.101  42.432  14.541 0.0000000000
107720  -39.082  42.165  15.520 0.0000000000
107724  -34.566  42.176  13.508 0.0000000000
107725  -35.770  42.371  13.801 0.0000000000
107726  -36.804  42.068  14.154 0.0000000000
107730  -33.698  41.712  12.641 0.0000000000
107731  -34.027  41.957  13.137 0.0000000000
107736  -33.628  41.568  11.981 0.0000000000
107747  -33.683  41.492  11.139 0.0000000000
107758  -33.918  41.702  9.949 0.0000000000
107759  -34.302  42.283  9.356 0.0000000000
107774  -33.711  41.538  9.573 0.0000000000
107775  -34.281  42.324  8.721 0.0000000000
107792  -34.738  43.523  6.973 0.0000000000
108243  -39.387  43.580  16.499 0.0000000000
108248  -36.545  43.836  14.180 0.0000000000
108249  -38.030  43.627  14.795 0.0000000000
108250  -38.903  43.152  15.492 0.0000000000
108254  -34.904  43.318  13.450 0.0000000000
108255  -35.258  43.147  13.815 0.0000000000
108259  -34.110  42.328  12.052 0.0000000000
108260  -34.540  43.030  12.648 0.0000000000
108265  -27.420  44.633  10.933 0.0000000000
108266  -27.652  44.641  11.026 0.0000000000
108267  -34.240  42.337  11.235 0.0000000000
108268  -34.991  43.295  11.543 0.0000000000
108279  -27.518  44.486  9.918 0.0000000000
108280  -27.948  44.507  10.267 0.0000000000
108281  -28.715  44.766  9.940 0.0000000000
108282  -29.062  45.216  9.658 0.0000000000
108283  -34.370  42.303  10.241 0.0000000000
108284  -35.205  43.356  10.342 0.0000000000
108297  -27.807  43.819  9.054 0.0000000000
108298  -28.467  44.193  9.201 0.0000000000
108299  -29.061  44.874  9.151 0.0000000000
108300  -34.352  42.272  9.660 0.0000000000
108301  -35.000  43.242  9.097 0.0000000000
108318  -28.888  44.330  8.330 0.0000000000
108319  -35.367  44.237  7.482 0.0000000000
108338  -35.282  45.542  6.013 0.0000000000
108762  -39.144  44.377  18.871 0.0000000000
108769  -38.442  45.636  16.622 0.0000000000
108770  -39.087  44.771  17.093 0.0000000000
108774  -35.623  45.515  14.493 0.0000000000
108775  -36.022  45.169  14.727 0.0000000000
108776  -37.823  45.053  15.589 0.0000000000
108777  -38.801  44.112  15.810 0.0000000000
108780  -25.163  45.695  13.837 0.0000000000
108781  -25.403  45.594  13.771 0.0000000000
108782  -25.845  45.496  13.631 0.0000000000
108783  -35.471  44.884  13.981 0.0000000000
108784  -35.471  44.082  13.998 0.0000000000
108789  -25.414  45.639  13.435 0.0000000000
108790  -25.852  45.397  13.142 0.0000000000
108791  -26.405  45.248  12.934 0.0000000000
108792  -27.092  45.137  12.452 0.0000000000
108793  -27.710  45.329  12.215 0.0000000000
108794  -35.315  44.560  13.118 0.0000000000
108800  -25.855  45.457  12.666 0.0000000000
108801  -26.375  45.171  12.220 0.0000000000
108802  -26.924  44.850  11.736 0.0000000000
108803  -27.506  44.846  11.616 0.0000000000
108804  -28.169  45.310  11.553 0.0000000000
108805  -28.703  45.711  10.988 0.0000000000
108806  -35.584  44.553  11.990 0.0000000000
108814  -26.391  45.218  11.638 0.0000000000
108815  -26.854  44.839  11.007 0.0000000000
108816  -27.173  44.666  10.723 0.0000000000
108817  -27.895  44.772  11.092 0.0000000000
108818  -28.431  44.991  10.745 0.0000000000
108819  -29.027  45.698  10.172 0.0000000000
108820  -36.072  44.934  10.654 0.0000000000
108821  -36.091  46.327  9.517 0.0000000000
108837  -29.381  46.032  9.186 0.0000000000
108838  -29.763  47.107  8.304 0.0000000000
108839  -35.988  44.876  9.275 0.0000000000
108840  -35.892  46.702  8.358 0.0000000000
108856  -29.265  45.757  8.131 0.0000000000
108857  -29.826  47.598  7.294 0.0000000000
108858  -35.865  45.332  7.945 0.0000000000
108859  -35.610  47.026  7.295 0.0000000000
108873  -35.502  46.323  6.630 0.0000000000
108874  -35.148  48.030  6.349 0.0000000000
109235  -37.541  46.195  21.059 0.0000000000
109244  -38.008  46.226  19.581 0.0000000000
109245  -38.729  45.456  18.796 0.0000000000
109253  -36.827  47.141  16.962 0.0000000000
109254  -38.034  46.333  17.560 0.0000000000
109255  -38.966  45.357  18.020 0.0000000000
109259  -24.373  46.538  15.006 0.0000000000
109260  -24.630  46.427  14.954 0.0000000000
109261  -25.150  46.238  14.904 0.0000000000
109262  -25.751  46.285  14.733 0.0000000000
109263  -35.616  46.127  15.008 0.0000000000
109264  -36.589  46.404  16.034 0.0000000000
109265  -37.863  45.924  16.454 0.0000000000
109270  -24.522  46.420  14.627 0.0000000000
109271  -24.948  45.934  14.295 0.0000000000
109272  -25.523  45.797  14.240 0.0000000000
109273  -26.316  45.898  13.987 0.0000000000
109274  -27.138  46.267  13.546 0.0000000000
109275  -27.810  46.687  13.078 0.0000000000
109276  -35.551  45.863  14.352 0.0000000000
109282  -24.686  46.200  14.188 0.0000000000
109283  -24.991  45.858  13.804 0.0000000000
109284  -26.831  45.543  13.174 0.0000000000
109285  -27.479  45.750  12.849 0.0000000000
109286  -28.263  46.335  12.248 0.0000000000
109287  -28.854  47.029  11.571 0.0000000000
109288  -35.652  45.958  13.614 0.0000000000
109296  -24.778  46.165  13.830 0.0000000000
109297  -25.279  45.849  13.169 0.0000000000
109298  -28.650  46.153  11.471 0.0000000000
109299  -29.231  46.953  10.723 0.0000000000
109300  -29.751  47.932  9.914 0.0000000000
109301  -36.038  46.048  12.383 0.0000000000
109302  -36.052  46.920  11.578 0.0000000000
109310  -25.941  45.615  12.161 0.0000000000
109311  -29.590  46.977  9.675 0.0000000000
109312  -30.218  48.406  9.058 0.0000000000
109313  -36.138  45.867  11.411 0.0000000000
109314  -36.062  47.106  10.503 0.0000000000
109331  -29.877  47.441  8.827 0.0000000000
109332  -30.706  48.908  7.731 0.0000000000
109333  -32.185  49.748  7.295 0.0000000000
109334  -35.706  47.965  8.980 0.0000000000
109350  -31.115  48.709  6.479 0.0000000000
109351  -32.179  49.409  6.636 0.0000000000
109352  -35.280  48.419  7.444 0.0000000000
109366  -34.594  49.024  6.350 0.0000000000
109702  -36.725  47.454  21.325 0.0000000000
109710  -37.096  47.608  20.141 0.0000000000
109713  -23.992  47.670  16.200 0.0000000000
109714  -24.134  47.504  16.103 0.0000000000
109715  -24.507  47.371  16.047 0.0000000000
109716  -25.123  47.499  15.995 0.0000000000
109723  -36.765  47.679  17.577 0.0000000000
109724  -36.959  47.839  18.714 0.0000000000
109728  -23.974  47.526  15.922 0.0000000000
109729  -24.269  46.944  15.465 0.0000000000
109730  -24.809  46.795  15.505 0.0000000000
109731  -25.583  47.080  15.440 0.0000000000
109732  -26.370  47.093  14.911 0.0000000000
109733  -27.116  47.854  14.606 0.0000000000
109734  -35.796  47.129  15.492 0.0000000000
109735  -36.111  47.966  16.527 0.0000000000
109740  -23.977  47.219  15.321 0.0000000000
109741  -24.236  46.713  14.969 0.0000000000
109742  -26.875  46.844  14.185 0.0000000000
109743  -27.633  47.593  13.781 0.0000000000
109744  -28.504  48.038  12.742 0.0000000000
109745  -29.239  49.487  12.371 0.0000000000
109746  -35.713  47.045  14.412 0.0000000000
109754  -23.921  47.288  14.970 0.0000000000
109755  -24.289  46.747  14.442 0.0000000000
109756  -28.778  47.432  12.004 0.0000000000
109757  -29.453  48.705  11.261 0.0000000000
109758  -30.222  49.876  10.398 0.0000000000
109759  -35.934  47.627  12.895 0.0000000000
109760  -35.893  48.724  12.471 0.0000000000
109766  -24.874  46.403  13.505 0.0000000000
109767  -25.487  46.057  12.647 0.0000000000
109768  -29.648  48.196  10.416 0.0000000000
109769  -30.286  49.308  9.779 0.0000000000
109770  -36.036  47.250  12.095 0.0000000000
109771  -35.719  48.363  11.640 0.0000000000
109782  -31.509  49.839  8.605 0.0000000000
109783  -32.622  50.290  8.529 0.0000000000
109784  -35.376  49.073  9.988 0.0000000000
109800  -31.798  49.814  7.814 0.0000000000
109801  -33.095  50.121  7.905 0.0000000000
109802  -34.636  49.510  8.470 0.0000000000
109816  -33.228  49.779  6.799 0.0000000000
109817  -34.271  49.521  7.099 0.0000000000
109829  -33.183  49.550  6.068 0.0000000000
109830  -33.914  49.514  6.222 0.0000000000
110178  -34.902  49.897  20.375 0.0000000000
110179  -35.992  48.678  20.540 0.0000000000
110183  -24.086  48.481  17.326 0.0000000000
110184  -24.654  48.648  17.214 0.0000000000
110185  -25.478  49.096  17.051 0.0000000000
110186  -25.980  49.470  16.904 0.0000000000
110190  -33.211  51.299  19.233 0.0000000000
110191  -34.325  50.725  19.526 0.0000000000
110192  -36.442  48.709  19.537 0.0000000000
110200  -23.925  48.087  16.657 0.0000000000
110201  -24.288  47.988  16.611 0.0000000000
110202  -24.959  48.123  16.542 0.0000000000
110203  -25.999  48.696  16.279 0.0000000000
110204  -26.698  49.486  16.109 0.0000000000
110208  -31.688  52.214  19.745 0.0000000000
110209  -32.433  52.223  18.866 0.0000000000
110210  -36.238  49.200  17.686 0.0000000000
110211  -36.313  49.112  18.762 0.0000000000
110220  -23.815  47.979  16.121 0.0000000000
110221  -26.178  47.822  15.553 0.0000000000
110222  -26.852  48.822  15.488 0.0000000000
110223  -27.881  49.392  14.495 0.0000000000
110224  -28.537  50.475  14.271 0.0000000000
110225  -35.911  48.429  15.207 0.0000000000
110226  -35.883  49.862  16.149 0.0000000000
110234  -23.806  47.819  15.452 0.0000000000
110235  -28.143  48.702  13.594 0.0000000000
110236  -28.725  49.997  13.351 0.0000000000
110237  -29.378  50.641  12.448 0.0000000000
110238  -35.884  48.704  13.774 0.0000000000
110239  -35.786  50.131  14.511 0.0000000000
110245  -23.950  47.593  14.749 0.0000000000
110246  -24.528  47.202  13.998 0.0000000000
110247  -29.714  50.447  11.718 0.0000000000
110248  -30.280  50.543  10.863 0.0000000000
110249  -36.027  48.839  12.895 0.0000000000
110250  -35.565  49.854  12.772 0.0000000000
110262  -31.277  50.641  10.038 0.0000000000
110263  -32.298  51.068  9.929 0.0000000000
110264  -34.725  50.026  11.199 0.0000000000
110277  -31.369  50.208  9.330 0.0000000000
110278  -32.653  50.636  9.249 0.0000000000
110279  -34.092  50.333  9.720 0.0000000000
110290  -33.095  50.335  8.578 0.0000000000
110291  -33.651  50.300  8.713 0.0000000000
110624  -24.247  49.825  18.619 0.0000000000
110625  -24.873  50.121  18.630 0.0000000000
110626  -25.766  50.849  18.324 0.0000000000
110627  -26.332  51.507  18.052 0.0000000000
110630  -35.705  49.614  19.828 0.0000000000
110631  -36.027  49.160  19.781 0.0000000000
110642  -23.927  49.171  17.868 0.0000000000
110643  -24.366  49.141  17.991 0.0000000000
110644  -25.178  49.603  17.829 0.0000000000
110645  -26.227  50.712  17.418 0.0000000000
110646  -27.017  51.607  17.275 0.0000000000
110649  -34.356  51.302  18.602 0.0000000000
110650  -35.246  50.379  19.076 0.0000000000
110651  -35.975  49.549  19.262 0.0000000000
110663  -23.656  48.866  17.153 0.0000000000
110664  -26.285  49.800  16.830 0.0000000000
110665  -26.945  50.768  16.612 0.0000000000
110666  -27.646  51.736  16.451 0.0000000000
110667  -30.666  52.730  20.144 0.0000000000
110668  -30.999  53.555  19.582 0.0000000000
110669  -31.809  53.621  18.336 0.0000000000
110670  -33.334  52.495  17.757 0.0000000000
110671  -35.141  51.190  17.373 0.0000000000
110672  -35.813  49.948  18.464 0.0000000000
110683  -23.676  48.693  16.313 0.0000000000
110684  -27.028  49.947  16.009 0.0000000000
110685  -27.650  50.940  15.762 0.0000000000
110686  -28.447  51.283  14.911 0.0000000000
110687  -31.889  54.178  17.437 0.0000000000
110688  -32.387  53.758  17.326 0.0000000000
110689  -35.218  51.425  15.546 0.0000000000
110700  -29.054  51.453  14.204 0.0000000000
110701  -29.795  51.798  12.981 0.0000000000
110702  -30.735  52.245  12.689 0.0000000000
110703  -34.959  51.600  13.924 0.0000000000
110714  -29.861  51.187  12.174 0.0000000000
110715  -30.912  51.604  11.832 0.0000000000
110716  -31.999  52.027  11.615 0.0000000000
110717  -34.224  51.462  12.304 0.0000000000
110729  -31.196  51.123  10.825 0.0000000000
110730  -32.374  51.481  10.771 0.0000000000
110731  -33.708  51.083  10.895 0.0000000000
110736  -32.704  51.130  9.943 0.0000000000
110737  -33.221  51.069  10.032 0.0000000000
111109  -23.790  50.036  18.315 0.0000000000
111110  -26.666  52.117  17.859 0.0000000000
111111  -27.694  52.838  17.945 0.0000000000
111112  -29.732  53.092  19.201 0.0000000000
111113  -30.224  53.405  19.678 0.0000000000
111125  -23.685  49.772  17.416 0.0000000000
111126  -27.389  52.137  17.189 0.0000000000
111127  -28.110  52.852  17.197 0.0000000000
111128  -29.796  54.032  18.391 0.0000000000
111129  -30.827  54.475  18.070 0.0000000000
111130  -31.425  54.471  17.358 0.0000000000
111131  -34.138  52.530  16.577 0.0000000000
111132  -34.684  52.071  16.177 0.0000000000
111145  -28.069  52.207  16.350 0.0000000000
111146  -28.886  53.178  16.047 0.0000000000
111147  -29.647  53.759  15.476 0.0000000000
111148  -31.951  54.287  16.667 0.0000000000
111149  -33.122  53.532  16.371 0.0000000000
111150  -34.112  52.819  15.241 0.0000000000
111167  -28.996  52.264  14.924 0.0000000000
111168  -29.703  53.104  14.614 0.0000000000
111169  -31.022  53.129  13.414 0.0000000000
111170  -32.551  53.384  13.376 0.0000000000
111171  -33.751  52.743  13.587 0.0000000000
111189  -31.200  52.360  12.597 0.0000000000
111190  -31.976  52.534  12.391 0.0000000000
111191  -33.157  52.516  12.416 0.0000000000
111196  -32.597  52.093  11.748 0.0000000000
111197  -33.271  51.800  11.580 0.0000000000
111575  -30.237  54.518  17.286 0.0000000000
111576  -30.863  54.672  16.902 0.0000000000
111577  -31.356  54.626  16.702 0.0000000000
111588  -29.723  54.226  16.974 0.0000000000
111589  -30.147  54.244  16.077 0.0000000000
111590  -31.317  54.488  15.905 0.0000000000
111591  -32.452  54.166  15.560 0.0000000000
111592  -33.189  53.644  15.412 0.0000000000
111604  -30.046  53.862  15.273 0.0000000000
111605  -30.666  54.021  14.937 0.0000000000
111606  -31.862  54.054  14.569 0.0000000000
111607  -33.040  53.669  14.569 0.0000000000
