#!ascii label  , from subject Yale_0050563 vox2ras=TkReg
115
30816  -35.108  43.806  -11.711 0.0000000000
30602  -43.556  40.802  -6.655 0.0000000000
30449  -41.745  40.170  -10.331 0.0000000000
30819  -39.621  42.921  -11.519 0.0000000000
30099  -35.355  36.072  -5.743 0.0000000000
30778  -43.996  43.779  -1.325 0.0000000000
31395  -39.768  46.078  -4.545 0.0000000000
30627  -37.072  41.869  -11.278 0.0000000000
30288  -37.181  39.716  -13.058 0.0000000000
30626  -35.048  41.819  -12.253 0.0000000000
30817  -36.022  44.144  -11.385 0.0000000000
30803  -38.765  41.485  -10.029 0.0000000000
30610  -36.963  41.282  -9.359 0.0000000000
30436  -38.297  40.126  -8.631 0.0000000000
29731  -38.700  33.088  -6.308 0.0000000000
29929  -33.723  35.042  -4.577 0.0000000000
29725  -34.141  32.195  -3.139 0.0000000000
29528  -41.773  34.095  -9.306 0.0000000000
29293  -40.496  31.704  -10.670 0.0000000000
29951  -40.855  36.714  -12.509 0.0000000000
30805  -41.868  42.417  -10.154 0.0000000000
30435  -36.166  38.474  -5.560 0.0000000000
30102  -38.954  36.634  -7.443 0.0000000000
30795  -43.015  42.811  -3.904 0.0000000000
31396  -42.269  46.904  -3.455 0.0000000000
30981  -41.362  43.497  -6.145 0.0000000000
31409  -40.036  45.429  -9.242 0.0000000000
30411  -31.178  37.107  -2.157 0.0000000000
30410  -30.021  36.499  -1.749 0.0000000000
30618  -36.213  41.934  -11.095 0.0000000000
30813  -33.931  43.663  -12.844 0.0000000000
29727  -36.600  32.585  -4.958 0.0000000000
30124  -42.397  38.340  -10.425 0.0000000000
29742  -42.248  35.524  -10.373 0.0000000000
30125  -42.203  37.503  -11.382 0.0000000000
30287  -34.886  40.019  -13.540 0.0000000000
30130  -37.937  37.741  -13.807 0.0000000000
30820  -41.608  42.543  -11.190 0.0000000000
30601  -41.796  40.818  -9.029 0.0000000000
30804  -40.607  42.101  -10.225 0.0000000000
30448  -40.211  40.305  -9.597 0.0000000000
30282  -39.332  39.152  -7.998 0.0000000000
30283  -41.303  39.146  -9.292 0.0000000000
30118  -41.865  37.333  -9.395 0.0000000000
30594  -43.669  41.619  -2.998 0.0000000000
30779  -43.717  43.680  -2.477 0.0000000000
31181  -38.758  46.374  -3.256 0.0000000000
30980  -42.335  44.431  -4.426 0.0000000000
31198  -41.165  45.394  -4.936 0.0000000000
31199  -40.350  44.344  -7.456 0.0000000000
31404  -39.597  45.580  -7.014 0.0000000000
29297  -39.087  31.345  -11.854 0.0000000000
30261  -34.222  36.872  -4.986 0.0000000000
29928  -32.086  34.985  -3.381 0.0000000000
30092  -30.595  35.523  -2.381 0.0000000000
30461  -40.294  41.220  -11.115 0.0000000000
30296  -40.852  39.922  -12.503 0.0000000000
30459  -38.310  41.387  -11.640 0.0000000000
30457  -36.207  40.868  -12.335 0.0000000000
30818  -37.719  43.218  -11.425 0.0000000000
30617  -38.735  41.414  -10.403 0.0000000000
29930  -36.069  34.469  -5.656 0.0000000000
29723  -32.946  32.847  -2.445 0.0000000000
29288  -40.392  31.557  -7.689 0.0000000000
29530  -41.560  32.942  -10.436 0.0000000000
29752  -39.921  33.945  -13.013 0.0000000000
30294  -39.859  38.277  -13.310 0.0000000000
29949  -38.856  36.380  -13.524 0.0000000000
30806  -42.337  41.865  -7.569 0.0000000000
30599  -43.227  39.401  -8.295 0.0000000000
30272  -37.618  38.272  -6.649 0.0000000000
30101  -36.839  36.045  -6.354 0.0000000000
29734  -40.880  34.799  -8.239 0.0000000000
30815  -34.367  45.881  -11.428 0.0000000000
30814  -33.313  45.287  -12.619 0.0000000000
30596  -43.801  40.759  -4.385 0.0000000000
30794  -43.208  41.342  -5.064 0.0000000000
31386  -42.820  47.395  -1.437 0.0000000000
31385  -41.720  47.618  -2.403 0.0000000000
31178  -43.169  46.657  -2.569 0.0000000000
30977  -43.206  45.521  -3.307 0.0000000000
30979  -42.191  42.722  -5.224 0.0000000000
30796  -43.035  41.755  -5.858 0.0000000000
30994  -41.448  43.267  -8.727 0.0000000000
31207  -40.243  45.006  -10.264 0.0000000000
31002  -39.094  44.639  -11.357 0.0000000000
31001  -36.633  45.769  -10.974 0.0000000000
30258  -32.921  35.907  -4.446 0.0000000000
30426  -43.825  38.987  -7.507 0.0000000000
29526  -39.237  31.402  -6.357 0.0000000000
30297  -42.034  39.439  -11.523 0.0000000000
31187  -37.764  46.404  -4.903 0.0000000000
29924  -30.667  34.048  -1.369 0.0000000000
29933  -37.506  34.546  -6.364 0.0000000000
29743  -41.692  34.769  -11.101 0.0000000000
29753  -40.730  34.639  -11.937 0.0000000000
30295  -39.051  39.384  -13.220 0.0000000000
30129  -35.823  38.112  -14.121 0.0000000000
29750  -36.790  35.185  -14.260 0.0000000000
30600  -43.044  40.156  -8.074 0.0000000000
31204  -41.111  44.160  -9.613 0.0000000000
30821  -41.845  43.009  -10.682 0.0000000000
29289  -40.498  31.207  -8.970 0.0000000000
30259  -32.387  36.686  -3.768 0.0000000000
30799  -40.002  40.203  -8.710 0.0000000000
30117  -40.596  37.420  -8.684 0.0000000000
30592  -44.422  41.567  -1.670 0.0000000000
29292  -39.323  30.392  -10.648 0.0000000000
30428  -34.088  37.677  -4.314 0.0000000000
30460  -41.354  40.778  -11.693 0.0000000000
30458  -39.603  40.684  -12.261 0.0000000000
29536  -40.562  32.848  -11.893 0.0000000000
30131  -41.337  38.282  -12.541 0.0000000000
29950  -39.795  35.600  -12.884 0.0000000000
31003  -40.604  43.519  -11.519 0.0000000000
