#!ascii label  , from subject Yale_0050553 vox2ras=TkReg
584
15498  -40.623  -25.659  61.991 0.0000000000
13199  -17.688  -36.262  74.381 0.0000000000
15473  -26.554  -26.994  68.763 0.0000000000
18023  -38.758  -18.309  54.876 0.0000000000
14739  -34.202  -30.608  68.744 0.0000000000
13566  -28.679  -31.595  60.934 0.0000000000
17003  -37.527  -19.339  68.358 0.0000000000
18809  -40.252  -11.821  64.683 0.0000000000
13889  -26.202  -31.317  70.627 0.0000000000
15739  -22.114  -22.941  75.297 0.0000000000
19133  -46.220  -11.761  58.366 0.0000000000
19153  -51.900  -10.906  51.933 0.0000000000
20089  -49.347  -8.891  43.237 0.0000000000
17022  -41.075  -20.473  59.351 0.0000000000
14982  -38.638  -28.910  65.724 0.0000000000
14758  -34.722  -30.950  64.036 0.0000000000
15230  -36.518  -29.534  59.399 0.0000000000
13503  -15.454  -31.817  78.713 0.0000000000
13857  -10.572  -31.424  79.098 0.0000000000
13201  -13.609  -34.240  72.394 0.0000000000
17747  -34.365  -14.773  65.647 0.0000000000
14721  -20.734  -27.636  75.064 0.0000000000
16714  -34.866  -20.403  69.681 0.0000000000
19432  -44.751  -9.758  61.078 0.0000000000
19468  -48.800  -8.678  50.859 0.0000000000
20626  -49.551  -4.993  49.293 0.0000000000
19787  -52.846  -9.557  47.808 0.0000000000
21200  -50.857  -2.946  48.144 0.0000000000
21487  -50.561  -2.323  44.416 0.0000000000
22643  -49.716  1.948  44.625 0.0000000000
15204  -24.443  -26.086  70.274 0.0000000000
15227  -23.938  -28.554  61.968 0.0000000000
18261  -41.459  -18.108  52.012 0.0000000000
14736  -29.879  -29.899  71.038 0.0000000000
14754  -25.995  -31.354  64.649 0.0000000000
14496  -29.863  -32.977  65.833 0.0000000000
15778  -40.495  -24.378  65.361 0.0000000000
17265  -41.515  -18.335  64.616 0.0000000000
18001  -38.078  -15.144  67.398 0.0000000000
18816  -35.035  -11.812  63.185 0.0000000000
13187  -19.760  -33.712  77.701 0.0000000000
13202  -22.032  -36.853  72.493 0.0000000000
13520  -23.922  -32.308  75.672 0.0000000000
14947  -25.468  -27.252  74.189 0.0000000000
15750  -26.170  -23.987  74.951 0.0000000000
15460  -29.024  -25.192  74.153 0.0000000000
15761  -32.149  -24.981  70.141 0.0000000000
15774  -37.728  -25.411  66.778 0.0000000000
18239  -42.411  -16.610  59.827 0.0000000000
18567  -45.473  -16.990  58.849 0.0000000000
18577  -47.862  -17.009  55.682 0.0000000000
19143  -49.672  -12.547  55.419 0.0000000000
18860  -49.675  -16.318  52.766 0.0000000000
19811  -49.534  -9.612  41.288 0.0000000000
22313  -50.243  1.412  37.851 0.0000000000
15499  -39.065  -26.289  60.244 0.0000000000
16098  -37.545  -23.422  57.433 0.0000000000
16088  -41.109  -23.755  61.288 0.0000000000
15219  -40.202  -27.453  64.246 0.0000000000
14994  -38.076  -29.849  62.939 0.0000000000
15232  -38.383  -28.531  60.329 0.0000000000
15512  -36.433  -28.692  57.474 0.0000000000
13506  -17.003  -35.215  77.327 0.0000000000
13861  -13.432  -33.268  78.045 0.0000000000
13881  -14.856  -34.272  73.205 0.0000000000
20630  -46.882  -6.182  47.942 0.0000000000
20631  -48.228  -4.791  48.795 0.0000000000
21199  -50.110  -2.680  48.645 0.0000000000
21734  -49.277  -0.135  47.692 0.0000000000
22012  -49.913  1.181  46.811 0.0000000000
22301  -48.325  0.867  44.276 0.0000000000
15760  -25.663  -25.653  70.081 0.0000000000
15212  -24.406  -27.135  65.480 0.0000000000
15485  -25.649  -26.480  66.899 0.0000000000
18027  -39.103  -18.492  53.618 0.0000000000
14738  -32.642  -30.253  70.178 0.0000000000
14493  -30.540  -32.385  67.778 0.0000000000
14494  -32.423  -32.579  67.128 0.0000000000
15493  -31.023  -27.677  61.268 0.0000000000
12906  -11.709  -35.018  76.583 0.0000000000
12901  -8.869  -34.231  79.841 0.0000000000
16727  -38.721  -19.407  67.549 0.0000000000
17483  -37.198  -17.443  68.321 0.0000000000
18541  -34.724  -13.172  64.391 0.0000000000
13872  -21.203  -30.438  77.012 0.0000000000
13193  -21.540  -32.512  77.042 0.0000000000
13876  -22.480  -30.062  76.733 0.0000000000
15180  -21.260  -24.309  75.700 0.0000000000
14720  -22.108  -27.419  76.193 0.0000000000
15181  -22.497  -25.522  76.190 0.0000000000
15195  -24.863  -25.997  73.581 0.0000000000
16036  -23.803  -23.281  75.633 0.0000000000
16386  -28.504  -22.372  74.135 0.0000000000
16049  -29.554  -22.802  73.529 0.0000000000
15754  -31.127  -24.971  72.099 0.0000000000
16054  -31.814  -23.344  71.271 0.0000000000
16999  -35.536  -19.452  68.655 0.0000000000
16063  -35.660  -23.244  68.626 0.0000000000
16068  -37.900  -23.464  67.192 0.0000000000
15775  -38.904  -25.031  66.605 0.0000000000
14473  -18.354  -29.095  76.819 0.0000000000
18008  -41.627  -14.932  64.418 0.0000000000
17758  -43.034  -17.419  61.400 0.0000000000
18553  -42.541  -13.253  63.057 0.0000000000
19127  -45.928  -10.550  59.714 0.0000000000
18827  -45.967  -13.234  61.060 0.0000000000
18568  -46.271  -14.667  60.015 0.0000000000
18574  -46.978  -17.316  56.605 0.0000000000
18838  -46.966  -13.772  58.352 0.0000000000
19464  -51.279  -9.316  52.032 0.0000000000
19776  -49.520  -9.008  53.920 0.0000000000
19147  -50.983  -11.862  54.399 0.0000000000
18861  -50.377  -13.626  54.504 0.0000000000
18865  -50.439  -15.263  52.068 0.0000000000
19156  -52.033  -12.705  50.737 0.0000000000
20084  -52.239  -7.887  46.735 0.0000000000
19503  -51.552  -12.289  46.044 0.0000000000
19508  -50.230  -12.266  44.412 0.0000000000
19518  -49.263  -11.541  42.569 0.0000000000
19521  -49.773  -11.749  42.144 0.0000000000
20092  -48.269  -8.930  41.997 0.0000000000
22017  -51.630  0.174  43.450 0.0000000000
21748  -51.235  -1.410  41.557 0.0000000000
13533  -24.966  -34.124  70.929 0.0000000000
14515  -26.454  -33.364  61.922 0.0000000000
14252  -24.894  -33.207  60.266 0.0000000000
17512  -40.231  -18.671  58.130 0.0000000000
14753  -37.439  -29.144  67.027 0.0000000000
14747  -34.854  -31.546  66.713 0.0000000000
14751  -36.418  -31.043  64.716 0.0000000000
15223  -35.058  -30.336  61.581 0.0000000000
14469  -14.074  -28.621  78.662 0.0000000000
14717  -11.442  -28.168  78.881 0.0000000000
13862  -13.360  -31.391  79.173 0.0000000000
13513  -11.626  -33.602  76.408 0.0000000000
12910  -13.011  -35.491  73.356 0.0000000000
17256  -35.282  -18.239  68.331 0.0000000000
17482  -35.276  -16.796  67.884 0.0000000000
16711  -33.401  -20.159  70.242 0.0000000000
16992  -33.273  -19.310  68.590 0.0000000000
16993  -34.227  -19.345  68.976 0.0000000000
19414  -40.570  -9.361  62.745 0.0000000000
19417  -42.572  -9.557  62.742 0.0000000000
19746  -42.954  -8.667  61.430 0.0000000000
19749  -44.191  -8.797  60.078 0.0000000000
19757  -45.068  -8.837  57.235 0.0000000000
19782  -49.735  -8.302  50.154 0.0000000000
19480  -52.218  -8.496  49.674 0.0000000000
19164  -52.793  -10.989  49.376 0.0000000000
20075  -52.325  -7.606  48.875 0.0000000000
20356  -52.181  -6.231  47.802 0.0000000000
20915  -51.318  -4.136  46.405 0.0000000000
20646  -49.571  -6.327  43.558 0.0000000000
21486  -51.111  -1.366  45.867 0.0000000000
21743  -51.072  0.062  44.786 0.0000000000
22915  -53.409  3.434  41.250 0.0000000000
14485  -25.877  -29.376  69.864 0.0000000000
14741  -24.514  -29.397  65.404 0.0000000000
14968  -28.593  -29.454  70.685 0.0000000000
14986  -26.669  -28.965  66.309 0.0000000000
14746  -28.575  -30.833  68.124 0.0000000000
14505  -27.850  -32.697  65.433 0.0000000000
14518  -27.697  -32.420  61.509 0.0000000000
14757  -33.292  -31.372  64.529 0.0000000000
15004  -29.923  -30.891  61.664 0.0000000000
13856  -8.591  -30.203  80.091 0.0000000000
15779  -41.388  -24.469  63.966 0.0000000000
16418  -41.965  -22.629  63.286 0.0000000000
16417  -41.280  -22.371  64.465 0.0000000000
17264  -40.399  -17.043  65.870 0.0000000000
18550  -38.884  -12.274  65.554 0.0000000000
18227  -35.004  -14.374  66.786 0.0000000000
18805  -37.476  -12.023  65.872 0.0000000000
19110  -37.852  -10.970  64.641 0.0000000000
19120  -38.344  -9.824  62.085 0.0000000000
13186  -18.401  -35.405  77.354 0.0000000000
13197  -20.319  -36.852  74.163 0.0000000000
13192  -21.501  -35.820  75.279 0.0000000000
13206  -24.502  -33.522  73.551 0.0000000000
13887  -25.788  -32.297  72.190 0.0000000000
14196  -23.458  -29.109  76.365 0.0000000000
14478  -25.029  -28.057  75.681 0.0000000000
14480  -26.363  -29.601  71.833 0.0000000000
14956  -24.927  -27.028  71.303 0.0000000000
15751  -25.094  -25.417  72.576 0.0000000000
15749  -26.404  -25.295  73.642 0.0000000000
16385  -25.858  -21.783  74.920 0.0000000000
15462  -27.523  -24.908  74.418 0.0000000000
15461  -27.628  -26.788  72.984 0.0000000000
14958  -29.168  -27.572  72.873 0.0000000000
14959  -31.496  -28.106  71.792 0.0000000000
15207  -33.177  -27.943  70.161 0.0000000000
16055  -33.073  -23.385  70.306 0.0000000000
15767  -34.237  -25.106  68.599 0.0000000000
15213  -36.945  -27.718  67.471 0.0000000000
15486  -38.589  -26.785  66.685 0.0000000000
15489  -39.843  -25.950  66.192 0.0000000000
14470  -16.758  -28.822  76.927 0.0000000000
13502  -17.429  -32.246  78.355 0.0000000000
17017  -43.009  -19.379  61.486 0.0000000000
17275  -42.643  -18.132  60.196 0.0000000000
18019  -40.220  -17.965  57.098 0.0000000000
18821  -43.556  -12.394  62.074 0.0000000000
18564  -43.901  -15.464  60.272 0.0000000000
18248  -41.009  -18.212  56.340 0.0000000000
18253  -42.179  -18.709  55.338 0.0000000000
18578  -44.231  -18.050  54.227 0.0000000000
19760  -45.882  -8.962  56.070 0.0000000000
19467  -47.383  -8.528  52.178 0.0000000000
19770  -47.874  -9.014  54.913 0.0000000000
19140  -48.166  -12.241  56.204 0.0000000000
18847  -49.092  -13.938  55.784 0.0000000000
18853  -48.193  -17.452  54.372 0.0000000000
19169  -52.118  -12.865  47.866 0.0000000000
19526  -52.042  -11.332  41.936 0.0000000000
20654  -48.746  -6.228  41.277 0.0000000000
22651  -49.097  2.804  41.520 0.0000000000
22654  -50.596  3.806  39.647 0.0000000000
22032  -48.089  0.408  37.804 0.0000000000
22316  -52.090  2.813  39.176 0.0000000000
14760  -25.077  -30.748  63.332 0.0000000000
15787  -39.594  -24.554  60.524 0.0000000000
15782  -41.033  -25.766  63.168 0.0000000000
15224  -39.840  -27.730  62.793 0.0000000000
13514  -15.953  -35.290  75.832 0.0000000000
13525  -16.802  -35.746  73.772 0.0000000000
21205  -48.349  -2.536  47.715 0.0000000000
21737  -48.586  0.120  46.652 0.0000000000
22299  -49.306  1.480  45.898 0.0000000000
18247  -39.697  -18.120  54.831 0.0000000000
14500  -33.552  -31.872  67.973 0.0000000000
12357  -12.782  -36.971  76.305 0.0000000000
16407  -38.158  -21.251  67.912 0.0000000000
14193  -19.806  -29.334  75.865 0.0000000000
14194  -21.098  -29.266  76.116 0.0000000000
15738  -20.715  -23.459  73.955 0.0000000000
15740  -22.706  -23.373  75.846 0.0000000000
16707  -29.111  -21.211  72.704 0.0000000000
16708  -30.413  -21.225  72.159 0.0000000000
16050  -30.784  -22.480  72.315 0.0000000000
16710  -31.959  -20.727  71.170 0.0000000000
16406  -37.116  -21.986  68.199 0.0000000000
14190  -19.613  -29.721  77.049 0.0000000000
18551  -40.331  -13.141  65.116 0.0000000000
18552  -41.760  -13.159  64.226 0.0000000000
19439  -45.690  -10.115  58.520 0.0000000000
18829  -46.741  -13.343  59.599 0.0000000000
18570  -46.905  -15.006  59.000 0.0000000000
19152  -51.707  -11.112  53.345 0.0000000000
19148  -51.690  -12.286  53.489 0.0000000000
19151  -51.677  -12.655  52.342 0.0000000000
18866  -51.173  -14.322  51.419 0.0000000000
20640  -51.223  -6.306  45.466 0.0000000000
19803  -50.976  -9.523  45.287 0.0000000000
19804  -50.003  -10.992  43.895 0.0000000000
22652  -53.619  2.468  41.390 0.0000000000
22021  -52.077  0.285  42.201 0.0000000000
13537  -24.892  -34.098  68.899 0.0000000000
13570  -27.620  -32.404  60.621 0.0000000000
13920  -26.217  -33.145  60.310 0.0000000000
16430  -38.787  -23.162  59.451 0.0000000000
16750  -38.851  -21.646  58.613 0.0000000000
17025  -39.856  -20.188  58.461 0.0000000000
14752  -37.486  -30.375  65.404 0.0000000000
15229  -35.819  -30.235  60.928 0.0000000000
15231  -35.085  -29.955  60.078 0.0000000000
15513  -37.116  -27.572  57.139 0.0000000000
14186  -14.410  -30.044  79.060 0.0000000000
13875  -13.556  -33.848  74.018 0.0000000000
13867  -12.516  -33.613  76.027 0.0000000000
13196  -12.587  -34.206  74.299 0.0000000000
12913  -13.626  -35.523  71.124 0.0000000000
17481  -34.444  -17.201  66.414 0.0000000000
17253  -34.483  -18.618  67.759 0.0000000000
19418  -40.920  -8.649  61.100 0.0000000000
19750  -41.935  -8.390  59.326 0.0000000000
19756  -42.780  -8.271  57.772 0.0000000000
20044  -43.750  -8.441  58.505 0.0000000000
20350  -48.168  -6.641  49.010 0.0000000000
20074  -50.545  -6.997  49.727 0.0000000000
19783  -51.272  -7.920  50.481 0.0000000000
20351  -51.076  -6.380  49.480 0.0000000000
20627  -50.937  -4.643  48.877 0.0000000000
20903  -51.523  -4.681  47.838 0.0000000000
21203  -51.167  -2.857  46.905 0.0000000000
20916  -50.454  -4.100  44.813 0.0000000000
21738  -50.767  -0.213  46.928 0.0000000000
22302  -50.637  1.371  44.884 0.0000000000
22303  -51.687  1.551  43.201 0.0000000000
22646  -51.092  2.498  43.016 0.0000000000
14740  -24.568  -27.990  67.780 0.0000000000
14976  -24.307  -27.677  66.440 0.0000000000
15488  -24.228  -27.334  63.679 0.0000000000
14507  -23.770  -29.841  63.435 0.0000000000
14972  -27.888  -29.409  68.754 0.0000000000
14734  -29.805  -31.024  69.578 0.0000000000
14497  -29.133  -32.832  66.434 0.0000000000
14509  -27.986  -33.197  63.791 0.0000000000
14511  -29.694  -32.515  63.765 0.0000000000
14750  -33.860  -31.849  65.584 0.0000000000
14989  -33.125  -30.573  63.784 0.0000000000
15221  -31.116  -29.047  62.565 0.0000000000
14776  -30.110  -29.449  60.653 0.0000000000
14253  -29.531  -30.315  60.657 0.0000000000
14183  -10.146  -30.029  79.708 0.0000000000
14467  -9.681  -28.830  79.497 0.0000000000
13178  -6.944  -32.605  80.231 0.0000000000
17484  -38.783  -16.610  67.489 0.0000000000
18006  -39.326  -15.556  66.743 0.0000000000
18229  -39.143  -14.424  66.620 0.0000000000
17735  -34.598  -15.639  66.890 0.0000000000
17734  -36.044  -15.654  68.020 0.0000000000
19109  -35.755  -11.780  64.725 0.0000000000
18540  -35.895  -12.461  65.752 0.0000000000
19413  -36.804  -10.641  63.642 0.0000000000
19118  -36.160  -10.818  62.553 0.0000000000
13184  -19.204  -35.080  77.534 0.0000000000
13185  -20.037  -35.638  76.468 0.0000000000
13189  -20.934  -34.715  76.742 0.0000000000
13515  -22.591  -31.938  76.792 0.0000000000
13195  -22.648  -33.976  75.862 0.0000000000
13882  -25.203  -31.604  74.744 0.0000000000
14195  -21.578  -28.565  75.959 0.0000000000
14946  -23.207  -26.586  76.167 0.0000000000
14202  -25.988  -30.082  74.063 0.0000000000
14479  -26.076  -28.768  73.994 0.0000000000
14730  -25.966  -28.334  71.607 0.0000000000
14727  -25.853  -27.745  72.496 0.0000000000
15745  -24.741  -24.376  74.859 0.0000000000
15748  -25.049  -25.294  73.826 0.0000000000
16044  -25.506  -24.792  74.022 0.0000000000
15753  -25.617  -25.429  72.428 0.0000000000
16697  -25.686  -21.239  73.857 0.0000000000
16046  -27.684  -23.025  74.547 0.0000000000
15459  -28.463  -26.026  74.059 0.0000000000
15200  -32.056  -27.435  71.270 0.0000000000
14966  -32.736  -28.884  70.870 0.0000000000
15468  -32.658  -26.220  69.665 0.0000000000
16387  -32.641  -21.669  71.079 0.0000000000
16392  -33.965  -22.065  70.487 0.0000000000
15773  -35.920  -25.011  67.651 0.0000000000
15481  -35.005  -26.565  67.860 0.0000000000
16074  -38.958  -22.819  66.749 0.0000000000
15490  -40.683  -26.348  64.886 0.0000000000
13871  -18.813  -31.383  77.879 0.0000000000
14188  -18.228  -29.975  77.626 0.0000000000
13188  -17.712  -34.325  78.038 0.0000000000
16734  -42.179  -20.021  63.639 0.0000000000
16738  -42.682  -20.944  62.225 0.0000000000
17511  -41.787  -17.527  59.178 0.0000000000
19121  -43.276  -10.786  62.833 0.0000000000
19122  -44.157  -10.757  61.988 0.0000000000
18566  -45.390  -14.535  60.707 0.0000000000
18565  -44.342  -17.118  59.201 0.0000000000
18251  -43.032  -17.322  59.111 0.0000000000
18250  -43.053  -18.634  57.615 0.0000000000
18573  -45.177  -18.372  57.343 0.0000000000
18575  -45.399  -18.259  55.455 0.0000000000
18576  -46.708  -17.719  55.740 0.0000000000
18579  -45.467  -17.704  54.497 0.0000000000
18580  -46.695  -17.572  54.524 0.0000000000
19769  -45.455  -8.484  55.171 0.0000000000
19476  -47.811  -9.474  49.892 0.0000000000
19457  -49.890  -10.589  54.803 0.0000000000
19452  -48.743  -10.819  55.532 0.0000000000
19451  -47.038  -9.615  55.753 0.0000000000
18846  -49.266  -15.864  54.640 0.0000000000
18859  -48.421  -17.399  52.808 0.0000000000
19484  -52.930  -10.561  48.438 0.0000000000
19483  -52.839  -11.675  47.923 0.0000000000
19816  -50.490  -10.658  41.706 0.0000000000
20103  -53.445  -8.918  41.975 0.0000000000
20102  -51.624  -9.407  41.831 0.0000000000
20920  -49.279  -4.861  42.351 0.0000000000
20374  -48.530  -7.494  42.375 0.0000000000
22653  -50.820  4.012  40.664 0.0000000000
22030  -47.013  1.052  38.777 0.0000000000
22314  -50.105  2.636  38.672 0.0000000000
14999  -25.705  -28.854  64.667 0.0000000000
15506  -37.923  -25.689  57.490 0.0000000000
16097  -38.508  -24.402  59.210 0.0000000000
16431  -40.109  -23.015  60.201 0.0000000000
14995  -39.254  -28.851  64.340 0.0000000000
15237  -37.523  -28.789  58.965 0.0000000000
15505  -38.147  -27.259  58.535 0.0000000000
13501  -16.165  -34.200  78.218 0.0000000000
13859  -14.564  -32.855  78.633 0.0000000000
13860  -14.758  -33.968  77.929 0.0000000000
13870  -13.939  -34.086  75.619 0.0000000000
21202  -49.209  -2.787  48.509 0.0000000000
21735  -50.205  -0.233  47.816 0.0000000000
15759  -24.938  -25.378  70.657 0.0000000000
15477  -24.834  -25.933  68.060 0.0000000000
15766  -24.867  -26.794  65.402 0.0000000000
15484  -24.960  -27.412  63.894 0.0000000000
18256  -40.574  -18.392  53.249 0.0000000000
14735  -31.164  -30.157  70.815 0.0000000000
14499  -31.784  -31.950  68.878 0.0000000000
14495  -31.303  -32.751  66.253 0.0000000000
14991  -34.461  -29.947  62.427 0.0000000000
14992  -33.758  -29.799  63.067 0.0000000000
13505  -10.511  -32.800  78.157 0.0000000000
13499  -9.272  -32.271  79.684 0.0000000000
12903  -10.365  -34.715  79.117 0.0000000000
16416  -39.890  -21.702  66.026 0.0000000000
17736  -37.681  -16.099  68.156 0.0000000000
13508  -20.340  -31.263  77.504 0.0000000000
13194  -20.754  -33.412  77.262 0.0000000000
13877  -23.616  -30.891  76.380 0.0000000000
14945  -20.115  -25.779  74.757 0.0000000000
15182  -24.489  -26.281  75.044 0.0000000000
15456  -23.720  -25.093  75.548 0.0000000000
16384  -25.013  -22.836  75.243 0.0000000000
16698  -27.158  -21.537  73.978 0.0000000000
16400  -35.764  -21.314  68.800 0.0000000000
16393  -35.040  -22.260  69.702 0.0000000000
14199  -17.996  -28.896  75.039 0.0000000000
17748  -41.857  -17.010  64.616 0.0000000000
17271  -42.692  -17.538  63.583 0.0000000000
18012  -42.538  -15.117  62.753 0.0000000000
18558  -42.702  -14.373  61.685 0.0000000000
18828  -46.237  -12.451  60.723 0.0000000000
18569  -46.567  -16.433  58.197 0.0000000000
18571  -47.453  -15.543  57.510 0.0000000000
19780  -50.577  -8.417  51.394 0.0000000000
19470  -49.961  -8.527  52.260 0.0000000000
19461  -51.018  -9.925  53.790 0.0000000000
18862  -50.997  -13.654  53.138 0.0000000000
18868  -49.904  -15.888  50.986 0.0000000000
18870  -50.367  -15.124  49.784 0.0000000000
18871  -51.064  -14.312  49.466 0.0000000000
19495  -52.439  -11.405  47.029 0.0000000000
19204  -49.380  -13.297  42.753 0.0000000000
19809  -48.499  -10.031  41.800 0.0000000000
21744  -50.914  -1.340  43.361 0.0000000000
13213  -23.118  -36.116  72.195 0.0000000000
14512  -26.415  -33.004  63.356 0.0000000000
14516  -25.528  -33.229  62.148 0.0000000000
14521  -25.462  -33.485  61.011 0.0000000000
13925  -25.368  -34.069  58.700 0.0000000000
17769  -38.914  -18.786  56.227 0.0000000000
14748  -36.069  -30.362  67.218 0.0000000000
14990  -35.777  -30.726  63.135 0.0000000000
14993  -36.638  -30.488  62.582 0.0000000000
15496  -34.127  -29.504  60.225 0.0000000000
14718  -11.358  -27.928  77.703 0.0000000000
14719  -12.979  -28.012  77.754 0.0000000000
14184  -11.940  -29.150  79.459 0.0000000000
14185  -11.531  -30.986  79.249 0.0000000000
13869  -13.224  -32.509  78.907 0.0000000000
13868  -12.218  -32.324  78.621 0.0000000000
13858  -11.221  -32.158  77.979 0.0000000000
13190  -12.166  -34.330  75.800 0.0000000000
12649  -12.218  -35.261  75.908 0.0000000000
12363  -13.204  -36.864  74.269 0.0000000000
13220  -13.897  -34.648  70.715 0.0000000000
16713  -31.640  -19.586  69.201 0.0000000000
19112  -40.962  -10.350  63.833 0.0000000000
18812  -42.254  -11.540  63.808 0.0000000000
19126  -40.696  -8.846  59.579 0.0000000000
19751  -44.867  -9.198  58.948 0.0000000000
20077  -46.632  -7.915  47.922 0.0000000000
19786  -48.391  -8.319  49.059 0.0000000000
19471  -51.649  -8.846  51.160 0.0000000000
19157  -52.398  -10.230  50.843 0.0000000000
20632  -52.080  -5.753  47.017 0.0000000000
14224  -25.936  -30.866  68.132 0.0000000000
14749  -23.781  -28.650  64.383 0.0000000000
15205  -27.387  -27.944  70.992 0.0000000000
14977  -27.450  -29.867  67.214 0.0000000000
14745  -27.392  -31.353  66.160 0.0000000000
14498  -29.284  -31.735  67.974 0.0000000000
14510  -26.976  -32.805  64.522 0.0000000000
14755  -31.462  -31.866  64.373 0.0000000000
14987  -32.084  -30.773  63.681 0.0000000000
14988  -30.881  -31.239  62.788 0.0000000000
14756  -30.427  -32.082  63.006 0.0000000000
14761  -29.690  -32.096  62.330 0.0000000000
14765  -29.149  -31.495  61.472 0.0000000000
14465  -8.426  -28.589  78.996 0.0000000000
13854  -6.075  -30.357  79.798 0.0000000000
16081  -41.729  -23.631  62.369 0.0000000000
16728  -40.473  -19.934  65.619 0.0000000000
18000  -36.899  -14.787  67.883 0.0000000000
18538  -36.360  -13.421  67.042 0.0000000000
18228  -37.674  -13.505  66.972 0.0000000000
13191  -18.698  -36.059  75.967 0.0000000000
13198  -19.091  -36.906  73.951 0.0000000000
13205  -23.109  -35.678  73.316 0.0000000000
13527  -24.504  -34.588  72.129 0.0000000000
13878  -24.611  -30.559  75.964 0.0000000000
14965  -24.569  -27.209  69.842 0.0000000000
15752  -26.425  -26.309  71.946 0.0000000000
16382  -23.950  -22.101  74.999 0.0000000000
16045  -26.727  -22.969  75.130 0.0000000000
15465  -30.347  -26.726  72.806 0.0000000000
14957  -30.375  -28.038  72.333 0.0000000000
14969  -33.460  -29.311  70.145 0.0000000000
14973  -34.089  -29.001  69.692 0.0000000000
16062  -34.739  -23.680  69.295 0.0000000000
15764  -33.026  -25.044  69.364 0.0000000000
15478  -33.444  -26.383  68.879 0.0000000000
15210  -34.652  -27.886  68.728 0.0000000000
14978  -35.496  -29.318  68.267 0.0000000000
15214  -38.414  -27.758  66.639 0.0000000000
15218  -39.550  -27.507  65.576 0.0000000000
14471  -15.437  -28.705  77.943 0.0000000000
14187  -15.921  -29.522  78.374 0.0000000000
16740  -42.187  -22.124  61.254 0.0000000000
16746  -41.532  -22.230  60.263 0.0000000000
17021  -42.176  -21.003  60.206 0.0000000000
18817  -43.040  -12.123  62.859 0.0000000000
18826  -44.470  -13.112  61.531 0.0000000000
18559  -42.926  -14.925  60.500 0.0000000000
18249  -41.633  -17.714  58.096 0.0000000000
18259  -42.435  -18.396  53.754 0.0000000000
18581  -42.685  -17.748  52.679 0.0000000000
19764  -43.931  -8.384  56.658 0.0000000000
19440  -46.017  -10.113  57.021 0.0000000000
19469  -48.989  -8.414  52.475 0.0000000000
19778  -48.062  -8.405  53.940 0.0000000000
19775  -46.649  -8.336  53.695 0.0000000000
19134  -46.714  -11.665  57.073 0.0000000000
18842  -48.216  -14.021  56.715 0.0000000000
19494  -51.045  -13.566  46.218 0.0000000000
19172  -50.074  -14.713  46.722 0.0000000000
20096  -48.539  -8.759  41.094 0.0000000000
20101  -49.232  -7.229  40.723 0.0000000000
22649  -49.593  2.651  42.834 0.0000000000
22914  -51.382  3.644  41.948 0.0000000000
22918  -53.439  3.790  40.458 0.0000000000
22656  -51.838  3.838  39.644 0.0000000000
15480  -26.293  -27.128  66.778 0.0000000000
15220  -24.898  -28.782  63.060 0.0000000000
14522  -24.599  -32.203  61.895 0.0000000000
21482  -47.298  -1.809  45.769 0.0000000000
13893  -25.719  -32.904  68.706 0.0000000000
15503  -34.666  -29.471  58.852 0.0000000000
15511  -35.252  -29.115  57.279 0.0000000000
15518  -37.094  -26.252  55.946 0.0000000000
19125  -39.788  -9.334  60.612 0.0000000000
19438  -41.541  -8.753  57.812 0.0000000000
14985  -23.613  -28.161  63.406 0.0000000000
22037  -48.947  -0.928  37.113 0.0000000000
22033  -47.971  -1.019  37.298 0.0000000000
13507  -15.746  -34.901  77.508 0.0000000000
20914  -46.874  -4.517  47.057 0.0000000000
14737  -32.720  -31.324  69.356 0.0000000000
15495  -32.731  -27.794  60.748 0.0000000000
15222  -32.994  -28.345  62.193 0.0000000000
12905  -11.107  -34.063  77.129 0.0000000000
16706  -27.651  -20.741  72.358 0.0000000000
19516  -49.747  -12.431  43.413 0.0000000000
13571  -26.993  -33.140  59.780 0.0000000000
13540  -15.104  -34.367  70.893 0.0000000000
17486  -34.832  -16.624  64.579 0.0000000000
15217  -32.208  -28.656  62.732 0.0000000000
13182  -10.137  -33.462  78.994 0.0000000000
13855  -6.534  -31.089  80.235 0.0000000000
16693  -23.232  -21.639  73.738 0.0000000000
16991  -31.859  -19.985  70.518 0.0000000000
19208  -51.046  -13.358  42.355 0.0000000000
22655  -53.481  3.207  40.299 0.0000000000
13204  -19.486  -36.918  72.901 0.0000000000
13203  -20.813  -37.202  72.160 0.0000000000
14517  -25.414  -32.282  62.953 0.0000000000
12645  -11.638  -35.837  78.100 0.0000000000
22306  -52.407  1.287  42.498 0.0000000000
13246  -28.282  -33.465  60.659 0.0000000000
15228  -30.205  -29.203  61.824 0.0000000000
19163  -46.636  -10.102  50.008 0.0000000000
13532  -16.596  -35.031  72.273 0.0000000000
15494  -31.957  -27.392  61.208 0.0000000000
13218  -23.236  -35.647  69.742 0.0000000000
22919  -54.500  3.064  40.364 0.0000000000
14468  -9.057  -28.469  77.409 0.0000000000
14466  -7.077  -28.823  78.176 0.0000000000
19117  -36.531  -11.081  61.414 0.0000000000
14472  -14.612  -28.353  76.907 0.0000000000
18582  -44.258  -17.376  53.576 0.0000000000
20934  -49.935  -4.855  41.081 0.0000000000
15216  -25.921  -27.566  65.555 0.0000000000
14764  -24.637  -31.314  62.766 0.0000000000
15003  -24.209  -29.919  62.204 0.0000000000
