#!ascii label  , from subject Yale_0050553 vox2ras=TkReg
268
32454  -49.136  33.632  25.128 0.0000000000
33314  -39.252  44.813  29.141 0.0000000000
31521  -46.565  34.353  35.968 0.0000000000
32898  -47.394  39.926  25.617 0.0000000000
32876  -46.823  40.262  34.214 0.0000000000
32438  -47.571  35.500  31.081 0.0000000000
32458  -43.077  33.576  23.726 0.0000000000
33482  -41.202  42.226  24.601 0.0000000000
33651  -47.953  43.387  22.907 0.0000000000
32726  -47.410  35.393  18.547 0.0000000000
30764  -47.375  27.535  40.849 0.0000000000
32183  -44.785  37.218  40.348 0.0000000000
30772  -49.580  29.296  36.981 0.0000000000
30489  -49.753  30.923  29.687 0.0000000000
32700  -49.159  36.076  24.867 0.0000000000
32696  -48.137  38.822  29.184 0.0000000000
32443  -48.432  33.477  28.455 0.0000000000
32209  -46.818  32.813  28.849 0.0000000000
32214  -47.271  32.276  27.139 0.0000000000
32227  -44.047  31.982  25.377 0.0000000000
32463  -46.856  32.690  23.380 0.0000000000
33649  -45.012  44.038  25.452 0.0000000000
34017  -45.630  46.993  24.822 0.0000000000
34038  -47.686  46.794  19.589 0.0000000000
30760  -44.320  28.488  42.800 0.0000000000
31298  -43.925  32.999  43.054 0.0000000000
33094  -41.163  44.101  32.636 0.0000000000
32188  -46.812  37.770  36.906 0.0000000000
32422  -45.932  39.431  38.008 0.0000000000
31755  -46.897  34.805  37.641 0.0000000000
31031  -48.816  31.072  38.073 0.0000000000
31034  -48.949  31.687  36.384 0.0000000000
30492  -50.134  29.624  32.576 0.0000000000
30781  -48.776  32.501  32.904 0.0000000000
33146  -45.656  39.406  17.334 0.0000000000
33122  -43.955  42.464  25.725 0.0000000000
33308  -43.246  45.155  31.346 0.0000000000
32891  -46.831  41.035  29.781 0.0000000000
32685  -47.499  39.016  33.224 0.0000000000
32196  -46.457  34.819  33.386 0.0000000000
31043  -44.663  32.803  33.553 0.0000000000
31985  -44.196  33.477  31.817 0.0000000000
32233  -39.845  32.059  24.436 0.0000000000
33327  -36.123  41.819  24.206 0.0000000000
33118  -39.815  41.730  25.999 0.0000000000
32908  -44.156  39.378  23.731 0.0000000000
32712  -47.210  37.437  22.064 0.0000000000
32473  -49.101  35.081  21.280 0.0000000000
32484  -48.790  34.543  20.048 0.0000000000
32727  -48.547  37.212  19.167 0.0000000000
33498  -48.043  42.855  18.360 0.0000000000
33079  -44.093  42.732  35.376 0.0000000000
32863  -43.379  40.681  37.968 0.0000000000
31751  -43.892  35.697  41.651 0.0000000000
31300  -45.773  32.420  42.176 0.0000000000
30766  -48.845  29.226  39.450 0.0000000000
29970  -51.167  25.071  33.391 0.0000000000
30205  -50.669  28.386  30.691 0.0000000000
29992  -50.242  28.247  24.475 0.0000000000
30211  -48.221  31.593  29.052 0.0000000000
32476  -45.300  32.826  21.624 0.0000000000
32449  -49.200  35.840  26.775 0.0000000000
32447  -49.044  33.743  26.874 0.0000000000
32452  -48.118  32.763  25.060 0.0000000000
32220  -45.834  32.131  25.543 0.0000000000
32464  -48.624  33.372  23.726 0.0000000000
34020  -45.210  48.689  22.895 0.0000000000
33311  -41.144  45.466  30.575 0.0000000000
31977  -46.206  34.570  35.083 0.0000000000
31974  -46.643  35.811  37.188 0.0000000000
31307  -48.095  33.084  37.070 0.0000000000
31311  -47.881  33.261  35.566 0.0000000000
31036  -48.437  32.787  35.080 0.0000000000
31040  -47.215  33.214  34.362 0.0000000000
32732  -44.378  37.046  17.673 0.0000000000
29782  -50.769  25.509  26.454 0.0000000000
32899  -45.891  41.886  25.917 0.0000000000
33108  -44.436  43.607  26.854 0.0000000000
33104  -45.757  42.797  28.002 0.0000000000
32689  -48.047  37.176  30.795 0.0000000000
32432  -47.486  36.660  32.659 0.0000000000
31982  -45.140  33.914  32.538 0.0000000000
32434  -47.015  34.979  31.605 0.0000000000
32207  -45.211  32.367  29.041 0.0000000000
32451  -44.174  32.624  24.677 0.0000000000
32226  -42.510  31.776  25.060 0.0000000000
32450  -42.632  32.858  24.491 0.0000000000
32225  -40.991  32.436  24.861 0.0000000000
32457  -41.365  32.936  23.922 0.0000000000
33333  -37.575  42.846  24.759 0.0000000000
33117  -38.138  41.370  25.716 0.0000000000
33128  -40.955  40.787  24.288 0.0000000000
32909  -42.296  40.401  24.688 0.0000000000
33134  -42.889  40.434  23.268 0.0000000000
33650  -46.716  43.664  24.321 0.0000000000
33337  -46.192  40.484  22.378 0.0000000000
33139  -47.458  39.187  21.365 0.0000000000
32709  -48.631  36.286  21.682 0.0000000000
32915  -48.337  38.507  20.555 0.0000000000
32485  -48.494  36.542  20.115 0.0000000000
33340  -48.575  41.581  20.787 0.0000000000
34040  -46.860  47.988  18.688 0.0000000000
33660  -48.219  44.923  19.109 0.0000000000
33842  -47.467  46.056  18.251 0.0000000000
31021  -45.570  29.332  42.453 0.0000000000
33304  -44.467  44.109  31.885 0.0000000000
33299  -44.297  43.370  33.974 0.0000000000
33083  -45.502  42.228  33.888 0.0000000000
32419  -44.742  39.537  38.996 0.0000000000
32671  -44.633  40.621  37.808 0.0000000000
32182  -43.555  37.144  40.833 0.0000000000
31752  -44.308  34.342  42.438 0.0000000000
31517  -45.502  34.870  40.948 0.0000000000
31304  -47.966  31.632  40.069 0.0000000000
30474  -50.173  26.766  37.962 0.0000000000
30479  -50.579  26.721  35.960 0.0000000000
30192  -51.121  25.426  35.575 0.0000000000
30490  -50.019  30.682  30.891 0.0000000000
30224  -50.578  29.182  28.321 0.0000000000
30485  -44.870  30.948  30.760 0.0000000000
30779  -46.168  32.325  31.926 0.0000000000
30208  -46.220  30.762  29.282 0.0000000000
32492  -47.847  34.422  19.142 0.0000000000
32477  -47.639  33.322  20.884 0.0000000000
32701  -48.318  38.324  25.904 0.0000000000
32896  -47.342  40.481  26.888 0.0000000000
32698  -48.666  37.998  27.732 0.0000000000
32448  -48.918  35.808  28.694 0.0000000000
32439  -48.453  34.737  29.547 0.0000000000
32208  -46.363  33.968  30.565 0.0000000000
32213  -45.338  31.919  27.302 0.0000000000
32219  -43.743  31.297  26.110 0.0000000000
32459  -44.619  33.029  23.849 0.0000000000
33647  -40.958  45.231  26.592 0.0000000000
33485  -43.619  42.844  25.038 0.0000000000
33648  -43.253  44.891  26.335 0.0000000000
33819  -45.043  45.502  25.839 0.0000000000
33825  -46.890  45.353  24.199 0.0000000000
33652  -48.186  44.115  22.164 0.0000000000
34019  -46.975  46.692  22.683 0.0000000000
34039  -46.524  48.496  20.582 0.0000000000
34044  -45.427  48.561  18.147 0.0000000000
31020  -44.155  30.745  43.198 0.0000000000
31299  -45.355  31.411  42.787 0.0000000000
32680  -47.085  39.188  35.371 0.0000000000
32872  -45.515  41.527  35.597 0.0000000000
32186  -46.110  37.612  38.853 0.0000000000
31754  -46.347  35.444  39.307 0.0000000000
31306  -47.795  33.220  38.931 0.0000000000
30776  -49.944  29.037  34.701 0.0000000000
30782  -49.598  31.007  33.444 0.0000000000
30491  -49.548  31.407  31.494 0.0000000000
30487  -49.046  31.941  30.193 0.0000000000
32733  -46.784  37.392  17.963 0.0000000000
32496  -45.462  34.893  18.725 0.0000000000
33123  -42.575  43.951  26.748 0.0000000000
33472  -42.717  45.468  30.268 0.0000000000
33316  -42.956  44.845  27.947 0.0000000000
33312  -44.332  44.486  29.464 0.0000000000
33090  -45.971  42.352  31.482 0.0000000000
32690  -47.467  39.387  30.986 0.0000000000
32880  -46.671  40.807  32.617 0.0000000000
32192  -47.277  37.400  35.207 0.0000000000
32191  -46.724  35.590  35.151 0.0000000000
31314  -46.201  33.337  34.685 0.0000000000
31763  -45.411  33.823  33.749 0.0000000000
31321  -43.330  31.968  32.306 0.0000000000
32200  -44.798  33.379  30.921 0.0000000000
31984  -43.843  32.680  31.129 0.0000000000
32235  -38.424  31.205  23.720 0.0000000000
33120  -38.424  43.890  28.049 0.0000000000
33124  -36.580  41.287  25.424 0.0000000000
33115  -37.484  42.844  27.203 0.0000000000
33121  -40.649  43.685  26.963 0.0000000000
32903  -43.459  40.703  25.041 0.0000000000
32904  -45.409  39.473  24.358 0.0000000000
33336  -43.993  40.981  23.271 0.0000000000
32914  -45.013  39.189  22.476 0.0000000000
32704  -47.181  39.215  24.755 0.0000000000
32703  -48.653  36.726  23.685 0.0000000000
32471  -48.724  33.654  22.124 0.0000000000
32497  -48.121  36.652  18.660 0.0000000000
33492  -48.627  42.146  19.282 0.0000000000
33142  -48.845  39.584  18.808 0.0000000000
33147  -47.649  39.769  17.755 0.0000000000
33307  -41.896  45.004  31.805 0.0000000000
32879  -43.046  43.200  34.531 0.0000000000
32871  -43.149  42.578  35.515 0.0000000000
32865  -43.802  41.821  36.637 0.0000000000
32679  -42.107  41.092  36.570 0.0000000000
31514  -42.445  34.061  42.676 0.0000000000
31022  -47.669  29.970  41.013 0.0000000000
30765  -48.256  28.483  40.464 0.0000000000
30203  -50.656  27.334  33.128 0.0000000000
29584  -51.082  25.791  29.664 0.0000000000
29781  -51.002  26.373  26.839 0.0000000000
30780  -47.301  32.909  32.602 0.0000000000
30488  -48.071  32.640  31.500 0.0000000000
30222  -48.609  31.309  27.131 0.0000000000
30223  -49.369  31.203  27.951 0.0000000000
30243  -49.880  30.087  25.937 0.0000000000
32470  -45.283  32.758  23.004 0.0000000000
32483  -46.466  33.550  19.886 0.0000000000
32469  -43.867  33.346  23.020 0.0000000000
32462  -42.684  33.210  23.045 0.0000000000
32242  -40.320  31.533  22.639 0.0000000000
32472  -49.243  34.849  23.529 0.0000000000
32453  -49.379  34.762  25.551 0.0000000000
33315  -39.598  45.191  30.324 0.0000000000
33320  -41.245  45.395  29.083 0.0000000000
31312  -47.251  33.678  35.839 0.0000000000
33145  -43.219  39.095  17.314 0.0000000000
32431  -46.452  34.774  32.141 0.0000000000
33483  -39.800  43.929  25.934 0.0000000000
33479  -38.138  44.370  25.662 0.0000000000
33480  -38.946  43.058  25.113 0.0000000000
33334  -39.936  41.765  24.448 0.0000000000
33339  -47.661  41.333  22.176 0.0000000000
33817  -42.029  46.585  26.765 0.0000000000
34018  -44.291  48.375  24.941 0.0000000000
34226  -43.667  49.532  22.144 0.0000000000
34227  -45.697  49.246  20.342 0.0000000000
31296  -41.824  32.750  43.016 0.0000000000
31019  -42.314  31.038  43.354 0.0000000000
32881  -41.471  43.119  33.438 0.0000000000
31035  -49.112  31.722  34.742 0.0000000000
32426  -47.092  35.717  33.347 0.0000000000
31527  -43.548  32.843  32.324 0.0000000000
31997  -41.765  30.979  26.100 0.0000000000
32224  -39.632  32.084  25.291 0.0000000000
32223  -38.476  31.604  25.246 0.0000000000
33127  -38.058  41.140  24.890 0.0000000000
33119  -39.479  42.935  26.704 0.0000000000
32902  -45.458  40.865  25.007 0.0000000000
32705  -47.400  37.720  23.233 0.0000000000
32918  -48.841  38.830  19.714 0.0000000000
33653  -48.352  44.613  20.594 0.0000000000
33095  -42.908  44.191  33.267 0.0000000000
32866  -45.499  40.933  36.532 0.0000000000
32421  -42.068  39.716  38.501 0.0000000000
30191  -50.645  25.100  37.189 0.0000000000
29986  -50.228  26.625  24.109 0.0000000000
31038  -45.509  32.518  33.075 0.0000000000
30486  -47.065  32.044  30.503 0.0000000000
32468  -43.563  32.642  21.888 0.0000000000
32467  -42.218  31.960  22.275 0.0000000000
32236  -39.697  31.479  23.503 0.0000000000
33098  -39.739  44.369  31.896 0.0000000000
31039  -47.961  33.071  33.779 0.0000000000
33328  -39.009  41.480  24.538 0.0000000000
33486  -45.727  42.289  23.939 0.0000000000
32717  -47.806  37.421  21.160 0.0000000000
33497  -46.901  43.736  17.625 0.0000000000
30763  -45.634  27.385  41.441 0.0000000000
32418  -43.425  38.844  39.887 0.0000000000
32437  -47.709  34.107  30.093 0.0000000000
31993  -43.741  30.904  27.475 0.0000000000
33484  -41.734  43.453  25.827 0.0000000000
33818  -43.747  47.087  26.141 0.0000000000
31018  -43.555  29.494  43.407 0.0000000000
32676  -46.132  39.836  37.099 0.0000000000
33319  -41.225  44.887  27.923 0.0000000000
33114  -35.599  41.834  26.585 0.0000000000
33349  -46.080  41.268  17.433 0.0000000000
32875  -41.980  41.939  34.691 0.0000000000
30473  -49.696  26.355  39.023 0.0000000000
30210  -47.042  31.057  28.449 0.0000000000
30209  -48.045  31.140  27.856 0.0000000000
