#!ascii label  , from subject Yale_0050567 vox2ras=TkReg
560
12863  -12.343  -27.486  -6.973 0.0000000000
18454  -17.294  -10.206  -28.259 0.0000000000
14437  -21.497  -24.615  -21.495 0.0000000000
21885  -15.572  3.871  -34.441 0.0000000000
20121  -21.251  -3.941  -35.964 0.0000000000
22130  -29.251  1.032  -30.240 0.0000000000
18715  -26.692  -11.108  -31.629 0.0000000000
16691  -25.284  -17.192  -26.501 0.0000000000
22686  -14.893  6.914  -32.809 0.0000000000
20105  -15.861  -3.325  -31.056 0.0000000000
19327  -19.077  -8.632  -33.928 0.0000000000
19042  -25.753  -9.744  -35.940 0.0000000000
18169  -22.671  -12.598  -32.277 0.0000000000
21921  -27.210  -3.044  -40.713 0.0000000000
22143  -26.648  1.136  -33.028 0.0000000000
15325  -22.731  -21.369  -23.385 0.0000000000
12082  -15.169  -31.738  -9.331 0.0000000000
13113  -13.717  -28.431  -12.559 0.0000000000
13758  -15.915  -26.552  -14.630 0.0000000000
14430  -16.551  -24.231  -18.374 0.0000000000
15299  -16.556  -21.557  -19.269 0.0000000000
24421  -20.895  15.049  -26.940 0.0000000000
24428  -17.128  14.040  -31.140 0.0000000000
23937  -16.001  11.793  -35.200 0.0000000000
23307  -19.421  8.657  -39.744 0.0000000000
22691  -22.678  5.213  -38.673 0.0000000000
20918  -12.281  1.167  -29.613 0.0000000000
20942  -18.361  -0.403  -36.841 0.0000000000
21406  -25.540  1.441  -35.844 0.0000000000
20920  -26.865  -1.274  -33.037 0.0000000000
19570  -29.091  -4.565  -30.800 0.0000000000
19549  -32.098  -5.324  -26.019 0.0000000000
17531  -14.870  -12.384  -23.746 0.0000000000
15870  -17.072  -19.800  -22.131 0.0000000000
16442  -18.343  -17.948  -26.005 0.0000000000
17235  -20.024  -15.501  -28.955 0.0000000000
17839  -26.391  -13.373  -28.498 0.0000000000
18712  -15.941  -8.811  -26.986 0.0000000000
19319  -17.780  -7.596  -30.139 0.0000000000
18725  -19.527  -9.778  -31.600 0.0000000000
18463  -21.217  -11.055  -32.650 0.0000000000
18460  -19.076  -10.448  -30.106 0.0000000000
21657  -27.167  -3.128  -37.461 0.0000000000
22150  -25.714  2.233  -35.631 0.0000000000
12610  -15.574  -30.579  -10.484 0.0000000000
12617  -18.252  -30.524  -11.545 0.0000000000
12635  -19.259  -33.673  -17.143 0.0000000000
12892  -17.730  -31.127  -15.492 0.0000000000
13448  -18.154  -28.611  -16.750 0.0000000000
14080  -16.917  -25.581  -15.598 0.0000000000
13762  -18.885  -27.365  -17.037 0.0000000000
13766  -20.061  -26.945  -17.903 0.0000000000
24415  -21.229  12.816  -23.567 0.0000000000
24183  -16.967  13.028  -25.790 0.0000000000
23921  -15.057  11.762  -28.310 0.0000000000
24196  -16.090  13.032  -33.468 0.0000000000
23594  -15.016  10.663  -30.498 0.0000000000
22136  -15.145  4.873  -33.373 0.0000000000
22689  -16.380  7.196  -35.954 0.0000000000
22404  -16.959  5.965  -37.402 0.0000000000
22697  -19.426  6.462  -39.185 0.0000000000
22144  -17.122  4.612  -37.761 0.0000000000
20115  -18.120  -4.644  -34.295 0.0000000000
20382  -16.547  -1.990  -34.768 0.0000000000
20400  -20.198  -2.833  -36.431 0.0000000000
21410  -22.783  1.141  -39.370 0.0000000000
20669  -24.087  -1.088  -38.912 0.0000000000
21172  -26.160  -0.096  -35.462 0.0000000000
20122  -25.451  -4.228  -36.957 0.0000000000
18721  -27.025  -10.203  -32.291 0.0000000000
19326  -27.618  -6.915  -33.305 0.0000000000
19320  -28.526  -6.763  -31.194 0.0000000000
19565  -29.640  -5.569  -29.857 0.0000000000
18711  -28.986  -8.533  -28.014 0.0000000000
21642  -30.461  -1.258  -32.400 0.0000000000
21154  -33.001  -0.007  -28.213 0.0000000000
14435  -20.048  -24.589  -19.908 0.0000000000
15587  -17.705  -20.647  -21.313 0.0000000000
15317  -19.832  -21.404  -21.638 0.0000000000
15883  -24.484  -19.803  -24.454 0.0000000000
16182  -21.028  -19.895  -25.470 0.0000000000
16449  -21.324  -18.091  -27.066 0.0000000000
16955  -19.957  -16.220  -28.356 0.0000000000
16957  -22.609  -17.037  -27.727 0.0000000000
17239  -23.617  -14.900  -29.230 0.0000000000
16959  -25.215  -16.041  -26.642 0.0000000000
21877  -12.841  4.643  -30.793 0.0000000000
19563  -15.145  -5.525  -27.524 0.0000000000
19826  -17.693  -5.981  -33.450 0.0000000000
19581  -19.555  -6.263  -34.496 0.0000000000
19336  -24.252  -7.271  -35.616 0.0000000000
19044  -21.969  -8.894  -34.802 0.0000000000
18732  -23.245  -11.347  -34.712 0.0000000000
18464  -25.480  -12.329  -32.993 0.0000000000
22165  -32.385  -3.506  -40.881 0.0000000000
21908  -30.106  -4.702  -38.316 0.0000000000
21646  -28.329  -2.705  -34.433 0.0000000000
21892  -27.413  -0.247  -32.502 0.0000000000
15052  -22.003  -22.707  -22.526 0.0000000000
16683  -26.808  -16.689  -24.497 0.0000000000
23620  -27.931  7.950  -38.242 0.0000000000
12864  -12.009  -27.519  -8.619 0.0000000000
12868  -12.493  -28.469  -10.921 0.0000000000
13429  -12.556  -25.581  -11.699 0.0000000000
13119  -16.150  -30.292  -13.987 0.0000000000
13432  -14.239  -27.696  -13.680 0.0000000000
13754  -13.820  -25.606  -13.351 0.0000000000
14415  -13.655  -23.444  -13.725 0.0000000000
15027  -14.961  -21.695  -16.089 0.0000000000
15041  -15.051  -21.420  -17.640 0.0000000000
15293  -15.620  -20.837  -18.423 0.0000000000
14739  -16.799  -23.935  -18.975 0.0000000000
14433  -19.189  -24.771  -19.161 0.0000000000
24417  -20.552  13.763  -24.854 0.0000000000
24420  -18.976  14.808  -28.692 0.0000000000
23297  -15.443  8.334  -32.978 0.0000000000
23610  -17.758  10.185  -39.174 0.0000000000
24204  -23.741  11.530  -38.929 0.0000000000
23943  -26.097  10.504  -37.575 0.0000000000
23300  -26.676  7.291  -36.165 0.0000000000
21404  -14.246  2.531  -32.677 0.0000000000
20374  -14.380  -1.963  -30.106 0.0000000000
20651  -14.610  0.931  -32.976 0.0000000000
21408  -15.748  2.051  -34.968 0.0000000000
21638  -18.950  2.315  -39.113 0.0000000000
22400  -24.933  4.207  -37.176 0.0000000000
22997  -26.288  5.044  -35.052 0.0000000000
22131  -26.344  3.128  -32.338 0.0000000000
21396  -26.746  1.170  -32.338 0.0000000000
20916  -28.262  -0.299  -30.794 0.0000000000
19829  -26.681  -6.157  -35.771 0.0000000000
20367  -28.196  -3.359  -31.930 0.0000000000
20909  -29.936  -0.668  -29.486 0.0000000000
20353  -31.616  -2.960  -27.560 0.0000000000
20346  -32.970  -2.909  -25.509 0.0000000000
17533  -15.863  -12.032  -25.628 0.0000000000
15580  -16.454  -20.391  -20.062 0.0000000000
15867  -15.824  -19.209  -21.020 0.0000000000
16170  -16.344  -18.413  -22.981 0.0000000000
15593  -21.111  -20.932  -22.927 0.0000000000
16174  -19.036  -19.315  -25.113 0.0000000000
16438  -16.395  -16.943  -23.725 0.0000000000
16950  -17.231  -14.886  -25.848 0.0000000000
16963  -19.082  -15.499  -28.303 0.0000000000
17844  -19.628  -12.537  -29.387 0.0000000000
17545  -21.458  -13.774  -30.153 0.0000000000
17845  -25.176  -13.609  -31.041 0.0000000000
18158  -26.877  -11.333  -29.219 0.0000000000
17232  -26.924  -14.135  -25.867 0.0000000000
17836  -27.674  -11.858  -26.996 0.0000000000
18150  -28.051  -10.338  -27.583 0.0000000000
18691  -31.812  -7.980  -25.306 0.0000000000
19027  -17.521  -8.488  -29.172 0.0000000000
21907  -25.424  -0.073  -38.287 0.0000000000
22409  -25.884  4.137  -36.109 0.0000000000
12344  -17.628  -30.925  -10.319 0.0000000000
12365  -20.436  -34.596  -18.604 0.0000000000
12894  -18.512  -31.749  -16.956 0.0000000000
12899  -18.873  -30.979  -17.671 0.0000000000
13132  -18.920  -29.001  -17.546 0.0000000000
13133  -20.536  -29.451  -18.169 0.0000000000
23905  -22.834  12.100  -21.248 0.0000000000
24407  -22.544  13.245  -22.841 0.0000000000
23904  -21.829  11.705  -22.109 0.0000000000
23917  -15.019  11.389  -26.270 0.0000000000
23592  -14.470  10.373  -27.809 0.0000000000
22393  -15.620  5.450  -34.451 0.0000000000
22139  -15.853  4.402  -35.714 0.0000000000
22403  -17.674  5.293  -38.555 0.0000000000
21886  -16.319  3.601  -36.932 0.0000000000
20120  -19.572  -3.859  -35.458 0.0000000000
20672  -22.899  -1.500  -38.306 0.0000000000
20124  -22.448  -3.213  -37.132 0.0000000000
20123  -24.602  -3.228  -38.124 0.0000000000
19834  -24.497  -4.926  -36.430 0.0000000000
18720  -26.599  -11.207  -32.730 0.0000000000
18716  -27.762  -8.675  -31.610 0.0000000000
19028  -28.679  -6.873  -30.200 0.0000000000
18713  -27.392  -9.612  -30.034 0.0000000000
21876  -31.509  0.880  -30.626 0.0000000000
20917  -32.374  -0.259  -30.760 0.0000000000
21871  -32.063  1.506  -29.501 0.0000000000
15049  -20.238  -22.628  -21.398 0.0000000000
16184  -24.623  -18.964  -25.715 0.0000000000
16450  -23.688  -17.787  -26.747 0.0000000000
16958  -24.136  -16.234  -27.779 0.0000000000
21878  -13.064  5.488  -29.858 0.0000000000
19569  -16.870  -6.195  -29.894 0.0000000000
19324  -18.453  -8.661  -32.986 0.0000000000
19572  -17.808  -6.744  -31.825 0.0000000000
19574  -18.150  -7.370  -33.585 0.0000000000
19577  -18.734  -7.495  -34.323 0.0000000000
19578  -20.045  -7.850  -34.359 0.0000000000
18726  -23.262  -12.005  -33.817 0.0000000000
18727  -24.500  -12.038  -34.257 0.0000000000
18170  -24.596  -13.478  -32.610 0.0000000000
22164  -30.783  -3.781  -41.072 0.0000000000
21911  -31.218  -4.514  -39.438 0.0000000000
21680  -29.000  -4.457  -40.144 0.0000000000
21658  -26.766  -1.055  -36.742 0.0000000000
21644  -27.337  -2.409  -35.523 0.0000000000
21645  -27.226  -1.290  -33.316 0.0000000000
21647  -28.067  -1.604  -32.770 0.0000000000
24213  -27.472  9.107  -38.027 0.0000000000
12335  -12.268  -29.831  -9.295 0.0000000000
12878  -13.143  -29.053  -11.448 0.0000000000
13114  -13.146  -27.414  -12.437 0.0000000000
13441  -15.976  -28.393  -14.857 0.0000000000
13126  -15.853  -29.468  -14.620 0.0000000000
14077  -14.782  -24.712  -14.327 0.0000000000
14428  -17.403  -24.983  -16.893 0.0000000000
14422  -15.930  -24.023  -16.078 0.0000000000
14431  -16.382  -24.457  -17.419 0.0000000000
14735  -15.411  -23.280  -17.394 0.0000000000
15042  -15.685  -22.790  -18.654 0.0000000000
14084  -20.810  -26.691  -18.994 0.0000000000
14085  -20.073  -25.710  -18.420 0.0000000000
14092  -20.556  -25.860  -19.481 0.0000000000
24177  -20.313  12.378  -23.637 0.0000000000
24180  -18.977  12.753  -24.606 0.0000000000
24190  -16.620  13.134  -30.656 0.0000000000
24419  -17.608  14.046  -27.488 0.0000000000
24436  -16.694  13.241  -37.120 0.0000000000
24202  -17.523  12.126  -38.438 0.0000000000
22996  -13.911  7.238  -30.744 0.0000000000
23296  -14.431  7.935  -31.113 0.0000000000
23003  -17.792  7.735  -38.763 0.0000000000
23306  -17.802  8.980  -39.167 0.0000000000
23615  -18.624  9.485  -39.930 0.0000000000
23949  -18.402  10.715  -39.829 0.0000000000
23617  -21.613  9.836  -40.034 0.0000000000
23308  -21.577  8.579  -39.917 0.0000000000
22692  -22.217  6.050  -39.007 0.0000000000
23000  -23.180  7.753  -39.182 0.0000000000
22998  -24.467  6.379  -38.374 0.0000000000
23607  -26.721  9.560  -36.251 0.0000000000
23304  -25.687  7.648  -37.918 0.0000000000
21163  -12.253  2.191  -28.935 0.0000000000
21398  -11.891  2.668  -29.802 0.0000000000
21167  -12.448  1.876  -30.684 0.0000000000
20100  -14.304  -3.353  -28.111 0.0000000000
20662  -17.721  -1.006  -35.975 0.0000000000
20661  -16.000  -0.542  -34.722 0.0000000000
20933  -16.761  -0.039  -35.555 0.0000000000
21173  -15.442  1.291  -34.407 0.0000000000
21178  -16.800  0.781  -36.220 0.0000000000
21414  -18.541  1.369  -38.582 0.0000000000
21182  -18.425  0.355  -37.804 0.0000000000
21631  -24.952  1.918  -36.953 0.0000000000
21634  -23.318  2.312  -39.055 0.0000000000
21881  -25.156  3.095  -36.344 0.0000000000
21880  -25.787  3.633  -35.193 0.0000000000
22138  -26.125  4.130  -33.401 0.0000000000
20921  -26.743  -1.472  -35.823 0.0000000000
21170  -26.513  -0.062  -33.820 0.0000000000
21620  -26.896  1.358  -31.298 0.0000000000
19333  -25.265  -8.557  -35.859 0.0000000000
19582  -25.227  -6.418  -35.893 0.0000000000
19329  -26.735  -8.018  -36.054 0.0000000000
19821  -28.122  -5.345  -32.450 0.0000000000
19825  -27.768  -5.680  -33.835 0.0000000000
20101  -28.754  -4.289  -32.048 0.0000000000
20629  -29.148  -1.945  -30.345 0.0000000000
20357  -30.158  -2.969  -29.729 0.0000000000
20356  -30.874  -2.278  -28.584 0.0000000000
19314  -30.498  -6.300  -28.572 0.0000000000
19803  -32.001  -4.409  -26.491 0.0000000000
19800  -32.190  -4.261  -25.060 0.0000000000
15578  -15.621  -19.748  -18.611 0.0000000000
16161  -15.340  -17.819  -21.372 0.0000000000
15053  -23.464  -22.937  -22.441 0.0000000000
16441  -20.073  -18.828  -26.440 0.0000000000
16173  -20.074  -20.159  -24.676 0.0000000000
16437  -17.172  -18.134  -24.866 0.0000000000
16681  -17.059  -17.032  -25.064 0.0000000000
16682  -16.543  -15.700  -24.690 0.0000000000
16689  -18.162  -16.417  -27.012 0.0000000000
17534  -18.519  -13.598  -28.003 0.0000000000
17236  -20.099  -14.489  -29.210 0.0000000000
17238  -21.460  -14.767  -29.596 0.0000000000
17542  -25.576  -14.433  -28.268 0.0000000000
17544  -23.313  -13.929  -30.499 0.0000000000
17543  -25.256  -13.730  -29.898 0.0000000000
18157  -26.555  -12.523  -30.090 0.0000000000
17842  -26.335  -12.723  -29.276 0.0000000000
16685  -27.910  -15.795  -24.290 0.0000000000
17536  -29.085  -12.056  -25.877 0.0000000000
18149  -29.367  -10.386  -26.653 0.0000000000
18141  -31.755  -10.087  -25.488 0.0000000000
19311  -15.298  -6.828  -26.931 0.0000000000
19031  -18.680  -8.682  -31.297 0.0000000000
19036  -19.527  -9.591  -33.122 0.0000000000
18165  -20.967  -12.595  -30.677 0.0000000000
21677  -25.810  -2.682  -39.658 0.0000000000
21678  -27.303  -4.366  -39.307 0.0000000000
21679  -25.592  -2.131  -39.160 0.0000000000
21902  -25.855  0.649  -36.542 0.0000000000
21901  -26.320  0.521  -35.089 0.0000000000
12336  -13.384  -30.135  -10.304 0.0000000000
12879  -15.223  -29.345  -12.151 0.0000000000
12886  -18.781  -32.791  -15.040 0.0000000000
13127  -17.731  -29.873  -16.013 0.0000000000
13442  -17.174  -28.207  -15.539 0.0000000000
13761  -17.774  -26.813  -15.992 0.0000000000
14083  -18.467  -25.933  -16.860 0.0000000000
14086  -19.019  -25.356  -17.843 0.0000000000
24675  -22.589  14.255  -25.119 0.0000000000
24182  -17.887  12.189  -25.083 0.0000000000
24181  -15.887  11.968  -25.608 0.0000000000
24186  -16.126  12.967  -28.312 0.0000000000
23929  -15.806  11.900  -30.760 0.0000000000
23933  -16.074  12.099  -32.837 0.0000000000
23597  -15.912  10.822  -33.563 0.0000000000
22395  -14.682  6.094  -32.407 0.0000000000
22696  -17.414  6.730  -38.368 0.0000000000
23004  -20.455  7.361  -39.494 0.0000000000
22407  -18.429  5.752  -38.929 0.0000000000
22145  -19.124  4.116  -39.253 0.0000000000
20109  -16.735  -3.649  -33.257 0.0000000000
20386  -17.367  -3.378  -34.830 0.0000000000
20390  -18.428  -2.429  -35.836 0.0000000000
20671  -20.279  -1.040  -37.533 0.0000000000
21415  -20.563  0.662  -39.017 0.0000000000
20937  -22.799  -0.200  -38.949 0.0000000000
21174  -24.586  0.282  -38.578 0.0000000000
20668  -25.324  -1.810  -38.607 0.0000000000
20392  -25.973  -2.659  -37.898 0.0000000000
20653  -26.651  -2.564  -36.679 0.0000000000
18734  -26.452  -10.135  -35.199 0.0000000000
19328  -27.460  -7.785  -35.661 0.0000000000
19032  -27.218  -8.739  -33.085 0.0000000000
19321  -27.940  -7.094  -32.019 0.0000000000
19816  -30.476  -4.007  -28.911 0.0000000000
19029  -29.096  -6.983  -29.359 0.0000000000
19021  -31.392  -6.636  -27.017 0.0000000000
21639  -30.605  -1.994  -33.616 0.0000000000
15048  -18.496  -22.163  -20.173 0.0000000000
15316  -19.013  -21.646  -21.065 0.0000000000
15594  -19.201  -20.522  -22.303 0.0000000000
15882  -23.355  -20.460  -24.456 0.0000000000
15881  -21.690  -20.448  -24.354 0.0000000000
16183  -22.524  -19.455  -25.705 0.0000000000
16690  -19.269  -17.370  -27.300 0.0000000000
16696  -20.956  -16.940  -27.713 0.0000000000
16964  -21.853  -16.179  -28.640 0.0000000000
17231  -25.849  -14.908  -26.524 0.0000000000
22394  -13.766  6.428  -30.671 0.0000000000
22134  -13.930  5.764  -31.547 0.0000000000
22133  -14.178  4.773  -32.176 0.0000000000
21630  -14.517  3.710  -32.640 0.0000000000
19824  -16.651  -5.072  -30.746 0.0000000000
20108  -17.025  -4.572  -32.261 0.0000000000
19589  -20.522  -5.495  -35.246 0.0000000000
19586  -22.747  -5.291  -35.772 0.0000000000
19332  -22.068  -7.244  -35.343 0.0000000000
19331  -23.712  -8.490  -35.564 0.0000000000
19041  -24.317  -10.431  -35.649 0.0000000000
19035  -21.397  -10.029  -34.276 0.0000000000
19040  -22.855  -10.466  -35.105 0.0000000000
18733  -25.387  -10.934  -35.412 0.0000000000
18728  -26.175  -10.956  -33.783 0.0000000000
21668  -30.420  -3.857  -36.923 0.0000000000
21665  -27.749  -4.485  -38.127 0.0000000000
21656  -28.331  -3.774  -36.601 0.0000000000
21650  -29.762  -3.411  -35.260 0.0000000000
21649  -29.397  -2.238  -33.285 0.0000000000
21888  -28.786  -0.976  -31.969 0.0000000000
22140  -28.483  0.351  -31.270 0.0000000000
14438  -23.303  -25.033  -21.694 0.0000000000
16176  -25.872  -18.192  -24.331 0.0000000000
16684  -26.183  -17.212  -25.388 0.0000000000
12594  -11.992  -29.270  -7.957 0.0000000000
13406  -12.589  -25.987  -8.329 0.0000000000
13102  -12.071  -27.194  -10.127 0.0000000000
13743  -12.366  -25.242  -9.965 0.0000000000
14058  -13.209  -23.818  -10.069 0.0000000000
12883  -18.008  -30.376  -12.203 0.0000000000
13118  -14.666  -28.732  -13.417 0.0000000000
12887  -17.441  -31.415  -14.386 0.0000000000
14064  -12.760  -23.631  -11.688 0.0000000000
14730  -15.168  -22.820  -15.857 0.0000000000
15046  -18.109  -23.236  -19.379 0.0000000000
14432  -17.916  -24.158  -18.965 0.0000000000
14096  -22.278  -26.063  -20.694 0.0000000000
12590  -11.595  -28.046  -5.620 0.0000000000
24174  -21.386  11.894  -22.916 0.0000000000
24418  -18.919  14.025  -25.804 0.0000000000
23291  -14.426  9.117  -30.137 0.0000000000
23596  -15.635  9.517  -32.804 0.0000000000
23605  -16.385  10.497  -36.826 0.0000000000
23303  -16.144  8.933  -35.631 0.0000000000
24722  -25.890  11.443  -37.627 0.0000000000
24203  -25.137  11.146  -38.250 0.0000000000
24452  -26.879  10.950  -37.488 0.0000000000
24210  -28.380  11.095  -36.465 0.0000000000
23614  -29.190  9.467  -36.015 0.0000000000
23005  -28.785  8.024  -35.172 0.0000000000
21399  -12.238  3.385  -28.987 0.0000000000
21627  -13.064  3.909  -31.064 0.0000000000
21629  -15.313  2.961  -34.237 0.0000000000
20373  -13.232  -1.238  -28.574 0.0000000000
20646  -13.050  0.476  -30.657 0.0000000000
20381  -15.346  -1.620  -31.922 0.0000000000
21633  -15.971  2.763  -36.113 0.0000000000
21637  -17.130  2.471  -37.976 0.0000000000
21891  -19.154  3.444  -39.221 0.0000000000
21887  -21.801  3.559  -39.087 0.0000000000
21635  -21.190  2.306  -39.509 0.0000000000
22146  -22.851  4.122  -38.593 0.0000000000
22687  -25.884  5.260  -36.834 0.0000000000
23298  -26.361  6.386  -36.689 0.0000000000
22693  -26.969  5.168  -35.037 0.0000000000
22688  -26.647  5.218  -33.914 0.0000000000
22402  -26.233  3.328  -33.588 0.0000000000
22397  -26.363  2.860  -32.619 0.0000000000
21405  -26.279  1.507  -34.066 0.0000000000
21875  -26.129  3.057  -33.266 0.0000000000
21874  -26.581  1.966  -31.663 0.0000000000
22142  -27.171  1.175  -31.581 0.0000000000
21397  -27.998  0.985  -30.477 0.0000000000
19830  -25.738  -5.197  -36.136 0.0000000000
20116  -26.221  -3.992  -35.387 0.0000000000
19573  -27.743  -6.823  -34.947 0.0000000000
20110  -26.753  -4.549  -34.201 0.0000000000
20648  -27.181  -2.319  -32.341 0.0000000000
20644  -27.840  -1.409  -31.536 0.0000000000
21391  -29.744  0.927  -29.250 0.0000000000
21390  -31.493  0.974  -27.584 0.0000000000
21153  -32.185  0.198  -26.902 0.0000000000
20358  -32.593  -1.680  -26.566 0.0000000000
20345  -32.348  -2.996  -26.168 0.0000000000
17838  -17.218  -11.967  -27.461 0.0000000000
15880  -19.326  -20.086  -23.935 0.0000000000
16169  -17.786  -19.355  -23.353 0.0000000000
16436  -17.620  -18.638  -24.239 0.0000000000
16677  -15.441  -15.480  -22.889 0.0000000000
16956  -17.982  -14.724  -26.981 0.0000000000
17860  -22.316  -13.431  -31.062 0.0000000000
17861  -23.984  -13.744  -31.729 0.0000000000
18166  -25.057  -13.208  -32.003 0.0000000000
18167  -25.936  -12.637  -31.524 0.0000000000
18455  -27.007  -11.263  -30.215 0.0000000000
16951  -26.228  -15.776  -25.557 0.0000000000
17535  -26.669  -13.233  -27.134 0.0000000000
17840  -26.983  -11.667  -28.118 0.0000000000
18453  -27.403  -10.309  -28.683 0.0000000000
18710  -30.968  -8.155  -26.345 0.0000000000
19293  -31.824  -6.932  -25.965 0.0000000000
12858  -12.562  -27.229  -4.975 0.0000000000
12639  -20.062  -33.143  -18.935 0.0000000000
12901  -20.483  -31.637  -18.742 0.0000000000
21392  -32.911  0.875  -29.514 0.0000000000
16177  -25.458  -18.530  -25.645 0.0000000000
18467  -24.011  -12.776  -33.445 0.0000000000
21924  -29.988  -2.673  -41.793 0.0000000000
21648  -26.690  -0.375  -33.998 0.0000000000
24214  -26.598  9.850  -37.990 0.0000000000
13451  -21.320  -28.430  -18.478 0.0000000000
24433  -16.327  14.122  -32.601 0.0000000000
24199  -16.250  12.595  -36.185 0.0000000000
23942  -16.917  11.425  -37.659 0.0000000000
23618  -19.748  9.816  -40.052 0.0000000000
20636  -12.831  0.264  -27.378 0.0000000000
21166  -27.465  -0.051  -31.849 0.0000000000
20361  -29.459  -3.121  -30.720 0.0000000000
18140  -30.633  -11.123  -25.872 0.0000000000
22406  -26.198  2.842  -34.560 0.0000000000
12616  -16.755  -30.092  -12.011 0.0000000000
24168  -23.109  12.851  -22.269 0.0000000000
24167  -24.179  13.745  -21.297 0.0000000000
24410  -22.485  13.200  -23.622 0.0000000000
24185  -15.554  12.409  -26.756 0.0000000000
22147  -19.168  4.752  -39.161 0.0000000000
20391  -26.066  -3.633  -36.801 0.0000000000
19037  -26.620  -9.886  -33.802 0.0000000000
19022  -30.452  -6.954  -28.274 0.0000000000
21910  -31.027  -3.958  -38.197 0.0000000000
21666  -26.629  -3.551  -38.784 0.0000000000
15874  -25.035  -20.080  -23.232 0.0000000000
12884  -17.852  -31.223  -13.343 0.0000000000
14725  -13.861  -21.544  -13.601 0.0000000000
14726  -14.339  -21.653  -14.918 0.0000000000
24917  -24.047  12.543  -38.378 0.0000000000
23611  -24.711  9.612  -38.934 0.0000000000
24437  -26.134  11.933  -37.005 0.0000000000
24438  -27.677  11.521  -35.909 0.0000000000
23944  -26.934  10.907  -35.726 0.0000000000
23606  -26.521  8.437  -37.098 0.0000000000
23945  -28.079  10.211  -34.898 0.0000000000
23608  -27.395  9.227  -34.689 0.0000000000
23305  -28.009  8.217  -34.311 0.0000000000
21403  -12.474  3.078  -30.423 0.0000000000
21883  -24.210  2.963  -37.776 0.0000000000
22141  -23.918  3.746  -38.141 0.0000000000
23299  -26.763  6.012  -35.069 0.0000000000
22694  -27.446  6.623  -34.577 0.0000000000
22685  -26.278  4.634  -33.480 0.0000000000
20927  -26.188  -1.028  -37.342 0.0000000000
19038  -27.269  -8.570  -34.494 0.0000000000
20106  -27.857  -4.579  -33.044 0.0000000000
20375  -26.936  -3.223  -32.778 0.0000000000
21157  -30.522  0.429  -28.325 0.0000000000
20623  -31.818  -1.037  -27.207 0.0000000000
20343  -32.574  -3.208  -24.924 0.0000000000
20090  -32.506  -3.488  -25.967 0.0000000000
18148  -15.674  -10.001  -26.417 0.0000000000
15863  -15.450  -18.706  -19.170 0.0000000000
16433  -15.479  -17.044  -22.403 0.0000000000
17228  -28.883  -13.977  -24.924 0.0000000000
18450  -31.047  -9.634  -26.081 0.0000000000
22151  -25.194  2.602  -37.031 0.0000000000
12637  -19.609  -33.600  -18.378 0.0000000000
21884  -31.081  -0.446  -31.763 0.0000000000
21388  -32.850  1.231  -27.824 0.0000000000
21626  -12.512  4.614  -28.908 0.0000000000
19325  -18.237  -8.009  -31.924 0.0000000000
22168  -31.614  -3.181  -41.991 0.0000000000
22158  -33.099  -3.737  -39.585 0.0000000000
21670  -29.122  -4.966  -39.168 0.0000000000
24692  -18.511  15.435  -30.051 0.0000000000
24446  -17.908  12.819  -39.296 0.0000000000
23950  -20.037  10.861  -40.561 0.0000000000
23616  -22.635  10.239  -39.733 0.0000000000
23612  -25.960  9.252  -37.999 0.0000000000
21409  -17.025  1.619  -37.087 0.0000000000
22396  -26.121  4.120  -34.296 0.0000000000
20907  -30.912  -0.959  -28.516 0.0000000000
19310  -33.002  -5.525  -25.411 0.0000000000
19802  -33.305  -4.595  -24.942 0.0000000000
20078  -32.985  -3.996  -24.513 0.0000000000
21667  -26.597  -1.912  -38.502 0.0000000000
23914  -17.085  11.409  -24.822 0.0000000000
22405  -21.248  5.123  -39.047 0.0000000000
21407  -25.156  0.840  -37.454 0.0000000000
19817  -13.979  -4.248  -25.838 0.0000000000
21669  -29.039  -4.759  -37.778 0.0000000000
21659  -31.052  -2.868  -35.548 0.0000000000
15326  -24.029  -21.304  -23.178 0.0000000000
16175  -26.898  -17.986  -23.429 0.0000000000
15289  -14.880  -20.359  -15.581 0.0000000000
24693  -19.958  16.247  -28.885 0.0000000000
24710  -26.286  12.093  -37.106 0.0000000000
23952  -28.335  9.982  -37.267 0.0000000000
23946  -28.844  10.229  -35.363 0.0000000000
23007  -28.551  7.309  -37.558 0.0000000000
23006  -28.820  7.369  -36.479 0.0000000000
20362  -13.281  -2.088  -26.416 0.0000000000
21890  -17.433  3.371  -38.334 0.0000000000
22401  -23.783  4.795  -38.381 0.0000000000
22999  -27.172  7.234  -34.577 0.0000000000
22699  -27.279  5.638  -36.271 0.0000000000
22410  -26.305  3.998  -35.353 0.0000000000
20652  -26.659  -2.615  -33.783 0.0000000000
20919  -26.678  -2.028  -32.841 0.0000000000
21869  -31.695  1.584  -28.383 0.0000000000
20905  -32.696  -0.439  -26.953 0.0000000000
15879  -18.347  -20.163  -23.073 0.0000000000
16948  -15.163  -14.256  -23.308 0.0000000000
16949  -15.630  -13.746  -24.307 0.0000000000
23613  -28.754  9.222  -34.717 0.0000000000
