#!ascii label  , from subject Yale_0050558 vox2ras=TkReg
551
32990  6.115  48.300  11.757 0.0000000000
30351  1.048  31.190  5.639 0.0000000000
31073  5.542  40.856  14.532 0.0000000000
31817  5.410  39.756  7.341 0.0000000000
30309  -1.507  34.789  9.986 0.0000000000
32159  -4.234  42.010  15.755 0.0000000000
30513  -1.355  35.217  22.157 0.0000000000
30048  6.541  32.140  28.001 0.0000000000
32535  5.706  44.161  9.349 0.0000000000
31808  1.189  39.827  12.293 0.0000000000
32531  4.224  42.913  13.751 0.0000000000
29700  -0.998  27.853  3.611 0.0000000000
30724  2.745  38.567  10.499 0.0000000000
30298  5.150  33.366  13.705 0.0000000000
30520  5.829  33.245  17.833 0.0000000000
32128  0.531  41.110  21.782 0.0000000000
29400  5.011  29.443  35.292 0.0000000000
30665  5.468  37.034  33.017 0.0000000000
29410  5.558  28.052  29.821 0.0000000000
30592  1.660  34.587  2.132 0.0000000000
30146  3.813  30.915  1.219 0.0000000000
29107  3.018  25.901  -0.498 0.0000000000
31121  3.728  35.561  6.657 0.0000000000
30113  -3.258  31.003  7.193 0.0000000000
31263  -1.140  36.114  10.600 0.0000000000
30915  -4.051  37.226  14.193 0.0000000000
31243  -1.099  42.306  15.186 0.0000000000
31462  1.819  39.230  3.679 0.0000000000
32795  -1.857  44.253  19.197 0.0000000000
31235  -3.605  41.674  19.344 0.0000000000
31067  3.416  42.015  20.553 0.0000000000
30492  -2.623  37.620  28.629 0.0000000000
30873  5.212  39.960  26.829 0.0000000000
30694  7.432  35.919  22.492 0.0000000000
29833  5.988  29.599  23.156 0.0000000000
32684  5.978  45.447  10.098 0.0000000000
32533  5.581  42.793  12.331 0.0000000000
32827  6.117  44.890  14.142 0.0000000000
32551  3.244  45.633  7.252 0.0000000000
30132  1.102  30.062  4.880 0.0000000000
30124  -1.671  30.390  5.934 0.0000000000
31074  4.875  40.584  12.977 0.0000000000
30713  5.874  37.509  12.112 0.0000000000
30711  5.972  36.766  14.789 0.0000000000
30294  4.550  32.686  15.832 0.0000000000
30706  6.408  37.021  16.581 0.0000000000
28738  6.542  26.142  34.523 0.0000000000
29606  6.904  30.461  33.428 0.0000000000
30581  2.907  33.647  2.781 0.0000000000
30147  2.942  32.526  1.712 0.0000000000
30131  2.171  30.941  3.820 0.0000000000
29921  1.703  29.021  2.696 0.0000000000
31458  5.037  37.359  7.039 0.0000000000
31273  1.765  36.196  8.578 0.0000000000
31453  2.346  37.293  9.219 0.0000000000
31990  -1.180  40.548  13.484 0.0000000000
31428  -2.926  38.390  13.046 0.0000000000
31246  -3.907  40.374  14.726 0.0000000000
30910  -1.998  39.176  14.264 0.0000000000
31244  -2.967  42.169  15.910 0.0000000000
32007  3.379  42.017  4.995 0.0000000000
31630  -1.085  40.115  5.208 0.0000000000
31832  3.347  40.666  4.239 0.0000000000
31284  3.904  37.431  3.544 0.0000000000
30106  -3.503  32.480  9.014 0.0000000000
29870  -0.531  33.080  7.667 0.0000000000
31061  -1.477  37.701  22.045 0.0000000000
31574  -2.437  39.695  20.807 0.0000000000
30890  -2.335  38.715  20.680 0.0000000000
31070  -0.106  41.629  20.001 0.0000000000
30700  0.619  37.278  21.708 0.0000000000
30036  -0.750  35.696  32.930 0.0000000000
30480  7.074  35.602  31.060 0.0000000000
30857  5.082  39.164  30.935 0.0000000000
30679  7.219  37.505  27.894 0.0000000000
30881  7.402  38.486  23.787 0.0000000000
30501  7.501  35.935  24.087 0.0000000000
30266  6.802  32.204  23.529 0.0000000000
30055  6.599  31.193  25.997 0.0000000000
31995  5.474  41.067  8.526 0.0000000000
31813  4.027  39.363  9.914 0.0000000000
32167  4.444  40.743  11.232 0.0000000000
32346  3.027  41.721  13.037 0.0000000000
32526  -0.102  43.104  14.343 0.0000000000
32177  4.135  43.527  6.343 0.0000000000
30540  -0.265  37.034  11.183 0.0000000000
30318  1.826  35.806  8.385 0.0000000000
30722  3.885  37.676  9.504 0.0000000000
30081  3.957  30.221  15.998 0.0000000000
31956  1.073  38.944  24.950 0.0000000000
31397  -0.944  37.884  23.655 0.0000000000
30241  2.290  35.636  34.239 0.0000000000
30232  4.735  34.652  34.631 0.0000000000
30240  7.191  33.849  31.140 0.0000000000
30248  5.618  31.097  28.774 0.0000000000
29822  4.307  28.913  27.752 0.0000000000
29615  2.970  27.928  28.596 0.0000000000
29711  3.901  28.902  1.293 0.0000000000
29308  0.924  26.873  1.707 0.0000000000
30757  2.981  33.431  5.105 0.0000000000
30571  -0.568  32.578  6.869 0.0000000000
30943  -0.085  33.975  7.625 0.0000000000
30743  -2.501  34.326  9.804 0.0000000000
30548  -3.667  34.359  11.253 0.0000000000
31601  -0.163  38.051  11.408 0.0000000000
30919  -3.606  36.791  12.764 0.0000000000
30727  -3.182  36.631  13.952 0.0000000000
30720  -2.031  37.308  13.467 0.0000000000
30906  0.789  39.973  12.765 0.0000000000
31241  3.879  42.179  14.151 0.0000000000
31290  -1.071  38.090  3.349 0.0000000000
31130  1.841  37.161  2.543 0.0000000000
30954  3.684  35.006  3.173 0.0000000000
33118  6.794  47.339  15.815 0.0000000000
32976  5.217  44.720  15.678 0.0000000000
32823  1.575  44.343  15.887 0.0000000000
32673  -1.966  44.237  15.822 0.0000000000
32654  0.215  43.222  21.447 0.0000000000
32500  -4.311  43.020  18.980 0.0000000000
31589  -4.645  42.385  17.148 0.0000000000
31410  -1.773  42.947  17.055 0.0000000000
31407  2.118  43.250  17.969 0.0000000000
31229  5.245  42.267  17.383 0.0000000000
31052  -3.413  37.062  27.108 0.0000000000
30497  -1.209  36.291  26.017 0.0000000000
30669  1.968  38.783  32.264 0.0000000000
30863  2.173  39.045  29.351 0.0000000000
30688  2.413  38.145  25.064 0.0000000000
30883  3.969  40.354  22.991 0.0000000000
31065  6.205  40.743  20.281 0.0000000000
30886  6.540  38.671  17.085 0.0000000000
30516  6.400  33.950  19.400 0.0000000000
30072  5.060  30.651  20.856 0.0000000000
29420  5.756  28.248  25.901 0.0000000000
32835  6.284  46.633  11.543 0.0000000000
32683  6.329  45.280  12.061 0.0000000000
32840  5.386  47.555  9.954 0.0000000000
32837  5.105  46.548  8.969 0.0000000000
29907  -1.352  29.364  4.951 0.0000000000
30125  -0.503  30.424  5.413 0.0000000000
30899  5.554  39.087  12.389 0.0000000000
30897  5.874  39.115  13.641 0.0000000000
30896  6.305  38.962  15.199 0.0000000000
28741  6.415  25.432  32.481 0.0000000000
30350  2.010  31.629  4.866 0.0000000000
30359  2.703  31.455  3.637 0.0000000000
30349  1.954  30.786  4.943 0.0000000000
31620  5.014  38.186  8.038 0.0000000000
31459  3.759  37.035  8.019 0.0000000000
32337  -2.777  41.540  14.532 0.0000000000
31802  -3.086  40.226  13.932 0.0000000000
31245  -3.775  41.082  15.309 0.0000000000
31592  -4.314  41.520  15.630 0.0000000000
31818  5.119  41.297  6.035 0.0000000000
31833  4.032  41.092  5.012 0.0000000000
31621  5.047  39.522  5.813 0.0000000000
30312  -2.686  33.805  10.638 0.0000000000
30098  -2.028  33.489  8.867 0.0000000000
30515  -2.331  36.600  21.703 0.0000000000
31063  -2.149  38.205  21.048 0.0000000000
30517  -2.172  36.050  21.278 0.0000000000
30704  0.217  37.880  21.378 0.0000000000
30672  7.014  35.807  29.508 0.0000000000
30502  7.410  36.783  25.535 0.0000000000
30496  7.417  33.857  26.541 0.0000000000
30261  7.221  32.338  25.418 0.0000000000
30260  7.140  32.438  26.930 0.0000000000
32168  5.366  42.816  8.020 0.0000000000
32166  5.523  42.059  10.338 0.0000000000
32685  5.482  43.315  13.394 0.0000000000
32347  4.841  41.621  11.832 0.0000000000
32530  2.027  43.071  14.253 0.0000000000
32541  4.773  45.057  7.925 0.0000000000
32360  3.310  44.688  6.568 0.0000000000
32358  4.498  44.136  7.177 0.0000000000
29302  -1.866  26.761  3.188 0.0000000000
30726  1.005  38.058  10.959 0.0000000000
30725  1.829  37.490  10.071 0.0000000000
30529  6.151  35.364  12.441 0.0000000000
30536  5.683  36.345  10.739 0.0000000000
30082  3.957  31.747  14.814 0.0000000000
30296  4.661  33.087  14.800 0.0000000000
30292  5.012  32.132  17.133 0.0000000000
30079  4.825  30.696  17.869 0.0000000000
31771  -0.383  39.033  25.929 0.0000000000
31774  -0.242  38.514  24.656 0.0000000000
31560  -1.651  38.135  26.222 0.0000000000
30026  4.029  32.979  35.434 0.0000000000
30025  5.260  33.035  34.925 0.0000000000
29204  6.539  27.834  31.260 0.0000000000
29816  7.096  31.322  32.938 0.0000000000
30038  6.766  31.897  30.491 0.0000000000
30243  6.440  32.496  29.641 0.0000000000
29819  5.938  30.613  29.518 0.0000000000
29820  4.637  29.393  28.777 0.0000000000
29411  4.126  27.792  28.998 0.0000000000
30767  1.192  34.869  1.765 0.0000000000
30591  2.173  33.984  1.799 0.0000000000
29929  4.256  29.818  1.030 0.0000000000
29925  3.893  29.555  1.804 0.0000000000
29701  0.175  28.088  3.183 0.0000000000
29505  0.691  27.667  2.586 0.0000000000
29304  -0.954  26.775  2.475 0.0000000000
30941  2.478  34.494  6.377 0.0000000000
30759  1.133  33.223  6.820 0.0000000000
31123  2.534  35.625  7.166 0.0000000000
31449  0.630  36.474  9.326 0.0000000000
31112  -0.058  35.499  8.844 0.0000000000
31103  -2.154  35.348  10.527 0.0000000000
30555  -3.299  33.702  9.736 0.0000000000
30928  -2.815  36.218  11.618 0.0000000000
31807  2.582  39.280  10.908 0.0000000000
31602  1.334  38.423  10.896 0.0000000000
31426  -3.836  39.099  13.757 0.0000000000
31089  -4.220  38.171  13.989 0.0000000000
30731  -3.760  35.947  13.009 0.0000000000
30911  -3.319  37.926  14.563 0.0000000000
31077  -2.257  41.055  14.614 0.0000000000
31075  -0.898  40.993  13.971 0.0000000000
31076  0.423  41.786  14.096 0.0000000000
31084  1.903  41.048  13.237 0.0000000000
31242  2.020  42.356  14.181 0.0000000000
28528  6.147  25.200  36.434 0.0000000000
31463  0.783  40.008  4.376 0.0000000000
31464  -1.911  39.253  4.728 0.0000000000
31279  -2.022  38.645  4.247 0.0000000000
31127  -1.374  37.929  3.699 0.0000000000
31125  -0.543  37.023  2.800 0.0000000000
31280  0.343  38.447  3.386 0.0000000000
31277  4.599  36.955  4.344 0.0000000000
31122  4.263  36.216  3.768 0.0000000000
31120  4.405  35.719  5.352 0.0000000000
30948  3.816  34.855  5.607 0.0000000000
30332  -1.955  31.426  6.850 0.0000000000
29668  1.775  31.841  5.901 0.0000000000
33117  6.871  47.982  17.249 0.0000000000
32974  6.174  45.711  16.377 0.0000000000
33111  6.216  46.811  18.042 0.0000000000
32955  0.672  44.337  18.665 0.0000000000
33107  3.394  44.951  18.378 0.0000000000
32808  -1.854  44.484  17.199 0.0000000000
32666  -3.309  44.141  17.361 0.0000000000
32308  2.026  41.394  22.219 0.0000000000
32653  2.088  42.290  21.516 0.0000000000
32491  -0.481  42.609  21.722 0.0000000000
31401  -3.899  40.614  20.341 0.0000000000
32133  -3.647  41.568  21.087 0.0000000000
31405  -4.224  41.665  19.411 0.0000000000
31588  -4.522  42.429  18.616 0.0000000000
31587  -4.187  42.422  17.842 0.0000000000
31411  -3.344  42.551  17.976 0.0000000000
31234  -2.593  42.189  19.170 0.0000000000
31068  2.213  41.623  20.194 0.0000000000
31232  1.441  42.602  19.199 0.0000000000
31406  3.035  43.350  18.610 0.0000000000
31408  3.919  43.370  17.558 0.0000000000
31404  4.694  42.817  18.543 0.0000000000
30251  -3.399  36.698  29.655 0.0000000000
30252  -3.562  36.535  29.841 0.0000000000
30491  -3.500  37.132  28.074 0.0000000000
30494  -3.492  36.697  26.495 0.0000000000
30495  -2.585  37.281  27.468 0.0000000000
30478  4.343  36.764  33.743 0.0000000000
30479  1.918  37.414  33.128 0.0000000000
30858  3.741  39.146  32.100 0.0000000000
30867  5.188  39.943  28.768 0.0000000000
30862  4.287  39.598  29.777 0.0000000000
30872  4.343  39.820  27.607 0.0000000000
30685  1.467  37.223  26.148 0.0000000000
30876  3.819  39.577  26.071 0.0000000000
30695  3.100  38.937  23.959 0.0000000000
30878  4.498  39.862  24.612 0.0000000000
30882  7.098  38.949  21.580 0.0000000000
31060  6.615  39.816  23.006 0.0000000000
30885  6.958  38.436  19.223 0.0000000000
30699  7.330  36.678  20.066 0.0000000000
30702  6.893  36.282  18.552 0.0000000000
30697  7.196  34.990  20.298 0.0000000000
30279  5.438  31.979  21.142 0.0000000000
29839  5.754  29.491  21.475 0.0000000000
29628  5.255  29.240  20.141 0.0000000000
29624  6.255  28.430  22.070 0.0000000000
29419  4.866  28.314  27.257 0.0000000000
29828  5.572  29.945  26.884 0.0000000000
29321  3.560  26.872  -1.049 0.0000000000
32534  6.152  43.906  11.326 0.0000000000
32682  6.099  44.122  12.798 0.0000000000
32828  5.288  43.930  14.374 0.0000000000
32694  2.442  46.712  7.993 0.0000000000
32692  5.365  45.548  8.750 0.0000000000
29910  0.560  29.147  4.013 0.0000000000
29495  -1.903  27.840  4.279 0.0000000000
30908  3.722  39.067  10.682 0.0000000000
30719  4.546  38.210  10.502 0.0000000000
30905  4.697  39.388  11.662 0.0000000000
30527  5.806  35.075  13.741 0.0000000000
30526  5.327  34.516  15.054 0.0000000000
30525  5.741  34.769  16.327 0.0000000000
28987  5.827  27.669  35.037 0.0000000000
29399  6.429  28.648  34.109 0.0000000000
28988  6.642  27.257  33.879 0.0000000000
28992  6.699  27.514  32.537 0.0000000000
28995  5.908  26.371  30.947 0.0000000000
30362  2.590  33.009  2.650 0.0000000000
30139  2.565  31.479  2.771 0.0000000000
29922  2.788  29.893  2.415 0.0000000000
29911  1.772  29.709  3.268 0.0000000000
31278  4.383  36.509  6.260 0.0000000000
31272  2.013  35.764  7.839 0.0000000000
31454  2.606  36.880  8.164 0.0000000000
31447  0.530  37.536  10.387 0.0000000000
32162  0.881  41.054  13.356 0.0000000000
31603  -0.754  38.875  12.454 0.0000000000
31085  -3.934  38.717  14.674 0.0000000000
31078  -3.140  40.014  14.868 0.0000000000
32000  1.206  42.333  5.544 0.0000000000
31820  0.138  41.443  5.654 0.0000000000
31834  1.983  41.493  5.070 0.0000000000
31642  2.692  39.974  3.751 0.0000000000
31641  4.192  39.461  4.330 0.0000000000
31460  4.782  37.923  4.911 0.0000000000
29873  -3.214  31.399  7.923 0.0000000000
31781  -0.152  39.808  21.513 0.0000000000
31963  -1.028  40.672  21.167 0.0000000000
31573  -1.274  38.610  21.323 0.0000000000
31400  -3.129  39.517  20.841 0.0000000000
30895  -2.828  40.685  20.452 0.0000000000
31071  -1.429  41.358  20.065 0.0000000000
30889  -1.728  39.357  20.833 0.0000000000
30888  -0.391  38.728  21.150 0.0000000000
30887  1.606  39.736  21.133 0.0000000000
30249  -1.274  36.881  31.722 0.0000000000
30855  4.673  38.939  31.702 0.0000000000
30673  6.346  37.870  31.061 0.0000000000
30677  6.416  38.573  29.573 0.0000000000
30865  6.592  38.879  28.292 0.0000000000
30866  6.469  39.070  25.871 0.0000000000
30871  7.161  38.073  25.868 0.0000000000
30505  7.352  33.891  23.415 0.0000000000
30059  6.324  30.835  24.124 0.0000000000
31819  5.131  39.619  8.917 0.0000000000
31994  4.963  40.319  10.053 0.0000000000
32169  3.034  40.678  11.867 0.0000000000
32345  3.809  41.288  11.979 0.0000000000
32339  1.009  42.068  13.956 0.0000000000
32340  -1.338  42.260  14.496 0.0000000000
32176  4.020  42.469  5.514 0.0000000000
30541  -0.718  36.340  10.716 0.0000000000
30310  0.620  36.387  9.410 0.0000000000
30723  2.788  36.881  9.077 0.0000000000
30293  4.043  31.534  15.481 0.0000000000
31955  0.631  39.525  22.916 0.0000000000
31565  -0.325  38.789  22.417 0.0000000000
30879  -2.164  36.644  23.256 0.0000000000
30476  5.576  36.040  33.687 0.0000000000
30024  6.145  32.541  33.921 0.0000000000
30231  6.528  34.086  33.166 0.0000000000
30477  6.686  35.725  32.468 0.0000000000
30486  6.772  33.799  29.442 0.0000000000
30047  4.617  29.755  28.049 0.0000000000
29821  3.852  28.803  28.456 0.0000000000
29714  3.864  28.701  0.552 0.0000000000
29315  2.931  27.696  0.488 0.0000000000
29710  2.986  29.113  1.600 0.0000000000
29506  1.910  28.216  1.955 0.0000000000
29316  1.817  26.964  1.122 0.0000000000
30580  2.140  32.613  5.103 0.0000000000
30756  1.610  32.811  6.178 0.0000000000
30752  -1.320  33.347  7.789 0.0000000000
31113  0.943  35.337  8.243 0.0000000000
30936  -1.332  34.592  9.188 0.0000000000
30563  -2.191  32.708  8.045 0.0000000000
30319  -3.278  34.222  11.496 0.0000000000
31611  4.009  38.439  9.040 0.0000000000
31610  1.929  38.154  9.912 0.0000000000
31448  -0.906  37.205  11.078 0.0000000000
31443  -2.006  37.766  12.221 0.0000000000
30539  -2.469  35.722  12.545 0.0000000000
30721  0.730  38.729  11.918 0.0000000000
30909  -0.734  39.131  13.305 0.0000000000
30907  2.821  39.689  11.633 0.0000000000
31083  3.718  41.018  12.660 0.0000000000
29197  4.240  28.248  35.750 0.0000000000
28730  5.364  26.675  35.916 0.0000000000
28529  6.617  25.212  35.194 0.0000000000
30764  0.087  35.780  2.206 0.0000000000
30765  0.694  35.507  2.182 0.0000000000
31283  2.336  38.177  3.090 0.0000000000
31129  3.151  36.621  2.740 0.0000000000
30956  2.589  35.462  2.465 0.0000000000
30758  3.740  33.933  4.050 0.0000000000
30579  2.809  32.597  4.353 0.0000000000
32984  6.515  47.007  13.954 0.0000000000
30337  -1.101  31.254  6.232 0.0000000000
29683  -2.838  29.677  6.045 0.0000000000
30099  -0.313  34.194  8.534 0.0000000000
32977  6.313  45.607  15.444 0.0000000000
32829  3.654  44.085  15.257 0.0000000000
32975  5.042  45.036  17.028 0.0000000000
32978  3.343  44.518  17.203 0.0000000000
32680  1.457  44.052  14.888 0.0000000000
32675  -0.515  44.393  15.445 0.0000000000
32525  -0.838  43.903  14.788 0.0000000000
32338  -2.637  42.959  14.978 0.0000000000
32658  -1.755  43.852  20.713 0.0000000000
32132  -2.266  41.825  21.430 0.0000000000
32495  -3.951  42.924  20.481 0.0000000000
32659  -3.265  43.858  19.148 0.0000000000
32511  -4.167  43.324  17.062 0.0000000000
31419  -3.966  42.250  16.687 0.0000000000
31233  -0.452  42.858  18.566 0.0000000000
31409  0.124  43.262  16.946 0.0000000000
31418  2.483  43.076  16.030 0.0000000000
31417  3.959  43.140  15.942 0.0000000000
31069  6.058  40.444  16.268 0.0000000000
30861  -3.358  37.305  29.085 0.0000000000
31549  -2.236  38.488  28.486 0.0000000000
30880  -2.542  36.705  25.240 0.0000000000
30267  -2.633  35.987  24.759 0.0000000000
30269  -2.222  34.925  23.542 0.0000000000
30242  0.321  36.436  33.180 0.0000000000
30481  -0.077  37.795  32.248 0.0000000000
30670  0.149  38.830  30.812 0.0000000000
30859  2.922  39.337  31.023 0.0000000000
30681  0.244  38.604  28.648 0.0000000000
30684  1.211  37.932  27.540 0.0000000000
30506  0.219  36.130  25.346 0.0000000000
30691  0.834  36.515  23.407 0.0000000000
30696  1.237  37.199  22.459 0.0000000000
30698  2.645  39.528  22.128 0.0000000000
31064  3.953  41.297  21.445 0.0000000000
31055  5.803  39.659  24.725 0.0000000000
31059  5.417  40.686  22.523 0.0000000000
31228  4.578  42.238  20.138 0.0000000000
31066  6.371  40.307  18.222 0.0000000000
30701  6.422  35.014  17.522 0.0000000000
30512  6.662  33.279  21.722 0.0000000000
30283  4.847  31.315  19.855 0.0000000000
30076  5.069  30.340  19.444 0.0000000000
30056  6.689  31.498  27.034 0.0000000000
29623  6.054  29.098  24.606 0.0000000000
29225  6.478  26.909  24.295 0.0000000000
29421  6.586  27.266  22.801 0.0000000000
30514  -2.260  35.360  21.688 0.0000000000
30703  -1.347  36.689  21.115 0.0000000000
30290  5.053  31.550  18.455 0.0000000000
31772  -1.115  39.199  26.644 0.0000000000
29595  4.576  31.334  35.586 0.0000000000
29611  6.559  29.725  30.536 0.0000000000
31266  -0.468  35.701  9.585 0.0000000000
31413  0.852  42.689  15.316 0.0000000000
32490  1.180  42.039  21.728 0.0000000000
31230  -3.946  40.510  20.209 0.0000000000
31231  3.596  42.933  19.365 0.0000000000
30851  3.795  38.091  32.900 0.0000000000
30854  4.891  38.255  32.599 0.0000000000
30869  5.700  39.649  27.827 0.0000000000
30687  2.626  38.626  26.920 0.0000000000
30877  5.033  39.894  25.711 0.0000000000
30064  5.714  30.751  22.498 0.0000000000
32839  3.710  47.326  8.381 0.0000000000
31271  3.384  36.248  7.616 0.0000000000
31609  1.580  37.554  10.047 0.0000000000
32002  2.295  42.096  5.317 0.0000000000
30100  -2.955  32.802  9.301 0.0000000000
29872  -2.358  32.480  8.169 0.0000000000
31780  -1.019  39.366  21.198 0.0000000000
30707  -2.483  37.606  20.954 0.0000000000
30891  -3.122  39.093  20.627 0.0000000000
30039  -2.205  36.090  31.342 0.0000000000
31993  3.353  40.045  10.682 0.0000000000
32543  1.784  45.626  7.872 0.0000000000
32179  3.279  43.302  5.600 0.0000000000
28844  0.283  26.312  2.950 0.0000000000
30535  6.068  34.268  12.283 0.0000000000
32124  1.799  40.055  23.404 0.0000000000
31954  0.349  38.794  23.906 0.0000000000
29596  5.767  30.768  34.623 0.0000000000
30034  7.213  31.667  32.018 0.0000000000
29416  3.547  28.185  28.389 0.0000000000
29507  2.699  28.204  1.433 0.0000000000
28318  6.540  23.729  35.258 0.0000000000
30955  0.748  36.505  2.484 0.0000000000
31640  3.480  38.960  3.570 0.0000000000
29669  -3.609  29.610  6.378 0.0000000000
29667  1.078  30.571  5.497 0.0000000000
29473  1.686  29.642  4.889 0.0000000000
30311  0.737  35.243  8.430 0.0000000000
33105  5.158  46.151  19.059 0.0000000000
32969  0.706  44.470  17.049 0.0000000000
32144  -4.421  41.911  20.388 0.0000000000
31412  4.612  43.166  16.794 0.0000000000
31236  4.924  42.347  15.679 0.0000000000
30860  -3.664  37.055  28.091 0.0000000000
31381  -2.756  37.687  27.705 0.0000000000
30268  -1.644  35.386  24.411 0.0000000000
30035  0.734  34.539  34.354 0.0000000000
30868  3.369  39.493  28.435 0.0000000000
30675  0.084  38.928  29.645 0.0000000000
30682  0.104  38.093  27.732 0.0000000000
30686  1.444  36.941  24.885 0.0000000000
31227  5.157  41.634  21.041 0.0000000000
30284  5.511  32.578  19.138 0.0000000000
32838  5.834  46.631  9.942 0.0000000000
28533  6.163  24.287  33.253 0.0000000000
30352  2.542  31.984  3.674 0.0000000000
32679  0.798  43.732  14.529 0.0000000000
32550  3.948  45.102  7.016 0.0000000000
30087  4.255  31.297  13.687 0.0000000000
29846  4.622  29.428  18.909 0.0000000000
29607  7.079  29.968  32.096 0.0000000000
30942  1.143  34.675  7.429 0.0000000000
31809  2.938  38.714  9.708 0.0000000000
28522  4.873  26.023  37.503 0.0000000000
28316  6.492  24.113  36.876 0.0000000000
31126  -1.048  37.298  2.870 0.0000000000
30947  4.145  35.082  4.692 0.0000000000
31119  3.963  35.390  5.222 0.0000000000
29670  -3.645  30.325  7.129 0.0000000000
30317  1.905  34.667  7.690 0.0000000000
31969  -4.045  40.943  20.933 0.0000000000
30894  0.865  40.847  20.358 0.0000000000
30493  -3.754  36.784  27.728 0.0000000000
32693  4.167  46.299  8.024 0.0000000000
29288  -2.970  27.851  4.948 0.0000000000
31072  -3.409  40.100  20.363 0.0000000000
30893  -0.826  40.170  20.766 0.0000000000
30250  -2.990  37.023  29.854 0.0000000000
30488  -2.023  37.424  30.202 0.0000000000
30668  6.146  37.318  32.145 0.0000000000
29101  2.192  26.065  0.537 0.0000000000
32178  2.715  42.653  5.314 0.0000000000
30538  4.652  36.169  9.397 0.0000000000
32127  1.060  40.338  22.450 0.0000000000
30270  -2.681  35.239  22.972 0.0000000000
30027  2.445  33.431  35.280 0.0000000000
31114  1.642  35.192  7.870 0.0000000000
31111  0.433  34.800  8.229 0.0000000000
29401  3.075  29.588  36.060 0.0000000000
30964  0.362  36.018  2.011 0.0000000000
33139  6.082  49.164  12.775 0.0000000000
33125  6.422  49.047  14.257 0.0000000000
30104  0.558  33.763  7.471 0.0000000000
32494  -2.366  42.986  21.470 0.0000000000
31938  -1.413  39.757  28.169 0.0000000000
30487  -0.922  38.005  31.040 0.0000000000
30674  -1.137  38.199  29.170 0.0000000000
30680  -0.714  37.546  27.521 0.0000000000
30511  -0.594  35.431  23.506 0.0000000000
29847  4.395  29.294  19.793 0.0000000000
30957  0.097  36.357  2.211 0.0000000000
