#!ascii label  , from subject Yale_0050558 vox2ras=TkReg
505
1652  -38.787  -78.590  11.215 0.0000000000
4221  -40.495  -65.450  22.392 0.0000000000
2710  -32.636  -73.603  30.085 0.0000000000
1493  -31.345  -77.921  15.956 0.0000000000
571  -29.307  -87.166  5.064 0.0000000000
1668  -40.101  -78.835  1.947 0.0000000000
2504  -40.105  -75.072  23.478 0.0000000000
4260  -41.461  -65.389  13.898 0.0000000000
4014  -45.393  -68.637  10.646 0.0000000000
4773  -49.446  -64.131  19.849 0.0000000000
2093  -28.500  -76.640  20.054 0.0000000000
877  -34.666  -84.758  2.892 0.0000000000
1522  -40.267  -79.933  6.918 0.0000000000
4248  -45.265  -67.876  18.433 0.0000000000
5296  -42.961  -62.574  22.560 0.0000000000
3916  -31.931  -67.296  28.904 0.0000000000
2278  -31.008  -76.016  24.117 0.0000000000
2982  -40.624  -72.599  21.888 0.0000000000
2293  -42.002  -75.035  17.654 0.0000000000
992  -26.879  -81.851  19.202 0.0000000000
5606  -38.633  -59.783  20.581 0.0000000000
2700  -36.569  -75.222  31.328 0.0000000000
2066  -33.708  -76.574  27.871 0.0000000000
1633  -23.356  -79.534  15.336 0.0000000000
1773  -25.029  -75.093  13.622 0.0000000000
2335  -43.915  -75.192  11.422 0.0000000000
3505  -44.596  -71.858  15.820 0.0000000000
4001  -48.427  -68.992  13.965 0.0000000000
5914  -44.365  -58.600  18.922 0.0000000000
3006  -28.867  -73.271  13.930 0.0000000000
2086  -35.074  -78.966  19.559 0.0000000000
2516  -33.028  -75.716  16.785 0.0000000000
3284  -45.765  -70.933  6.193 0.0000000000
1025  -36.836  -83.031  9.150 0.0000000000
1653  -40.551  -79.912  10.096 0.0000000000
4223  -42.665  -65.936  21.160 0.0000000000
5295  -43.044  -64.073  21.688 0.0000000000
4755  -42.012  -63.472  22.649 0.0000000000
3184  -32.697  -72.682  32.071 0.0000000000
3188  -32.454  -70.383  29.787 0.0000000000
3690  -31.999  -68.099  26.333 0.0000000000
2722  -32.087  -72.356  26.220 0.0000000000
2503  -31.572  -74.948  24.527 0.0000000000
2260  -31.917  -76.289  26.659 0.0000000000
3480  -41.826  -68.506  21.879 0.0000000000
3224  -43.656  -70.086  20.139 0.0000000000
1148  -29.061  -79.855  17.623 0.0000000000
830  -30.572  -82.932  17.948 0.0000000000
1037  -37.234  -82.550  3.054 0.0000000000
883  -35.838  -83.438  1.495 0.0000000000
2952  -38.442  -74.835  29.674 0.0000000000
1500  -23.098  -77.656  14.106 0.0000000000
3033  -41.435  -71.484  14.776 0.0000000000
3512  -42.149  -70.088  15.347 0.0000000000
4234  -48.182  -66.994  19.916 0.0000000000
3979  -47.838  -69.690  17.256 0.0000000000
4236  -49.281  -67.008  18.542 0.0000000000
6186  -40.742  -57.670  18.686 0.0000000000
3239  -27.685  -72.681  13.689 0.0000000000
2514  -28.062  -74.634  16.652 0.0000000000
2068  -35.519  -76.648  26.610 0.0000000000
2064  -34.062  -78.007  25.498 0.0000000000
2082  -35.949  -78.335  22.470 0.0000000000
2527  -40.047  -74.683  15.159 0.0000000000
2291  -36.641  -77.038  16.586 0.0000000000
2990  -35.145  -73.152  16.010 0.0000000000
2996  -33.687  -72.093  15.944 0.0000000000
3486  -35.710  -70.799  14.056 0.0000000000
3042  -44.525  -70.472  10.574 0.0000000000
2818  -45.779  -73.091  8.705 0.0000000000
3277  -45.316  -69.594  7.673 0.0000000000
579  -31.417  -86.502  4.536 0.0000000000
864  -34.824  -84.614  8.602 0.0000000000
1032  -37.738  -83.001  5.604 0.0000000000
1526  -40.219  -79.878  3.141 0.0000000000
5075  -42.221  -63.911  15.698 0.0000000000
4512  -43.502  -65.859  15.915 0.0000000000
5062  -43.636  -64.733  17.481 0.0000000000
5045  -45.210  -65.386  20.362 0.0000000000
5046  -46.817  -63.047  21.389 0.0000000000
2508  -30.863  -74.216  21.928 0.0000000000
2083  -30.178  -77.161  22.326 0.0000000000
2741  -40.588  -74.268  22.805 0.0000000000
2286  -41.350  -75.769  18.978 0.0000000000
2520  -42.042  -74.786  19.855 0.0000000000
2776  -43.037  -71.972  16.351 0.0000000000
826  -23.665  -82.872  19.694 0.0000000000
675  -27.476  -84.109  19.029 0.0000000000
4554  -46.853  -66.063  7.322 0.0000000000
3962  -38.432  -66.009  21.335 0.0000000000
5043  -39.095  -61.644  21.804 0.0000000000
4732  -38.126  -63.015  21.192 0.0000000000
2702  -34.519  -74.818  32.082 0.0000000000
2259  -32.822  -76.146  28.158 0.0000000000
2699  -34.955  -75.588  30.713 0.0000000000
2714  -37.258  -75.186  28.111 0.0000000000
2723  -38.926  -73.776  25.776 0.0000000000
3446  -40.300  -71.731  24.658 0.0000000000
2967  -39.729  -72.014  24.420 0.0000000000
3209  -39.059  -70.237  23.010 0.0000000000
3464  -38.042  -68.122  22.134 0.0000000000
1152  -24.800  -79.866  15.803 0.0000000000
1310  -25.915  -79.033  15.607 0.0000000000
1640  -28.813  -76.431  14.819 0.0000000000
1934  -41.343  -77.197  11.428 0.0000000000
2563  -41.700  -74.718  13.231 0.0000000000
3029  -44.421  -72.940  13.502 0.0000000000
3752  -45.800  -70.712  12.541 0.0000000000
3998  -44.467  -69.601  16.877 0.0000000000
3746  -46.489  -71.173  14.092 0.0000000000
4261  -47.890  -68.861  11.478 0.0000000000
5596  -41.906  -60.684  22.402 0.0000000000
5597  -43.673  -61.224  22.372 0.0000000000
5603  -47.876  -60.749  19.978 0.0000000000
5615  -48.025  -60.159  18.474 0.0000000000
2113  -28.118  -73.383  13.030 0.0000000000
2114  -30.498  -73.550  13.361 0.0000000000
2065  -32.833  -78.044  25.660 0.0000000000
2079  -31.853  -78.809  22.981 0.0000000000
1906  -30.857  -78.990  20.799 0.0000000000
2095  -38.033  -77.572  17.589 0.0000000000
2103  -33.965  -77.987  17.692 0.0000000000
2287  -29.399  -76.309  17.213 0.0000000000
2525  -29.616  -74.991  15.974 0.0000000000
3225  -31.180  -72.718  14.895 0.0000000000
2314  -33.935  -73.316  15.138 0.0000000000
1936  -43.801  -76.452  8.773 0.0000000000
1944  -44.163  -76.260  6.616 0.0000000000
1950  -42.887  -76.829  3.737 0.0000000000
3534  -46.398  -69.555  6.325 0.0000000000
1170  -38.112  -81.102  10.529 0.0000000000
1513  -40.094  -79.496  10.560 0.0000000000
4222  -41.764  -65.644  22.109 0.0000000000
4477  -42.411  -64.867  21.739 0.0000000000
4757  -40.779  -63.907  22.824 0.0000000000
2947  -32.901  -73.682  31.514 0.0000000000
2951  -32.339  -71.891  28.951 0.0000000000
3444  -32.075  -69.799  27.690 0.0000000000
2483  -32.241  -74.437  27.768 0.0000000000
2492  -31.700  -74.904  25.998 0.0000000000
3963  -42.712  -67.402  21.406 0.0000000000
1312  -29.946  -78.914  16.947 0.0000000000
1305  -32.596  -79.434  16.590 0.0000000000
1764  -34.646  -77.251  15.284 0.0000000000
1346  -38.776  -80.617  2.438 0.0000000000
1193  -37.450  -80.172  1.603 0.0000000000
1667  -38.992  -79.289  1.765 0.0000000000
3261  -41.032  -69.930  14.308 0.0000000000
3516  -41.701  -68.130  13.911 0.0000000000
4492  -48.947  -66.181  19.807 0.0000000000
4496  -50.040  -65.908  17.992 0.0000000000
4493  -50.550  -64.338  18.670 0.0000000000
2510  -27.610  -74.972  18.950 0.0000000000
2515  -27.248  -74.444  17.779 0.0000000000
2764  -27.034  -73.344  17.041 0.0000000000
2288  -28.130  -75.498  17.697 0.0000000000
2270  -38.388  -76.207  23.947 0.0000000000
2081  -36.139  -77.507  24.447 0.0000000000
2998  -37.873  -73.291  14.414 0.0000000000
2997  -36.277  -73.102  15.137 0.0000000000
3227  -34.938  -71.752  15.585 0.0000000000
3485  -36.617  -71.293  13.686 0.0000000000
3763  -44.080  -68.576  9.815 0.0000000000
3272  -44.567  -69.741  9.492 0.0000000000
4019  -44.282  -67.749  9.705 0.0000000000
712  -32.954  -85.648  8.834 0.0000000000
1335  -38.884  -81.124  7.354 0.0000000000
1027  -36.944  -83.021  7.783 0.0000000000
1344  -39.309  -81.140  3.658 0.0000000000
1523  -40.685  -79.786  4.958 0.0000000000
5316  -42.863  -63.952  17.273 0.0000000000
5315  -42.864  -64.386  18.863 0.0000000000
5310  -43.623  -64.807  19.689 0.0000000000
5297  -44.176  -64.088  21.538 0.0000000000
5044  -45.317  -63.970  21.578 0.0000000000
5298  -44.662  -62.880  22.075 0.0000000000
4164  -32.088  -66.074  27.231 0.0000000000
2505  -31.783  -74.331  23.299 0.0000000000
2280  -30.548  -75.749  23.031 0.0000000000
2281  -29.624  -75.709  21.738 0.0000000000
2745  -41.452  -73.909  20.942 0.0000000000
3474  -43.913  -69.711  18.711 0.0000000000
2992  -43.752  -71.115  18.965 0.0000000000
989  -25.816  -82.564  19.468 0.0000000000
673  -25.835  -83.407  19.639 0.0000000000
829  -28.575  -82.641  19.143 0.0000000000
684  -29.006  -84.874  17.512 0.0000000000
727  -33.033  -85.555  4.593 0.0000000000
731  -32.170  -85.617  2.820 0.0000000000
893  -34.938  -84.063  -0.075 0.0000000000
4202  -37.434  -65.496  21.285 0.0000000000
4207  -37.601  -63.976  20.745 0.0000000000
3180  -35.813  -73.647  34.006 0.0000000000
2943  -34.666  -74.232  33.262 0.0000000000
2944  -35.883  -74.640  32.717 0.0000000000
2953  -38.611  -74.592  28.404 0.0000000000
2717  -38.359  -74.302  27.066 0.0000000000
3193  -39.571  -72.889  26.293 0.0000000000
3925  -41.149  -70.973  23.874 0.0000000000
3208  -39.657  -70.722  23.908 0.0000000000
2971  -39.882  -72.110  23.339 0.0000000000
3934  -38.004  -65.713  22.559 0.0000000000
3709  -37.791  -66.804  21.229 0.0000000000
1154  -21.964  -79.724  15.086 0.0000000000
1147  -23.399  -80.491  16.478 0.0000000000
1151  -23.107  -79.783  15.344 0.0000000000
1643  -24.157  -76.009  13.849 0.0000000000
1495  -24.308  -77.273  14.383 0.0000000000
1496  -26.215  -76.924  14.510 0.0000000000
1774  -27.463  -74.907  13.563 0.0000000000
2331  -40.626  -74.806  12.691 0.0000000000
2565  -40.436  -73.595  13.628 0.0000000000
3254  -43.351  -72.110  15.713 0.0000000000
2807  -41.934  -73.123  14.720 0.0000000000
3255  -44.767  -72.455  14.626 0.0000000000
3256  -45.226  -71.994  13.110 0.0000000000
3506  -45.639  -71.992  14.227 0.0000000000
4249  -44.385  -67.683  17.155 0.0000000000
3991  -45.321  -69.603  17.568 0.0000000000
3983  -48.575  -68.693  16.582 0.0000000000
4000  -47.700  -70.297  15.031 0.0000000000
4007  -47.534  -69.857  12.848 0.0000000000
4262  -48.527  -68.578  12.159 0.0000000000
5306  -39.863  -61.322  22.288 0.0000000000
5602  -39.860  -60.283  21.607 0.0000000000
6189  -42.089  -57.788  18.435 0.0000000000
5904  -43.376  -59.790  21.109 0.0000000000
5910  -44.572  -59.570  20.425 0.0000000000
5598  -45.265  -60.606  21.220 0.0000000000
5608  -45.929  -59.669  20.034 0.0000000000
5626  -48.582  -60.173  17.497 0.0000000000
5317  -49.408  -61.037  19.109 0.0000000000
3040  -29.166  -72.892  13.562 0.0000000000
2810  -27.686  -72.499  12.732 0.0000000000
2327  -28.233  -73.066  13.194 0.0000000000
2323  -30.110  -73.164  13.053 0.0000000000
2328  -29.189  -73.098  13.289 0.0000000000
2063  -32.867  -77.086  27.059 0.0000000000
2078  -33.927  -79.100  21.837 0.0000000000
2073  -32.823  -78.689  24.051 0.0000000000
1908  -32.240  -79.245  21.523 0.0000000000
1909  -32.311  -79.232  20.214 0.0000000000
2282  -39.194  -77.160  18.548 0.0000000000
2292  -39.716  -76.305  16.564 0.0000000000
2289  -32.887  -76.879  17.227 0.0000000000
2102  -30.901  -77.638  18.257 0.0000000000
2290  -31.168  -76.628  17.296 0.0000000000
2526  -31.410  -75.032  16.479 0.0000000000
2995  -32.316  -72.349  15.380 0.0000000000
3226  -32.732  -71.266  15.284 0.0000000000
2799  -32.867  -71.993  15.252 0.0000000000
2126  -43.659  -76.201  10.391 0.0000000000
1935  -42.615  -77.211  10.479 0.0000000000
2821  -45.795  -72.374  7.173 0.0000000000
2350  -45.649  -74.188  8.019 0.0000000000
2351  -45.020  -74.609  6.022 0.0000000000
1948  -43.829  -76.312  5.196 0.0000000000
2825  -45.065  -72.786  5.413 0.0000000000
4291  -48.370  -66.371  6.293 0.0000000000
3768  -46.143  -67.662  6.826 0.0000000000
3769  -47.548  -67.979  6.331 0.0000000000
1024  -36.089  -82.811  10.167 0.0000000000
1332  -38.738  -81.466  9.527 0.0000000000
1516  -39.864  -80.426  8.636 0.0000000000
4762  -42.724  -64.478  19.633 0.0000000000
4756  -42.714  -64.212  21.666 0.0000000000
3680  -32.548  -69.265  30.397 0.0000000000
3917  -32.213  -67.555  27.564 0.0000000000
2729  -32.205  -73.204  25.078 0.0000000000
2269  -31.472  -76.307  25.114 0.0000000000
3218  -40.668  -70.553  21.512 0.0000000000
2991  -41.717  -71.357  21.079 0.0000000000
3223  -42.908  -69.380  21.313 0.0000000000
993  -28.571  -81.321  18.772 0.0000000000
1143  -30.474  -81.157  18.101 0.0000000000
1002  -32.646  -81.349  16.712 0.0000000000
874  -36.760  -83.854  4.822 0.0000000000
882  -36.271  -83.654  3.079 0.0000000000
1040  -36.724  -81.649  1.873 0.0000000000
2948  -37.983  -74.555  31.063 0.0000000000
1759  -24.878  -77.304  15.177 0.0000000000
1758  -23.486  -78.292  14.492 0.0000000000
1917  -24.744  -76.384  14.448 0.0000000000
3034  -39.859  -72.104  13.295 0.0000000000
3260  -39.949  -70.702  13.230 0.0000000000
3504  -43.306  -71.302  16.012 0.0000000000
4235  -47.403  -67.481  19.847 0.0000000000
3992  -46.140  -68.862  18.671 0.0000000000
3980  -47.650  -68.606  19.001 0.0000000000
3981  -48.614  -68.161  18.581 0.0000000000
4501  -49.709  -66.194  16.474 0.0000000000
5909  -39.896  -58.937  20.407 0.0000000000
2770  -27.521  -73.828  15.945 0.0000000000
2771  -28.581  -74.102  15.172 0.0000000000
2084  -36.175  -78.776  20.444 0.0000000000
2519  -38.767  -75.601  15.361 0.0000000000
2518  -38.157  -74.917  15.039 0.0000000000
2517  -35.561  -75.535  16.217 0.0000000000
2765  -33.867  -74.239  16.542 0.0000000000
3484  -33.973  -70.528  15.221 0.0000000000
2815  -44.679  -72.111  10.996 0.0000000000
2339  -45.016  -74.547  9.887 0.0000000000
2816  -45.388  -72.441  9.652 0.0000000000
578  -29.975  -87.104  3.340 0.0000000000
565  -30.814  -86.880  6.762 0.0000000000
715  -33.162  -85.716  7.424 0.0000000000
870  -34.876  -84.855  5.962 0.0000000000
1023  -35.931  -83.824  9.075 0.0000000000
873  -36.031  -84.082  6.728 0.0000000000
1033  -38.071  -82.603  4.292 0.0000000000
1663  -41.864  -78.108  3.125 0.0000000000
4255  -42.766  -66.563  14.906 0.0000000000
4786  -42.933  -64.534  15.771 0.0000000000
4783  -43.832  -65.358  16.813 0.0000000000
4500  -44.422  -65.983  17.965 0.0000000000
5052  -44.541  -65.622  19.194 0.0000000000
4495  -45.966  -66.627  19.763 0.0000000000
4772  -46.796  -65.617  20.443 0.0000000000
4771  -47.618  -64.389  20.672 0.0000000000
2285  -28.236  -75.022  20.177 0.0000000000
2506  -40.381  -75.589  22.119 0.0000000000
2512  -41.243  -75.542  20.611 0.0000000000
2767  -42.774  -72.578  19.823 0.0000000000
2521  -42.877  -73.966  18.493 0.0000000000
2774  -42.630  -73.172  16.626 0.0000000000
2999  -40.408  -72.714  14.368 0.0000000000
671  -23.591  -84.175  19.939 0.0000000000
672  -25.530  -84.672  19.335 0.0000000000
828  -28.841  -83.649  18.778 0.0000000000
674  -27.059  -85.002  18.372 0.0000000000
4275  -48.517  -68.046  9.805 0.0000000000
4535  -45.218  -66.440  8.457 0.0000000000
4536  -47.399  -66.895  8.397 0.0000000000
4808  -48.078  -65.862  7.179 0.0000000000
4555  -49.070  -65.491  6.417 0.0000000000
591  -30.081  -87.018  0.980 0.0000000000
4220  -39.243  -65.105  22.072 0.0000000000
4761  -39.690  -63.034  22.605 0.0000000000
4483  -38.491  -63.742  21.730 0.0000000000
4754  -38.200  -62.104  20.840 0.0000000000
5036  -37.755  -60.409  20.375 0.0000000000
2945  -33.532  -73.941  32.701 0.0000000000
2703  -33.386  -74.879  30.888 0.0000000000
2482  -32.991  -75.529  29.192 0.0000000000
2481  -33.788  -75.990  29.077 0.0000000000
2484  -35.333  -75.837  28.605 0.0000000000
2701  -36.737  -75.557  29.668 0.0000000000
2493  -37.183  -75.300  26.953 0.0000000000
2497  -38.494  -75.208  25.053 0.0000000000
2730  -39.818  -73.594  24.236 0.0000000000
3215  -39.489  -70.324  21.939 0.0000000000
3473  -39.344  -68.680  21.564 0.0000000000
3723  -40.367  -67.890  21.999 0.0000000000
1000  -21.887  -81.283  16.899 0.0000000000
1001  -25.219  -80.807  17.393 0.0000000000
1317  -23.317  -78.544  14.410 0.0000000000
1309  -24.365  -78.996  14.874 0.0000000000
1142  -27.182  -80.206  17.598 0.0000000000
1311  -28.033  -78.270  16.310 0.0000000000
1492  -29.191  -77.779  16.115 0.0000000000
1932  -39.023  -76.214  11.238 0.0000000000
1787  -40.025  -77.607  11.305 0.0000000000
1933  -40.252  -76.279  11.824 0.0000000000
2125  -42.247  -76.422  11.771 0.0000000000
2332  -42.652  -75.459  12.445 0.0000000000
2806  -40.923  -73.018  14.165 0.0000000000
2564  -43.065  -74.292  13.058 0.0000000000
2567  -44.249  -73.439  12.072 0.0000000000
3035  -44.684  -72.110  12.148 0.0000000000
3517  -44.784  -70.386  11.401 0.0000000000
3999  -43.508  -68.421  16.047 0.0000000000
3744  -43.980  -70.665  16.389 0.0000000000
3982  -46.508  -70.046  17.591 0.0000000000
3745  -45.841  -71.136  16.336 0.0000000000
4008  -46.552  -68.872  11.029 0.0000000000
5037  -40.530  -62.571  22.863 0.0000000000
5038  -41.404  -62.293  22.940 0.0000000000
5299  -45.176  -61.689  21.808 0.0000000000
5047  -48.493  -62.290  20.426 0.0000000000
5624  -46.668  -59.595  16.638 0.0000000000
5607  -47.384  -59.912  19.302 0.0000000000
5053  -50.178  -62.486  19.360 0.0000000000
2111  -25.226  -73.278  12.094 0.0000000000
2562  -27.056  -72.038  11.422 0.0000000000
2112  -26.446  -73.122  11.826 0.0000000000
1926  -28.706  -74.556  13.679 0.0000000000
1767  -31.622  -76.118  14.578 0.0000000000
2067  -32.115  -77.223  26.097 0.0000000000
2074  -31.685  -77.762  24.479 0.0000000000
2080  -30.825  -77.552  23.300 0.0000000000
1907  -30.896  -78.707  22.011 0.0000000000
2092  -29.043  -77.254  19.287 0.0000000000
2279  -39.556  -76.729  21.013 0.0000000000
2088  -37.860  -77.932  20.392 0.0000000000
2087  -37.451  -78.142  18.987 0.0000000000
2094  -35.389  -78.489  18.218 0.0000000000
2091  -31.707  -78.632  19.153 0.0000000000
2773  -30.040  -73.813  15.009 0.0000000000
2772  -31.360  -73.985  15.938 0.0000000000
3041  -30.774  -72.485  14.376 0.0000000000
2557  -31.236  -72.686  14.176 0.0000000000
2315  -32.373  -73.090  14.696 0.0000000000
1921  -33.943  -75.374  15.079 0.0000000000
1788  -41.639  -78.120  10.531 0.0000000000
1796  -42.516  -77.804  9.366 0.0000000000
1658  -41.883  -78.382  6.624 0.0000000000
2344  -45.121  -75.135  8.482 0.0000000000
1659  -42.538  -77.905  4.549 0.0000000000
1958  -41.878  -77.048  2.276 0.0000000000
4026  -44.854  -66.636  7.628 0.0000000000
3533  -46.567  -71.075  5.044 0.0000000000
2586  -43.229  -74.386  3.536 0.0000000000
1331  -37.741  -79.808  11.183 0.0000000000
1763  -33.053  -77.042  15.355 0.0000000000
582  -28.708  -87.096  2.877 0.0000000000
1812  -38.925  -77.965  1.325 0.0000000000
3230  -37.907  -71.695  13.637 0.0000000000
3229  -36.893  -72.536  14.292 0.0000000000
3228  -35.989  -71.919  14.742 0.0000000000
1521  -39.880  -80.806  4.575 0.0000000000
5309  -42.274  -63.747  17.097 0.0000000000
4689  -30.286  -66.262  28.548 0.0000000000
3454  -32.429  -69.870  24.181 0.0000000000
991  -25.706  -81.603  18.715 0.0000000000
2946  -37.498  -73.694  32.512 0.0000000000
3189  -39.847  -73.508  28.246 0.0000000000
3695  -40.216  -70.543  23.939 0.0000000000
1632  -24.885  -78.668  15.959 0.0000000000
1628  -22.318  -80.194  16.290 0.0000000000
1316  -22.471  -79.308  14.757 0.0000000000
1644  -25.081  -76.154  14.056 0.0000000000
1645  -26.149  -75.601  13.752 0.0000000000
2333  -38.707  -73.815  11.362 0.0000000000
2812  -39.272  -72.772  12.235 0.0000000000
3027  -43.451  -72.943  14.724 0.0000000000
4263  -49.058  -67.652  13.031 0.0000000000
1512  -39.789  -80.657  9.898 0.0000000000
1654  -41.154  -79.296  9.386 0.0000000000
4224  -42.926  -65.444  19.777 0.0000000000
3720  -43.446  -68.627  20.643 0.0000000000
3005  -27.824  -73.225  14.485 0.0000000000
2766  -36.637  -74.467  15.392 0.0000000000
3528  -44.051  -67.925  8.850 0.0000000000
1178  -38.057  -82.098  6.869 0.0000000000
2734  -32.568  -72.997  23.166 0.0000000000
2085  -29.383  -77.398  21.042 0.0000000000
2775  -43.531  -72.310  17.798 0.0000000000
683  -27.958  -85.553  16.708 0.0000000000
4476  -37.993  -63.948  20.993 0.0000000000
2808  -43.286  -73.469  13.899 0.0000000000
3990  -47.141  -70.513  16.378 0.0000000000
5294  -40.781  -61.202  22.739 0.0000000000
5300  -46.834  -61.735  21.162 0.0000000000
5609  -46.252  -59.255  18.453 0.0000000000
1927  -30.734  -74.904  13.743 0.0000000000
2109  -32.638  -74.597  14.644 0.0000000000
2134  -43.801  -75.336  4.545 0.0000000000
3063  -45.146  -72.173  4.699 0.0000000000
1529  -37.843  -79.463  1.620 0.0000000000
1173  -37.771  -82.184  8.512 0.0000000000
1179  -38.990  -81.616  5.140 0.0000000000
4695  -31.511  -65.292  27.061 0.0000000000
3694  -32.094  -67.620  24.915 0.0000000000
3000  -43.508  -70.921  16.929 0.0000000000
990  -24.457  -82.159  18.913 0.0000000000
839  -32.021  -83.858  15.407 0.0000000000
887  -33.241  -84.805  1.118 0.0000000000
1308  -20.777  -79.975  16.539 0.0000000000
1315  -21.404  -80.005  15.382 0.0000000000
1150  -21.435  -80.392  15.971 0.0000000000
2124  -38.996  -75.069  11.331 0.0000000000
3028  -42.192  -72.433  15.108 0.0000000000
5618  -50.033  -60.661  18.159 0.0000000000
3251  -33.233  -71.215  15.287 0.0000000000
4284  -46.000  -66.340  7.152 0.0000000000
1171  -37.265  -82.486  9.896 0.0000000000
3434  -32.588  -71.501  32.537 0.0000000000
2970  -32.882  -71.583  23.156 0.0000000000
1919  -23.758  -76.200  14.083 0.0000000000
2303  -25.041  -74.832  13.697 0.0000000000
1772  -24.014  -75.498  13.725 0.0000000000
2108  -24.663  -74.213  13.074 0.0000000000
4506  -48.935  -67.281  15.021 0.0000000000
2994  -26.874  -72.377  15.161 0.0000000000
2528  -41.148  -74.771  16.150 0.0000000000
871  -35.384  -84.351  7.617 0.0000000000
4499  -45.101  -66.466  18.969 0.0000000000
2780  -41.243  -73.654  15.236 0.0000000000
583  -30.799  -86.560  1.880 0.0000000000
4760  -39.032  -63.144  22.270 0.0000000000
3463  -38.681  -68.699  23.279 0.0000000000
999  -23.158  -81.840  17.879 0.0000000000
2334  -43.463  -75.936  11.521 0.0000000000
2566  -41.940  -73.866  13.946 0.0000000000
5917  -45.178  -58.765  17.711 0.0000000000
5625  -45.159  -59.025  16.684 0.0000000000
1925  -25.818  -74.673  13.048 0.0000000000
564  -28.630  -86.687  6.451 0.0000000000
562  -29.714  -86.817  7.654 0.0000000000
1815  -41.216  -77.857  2.042 0.0000000000
4024  -44.220  -66.941  8.184 0.0000000000
3765  -45.035  -67.885  7.565 0.0000000000
3538  -47.844  -69.685  5.775 0.0000000000
2354  -42.194  -75.902  2.604 0.0000000000
1957  -40.648  -77.100  1.292 0.0000000000
