#!ascii label  , from subject Yale_0050571 vox2ras=TkReg
808
104506  32.796  55.981  -16.153 0.0000000000
104507  32.282  56.517  -16.522 0.0000000000
104977  24.318  56.795  -4.454 0.0000000000
104978  24.024  56.750  -4.375 0.0000000000
104979  23.400  56.740  -4.269 0.0000000000
104980  22.859  56.793  -4.227 0.0000000000
104986  25.199  56.666  -5.068 0.0000000000
104987  24.672  56.681  -4.802 0.0000000000
104988  23.905  56.523  -4.833 0.0000000000
104989  23.212  56.549  -4.765 0.0000000000
104990  22.633  56.777  -4.691 0.0000000000
104997  26.137  56.728  -6.108 0.0000000000
104998  25.527  56.666  -5.603 0.0000000000
104999  24.522  56.518  -5.518 0.0000000000
105000  23.691  56.487  -5.433 0.0000000000
105001  22.996  56.564  -5.346 0.0000000000
105002  22.475  56.863  -5.368 0.0000000000
105015  26.419  56.875  -6.423 0.0000000000
105016  26.057  56.839  -6.457 0.0000000000
105017  25.195  56.732  -6.327 0.0000000000
105018  24.250  56.637  -6.170 0.0000000000
105019  23.423  56.648  -6.009 0.0000000000
105020  22.832  56.806  -5.878 0.0000000000
105077  35.440  57.179  -16.166 0.0000000000
105078  34.311  55.875  -15.922 0.0000000000
105079  33.340  55.960  -16.157 0.0000000000
105080  31.442  56.655  -16.756 0.0000000000
105087  35.143  58.167  -16.655 0.0000000000
105088  34.381  57.791  -16.992 0.0000000000
105089  33.155  56.884  -16.908 0.0000000000
105090  31.975  57.700  -16.965 0.0000000000
105091  31.191  57.643  -16.866 0.0000000000
105097  33.742  58.656  -17.068 0.0000000000
105098  33.258  58.178  -17.132 0.0000000000
105099  32.675  57.852  -17.145 0.0000000000
105512  22.818  58.204  -2.736 0.0000000000
105513  22.414  58.329  -2.621 0.0000000000
105514  22.167  58.380  -2.541 0.0000000000
105520  23.857  57.685  -3.526 0.0000000000
105521  23.219  57.745  -3.238 0.0000000000
105522  22.635  57.733  -3.198 0.0000000000
105523  22.140  58.120  -3.028 0.0000000000
105524  21.871  58.292  -3.160 0.0000000000
105530  25.631  57.724  -4.729 0.0000000000
105531  24.903  57.431  -4.356 0.0000000000
105532  24.323  57.081  -4.181 0.0000000000
105533  23.611  57.110  -3.847 0.0000000000
105534  22.968  57.139  -3.745 0.0000000000
105535  22.386  57.326  -3.943 0.0000000000
105536  21.917  57.935  -3.606 0.0000000000
105543  27.252  57.473  -5.817 0.0000000000
105544  26.277  57.172  -5.272 0.0000000000
105545  25.406  56.881  -4.916 0.0000000000
105546  24.827  56.943  -4.534 0.0000000000
105547  22.180  57.072  -4.776 0.0000000000
105548  21.933  57.570  -4.350 0.0000000000
105560  28.820  57.689  -7.242 0.0000000000
105561  27.692  57.389  -6.709 0.0000000000
105562  26.541  56.907  -6.033 0.0000000000
105563  25.964  56.796  -5.413 0.0000000000
105564  22.171  57.169  -5.435 0.0000000000
105565  21.960  57.475  -5.200 0.0000000000
105577  31.734  58.356  -8.899 0.0000000000
105578  30.518  57.847  -8.527 0.0000000000
105579  29.511  57.683  -8.223 0.0000000000
105580  28.435  57.623  -7.833 0.0000000000
105581  27.069  57.363  -7.197 0.0000000000
105582  26.026  57.417  -7.155 0.0000000000
105583  24.952  57.206  -6.921 0.0000000000
105584  23.937  57.081  -6.668 0.0000000000
105585  23.107  57.088  -6.433 0.0000000000
105586  22.400  57.361  -6.182 0.0000000000
105587  22.064  57.436  -5.737 0.0000000000
105595  33.449  59.047  -10.348 0.0000000000
105596  32.279  58.779  -9.973 0.0000000000
105597  31.130  58.466  -9.573 0.0000000000
105598  30.170  58.114  -9.087 0.0000000000
105599  29.353  58.426  -8.973 0.0000000000
105600  28.291  58.621  -8.595 0.0000000000
105601  27.225  58.783  -8.312 0.0000000000
105602  25.863  58.237  -7.795 0.0000000000
105603  24.666  57.968  -7.343 0.0000000000
105604  23.504  57.695  -7.046 0.0000000000
105605  22.856  57.559  -6.718 0.0000000000
105616  33.751  59.685  -11.323 0.0000000000
105617  32.847  59.752  -10.893 0.0000000000
105618  31.762  60.317  -10.795 0.0000000000
105619  30.515  59.770  -10.012 0.0000000000
105620  29.451  60.460  -9.851 0.0000000000
105621  28.450  60.131  -9.374 0.0000000000
105622  27.873  59.861  -9.078 0.0000000000
105642  33.364  60.377  -11.859 0.0000000000
105643  32.545  60.906  -11.727 0.0000000000
105644  31.992  61.438  -11.600 0.0000000000
105662  36.587  57.413  -15.445 0.0000000000
105663  30.479  59.109  -15.995 0.0000000000
105664  29.816  59.315  -15.703 0.0000000000
105673  36.398  58.969  -15.131 0.0000000000
105674  35.624  58.963  -16.073 0.0000000000
105675  34.839  58.816  -16.695 0.0000000000
105676  31.814  58.805  -16.601 0.0000000000
105677  31.134  58.597  -16.544 0.0000000000
105682  34.769  59.738  -16.321 0.0000000000
105683  34.086  59.323  -16.718 0.0000000000
105684  33.220  59.166  -16.739 0.0000000000
105685  32.466  58.694  -16.872 0.0000000000
106015  22.463  59.291  -1.686 0.0000000000
106016  22.343  59.084  -1.809 0.0000000000
106022  23.526  59.181  -2.715 0.0000000000
106023  23.224  58.701  -2.645 0.0000000000
106024  22.620  58.855  -2.136 0.0000000000
106025  22.137  58.787  -2.069 0.0000000000
106026  21.780  58.845  -2.153 0.0000000000
106033  24.316  59.186  -3.768 0.0000000000
106034  23.931  58.692  -3.310 0.0000000000
106035  23.551  58.144  -3.159 0.0000000000
106036  21.993  58.536  -2.478 0.0000000000
106037  21.734  58.643  -2.665 0.0000000000
106044  25.697  58.693  -4.649 0.0000000000
106045  24.825  58.565  -4.162 0.0000000000
106046  24.379  57.823  -3.856 0.0000000000
106047  21.675  58.517  -3.273 0.0000000000
106056  28.723  59.097  -5.947 0.0000000000
106057  27.964  58.505  -5.742 0.0000000000
106058  26.608  58.275  -5.119 0.0000000000
106059  21.709  58.247  -3.982 0.0000000000
106071  30.566  58.645  -6.990 0.0000000000
106072  29.467  58.419  -6.658 0.0000000000
106073  28.213  57.761  -6.412 0.0000000000
106074  21.756  58.083  -4.917 0.0000000000
106083  32.948  58.939  -8.694 0.0000000000
106084  30.973  58.391  -7.733 0.0000000000
106085  29.841  57.799  -7.677 0.0000000000
106086  22.220  57.807  -6.545 0.0000000000
106087  21.820  57.951  -6.164 0.0000000000
106096  34.349  59.131  -9.997 0.0000000000
106097  32.899  58.754  -9.440 0.0000000000
106098  27.582  59.756  -8.903 0.0000000000
106099  26.935  59.577  -8.582 0.0000000000
106100  25.665  59.142  -8.239 0.0000000000
106101  24.271  58.761  -7.777 0.0000000000
106102  22.618  58.407  -7.229 0.0000000000
106103  21.794  58.617  -6.996 0.0000000000
106119  34.668  59.509  -11.285 0.0000000000
106120  31.751  61.676  -11.573 0.0000000000
106121  31.203  61.686  -11.648 0.0000000000
106122  30.163  61.904  -11.703 0.0000000000
106123  29.308  62.082  -11.577 0.0000000000
106124  28.466  61.081  -9.555 0.0000000000
106125  27.035  60.630  -9.081 0.0000000000
106126  25.552  60.150  -8.588 0.0000000000
106127  23.979  59.648  -8.227 0.0000000000
106128  23.072  59.415  -7.970 0.0000000000
106144  35.884  60.164  -12.774 0.0000000000
106145  34.449  60.678  -12.603 0.0000000000
106146  33.281  61.372  -12.882 0.0000000000
106147  32.061  62.003  -12.578 0.0000000000
106148  30.884  62.587  -13.246 0.0000000000
106149  29.384  62.041  -14.160 0.0000000000
106150  28.613  61.881  -13.713 0.0000000000
106151  27.966  61.206  -13.680 0.0000000000
106160  36.555  59.770  -14.225 0.0000000000
106161  35.390  60.632  -14.125 0.0000000000
106162  34.215  61.321  -14.206 0.0000000000
106163  32.986  61.564  -14.172 0.0000000000
106164  31.807  61.619  -14.350 0.0000000000
106165  30.521  60.724  -15.226 0.0000000000
106166  29.531  60.754  -15.272 0.0000000000
106167  27.879  61.539  -13.468 0.0000000000
106177  35.848  59.969  -15.112 0.0000000000
106178  34.939  60.643  -15.555 0.0000000000
106179  33.780  61.019  -15.387 0.0000000000
106180  32.742  60.873  -15.398 0.0000000000
106181  31.644  59.825  -15.724 0.0000000000
106182  30.906  59.479  -15.761 0.0000000000
106187  34.227  60.446  -16.212 0.0000000000
106188  33.428  60.298  -16.268 0.0000000000
106189  32.561  59.761  -16.311 0.0000000000
106190  32.091  59.252  -16.397 0.0000000000
106497  22.393  60.559  -1.112 0.0000000000
106498  22.011  60.521  -1.130 0.0000000000
106505  22.644  59.851  -1.472 0.0000000000
106506  22.171  59.610  -1.498 0.0000000000
106507  21.628  60.044  -1.454 0.0000000000
106508  21.181  60.032  -1.652 0.0000000000
106516  22.912  59.436  -1.909 0.0000000000
106517  22.685  59.307  -1.764 0.0000000000
106518  21.801  59.262  -1.792 0.0000000000
106519  21.403  59.300  -1.991 0.0000000000
106520  20.986  59.794  -2.110 0.0000000000
106528  24.094  59.825  -3.428 0.0000000000
106529  23.660  59.729  -2.835 0.0000000000
106530  21.338  59.114  -2.717 0.0000000000
106531  21.012  59.621  -2.861 0.0000000000
106539  25.296  59.647  -4.538 0.0000000000
106540  24.661  59.833  -4.011 0.0000000000
106541  21.439  58.945  -3.482 0.0000000000
106542  21.366  59.514  -3.774 0.0000000000
106553  28.097  59.975  -5.712 0.0000000000
106554  27.058  59.690  -5.254 0.0000000000
106555  26.088  59.591  -4.845 0.0000000000
106556  21.574  58.779  -4.416 0.0000000000
106557  21.658  59.465  -4.913 0.0000000000
106568  31.568  60.415  -7.043 0.0000000000
106569  30.654  59.836  -6.827 0.0000000000
106570  29.227  60.041  -6.177 0.0000000000
106571  21.552  58.708  -5.568 0.0000000000
106572  21.429  59.534  -6.205 0.0000000000
106580  33.988  60.113  -8.457 0.0000000000
106581  32.076  59.688  -7.450 0.0000000000
106582  31.062  58.920  -7.159 0.0000000000
106583  21.515  58.951  -6.712 0.0000000000
106584  21.325  60.084  -7.342 0.0000000000
106596  22.614  59.386  -7.894 0.0000000000
106597  21.814  59.555  -7.853 0.0000000000
106598  21.061  60.859  -8.461 0.0000000000
106609  29.288  62.731  -12.656 0.0000000000
106610  29.252  62.649  -11.700 0.0000000000
106611  28.559  62.205  -10.207 0.0000000000
106612  27.181  61.749  -9.365 0.0000000000
106613  25.356  61.093  -9.148 0.0000000000
106614  23.397  60.504  -8.667 0.0000000000
106615  22.074  61.054  -9.109 0.0000000000
106616  21.232  61.662  -9.427 0.0000000000
106626  28.939  62.564  -13.129 0.0000000000
106627  28.804  62.714  -13.000 0.0000000000
106636  28.392  62.597  -13.337 0.0000000000
106637  26.873  62.031  -13.190 0.0000000000
106951  22.019  61.907  -0.326 0.0000000000
106958  22.169  61.322  -0.805 0.0000000000
106959  21.703  61.259  -0.878 0.0000000000
106960  21.227  61.267  -1.048 0.0000000000
106967  21.294  60.629  -1.316 0.0000000000
106968  20.965  60.730  -1.548 0.0000000000
106975  20.699  60.417  -2.231 0.0000000000
106984  20.897  60.288  -3.134 0.0000000000
106993  25.694  61.931  -4.674 0.0000000000
106994  25.233  61.052  -4.346 0.0000000000
106995  24.505  60.862  -3.528 0.0000000000
106996  21.550  60.267  -4.234 0.0000000000
107006  27.202  61.081  -5.651 0.0000000000
107007  26.163  61.174  -5.065 0.0000000000
107008  25.675  60.341  -4.710 0.0000000000
107009  21.698  60.291  -5.543 0.0000000000
107015  32.153  62.068  -7.559 0.0000000000
107016  31.539  61.623  -7.199 0.0000000000
107017  29.880  61.769  -6.776 0.0000000000
107018  28.201  61.919  -6.268 0.0000000000
107019  21.152  60.575  -6.885 0.0000000000
107026  32.823  61.824  -8.073 0.0000000000
107027  32.057  60.818  -7.216 0.0000000000
107028  20.685  61.274  -8.031 0.0000000000
107039  20.432  62.122  -9.187 0.0000000000
107044  29.261  63.171  -11.689 0.0000000000
107045  28.470  63.103  -10.478 0.0000000000
107046  27.080  62.784  -9.801 0.0000000000
107047  25.298  62.325  -9.600 0.0000000000
107048  23.648  62.167  -9.732 0.0000000000
107049  22.321  62.626  -10.014 0.0000000000
107050  21.089  62.507  -9.995 0.0000000000
107059  29.184  63.367  -12.982 0.0000000000
107060  28.973  63.877  -11.938 0.0000000000
107061  28.319  64.041  -10.727 0.0000000000
107062  26.968  63.909  -10.257 0.0000000000
107063  25.373  63.687  -10.140 0.0000000000
107064  23.995  63.602  -10.232 0.0000000000
107074  29.066  63.303  -13.435 0.0000000000
107075  28.723  63.660  -13.191 0.0000000000
107076  26.716  63.519  -13.229 0.0000000000
107077  24.697  62.320  -12.866 0.0000000000
107084  26.419  64.248  -13.629 0.0000000000
107085  24.629  63.293  -13.341 0.0000000000
107086  22.965  62.884  -13.797 0.0000000000
107094  21.813  62.988  -15.355 0.0000000000
107364  21.918  62.514  2.135 0.0000000000
107372  21.782  62.514  1.343 0.0000000000
107373  21.568  62.699  0.873 0.0000000000
107381  22.099  62.360  0.433 0.0000000000
107382  21.747  62.288  0.069 0.0000000000
107383  21.362  62.490  0.114 0.0000000000
107390  21.421  61.909  -0.586 0.0000000000
107391  21.017  61.855  -0.786 0.0000000000
107398  20.649  61.378  -1.551 0.0000000000
107405  20.458  61.207  -2.480 0.0000000000
107406  20.429  61.746  -3.029 0.0000000000
107417  20.971  61.155  -3.649 0.0000000000
107418  20.664  61.923  -3.700 0.0000000000
107428  25.382  62.424  -4.362 0.0000000000
107429  24.866  62.326  -3.398 0.0000000000
107431  21.722  61.093  -4.901 0.0000000000
107440  26.818  62.716  -5.810 0.0000000000
107441  25.907  63.075  -5.025 0.0000000000
107442  21.690  61.286  -6.253 0.0000000000
107447  31.920  62.979  -8.095 0.0000000000
107448  30.536  63.535  -7.905 0.0000000000
107449  28.918  63.838  -7.346 0.0000000000
107450  27.574  64.139  -6.639 0.0000000000
107451  20.637  61.901  -7.601 0.0000000000
107461  32.750  64.185  -9.072 0.0000000000
107462  20.023  62.536  -8.579 0.0000000000
107473  19.859  63.529  -9.428 0.0000000000
107474  19.925  64.613  -9.669 0.0000000000
107477  21.765  63.566  -10.238 0.0000000000
107478  20.721  63.601  -10.117 0.0000000000
107479  20.357  64.744  -10.055 0.0000000000
107486  28.695  64.554  -11.879 0.0000000000
107487  28.019  64.833  -11.317 0.0000000000
107488  26.838  65.068  -10.699 0.0000000000
107489  25.374  65.043  -10.546 0.0000000000
107490  23.631  65.027  -10.425 0.0000000000
107491  21.982  64.973  -10.443 0.0000000000
107492  21.109  65.179  -10.410 0.0000000000
107503  28.952  64.486  -12.483 0.0000000000
107504  28.569  65.131  -12.780 0.0000000000
107505  27.655  65.550  -11.912 0.0000000000
107506  26.508  65.964  -11.368 0.0000000000
107507  25.422  66.271  -10.987 0.0000000000
107515  27.391  64.933  -13.414 0.0000000000
107516  26.255  64.994  -13.637 0.0000000000
107517  24.361  64.707  -13.922 0.0000000000
107518  22.788  63.561  -14.174 0.0000000000
107526  23.964  65.325  -14.170 0.0000000000
107527  22.822  64.226  -14.799 0.0000000000
107528  21.447  63.606  -15.546 0.0000000000
107529  20.052  63.299  -15.833 0.0000000000
107815  21.561  62.932  3.240 0.0000000000
107823  21.452  62.694  2.442 0.0000000000
107824  21.191  62.823  2.088 0.0000000000
107831  21.403  62.622  1.646 0.0000000000
107832  21.233  62.882  1.202 0.0000000000
107840  21.018  62.714  0.162 0.0000000000
107847  20.673  62.356  -0.759 0.0000000000
107848  20.377  62.596  -1.085 0.0000000000
107855  20.387  61.990  -1.636 0.0000000000
107856  20.186  62.638  -1.804 0.0000000000
107863  20.241  62.001  -2.374 0.0000000000
107864  20.215  62.632  -3.077 0.0000000000
107877  21.347  61.806  -4.476 0.0000000000
107878  20.965  62.492  -4.260 0.0000000000
107889  21.928  62.005  -5.623 0.0000000000
107890  21.716  62.370  -5.019 0.0000000000
107900  21.491  62.281  -6.876 0.0000000000
107904  31.611  65.447  -9.101 0.0000000000
107905  29.757  65.619  -8.278 0.0000000000
107908  20.544  62.853  -7.690 0.0000000000
107921  19.839  63.464  -8.344 0.0000000000
107922  19.538  64.438  -8.533 0.0000000000
107931  19.652  63.441  -8.886 0.0000000000
107932  19.671  64.815  -9.167 0.0000000000
107933  19.768  66.111  -9.453 0.0000000000
107936  20.303  66.067  -9.929 0.0000000000
107937  19.984  66.255  -9.704 0.0000000000
107941  23.182  66.335  -10.855 0.0000000000
107942  22.191  66.796  -10.849 0.0000000000
107943  21.029  66.478  -10.560 0.0000000000
107953  27.833  65.524  -12.682 0.0000000000
107954  27.031  66.013  -12.581 0.0000000000
107955  25.868  66.802  -12.351 0.0000000000
107956  24.705  67.273  -11.351 0.0000000000
107957  23.624  67.840  -11.306 0.0000000000
107964  27.830  65.251  -12.922 0.0000000000
107965  27.308  65.674  -13.231 0.0000000000
107966  26.234  66.416  -13.636 0.0000000000
107967  17.763  63.657  -15.572 0.0000000000
107973  24.998  66.329  -14.012 0.0000000000
107974  23.795  66.032  -14.254 0.0000000000
107975  22.537  65.531  -14.978 0.0000000000
107976  21.087  65.093  -15.446 0.0000000000
107977  19.552  64.670  -15.664 0.0000000000
108274  21.034  63.220  3.256 0.0000000000
108275  20.619  63.784  3.190 0.0000000000
108285  21.057  62.892  2.585 0.0000000000
108286  20.845  63.266  2.283 0.0000000000
108295  20.876  63.217  1.116 0.0000000000
108301  20.656  63.210  0.149 0.0000000000
108302  20.525  63.727  0.021 0.0000000000
108308  20.520  62.846  -0.607 0.0000000000
108309  20.367  63.351  -0.823 0.0000000000
108315  20.223  63.487  -2.084 0.0000000000
108326  20.211  63.673  -3.129 0.0000000000
108341  20.760  63.382  -4.020 0.0000000000
108350  22.241  62.645  -5.573 0.0000000000
108351  21.876  63.059  -5.054 0.0000000000
108360  22.245  62.941  -6.482 0.0000000000
108361  22.558  63.148  -5.847 0.0000000000
108376  21.362  63.312  -7.471 0.0000000000
108390  20.197  63.979  -7.947 0.0000000000
108391  19.671  64.603  -8.249 0.0000000000
108397  19.632  65.280  -8.614 0.0000000000
108398  19.637  66.283  -9.173 0.0000000000
108401  20.200  67.150  -10.325 0.0000000000
108402  19.977  67.310  -9.878 0.0000000000
108406  21.850  68.225  -11.066 0.0000000000
108407  20.871  68.223  -11.007 0.0000000000
108408  20.173  68.232  -10.726 0.0000000000
108419  25.206  67.960  -12.575 0.0000000000
108420  24.256  68.611  -12.325 0.0000000000
108421  23.036  68.855  -11.663 0.0000000000
108422  21.983  69.078  -11.768 0.0000000000
108432  25.449  67.358  -13.356 0.0000000000
108433  24.612  68.423  -13.359 0.0000000000
108434  23.921  68.368  -13.685 0.0000000000
108435  18.924  66.092  -15.335 0.0000000000
108436  16.995  65.077  -15.304 0.0000000000
108437  15.686  65.089  -15.099 0.0000000000
108444  25.630  67.018  -13.880 0.0000000000
108445  24.923  67.285  -13.953 0.0000000000
108446  23.612  67.425  -14.171 0.0000000000
108447  22.095  66.828  -14.883 0.0000000000
108448  20.627  66.595  -15.267 0.0000000000
108713  21.212  64.324  4.179 0.0000000000
108714  20.618  64.866  4.136 0.0000000000
108715  20.322  65.137  4.087 0.0000000000
108725  21.073  63.654  3.873 0.0000000000
108726  20.781  64.009  3.792 0.0000000000
108727  20.335  64.765  3.570 0.0000000000
108728  20.062  65.273  3.330 0.0000000000
108737  20.396  64.104  2.648 0.0000000000
108738  20.179  64.961  2.838 0.0000000000
108746  20.551  63.749  1.689 0.0000000000
108747  20.350  64.593  1.987 0.0000000000
108754  20.711  63.571  0.985 0.0000000000
108755  20.504  64.174  0.838 0.0000000000
108762  20.480  64.302  -0.217 0.0000000000
108769  20.500  64.317  -1.323 0.0000000000
108783  20.409  64.428  -2.569 0.0000000000
108797  20.700  64.346  -3.729 0.0000000000
108804  21.590  64.046  -4.738 0.0000000000
108813  22.580  63.831  -6.488 0.0000000000
108814  22.615  63.777  -5.680 0.0000000000
108825  22.185  63.982  -7.330 0.0000000000
108829  20.932  64.592  -7.745 0.0000000000
108830  19.719  65.531  -8.014 0.0000000000
108831  19.315  66.585  -8.211 0.0000000000
108834  19.607  65.432  -8.303 0.0000000000
108835  19.389  66.616  -8.651 0.0000000000
108838  19.357  67.847  -9.732 0.0000000000
108842  20.183  68.813  -11.724 0.0000000000
108843  19.492  68.632  -11.084 0.0000000000
108852  23.724  69.222  -12.629 0.0000000000
108853  22.720  69.116  -12.682 0.0000000000
108854  21.096  69.002  -12.745 0.0000000000
108855  19.134  68.836  -13.106 0.0000000000
108856  17.368  67.950  -13.792 0.0000000000
108857  15.687  66.476  -14.125 0.0000000000
108858  13.991  65.449  -13.863 0.0000000000
108868  24.174  69.079  -12.946 0.0000000000
108869  23.609  68.954  -13.372 0.0000000000
108870  22.103  68.820  -13.744 0.0000000000
108871  20.291  68.060  -14.368 0.0000000000
108872  18.285  67.296  -14.568 0.0000000000
108873  16.867  66.278  -14.406 0.0000000000
108878  23.552  68.298  -13.912 0.0000000000
108879  22.816  68.107  -14.164 0.0000000000
108880  21.625  67.863  -14.618 0.0000000000
109123  21.148  66.147  4.903 0.0000000000
109124  20.679  66.256  4.879 0.0000000000
109125  20.410  66.326  4.856 0.0000000000
109141  20.880  65.420  4.510 0.0000000000
109142  20.306  65.857  4.392 0.0000000000
109143  19.935  66.372  4.189 0.0000000000
109158  20.200  65.333  3.997 0.0000000000
109159  20.019  65.832  3.734 0.0000000000
109168  19.967  65.749  3.012 0.0000000000
109176  20.121  65.537  2.256 0.0000000000
109184  20.351  65.309  1.365 0.0000000000
109194  20.486  65.221  0.366 0.0000000000
109201  20.703  65.246  -0.698 0.0000000000
109209  20.794  65.320  -1.896 0.0000000000
109219  20.872  65.326  -3.281 0.0000000000
109229  21.579  65.018  -4.372 0.0000000000
109238  22.976  64.711  -6.368 0.0000000000
109239  22.609  64.692  -5.408 0.0000000000
109247  22.708  64.865  -7.133 0.0000000000
109250  21.766  65.294  -7.562 0.0000000000
109251  20.195  66.144  -7.633 0.0000000000
109252  19.327  66.865  -8.043 0.0000000000
109255  18.961  67.542  -8.641 0.0000000000
109257  18.369  68.562  -9.614 0.0000000000
109258  17.357  68.971  -10.256 0.0000000000
109262  18.537  68.928  -10.881 0.0000000000
109263  17.191  69.072  -11.180 0.0000000000
109264  16.107  68.641  -12.383 0.0000000000
109265  15.649  68.275  -12.850 0.0000000000
109270  18.750  68.841  -11.913 0.0000000000
109271  17.850  68.798  -12.408 0.0000000000
109272  16.490  68.154  -12.927 0.0000000000
109273  15.305  67.500  -13.549 0.0000000000
109274  13.928  66.218  -14.083 0.0000000000
109559  20.237  66.482  4.805 0.0000000000
109560  19.911  66.933  4.647 0.0000000000
109577  19.647  67.065  3.863 0.0000000000
109578  19.304  67.716  3.506 0.0000000000
109592  19.812  66.626  3.186 0.0000000000
109593  19.490  67.460  3.129 0.0000000000
109601  19.916  66.556  2.423 0.0000000000
109602  19.703  67.209  2.693 0.0000000000
109612  20.169  66.302  1.645 0.0000000000
109622  20.512  66.243  0.803 0.0000000000
109627  20.739  66.256  -0.203 0.0000000000
109631  20.985  66.308  -1.374 0.0000000000
109635  21.255  66.305  -2.685 0.0000000000
109638  23.377  66.093  -5.094 0.0000000000
109639  21.935  66.108  -4.076 0.0000000000
109642  23.578  65.719  -6.035 0.0000000000
109643  22.631  65.459  -4.969 0.0000000000
109646  23.366  65.935  -7.027 0.0000000000
109648  22.550  66.262  -7.571 0.0000000000
109649  20.837  67.079  -7.421 0.0000000000
109650  19.501  67.692  -7.921 0.0000000000
109653  18.693  68.076  -8.518 0.0000000000
109656  18.062  68.593  -9.116 0.0000000000
109657  17.109  69.205  -10.070 0.0000000000
109658  16.253  69.435  -10.314 0.0000000000
109661  16.918  69.071  -10.485 0.0000000000
109662  16.354  69.373  -10.923 0.0000000000
109663  15.748  68.910  -12.458 0.0000000000
109664  15.532  68.872  -13.067 0.0000000000
109668  15.467  68.173  -13.111 0.0000000000
109669  15.045  67.937  -13.624 0.0000000000
109670  13.802  66.983  -14.352 0.0000000000
109679  13.676  67.804  -14.893 0.0000000000
109684  -0.210  66.449  -12.675 0.0000000000
109685  -0.511  66.480  -14.313 0.0000000000
109690  -0.952  66.503  -16.268 0.0000000000
110008  19.706  67.396  2.189 0.0000000000
110009  19.265  67.970  2.331 0.0000000000
110020  19.948  67.229  1.706 0.0000000000
110021  19.492  68.034  1.614 0.0000000000
110030  20.267  67.147  1.044 0.0000000000
110031  19.825  67.997  1.035 0.0000000000
110034  20.569  67.335  0.163 0.0000000000
110035  20.167  67.912  0.557 0.0000000000
110038  20.947  67.321  -0.946 0.0000000000
110041  22.263  67.851  -3.471 0.0000000000
110042  21.564  67.438  -2.258 0.0000000000
110045  23.006  67.240  -4.451 0.0000000000
110046  21.982  67.001  -3.385 0.0000000000
110050  24.301  67.015  -5.907 0.0000000000
110054  24.388  67.217  -7.160 0.0000000000
110056  23.451  67.464  -7.787 0.0000000000
110057  21.780  68.223  -7.763 0.0000000000
110058  20.123  68.834  -8.226 0.0000000000
110060  18.539  69.391  -8.926 0.0000000000
110061  17.716  70.344  -9.683 0.0000000000
110064  18.117  68.849  -8.987 0.0000000000
110065  17.325  69.738  -9.609 0.0000000000
110066  16.141  69.919  -10.268 0.0000000000
110067  15.680  70.499  -10.563 0.0000000000
110070  16.008  69.554  -10.455 0.0000000000
110071  15.710  69.973  -11.063 0.0000000000
110072  15.342  69.705  -12.444 0.0000000000
110075  15.386  69.030  -13.796 0.0000000000
110076  14.586  68.115  -13.983 0.0000000000
110081  0.292  67.572  -11.351 0.0000000000
110082  -0.105  67.200  -11.912 0.0000000000
110083  15.503  69.339  -14.642 0.0000000000
110084  14.672  68.664  -14.963 0.0000000000
110085  13.530  68.410  -15.704 0.0000000000
110090  0.762  69.067  -11.731 0.0000000000
110091  -0.209  68.218  -12.849 0.0000000000
110092  -0.661  68.203  -15.068 0.0000000000
110093  11.057  69.371  -16.088 0.0000000000
110098  -0.992  68.296  -16.890 0.0000000000
110105  -0.597  69.103  -17.557 0.0000000000
110431  24.590  68.793  -8.303 0.0000000000
110432  22.744  69.484  -8.403 0.0000000000
110433  21.137  70.061  -8.874 0.0000000000
110436  19.571  70.699  -9.745 0.0000000000
110437  18.148  71.271  -10.287 0.0000000000
110440  17.169  71.327  -10.342 0.0000000000
110441  16.439  71.187  -10.425 0.0000000000
110442  15.953  71.276  -10.728 0.0000000000
110445  15.733  71.355  -10.969 0.0000000000
110446  15.638  71.182  -11.802 0.0000000000
110449  15.951  70.820  -13.591 0.0000000000
110450  16.071  71.553  -14.525 0.0000000000
110454  15.681  69.783  -14.335 0.0000000000
110455  15.610  70.382  -15.044 0.0000000000
110456  14.259  70.076  -16.111 0.0000000000
110457  13.157  69.171  -16.230 0.0000000000
110460  1.301  70.787  -12.011 0.0000000000
110461  0.243  70.486  -12.874 0.0000000000
110462  -0.487  70.008  -14.259 0.0000000000
110463  -0.901  69.767  -15.870 0.0000000000
110464  13.591  71.049  -16.461 0.0000000000
110465  12.294  70.284  -16.205 0.0000000000
110466  9.996  70.470  -16.775 0.0000000000
110468  -0.795  70.021  -16.917 0.0000000000
110469  8.948  71.486  -17.702 0.0000000000
110470  8.186  70.643  -18.040 0.0000000000
110471  6.260  70.893  -19.540 0.0000000000
110473  1.279  70.918  -18.220 0.0000000000
110474  -0.228  70.638  -17.721 0.0000000000
110475  5.228  72.429  -20.419 0.0000000000
110476  4.291  71.427  -20.540 0.0000000000
110763  23.654  70.943  -9.539 0.0000000000
110764  22.114  71.032  -9.429 0.0000000000
110767  22.275  72.137  -10.267 0.0000000000
110768  20.917  72.172  -10.571 0.0000000000
110769  18.880  73.118  -11.260 0.0000000000
110772  17.370  72.968  -11.297 0.0000000000
110773  16.539  72.851  -11.155 0.0000000000
110774  16.214  72.776  -10.949 0.0000000000
110778  16.265  72.972  -11.064 0.0000000000
110779  16.392  73.002  -11.289 0.0000000000
110782  16.052  72.842  -12.422 0.0000000000
110783  16.255  72.754  -13.894 0.0000000000
110786  15.802  72.320  -15.053 0.0000000000
110787  15.250  71.155  -15.731 0.0000000000
110789  1.955  72.272  -11.688 0.0000000000
110790  0.265  72.880  -12.700 0.0000000000
110791  -0.151  71.984  -14.062 0.0000000000
110792  -0.536  71.318  -15.458 0.0000000000
110793  -0.881  70.700  -16.308 0.0000000000
110794  15.216  73.000  -15.321 0.0000000000
110795  14.441  72.100  -15.892 0.0000000000
110796  12.778  71.879  -16.344 0.0000000000
110797  11.021  71.608  -16.502 0.0000000000
110798  -0.534  73.963  -13.135 0.0000000000
110799  -0.443  73.627  -13.734 0.0000000000
110800  -0.620  73.756  -15.491 0.0000000000
110801  -0.547  71.660  -16.701 0.0000000000
110802  9.401  71.957  -17.259 0.0000000000
110803  8.032  72.499  -18.448 0.0000000000
110804  7.253  71.935  -19.087 0.0000000000
110805  0.601  73.130  -17.727 0.0000000000
110806  7.143  73.519  -18.955 0.0000000000
110807  6.342  73.213  -19.655 0.0000000000
110808  3.856  73.215  -19.185 0.0000000000
111057  18.954  76.261  -9.971 0.0000000000
111058  18.245  75.992  -9.335 0.0000000000
111059  17.038  74.948  -8.433 0.0000000000
111060  16.326  72.864  -7.512 0.0000000000
111061  15.241  71.634  -7.154 0.0000000000
111062  14.144  71.076  -7.109 0.0000000000
111071  22.917  73.016  -10.052 0.0000000000
111072  21.640  74.046  -10.806 0.0000000000
111073  18.622  76.131  -10.541 0.0000000000
111074  17.397  75.814  -10.062 0.0000000000
111075  16.240  74.870  -9.196 0.0000000000
111076  15.311  73.707  -8.258 0.0000000000
111077  14.557  72.076  -7.646 0.0000000000
111078  13.093  71.357  -7.576 0.0000000000
111079  11.495  71.309  -7.910 0.0000000000
111080  10.237  71.549  -8.130 0.0000000000
111084  21.687  73.198  -10.952 0.0000000000
111085  20.374  74.243  -11.493 0.0000000000
111086  18.464  75.375  -11.423 0.0000000000
111087  16.801  75.191  -10.832 0.0000000000
111088  15.908  74.556  -9.839 0.0000000000
111089  15.152  73.861  -8.754 0.0000000000
111090  14.140  73.056  -7.863 0.0000000000
111091  12.448  72.084  -8.126 0.0000000000
111092  10.859  71.766  -8.493 0.0000000000
111093  9.341  72.019  -8.624 0.0000000000
111097  17.508  74.311  -11.567 0.0000000000
111098  16.503  74.180  -11.280 0.0000000000
111099  15.969  73.870  -10.398 0.0000000000
111100  15.416  74.510  -9.041 0.0000000000
111101  13.652  73.857  -8.358 0.0000000000
111102  11.744  73.072  -8.387 0.0000000000
111103  9.968  72.632  -9.055 0.0000000000
111104  8.422  72.356  -9.246 0.0000000000
111108  16.002  73.882  -10.661 0.0000000000
111109  15.946  74.521  -10.561 0.0000000000
111110  8.720  72.934  -9.558 0.0000000000
111111  7.924  72.776  -9.514 0.0000000000
111112  4.873  72.003  -9.489 0.0000000000
111113  16.590  74.718  -11.543 0.0000000000
111114  16.592  74.478  -12.896 0.0000000000
111115  4.484  72.711  -9.483 0.0000000000
111116  3.554  73.164  -9.681 0.0000000000
111117  16.260  74.129  -14.038 0.0000000000
111118  15.365  74.528  -14.360 0.0000000000
111119  2.575  73.424  -10.742 0.0000000000
111120  0.879  74.353  -11.455 0.0000000000
111121  -0.061  74.586  -12.867 0.0000000000
111122  15.567  73.581  -14.844 0.0000000000
111123  14.591  73.859  -15.107 0.0000000000
111124  13.225  73.245  -15.527 0.0000000000
111125  11.359  72.705  -15.694 0.0000000000
111126  9.454  72.783  -15.336 0.0000000000
111127  -0.656  74.342  -13.750 0.0000000000
111128  9.914  72.247  -16.439 0.0000000000
111129  8.415  73.280  -16.931 0.0000000000
111130  7.052  74.443  -17.667 0.0000000000
111131  6.007  74.943  -17.879 0.0000000000
111132  7.428  73.658  -18.261 0.0000000000
111133  6.581  74.248  -18.690 0.0000000000
111134  4.966  74.524  -18.262 0.0000000000
111367  19.491  74.891  -7.073 0.0000000000
111368  17.858  73.650  -6.578 0.0000000000
111369  16.516  72.428  -6.288 0.0000000000
111370  15.248  71.552  -5.994 0.0000000000
111371  14.436  71.164  -5.829 0.0000000000
111380  21.602  74.503  -8.717 0.0000000000
111381  19.718  75.697  -9.057 0.0000000000
111382  18.260  74.735  -7.584 0.0000000000
111383  17.115  72.935  -6.915 0.0000000000
111384  15.951  71.657  -6.582 0.0000000000
111385  14.585  71.096  -6.401 0.0000000000
111386  13.055  71.254  -6.844 0.0000000000
111387  11.313  71.403  -7.037 0.0000000000
111388  9.969  71.790  -7.456 0.0000000000
111397  22.556  74.342  -10.002 0.0000000000
111398  20.603  74.935  -10.474 0.0000000000
111399  19.298  76.002  -10.569 0.0000000000
111400  11.886  71.186  -7.394 0.0000000000
111401  10.635  71.409  -7.684 0.0000000000
111402  8.828  72.064  -8.141 0.0000000000
111403  6.597  72.608  -8.659 0.0000000000
111407  19.415  75.496  -11.100 0.0000000000
111408  18.992  76.113  -11.184 0.0000000000
111409  7.686  72.378  -8.911 0.0000000000
111410  5.896  72.861  -9.499 0.0000000000
111414  15.692  75.411  -9.464 0.0000000000
111415  14.694  75.353  -9.096 0.0000000000
111416  12.808  74.983  -8.562 0.0000000000
111417  11.169  74.295  -8.786 0.0000000000
111418  7.091  72.728  -9.368 0.0000000000
111419  5.214  72.598  -9.430 0.0000000000
111422  15.810  76.150  -10.270 0.0000000000
111423  13.784  76.169  -9.522 0.0000000000
111424  11.796  75.430  -9.319 0.0000000000
111425  9.806  74.372  -9.436 0.0000000000
111426  7.580  73.688  -9.761 0.0000000000
111427  5.574  73.213  -9.468 0.0000000000
111428  16.532  75.983  -11.983 0.0000000000
111429  16.502  75.300  -13.022 0.0000000000
111430  6.468  74.329  -10.008 0.0000000000
111431  4.909  74.217  -9.445 0.0000000000
111432  3.415  74.777  -9.378 0.0000000000
111433  2.442  75.728  -9.413 0.0000000000
111434  16.140  76.050  -12.684 0.0000000000
111435  15.610  75.460  -13.411 0.0000000000
111436  14.360  75.376  -14.004 0.0000000000
111437  12.851  75.513  -13.738 0.0000000000
111438  11.129  75.239  -13.521 0.0000000000
111439  9.406  75.189  -13.564 0.0000000000
111440  2.612  74.617  -9.474 0.0000000000
111441  1.626  75.585  -10.082 0.0000000000
111442  1.050  76.408  -12.186 0.0000000000
111443  13.495  74.496  -14.657 0.0000000000
111444  12.081  74.005  -14.445 0.0000000000
111445  10.087  73.534  -14.288 0.0000000000
111446  8.354  74.388  -14.827 0.0000000000
111447  6.671  75.374  -15.376 0.0000000000
111448  5.451  75.554  -15.740 0.0000000000
111449  -0.180  75.196  -14.042 0.0000000000
111450  7.343  74.543  -16.376 0.0000000000
111451  6.293  75.205  -16.777 0.0000000000
111452  4.789  75.361  -16.863 0.0000000000
111701  17.413  73.547  -6.223 0.0000000000
111702  15.900  72.671  -5.680 0.0000000000
111703  14.030  72.030  -5.622 0.0000000000
111710  13.791  71.362  -6.156 0.0000000000
111711  12.245  71.933  -6.236 0.0000000000
111728  15.604  76.977  -11.315 0.0000000000
111729  14.477  76.867  -11.048 0.0000000000
111730  12.661  76.126  -10.518 0.0000000000
111731  10.598  75.331  -10.197 0.0000000000
111732  9.159  74.689  -9.987 0.0000000000
111733  15.665  76.608  -12.104 0.0000000000
111734  14.270  77.231  -11.492 0.0000000000
111735  13.430  76.831  -11.730 0.0000000000
111736  11.321  75.951  -11.326 0.0000000000
111737  8.633  74.872  -10.951 0.0000000000
111738  5.890  75.139  -10.948 0.0000000000
111739  3.834  76.036  -10.182 0.0000000000
111740  2.814  76.398  -9.565 0.0000000000
111741  15.341  76.373  -12.672 0.0000000000
111742  14.668  76.309  -13.076 0.0000000000
111743  13.680  76.520  -12.924 0.0000000000
111744  12.170  76.036  -12.555 0.0000000000
111745  10.097  75.325  -12.418 0.0000000000
111746  7.399  75.475  -12.912 0.0000000000
111747  4.702  76.363  -12.104 0.0000000000
111748  2.023  76.675  -9.651 0.0000000000
111749  1.541  76.655  -10.399 0.0000000000
111750  7.066  75.889  -14.358 0.0000000000
111751  5.405  76.481  -14.241 0.0000000000
111752  4.206  75.933  -15.606 0.0000000000
111972  14.932  77.217  -11.336 0.0000000000
111973  14.607  77.284  -11.440 0.0000000000
111974  15.039  77.085  -11.677 0.0000000000
111975  14.427  77.114  -11.855 0.0000000000
111976  14.090  76.853  -12.291 0.0000000000
111977  2.998  76.942  -9.953 0.0000000000
111978  2.544  77.105  -9.933 0.0000000000
111979  15.039  76.776  -12.163 0.0000000000
111980  14.656  76.671  -12.425 0.0000000000
111981  14.290  76.625  -12.638 0.0000000000
111982  2.879  77.269  -11.140 0.0000000000
111983  1.908  77.157  -10.633 0.0000000000
111984  3.527  77.327  -13.148 0.0000000000
111985  3.490  76.809  -14.648 0.0000000000
111986  1.941  75.335  -16.129 0.0000000000
112159  2.301  77.706  -12.632 0.0000000000
112160  1.836  77.591  -11.720 0.0000000000
112161  2.582  77.129  -13.999 0.0000000000
112324  1.757  77.456  -12.407 0.0000000000
112325  1.927  77.074  -13.409 0.0000000000
113798  2.298  71.914  -19.500 0.0000000000
113799  1.644  72.734  -18.348 0.0000000000
113800  1.888  73.484  -18.137 0.0000000000
113801  0.484  74.145  -16.507 0.0000000000
113802  1.238  74.233  -17.532 0.0000000000
