#!ascii label  , from subject Yale_0050571 vox2ras=TkReg
100
92203  32.065  35.110  5.087 0.0000000000
92204  31.236  36.046  5.309 0.0000000000
92213  38.263  36.536  3.743 0.0000000000
92214  37.852  36.727  3.510 0.0000000000
92215  33.673  35.514  3.756 0.0000000000
92216  32.923  35.218  3.633 0.0000000000
92217  32.096  35.968  3.973 0.0000000000
92227  39.737  35.925  3.050 0.0000000000
92228  38.424  36.353  3.215 0.0000000000
92229  36.749  36.463  2.540 0.0000000000
92231  34.043  35.230  3.490 0.0000000000
92232  33.298  34.859  3.551 0.0000000000
92244  38.938  35.689  1.869 0.0000000000
92245  37.424  35.790  1.659 0.0000000000
92905  30.695  36.342  5.993 0.0000000000
92906  30.191  36.715  6.800 0.0000000000
92913  32.335  36.679  4.619 0.0000000000
92914  31.705  36.533  4.365 0.0000000000
92915  30.897  36.937  5.085 0.0000000000
92921  39.829  36.420  3.967 0.0000000000
92922  39.452  36.539  4.060 0.0000000000
92923  38.442  36.743  4.009 0.0000000000
92924  36.928  37.125  3.701 0.0000000000
92925  35.394  37.182  3.510 0.0000000000
92926  34.019  36.309  3.784 0.0000000000
92927  32.727  36.395  4.365 0.0000000000
92928  31.920  36.122  4.174 0.0000000000
92936  40.268  36.160  3.632 0.0000000000
92937  39.208  36.318  3.785 0.0000000000
92938  38.746  36.462  3.811 0.0000000000
92939  35.795  36.571  2.987 0.0000000000
92940  34.758  36.192  3.200 0.0000000000
92941  34.276  35.880  3.577 0.0000000000
93583  30.911  37.875  5.398 0.0000000000
93584  30.546  37.505  5.606 0.0000000000
93585  30.120  37.664  6.865 0.0000000000
93591  37.288  38.330  5.149 0.0000000000
93592  36.780  38.411  5.068 0.0000000000
93593  35.632  38.527  4.849 0.0000000000
93594  34.363  38.179  4.861 0.0000000000
93595  32.915  37.351  4.962 0.0000000000
93596  31.287  37.553  5.202 0.0000000000
93597  30.688  37.330  5.075 0.0000000000
93602  39.759  36.627  4.065 0.0000000000
93603  39.018  37.049  4.345 0.0000000000
93604  37.679  37.766  4.812 0.0000000000
93605  36.251  37.839  4.388 0.0000000000
93606  34.847  37.773  4.119 0.0000000000
93607  33.684  37.172  4.522 0.0000000000
93608  33.123  36.951  4.694 0.0000000000
93616  40.464  36.507  3.732 0.0000000000
94286  33.550  39.208  6.036 0.0000000000
94287  32.400  39.009  5.859 0.0000000000
94288  31.182  38.454  5.750 0.0000000000
94289  30.315  38.437  6.221 0.0000000000
94295  37.189  38.650  5.434 0.0000000000
94296  36.232  38.954  5.560 0.0000000000
94297  35.092  39.014  5.480 0.0000000000
94298  33.883  38.663  5.498 0.0000000000
94299  32.686  38.332  5.584 0.0000000000
94300  31.879  38.320  5.622 0.0000000000
94305  39.700  36.960  4.216 0.0000000000
94306  38.917  37.702  4.610 0.0000000000
94307  37.921  38.463  5.229 0.0000000000
94315  39.381  38.176  4.300 0.0000000000
94962  35.170  39.708  6.783 0.0000000000
94963  34.309  39.675  6.740 0.0000000000
94964  33.285  39.618  6.589 0.0000000000
94965  32.083  39.547  6.338 0.0000000000
94966  30.911  39.340  6.447 0.0000000000
94973  37.385  39.118  5.738 0.0000000000
94974  36.614  39.305  6.025 0.0000000000
94975  35.671  39.413  6.200 0.0000000000
94976  34.644  39.372  6.159 0.0000000000
94982  38.540  38.699  5.005 0.0000000000
94983  37.881  38.885  5.495 0.0000000000
94990  39.288  38.676  4.487 0.0000000000
95605  35.343  39.943  7.040 0.0000000000
95606  34.860  39.959  7.179 0.0000000000
95607  34.070  40.052  7.165 0.0000000000
95608  33.061  40.135  7.055 0.0000000000
95609  31.881  40.206  6.967 0.0000000000
95616  37.369  39.337  5.965 0.0000000000
95617  36.998  39.592  6.215 0.0000000000
95618  35.966  39.865  6.719 0.0000000000
95625  38.489  39.306  5.241 0.0000000000
95626  37.799  39.416  5.765 0.0000000000
95627  37.287  40.009  6.280 0.0000000000
95637  39.242  39.363  4.643 0.0000000000
96250  35.338  40.196  7.224 0.0000000000
96251  34.707  40.368  7.478 0.0000000000
96252  33.885  40.564  7.530 0.0000000000
96253  32.864  40.745  7.508 0.0000000000
96262  36.649  40.243  6.706 0.0000000000
96263  35.906  40.494  7.141 0.0000000000
96271  38.602  39.971  5.292 0.0000000000
96272  37.900  40.378  5.915 0.0000000000
96891  35.260  40.672  7.495 0.0000000000
96892  34.656  41.007  7.757 0.0000000000
96893  33.690  41.153  7.851 0.0000000000
