#!ascii label  , from subject Yale_0050554 vox2ras=TkReg
335
33953  -0.224  63.495  40.010 0.0000000000
33434  -18.231  55.069  45.176 0.0000000000
32332  -19.704  46.940  44.502 0.0000000000
33638  -9.305  59.295  48.509 0.0000000000
33755  -15.149  60.347  36.048 0.0000000000
33676  -4.830  59.140  33.179 0.0000000000
33113  -25.099  54.413  48.195 0.0000000000
33658  -23.918  58.879  38.452 0.0000000000
33928  -10.632  62.645  42.167 0.0000000000
33964  -8.368  63.899  36.200 0.0000000000
33768  -9.530  60.825  34.434 0.0000000000
33938  -3.588  62.743  34.633 0.0000000000
32771  -17.508  49.866  42.555 0.0000000000
32878  -21.744  51.761  47.984 0.0000000000
33119  -20.346  53.713  44.948 0.0000000000
33331  -23.233  56.034  44.747 0.0000000000
33656  -21.249  58.119  42.547 0.0000000000
33837  -19.478  60.052  42.420 0.0000000000
33742  -16.307  59.260  45.341 0.0000000000
33828  -4.071  60.914  47.863 0.0000000000
33903  2.821  60.708  38.566 0.0000000000
31763  -17.573  43.048  49.061 0.0000000000
33014  -16.317  52.423  46.571 0.0000000000
33325  -12.887  56.231  46.246 0.0000000000
33563  -20.620  56.743  32.734 0.0000000000
33451  -15.289  57.828  36.031 0.0000000000
33861  -13.073  62.375  32.755 0.0000000000
33559  0.352  56.976  34.932 0.0000000000
32468  -20.180  47.869  49.442 0.0000000000
32740  -21.551  50.105  51.674 0.0000000000
33011  -26.431  50.800  51.692 0.0000000000
33334  -26.756  55.708  41.353 0.0000000000
33454  -26.235  56.371  37.021 0.0000000000
33848  -19.606  60.856  37.019 0.0000000000
33894  -15.382  61.935  40.630 0.0000000000
33931  -5.344  63.684  40.461 0.0000000000
33646  -9.408  58.115  43.559 0.0000000000
33888  -3.841  62.835  44.271 0.0000000000
33962  -4.147  64.073  36.633 0.0000000000
33965  -5.118  63.815  35.253 0.0000000000
33937  -2.945  63.338  35.540 0.0000000000
33332  -17.944  52.789  44.611 0.0000000000
33032  -19.710  52.057  44.708 0.0000000000
33336  -19.285  53.888  44.226 0.0000000000
33221  -20.238  54.818  43.846 0.0000000000
33539  -19.729  56.032  43.851 0.0000000000
33744  -19.290  58.881  44.128 0.0000000000
33538  -16.834  57.293  45.897 0.0000000000
33008  -17.450  51.140  46.259 0.0000000000
33109  -16.766  54.304  48.343 0.0000000000
33199  -14.799  55.623  48.747 0.0000000000
33661  -18.693  59.292  34.302 0.0000000000
33455  -17.344  56.824  33.968 0.0000000000
33542  -14.939  59.022  35.622 0.0000000000
33678  -7.432  59.365  33.539 0.0000000000
33769  -11.600  60.790  34.574 0.0000000000
33858  -6.877  61.897  33.300 0.0000000000
33943  -8.896  63.494  30.938 0.0000000000
33912  -5.437  63.011  32.115 0.0000000000
33659  3.421  55.861  38.814 0.0000000000
33761  2.772  58.814  36.930 0.0000000000
33548  3.234  55.644  37.166 0.0000000000
32040  -19.209  45.128  47.063 0.0000000000
32176  -19.364  46.304  48.722 0.0000000000
32327  -20.380  47.173  47.086 0.0000000000
32875  -22.154  52.187  49.321 0.0000000000
32872  -21.337  51.092  50.843 0.0000000000
32873  -22.989  51.243  51.864 0.0000000000
32870  -24.778  50.529  52.373 0.0000000000
33111  -25.552  52.966  50.140 0.0000000000
33439  -23.801  57.352  41.582 0.0000000000
33436  -24.474  56.472  43.075 0.0000000000
33541  -25.629  57.433  39.414 0.0000000000
33440  -26.898  55.819  38.444 0.0000000000
33547  -25.357  57.917  37.490 0.0000000000
33758  -23.709  58.873  36.503 0.0000000000
33846  -21.704  60.089  37.726 0.0000000000
33836  -15.903  60.842  43.596 0.0000000000
33893  -17.962  61.188  40.645 0.0000000000
33925  -13.105  62.204  42.025 0.0000000000
33954  -11.071  63.400  40.492 0.0000000000
33424  -11.043  57.393  47.617 0.0000000000
33534  -9.910  57.137  44.485 0.0000000000
33735  -7.989  59.684  45.888 0.0000000000
33831  -5.278  61.665  46.139 0.0000000000
33890  -1.923  62.862  44.486 0.0000000000
33936  -11.489  63.128  37.162 0.0000000000
33842  -12.267  60.917  35.762 0.0000000000
33939  -9.640  62.989  35.636 0.0000000000
33855  -5.177  61.769  33.935 0.0000000000
33766  -4.603  60.064  33.757 0.0000000000
32482  -19.159  48.086  43.670 0.0000000000
32746  -21.578  50.071  46.875 0.0000000000
32885  -21.345  52.252  46.751 0.0000000000
33022  -22.227  52.929  48.246 0.0000000000
33018  -23.446  53.790  48.584 0.0000000000
33323  -24.321  55.653  46.296 0.0000000000
33213  -21.773  55.219  45.293 0.0000000000
33337  -22.183  56.670  42.626 0.0000000000
33545  -22.084  58.353  41.481 0.0000000000
33749  -21.279  59.611  40.826 0.0000000000
33748  -20.748  59.236  42.283 0.0000000000
33835  -15.085  60.314  44.658 0.0000000000
33730  -7.305  59.906  50.888 0.0000000000
33829  -5.720  60.833  47.662 0.0000000000
33926  2.343  61.792  39.941 0.0000000000
33933  1.899  61.997  37.985 0.0000000000
32042  -18.635  45.693  45.056 0.0000000000
32491  -18.128  47.931  44.087 0.0000000000
32635  -15.715  48.858  42.779 0.0000000000
33031  -15.624  50.358  43.683 0.0000000000
33212  -16.316  53.106  46.092 0.0000000000
33326  -15.752  54.537  46.507 0.0000000000
33208  -14.558  54.372  46.821 0.0000000000
33316  -12.932  56.478  48.557 0.0000000000
33423  -11.838  58.068  49.168 0.0000000000
33357  -21.843  54.160  32.801 0.0000000000
33666  -13.672  60.022  35.531 0.0000000000
33776  -14.003  60.597  34.299 0.0000000000
33906  0.932  61.176  36.011 0.0000000000
33763  -1.124  59.424  34.765 0.0000000000
33565  -3.741  57.768  33.747 0.0000000000
32168  -19.743  46.497  51.063 0.0000000000
32173  -20.132  47.115  49.988 0.0000000000
32315  -21.384  47.586  50.700 0.0000000000
32476  -20.473  48.438  48.416 0.0000000000
32614  -20.843  49.196  51.108 0.0000000000
32467  -21.277  48.093  50.831 0.0000000000
32738  -24.866  49.207  52.451 0.0000000000
33429  -25.557  55.981  44.052 0.0000000000
33335  -27.221  54.725  39.244 0.0000000000
33339  -25.817  54.371  36.638 0.0000000000
33342  -24.635  55.509  35.280 0.0000000000
33556  -24.222  56.780  34.804 0.0000000000
33764  -20.505  60.095  35.621 0.0000000000
33760  -18.271  60.478  35.505 0.0000000000
33847  -19.766  60.797  39.391 0.0000000000
33845  -17.928  61.272  37.613 0.0000000000
33902  -15.211  62.093  38.245 0.0000000000
33959  -9.924  63.899  37.999 0.0000000000
33957  -7.800  64.238  37.741 0.0000000000
33955  -2.960  63.901  38.983 0.0000000000
33537  -13.747  57.778  46.014 0.0000000000
33648  -12.452  59.588  44.810 0.0000000000
33834  -10.582  60.087  43.978 0.0000000000
33739  -6.657  60.946  45.191 0.0000000000
33647  -7.061  60.661  43.766 0.0000000000
33898  -8.052  62.620  42.230 0.0000000000
33896  -5.254  63.130  42.342 0.0000000000
33927  -1.959  63.543  41.796 0.0000000000
33951  0.827  62.874  41.858 0.0000000000
33961  -1.428  63.470  37.504 0.0000000000
33435  -18.681  54.100  44.596 0.0000000000
33650  -18.576  57.350  45.024 0.0000000000
33007  -17.075  52.446  47.064 0.0000000000
33201  -17.308  55.496  49.173 0.0000000000
33655  -16.516  59.606  35.069 0.0000000000
33550  -17.138  58.356  34.371 0.0000000000
33677  -7.203  59.676  33.323 0.0000000000
33781  -7.313  61.201  33.590 0.0000000000
33774  -6.123  60.520  33.296 0.0000000000
33780  -5.002  61.508  33.539 0.0000000000
32190  -20.035  46.564  45.577 0.0000000000
32622  -21.230  48.827  46.277 0.0000000000
32876  -23.688  52.632  50.553 0.0000000000
33016  -24.991  51.986  51.405 0.0000000000
33546  -23.559  58.168  40.634 0.0000000000
33438  -24.800  56.898  41.820 0.0000000000
33892  -12.989  61.292  43.604 0.0000000000
33528  -10.005  58.677  47.822 0.0000000000
33529  -9.385  58.538  46.519 0.0000000000
33734  -7.539  60.196  46.876 0.0000000000
33935  -11.215  62.333  35.979 0.0000000000
33907  -6.628  63.196  34.787 0.0000000000
33853  -3.334  61.387  34.098 0.0000000000
32761  -20.127  49.839  44.509 0.0000000000
33116  -21.955  53.943  46.932 0.0000000000
33209  -22.940  55.379  46.268 0.0000000000
33544  -21.090  56.820  42.818 0.0000000000
33217  -21.021  55.176  44.239 0.0000000000
33743  -17.976  59.213  44.783 0.0000000000
33824  -5.216  60.558  48.994 0.0000000000
32631  -17.613  47.975  44.644 0.0000000000
32494  -17.279  48.519  43.453 0.0000000000
32745  -16.769  48.980  44.291 0.0000000000
32883  -16.524  51.496  45.722 0.0000000000
33025  -16.371  51.679  45.079 0.0000000000
33211  -15.595  53.375  46.615 0.0000000000
33313  -14.147  57.056  49.589 0.0000000000
33200  -13.546  54.767  48.068 0.0000000000
33460  -21.371  54.919  32.684 0.0000000000
33459  -19.009  55.883  32.283 0.0000000000
33453  -16.115  57.023  34.837 0.0000000000
33356  -17.124  55.608  33.515 0.0000000000
33351  -15.431  56.011  35.287 0.0000000000
33567  -15.381  58.172  33.943 0.0000000000
33667  -11.152  60.900  35.334 0.0000000000
33554  -12.833  59.521  36.089 0.0000000000
33668  -12.093  60.488  34.879 0.0000000000
33860  -11.652  62.252  33.248 0.0000000000
33777  -12.677  61.424  33.940 0.0000000000
33863  -14.670  61.932  31.842 0.0000000000
33778  -14.967  60.807  32.697 0.0000000000
33910  -13.689  62.534  31.702 0.0000000000
33944  -11.659  63.183  30.650 0.0000000000
33968  -8.433  63.506  29.385 0.0000000000
33934  0.489  62.156  36.657 0.0000000000
33850  1.954  60.572  36.500 0.0000000000
33660  2.202  56.690  35.663 0.0000000000
33762  1.161  58.662  35.295 0.0000000000
33662  -1.192  58.342  34.585 0.0000000000
33560  -2.107  57.323  34.296 0.0000000000
31892  -18.336  44.391  49.588 0.0000000000
32743  -21.139  50.761  49.145 0.0000000000
32618  -20.568  49.677  50.347 0.0000000000
32615  -22.863  48.888  52.088 0.0000000000
32869  -25.833  49.757  52.182 0.0000000000
33218  -27.748  54.137  41.830 0.0000000000
33441  -26.597  55.037  37.203 0.0000000000
33551  -25.025  57.526  35.880 0.0000000000
33849  -22.626  59.154  35.416 0.0000000000
33899  -16.926  61.675  39.013 0.0000000000
33932  -13.904  62.697  38.744 0.0000000000
33930  -12.845  63.060  39.565 0.0000000000
33929  -8.011  63.730  40.156 0.0000000000
33958  -9.279  64.036  39.047 0.0000000000
33956  -5.707  64.213  38.186 0.0000000000
33433  -15.116  57.184  46.276 0.0000000000
33431  -11.843  57.176  45.306 0.0000000000
33649  -11.396  58.572  44.580 0.0000000000
33652  -10.435  58.653  43.879 0.0000000000
33833  -5.529  62.347  43.877 0.0000000000
33838  -6.779  62.153  43.012 0.0000000000
33923  -0.791  63.019  43.631 0.0000000000
33963  -6.429  64.150  36.272 0.0000000000
33036  -17.724  50.995  43.217 0.0000000000
33034  -18.758  52.444  44.078 0.0000000000
33121  -19.468  53.208  44.464 0.0000000000
33651  -20.285  57.945  43.466 0.0000000000
33015  -14.950  53.734  47.796 0.0000000000
33669  -20.207  58.951  33.977 0.0000000000
33562  -19.504  57.272  32.807 0.0000000000
33561  -18.630  57.782  33.426 0.0000000000
33543  -15.701  58.356  35.029 0.0000000000
33448  -15.011  57.622  36.516 0.0000000000
33679  -9.400  60.149  34.208 0.0000000000
33775  -8.490  60.649  33.879 0.0000000000
33782  -9.559  61.595  33.504 0.0000000000
33859  -9.509  62.915  32.316 0.0000000000
33759  3.270  57.850  38.081 0.0000000000
31895  -18.618  44.323  48.219 0.0000000000
32741  -23.177  49.865  52.520 0.0000000000
33012  -27.470  51.441  50.675 0.0000000000
33203  -27.116  53.299  48.818 0.0000000000
33333  -22.641  56.190  43.549 0.0000000000
33426  -11.529  56.380  46.108 0.0000000000
33427  -10.430  57.137  46.227 0.0000000000
33643  -8.207  58.782  44.709 0.0000000000
33886  -3.080  61.924  46.226 0.0000000000
33843  -14.837  61.309  36.718 0.0000000000
33754  -13.866  60.168  36.056 0.0000000000
33904  -12.972  61.464  36.321 0.0000000000
33854  -7.859  61.834  34.262 0.0000000000
33767  -6.882  60.466  33.527 0.0000000000
33665  -5.603  59.354  33.224 0.0000000000
33664  -5.827  58.722  33.271 0.0000000000
32480  -20.547  48.348  44.764 0.0000000000
33657  -23.095  59.016  40.024 0.0000000000
33757  -22.330  59.571  39.465 0.0000000000
33747  -20.159  59.035  43.230 0.0000000000
33731  -7.198  60.186  48.744 0.0000000000
33952  1.297  62.875  39.463 0.0000000000
33960  0.506  62.931  37.959 0.0000000000
33751  3.080  57.163  39.407 0.0000000000
31765  -18.240  43.717  47.524 0.0000000000
32039  -18.804  44.950  45.913 0.0000000000
32333  -18.852  47.349  44.104 0.0000000000
32492  -18.032  48.780  43.037 0.0000000000
32634  -16.316  48.973  42.081 0.0000000000
32884  -15.498  49.550  43.578 0.0000000000
32898  -16.478  50.041  42.230 0.0000000000
33216  -16.729  51.633  44.323 0.0000000000
33330  -17.300  53.264  45.328 0.0000000000
33432  -17.114  54.983  45.925 0.0000000000
33318  -13.047  54.909  47.117 0.0000000000
33317  -12.125  55.838  47.431 0.0000000000
33635  -10.044  59.158  50.166 0.0000000000
33458  -18.050  56.438  32.864 0.0000000000
33654  -14.141  59.133  36.034 0.0000000000
33449  -14.500  58.292  36.487 0.0000000000
33555  -14.759  58.789  35.566 0.0000000000
33673  -14.194  59.942  34.437 0.0000000000
33672  -15.186  59.230  34.614 0.0000000000
33569  -15.505  58.378  33.021 0.0000000000
33851  -0.233  60.709  35.249 0.0000000000
33852  -2.219  60.777  34.315 0.0000000000
33765  -2.571  59.714  33.932 0.0000000000
33663  -3.564  58.750  33.573 0.0000000000
33675  -2.585  58.603  33.777 0.0000000000
33773  -3.182  60.600  33.692 0.0000000000
33857  -2.530  61.713  33.433 0.0000000000
32310  -21.129  48.103  51.851 0.0000000000
32619  -21.138  48.710  47.210 0.0000000000
32320  -22.780  47.344  50.294 0.0000000000
33320  -26.188  55.214  46.471 0.0000000000
33223  -26.574  52.380  38.927 0.0000000000
33338  -26.508  54.204  37.729 0.0000000000
33226  -25.014  53.122  36.460 0.0000000000
33229  -21.762  52.893  33.370 0.0000000000
33353  -23.002  54.794  33.969 0.0000000000
33564  -21.985  56.217  33.217 0.0000000000
33671  -23.513  58.079  34.741 0.0000000000
33670  -22.191  58.487  34.225 0.0000000000
33756  -16.673  60.757  36.054 0.0000000000
33844  -16.340  61.462  37.227 0.0000000000
33905  -13.803  61.995  37.073 0.0000000000
33741  -14.449  59.045  45.577 0.0000000000
33891  -11.076  61.157  43.689 0.0000000000
33745  -7.830  60.475  43.436 0.0000000000
33897  -9.716  61.723  43.238 0.0000000000
31900  -18.144  44.329  46.204 0.0000000000
32893  -15.686  49.977  42.608 0.0000000000
33125  -17.480  51.659  43.782 0.0000000000
33350  -15.696  56.130  35.013 0.0000000000
33352  -16.437  56.069  34.493 0.0000000000
33450  -15.299  57.193  36.202 0.0000000000
33452  -15.651  57.474  35.818 0.0000000000
33457  -15.563  57.355  34.950 0.0000000000
33536  -10.702  57.380  44.047 0.0000000000
33553  -13.722  58.887  36.559 0.0000000000
33566  -15.422  58.203  34.497 0.0000000000
33746  -8.963  60.683  43.489 0.0000000000
33752  -13.111  59.827  36.053 0.0000000000
33753  -11.879  60.428  35.708 0.0000000000
33839  -7.870  61.640  43.165 0.0000000000
