#!ascii label  , from subject Yale_0050554 vox2ras=TkReg
277
10928  -53.514  -49.639  30.327 0.0000000000
11237  -55.263  -46.978  28.552 0.0000000000
12494  -58.733  -39.823  21.046 0.0000000000
14265  -56.991  -34.837  16.359 0.0000000000
17430  -57.957  -23.348  18.011 0.0000000000
11457  -51.474  -46.291  32.011 0.0000000000
10639  -51.605  -50.745  29.236 0.0000000000
11220  -48.442  -47.379  30.331 0.0000000000
12478  -51.539  -42.180  22.554 0.0000000000
13048  -52.381  -40.930  17.226 0.0000000000
13473  -57.468  -38.773  18.487 0.0000000000
13730  -52.136  -37.148  15.849 0.0000000000
16097  -55.344  -30.767  12.603 0.0000000000
16702  -60.537  -28.639  17.001 0.0000000000
11209  -57.268  -49.374  31.317 0.0000000000
10955  -59.020  -48.478  27.815 0.0000000000
11501  -59.409  -47.361  24.831 0.0000000000
11984  -56.308  -43.134  25.958 0.0000000000
12232  -60.634  -44.083  21.129 0.0000000000
14796  -52.742  -34.074  11.284 0.0000000000
14799  -58.215  -31.844  13.341 0.0000000000
11951  -52.571  -44.904  31.477 0.0000000000
12457  -51.187  -45.795  30.413 0.0000000000
11475  -49.155  -47.096  31.675 0.0000000000
12208  -49.254  -46.666  30.170 0.0000000000
13043  -47.724  -40.343  19.041 0.0000000000
13278  -48.511  -39.542  17.451 0.0000000000
13471  -50.294  -38.815  16.305 0.0000000000
13470  -47.945  -38.253  16.193 0.0000000000
16949  -58.492  -26.541  18.513 0.0000000000
18948  -59.006  -17.107  17.417 0.0000000000
11207  -55.259  -48.606  29.949 0.0000000000
11459  -56.938  -47.223  30.480 0.0000000000
11208  -55.705  -49.925  30.350 0.0000000000
10624  -56.248  -51.754  32.413 0.0000000000
9951  -55.768  -52.724  31.872 0.0000000000
9963  -55.217  -52.053  30.897 0.0000000000
10948  -51.915  -48.291  28.119 0.0000000000
10650  -56.936  -49.193  29.439 0.0000000000
10954  -56.827  -48.014  28.893 0.0000000000
11241  -58.850  -47.651  27.011 0.0000000000
11491  -56.636  -46.305  28.137 0.0000000000
12483  -54.612  -40.871  21.815 0.0000000000
12225  -53.550  -42.304  23.496 0.0000000000
12481  -57.735  -40.658  23.643 0.0000000000
12230  -60.097  -42.933  24.189 0.0000000000
12486  -60.575  -41.696  22.026 0.0000000000
12495  -60.872  -42.351  18.974 0.0000000000
12801  -59.842  -39.977  19.970 0.0000000000
13994  -57.936  -36.887  17.743 0.0000000000
13724  -60.496  -38.623  17.873 0.0000000000
13995  -60.072  -37.605  16.903 0.0000000000
14527  -49.977  -34.809  11.791 0.0000000000
15044  -51.499  -33.435  11.073 0.0000000000
15861  -56.600  -30.447  11.558 0.0000000000
15323  -56.572  -31.602  11.078 0.0000000000
17949  -57.558  -21.529  15.310 0.0000000000
18472  -59.176  -19.201  17.767 0.0000000000
18942  -56.394  -16.662  18.864 0.0000000000
11707  -53.764  -45.739  30.853 0.0000000000
10926  -52.030  -48.520  30.745 0.0000000000
10316  -52.103  -51.062  30.033 0.0000000000
10631  -50.047  -49.100  30.816 0.0000000000
10943  -49.974  -48.825  29.008 0.0000000000
11231  -50.098  -48.121  28.124 0.0000000000
12795  -51.879  -41.585  19.963 0.0000000000
12799  -55.138  -40.497  19.606 0.0000000000
12805  -58.621  -39.572  19.263 0.0000000000
13049  -54.156  -40.393  17.544 0.0000000000
13721  -54.148  -38.002  16.793 0.0000000000
13993  -55.333  -36.828  17.273 0.0000000000
15857  -51.660  -32.534  13.584 0.0000000000
16099  -56.263  -30.872  14.149 0.0000000000
16408  -60.472  -29.125  13.944 0.0000000000
16707  -61.524  -27.560  15.568 0.0000000000
17199  -61.193  -22.856  14.350 0.0000000000
9991  -56.958  -51.181  29.916 0.0000000000
10330  -57.949  -50.252  29.770 0.0000000000
11221  -48.069  -47.402  28.291 0.0000000000
11493  -52.155  -46.015  26.108 0.0000000000
11744  -53.388  -44.787  25.571 0.0000000000
11494  -54.824  -45.413  27.482 0.0000000000
11982  -59.355  -44.944  26.471 0.0000000000
11987  -60.149  -45.597  24.447 0.0000000000
13047  -59.964  -39.794  18.593 0.0000000000
13051  -61.030  -40.995  16.416 0.0000000000
14002  -48.454  -36.155  13.451 0.0000000000
14263  -51.386  -35.596  14.152 0.0000000000
14520  -55.322  -33.991  15.599 0.0000000000
15045  -53.735  -32.661  10.761 0.0000000000
14798  -56.406  -32.535  13.114 0.0000000000
14528  -57.292  -33.660  15.428 0.0000000000
19181  -57.222  -15.959  16.097 0.0000000000
10626  -54.597  -51.116  30.962 0.0000000000
10315  -53.596  -51.395  30.598 0.0000000000
11234  -54.032  -47.787  28.635 0.0000000000
10949  -55.152  -48.593  29.066 0.0000000000
11238  -57.878  -47.385  28.239 0.0000000000
12490  -56.316  -40.152  21.128 0.0000000000
12480  -56.031  -40.597  22.880 0.0000000000
12484  -57.984  -39.950  22.171 0.0000000000
12485  -59.334  -40.558  22.692 0.0000000000
12489  -59.726  -40.199  21.983 0.0000000000
12492  -60.335  -40.869  20.978 0.0000000000
14005  -58.602  -36.317  16.998 0.0000000000
14266  -59.458  -35.987  15.935 0.0000000000
14795  -49.831  -34.077  11.922 0.0000000000
15317  -49.862  -33.542  13.340 0.0000000000
16103  -59.995  -29.364  11.546 0.0000000000
15863  -59.440  -30.040  11.135 0.0000000000
17686  -58.903  -22.308  15.432 0.0000000000
17684  -57.736  -22.380  16.679 0.0000000000
17948  -57.438  -21.415  18.071 0.0000000000
18471  -58.350  -18.814  18.801 0.0000000000
18943  -58.591  -17.148  18.482 0.0000000000
11456  -52.423  -46.984  31.068 0.0000000000
11212  -50.592  -47.380  32.049 0.0000000000
10935  -48.816  -48.322  30.812 0.0000000000
10944  -48.755  -48.110  29.593 0.0000000000
10947  -50.944  -49.068  28.479 0.0000000000
13046  -50.593  -41.200  17.808 0.0000000000
12794  -49.550  -41.310  19.287 0.0000000000
12798  -51.747  -41.717  18.650 0.0000000000
12796  -53.485  -41.286  20.047 0.0000000000
12803  -53.276  -41.293  18.151 0.0000000000
13720  -51.567  -38.089  16.001 0.0000000000
13472  -53.528  -39.306  16.849 0.0000000000
16699  -56.647  -29.712  17.234 0.0000000000
16406  -58.256  -30.185  16.003 0.0000000000
16407  -58.549  -30.011  14.666 0.0000000000
16703  -60.569  -29.095  15.714 0.0000000000
17198  -60.791  -24.977  16.786 0.0000000000
17432  -59.617  -23.484  16.528 0.0000000000
10322  -52.881  -51.600  29.706 0.0000000000
10324  -53.289  -51.331  29.084 0.0000000000
10951  -58.317  -48.750  28.963 0.0000000000
10651  -58.827  -49.616  29.095 0.0000000000
10652  -59.007  -50.017  27.442 0.0000000000
11242  -59.152  -48.652  25.394 0.0000000000
11243  -58.962  -48.299  24.871 0.0000000000
11488  -48.410  -46.410  26.117 0.0000000000
11489  -50.348  -46.725  26.071 0.0000000000
12222  -50.927  -43.257  23.961 0.0000000000
11983  -54.126  -43.214  24.882 0.0000000000
11978  -53.639  -44.091  25.006 0.0000000000
11979  -55.060  -43.942  25.955 0.0000000000
11745  -56.086  -44.641  26.958 0.0000000000
11746  -58.392  -45.184  27.137 0.0000000000
11981  -57.383  -44.113  26.746 0.0000000000
12231  -60.425  -43.572  22.522 0.0000000000
11988  -60.081  -44.838  23.718 0.0000000000
11751  -59.534  -46.641  22.790 0.0000000000
13050  -56.706  -39.573  18.503 0.0000000000
13283  -58.776  -39.218  18.785 0.0000000000
13475  -61.255  -39.654  15.984 0.0000000000
13285  -60.742  -39.449  17.893 0.0000000000
13728  -45.761  -37.309  14.864 0.0000000000
14534  -51.214  -34.817  11.921 0.0000000000
14269  -49.627  -35.810  12.970 0.0000000000
14535  -52.725  -34.571  13.005 0.0000000000
14519  -53.360  -34.693  14.937 0.0000000000
15860  -53.424  -31.823  12.722 0.0000000000
15595  -52.180  -32.577  11.525 0.0000000000
15859  -54.449  -31.274  11.323 0.0000000000
15319  -59.169  -31.298  11.880 0.0000000000
15039  -56.970  -32.085  12.041 0.0000000000
14789  -57.719  -32.796  14.577 0.0000000000
14790  -59.348  -32.837  14.549 0.0000000000
12764  -53.126  -44.214  31.160 0.0000000000
11471  -50.045  -46.662  32.012 0.0000000000
10927  -49.307  -47.986  31.752 0.0000000000
13282  -51.722  -40.219  16.835 0.0000000000
16701  -58.760  -27.983  18.122 0.0000000000
11709  -56.583  -45.766  30.492 0.0000000000
10921  -57.623  -50.900  33.082 0.0000000000
10929  -56.608  -50.744  31.596 0.0000000000
10310  -55.994  -52.657  32.475 0.0000000000
9961  -56.469  -52.823  31.464 0.0000000000
9970  -57.451  -52.779  31.041 0.0000000000
9981  -57.165  -51.871  30.524 0.0000000000
10646  -51.949  -50.089  28.582 0.0000000000
10328  -53.954  -50.218  28.838 0.0000000000
10950  -57.096  -48.453  29.381 0.0000000000
11496  -58.427  -46.484  27.471 0.0000000000
12479  -52.926  -41.742  22.275 0.0000000000
12224  -54.996  -42.146  24.499 0.0000000000
12228  -56.714  -41.461  24.613 0.0000000000
12226  -57.553  -42.463  25.558 0.0000000000
12229  -58.683  -41.891  24.735 0.0000000000
12482  -59.846  -41.589  23.572 0.0000000000
12491  -60.870  -42.304  20.862 0.0000000000
12806  -60.496  -40.628  18.812 0.0000000000
13723  -58.585  -38.191  18.401 0.0000000000
13474  -59.633  -38.807  18.525 0.0000000000
13732  -59.446  -37.781  17.932 0.0000000000
13733  -60.863  -38.681  16.738 0.0000000000
14526  -48.012  -35.333  13.176 0.0000000000
14802  -51.906  -33.943  11.035 0.0000000000
15596  -56.324  -31.041  10.939 0.0000000000
15324  -58.954  -30.678  11.108 0.0000000000
18197  -58.610  -20.469  17.258 0.0000000000
18947  -59.404  -17.887  16.852 0.0000000000
19175  -55.927  -15.667  17.642 0.0000000000
12451  -53.813  -42.972  31.590 0.0000000000
12191  -54.550  -44.343  30.895 0.0000000000
11708  -55.722  -45.058  30.652 0.0000000000
11458  -54.595  -46.861  30.253 0.0000000000
10629  -51.973  -50.108  30.409 0.0000000000
10630  -50.096  -49.407  30.221 0.0000000000
11236  -52.134  -47.074  27.406 0.0000000000
12477  -49.946  -42.031  23.108 0.0000000000
12791  -49.807  -41.527  21.532 0.0000000000
12792  -50.725  -41.602  20.094 0.0000000000
12793  -52.464  -41.612  21.171 0.0000000000
12800  -57.579  -39.707  20.051 0.0000000000
12804  -56.192  -39.910  18.916 0.0000000000
13722  -56.194  -38.280  17.925 0.0000000000
13731  -57.106  -37.546  17.983 0.0000000000
14004  -56.127  -35.937  17.193 0.0000000000
16096  -53.107  -31.649  14.462 0.0000000000
16098  -54.633  -31.358  14.294 0.0000000000
16405  -56.133  -30.819  15.881 0.0000000000
16100  -57.365  -30.093  12.739 0.0000000000
16104  -60.099  -28.973  12.360 0.0000000000
16706  -61.567  -27.898  14.435 0.0000000000
16704  -60.704  -27.813  17.586 0.0000000000
16951  -61.386  -26.480  16.726 0.0000000000
9980  -54.921  -51.823  29.944 0.0000000000
10329  -56.360  -50.129  29.643 0.0000000000
10331  -58.626  -51.120  29.559 0.0000000000
10959  -58.981  -49.041  25.837 0.0000000000
11482  -47.523  -46.453  28.695 0.0000000000
11233  -49.963  -47.322  27.149 0.0000000000
11980  -52.483  -43.695  24.278 0.0000000000
11743  -50.959  -44.973  24.949 0.0000000000
11740  -50.454  -46.088  25.443 0.0000000000
11490  -53.796  -46.322  27.739 0.0000000000
11495  -56.933  -45.608  28.095 0.0000000000
11499  -57.379  -45.400  27.671 0.0000000000
11747  -59.571  -46.184  26.080 0.0000000000
11986  -59.909  -44.750  25.394 0.0000000000
11748  -59.769  -46.251  24.851 0.0000000000
11502  -58.862  -47.778  23.307 0.0000000000
13719  -46.956  -37.745  15.735 0.0000000000
13729  -48.772  -37.537  15.334 0.0000000000
13992  -50.399  -36.739  14.868 0.0000000000
14003  -52.624  -35.952  15.599 0.0000000000
14264  -54.644  -35.116  16.307 0.0000000000
14797  -54.576  -33.384  11.605 0.0000000000
14788  -55.593  -33.153  14.184 0.0000000000
17685  -58.362  -22.706  17.050 0.0000000000
17431  -58.674  -23.658  17.419 0.0000000000
11990  -59.809  -46.558  20.772 0.0000000000
15318  -50.708  -33.397  11.668 0.0000000000
17683  -56.529  -22.547  18.095 0.0000000000
12790  -47.859  -40.697  21.886 0.0000000000
13036  -46.300  -40.121  20.045 0.0000000000
16950  -60.157  -26.674  17.920 0.0000000000
16952  -61.683  -24.657  13.948 0.0000000000
11710  -57.669  -45.154  31.183 0.0000000000
11239  -59.105  -47.876  27.607 0.0000000000
11500  -59.028  -46.474  26.585 0.0000000000
12227  -59.476  -43.291  25.288 0.0000000000
12233  -60.702  -45.051  19.155 0.0000000000
12808  -60.919  -41.608  17.368 0.0000000000
14521  -59.351  -34.485  15.488 0.0000000000
12766  -52.904  -44.912  30.160 0.0000000000
18716  -57.493  -17.532  19.174 0.0000000000
17197  -59.430  -25.065  17.771 0.0000000000
17434  -60.440  -22.351  14.819 0.0000000000
10332  -59.095  -50.633  28.610 0.0000000000
16700  -55.330  -28.271  18.077 0.0000000000
12807  -61.051  -42.011  18.000 0.0000000000
12444  -54.534  -43.406  31.336 0.0000000000
16404  -54.587  -30.750  16.024 0.0000000000
16409  -61.214  -27.811  12.889 0.0000000000
11985  -58.530  -43.671  26.195 0.0000000000
