#!ascii label  , from subject Yale_0050554 vox2ras=TkReg
121
28719  -33.046  23.267  22.855 0.0000000000
28943  -37.190  21.938  19.043 0.0000000000
29747  -40.989  26.360  15.818 0.0000000000
27964  -37.458  18.445  14.996 0.0000000000
28143  -31.674  17.809  21.027 0.0000000000
29139  -28.702  23.901  26.571 0.0000000000
28154  -42.127  20.046  16.691 0.0000000000
28529  -40.051  21.676  19.240 0.0000000000
28941  -34.621  22.929  19.780 0.0000000000
28340  -33.130  20.692  19.526 0.0000000000
28337  -31.712  20.185  20.996 0.0000000000
28140  -29.418  18.825  23.379 0.0000000000
28514  -30.075  21.971  24.105 0.0000000000
29146  -32.348  23.870  24.263 0.0000000000
28944  -39.269  22.116  20.148 0.0000000000
29335  -42.978  23.767  16.441 0.0000000000
28959  -38.213  22.791  15.802 0.0000000000
29323  -35.649  24.619  18.729 0.0000000000
29322  -34.229  25.196  20.713 0.0000000000
27740  -40.527  14.602  17.596 0.0000000000
27736  -35.878  14.786  19.202 0.0000000000
28533  -36.896  21.769  17.306 0.0000000000
27955  -34.324  17.913  18.108 0.0000000000
27949  -33.518  16.490  20.934 0.0000000000
28728  -39.463  23.141  21.587 0.0000000000
28942  -34.151  23.412  21.340 0.0000000000
28521  -32.887  21.715  20.636 0.0000000000
28519  -31.254  22.091  22.682 0.0000000000
28715  -31.839  23.095  24.030 0.0000000000
28716  -31.064  23.201  24.767 0.0000000000
29748  -42.206  25.927  16.001 0.0000000000
29542  -40.729  24.951  15.683 0.0000000000
29333  -37.295  24.478  16.938 0.0000000000
29541  -38.307  25.658  16.467 0.0000000000
29537  -36.543  26.343  17.566 0.0000000000
27967  -40.922  19.285  15.176 0.0000000000
27752  -42.155  17.520  15.823 0.0000000000
27745  -40.283  15.777  15.974 0.0000000000
27741  -38.951  14.822  16.879 0.0000000000
27739  -37.187  14.929  17.219 0.0000000000
28948  -38.761  21.820  18.539 0.0000000000
28532  -37.720  21.863  19.656 0.0000000000
28535  -35.981  21.720  18.271 0.0000000000
28144  -32.107  18.985  20.254 0.0000000000
28147  -33.211  19.254  18.797 0.0000000000
28148  -33.296  18.253  18.843 0.0000000000
27953  -34.876  16.324  18.887 0.0000000000
27946  -32.445  16.682  21.843 0.0000000000
27945  -31.215  16.535  23.662 0.0000000000
28139  -30.850  17.547  22.418 0.0000000000
29511  -32.830  25.895  21.503 0.0000000000
28345  -40.868  21.129  16.927 0.0000000000
28352  -39.071  20.193  14.858 0.0000000000
28727  -35.397  22.294  18.920 0.0000000000
28528  -34.463  21.993  19.096 0.0000000000
28141  -30.909  18.809  21.710 0.0000000000
28332  -29.602  20.477  23.937 0.0000000000
28330  -28.965  20.767  24.518 0.0000000000
28929  -30.495  24.040  25.724 0.0000000000
29330  -42.680  22.760  16.878 0.0000000000
28953  -39.199  21.769  16.280 0.0000000000
28973  -40.851  22.476  15.113 0.0000000000
28957  -38.055  22.617  16.719 0.0000000000
28958  -36.833  23.424  17.317 0.0000000000
28947  -35.617  22.937  18.466 0.0000000000
29158  -34.940  23.811  19.926 0.0000000000
29525  -35.334  25.891  18.789 0.0000000000
29526  -34.714  26.510  18.942 0.0000000000
27730  -35.635  14.208  21.110 0.0000000000
28353  -38.544  21.612  16.632 0.0000000000
28350  -36.918  20.387  15.632 0.0000000000
28343  -35.089  20.847  17.737 0.0000000000
28150  -35.941  19.773  16.468 0.0000000000
27958  -35.373  18.135  16.605 0.0000000000
27954  -35.756  15.891  17.517 0.0000000000
27950  -34.558  15.725  20.366 0.0000000000
27944  -33.952  15.169  22.102 0.0000000000
28137  -29.778  17.195  23.874 0.0000000000
29310  -32.538  24.696  23.676 0.0000000000
29497  -31.097  25.491  24.008 0.0000000000
29155  -33.839  24.072  22.372 0.0000000000
29738  -39.325  26.716  16.249 0.0000000000
29987  -40.474  27.799  15.722 0.0000000000
27966  -38.918  18.745  14.658 0.0000000000
27750  -39.743  17.385  14.985 0.0000000000
27746  -38.072  15.959  15.886 0.0000000000
27959  -36.371  16.615  16.276 0.0000000000
27951  -32.993  17.609  19.781 0.0000000000
28347  -40.767  21.352  18.030 0.0000000000
28155  -40.361  20.662  15.734 0.0000000000
28722  -33.700  22.577  20.929 0.0000000000
28335  -30.142  20.367  22.958 0.0000000000
29538  -43.316  25.788  17.443 0.0000000000
29329  -42.915  23.920  17.501 0.0000000000
28960  -41.269  21.557  16.407 0.0000000000
29167  -39.966  23.113  15.091 0.0000000000
29337  -42.170  24.005  15.782 0.0000000000
28966  -39.806  22.071  15.229 0.0000000000
28950  -36.853  22.613  17.390 0.0000000000
29985  -38.308  27.715  16.690 0.0000000000
27961  -43.097  18.715  16.642 0.0000000000
27747  -41.906  16.015  16.366 0.0000000000
29159  -40.433  23.164  21.066 0.0000000000
28351  -38.108  20.963  15.333 0.0000000000
28344  -36.653  21.092  16.242 0.0000000000
28527  -34.542  21.725  18.456 0.0000000000
28149  -34.651  19.275  17.372 0.0000000000
27943  -32.886  15.566  23.235 0.0000000000
28531  -40.754  22.895  20.948 0.0000000000
29334  -38.866  24.044  15.627 0.0000000000
28156  -41.880  19.045  15.637 0.0000000000
28711  -28.815  22.496  25.656 0.0000000000
28346  -42.458  21.250  18.046 0.0000000000
28946  -37.031  22.446  18.277 0.0000000000
29162  -41.560  22.382  18.415 0.0000000000
28952  -40.301  21.597  18.714 0.0000000000
28967  -41.583  22.102  15.585 0.0000000000
28951  -38.180  21.960  17.258 0.0000000000
27751  -43.424  17.103  17.286 0.0000000000
28157  -37.607  19.905  14.785 0.0000000000
27963  -36.266  18.930  15.642 0.0000000000
