#!ascii label  , from subject Yale_0050564 vox2ras=TkReg
447
30355  -2.825  57.258  -3.108 0.0000000000
28026  -6.570  47.104  -17.372 0.0000000000
28616  -4.022  48.353  -1.967 0.0000000000
29741  -10.941  54.978  -11.349 0.0000000000
28626  -1.514  53.236  -10.250 0.0000000000
28905  -10.885  51.170  -2.622 0.0000000000
28456  -8.371  48.754  7.420 0.0000000000
27093  -6.648  39.425  6.359 0.0000000000
30056  -7.010  56.231  -8.564 0.0000000000
29043  -12.006  52.412  -8.522 0.0000000000
29888  -9.738  55.200  -3.142 0.0000000000
27390  -3.724  43.425  -19.853 0.0000000000
28477  -3.493  49.481  -5.521 0.0000000000
27971  -6.098  45.228  -4.581 0.0000000000
27123  -10.235  42.274  0.006 0.0000000000
30011  -7.766  56.037  4.591 0.0000000000
26494  -3.500  39.836  15.075 0.0000000000
27304  -1.583  41.986  9.990 0.0000000000
26278  -3.018  35.363  10.797 0.0000000000
29077  -6.090  50.211  -18.874 0.0000000000
27845  -5.052  44.487  -20.797 0.0000000000
26951  -4.193  41.002  -21.507 0.0000000000
28639  -9.162  49.521  -15.001 0.0000000000
28491  -4.182  50.988  -14.987 0.0000000000
28783  -9.649  51.495  -11.945 0.0000000000
28771  -8.406  51.776  -5.938 0.0000000000
29034  -3.388  52.882  -1.959 0.0000000000
29402  -3.788  52.876  -14.391 0.0000000000
29876  -12.651  56.434  0.708 0.0000000000
29023  -6.169  54.951  3.139 0.0000000000
28610  -2.425  49.484  3.908 0.0000000000
28285  -4.075  47.768  9.266 0.0000000000
27947  -3.546  44.460  4.735 0.0000000000
27766  -8.702  43.987  2.149 0.0000000000
26294  -11.910  37.749  5.214 0.0000000000
30218  -4.079  56.391  -6.320 0.0000000000
30053  -6.692  55.771  -6.443 0.0000000000
30202  -4.912  55.562  -2.442 0.0000000000
30228  -3.460  58.684  -9.212 0.0000000000
27626  -3.432  45.731  -19.063 0.0000000000
28020  -3.129  48.170  -17.819 0.0000000000
28475  -3.922  48.675  -4.038 0.0000000000
28163  -6.248  47.367  -5.904 0.0000000000
28140  -8.708  46.137  -3.147 0.0000000000
27563  -9.007  43.765  -1.732 0.0000000000
27957  -10.504  45.346  -1.183 0.0000000000
26123  -2.313  36.537  15.779 0.0000000000
26276  -2.001  36.911  12.367 0.0000000000
28657  -8.188  48.685  -18.920 0.0000000000
28370  -5.776  47.323  -20.018 0.0000000000
27631  -6.663  45.176  -18.981 0.0000000000
27392  -5.684  43.068  -19.650 0.0000000000
28922  -10.443  51.669  -13.827 0.0000000000
28784  -10.483  51.181  -12.764 0.0000000000
29055  -11.217  52.578  -12.591 0.0000000000
28908  -12.107  51.784  -4.664 0.0000000000
28910  -10.239  51.157  -7.029 0.0000000000
28901  -9.487  51.227  -4.267 0.0000000000
28767  -4.883  53.225  -4.810 0.0000000000
28900  -6.674  53.046  -2.681 0.0000000000
29913  -8.404  56.208  -12.172 0.0000000000
29746  -3.856  55.007  -12.706 0.0000000000
29749  -8.296  54.690  -12.933 0.0000000000
29227  -7.139  51.603  -15.202 0.0000000000
28492  -2.863  52.851  -13.162 0.0000000000
28329  -1.242  51.294  -11.262 0.0000000000
29326  -9.838  54.150  7.180 0.0000000000
29334  -10.049  55.190  3.513 0.0000000000
28892  -6.033  53.477  5.430 0.0000000000
28752  -2.695  52.173  4.000 0.0000000000
28605  -4.808  50.111  6.807 0.0000000000
28105  -2.255  45.236  13.400 0.0000000000
27087  -4.109  39.504  6.400 0.0000000000
27538  -2.179  42.072  6.915 0.0000000000
27540  -3.360  41.649  4.986 0.0000000000
27953  -5.245  43.763  3.002 0.0000000000
27319  -8.927  41.187  4.655 0.0000000000
27104  -10.670  41.518  4.230 0.0000000000
26896  -10.084  39.435  6.369 0.0000000000
29907  -9.293  55.807  -10.328 0.0000000000
29388  -11.881  54.051  -11.179 0.0000000000
29737  -10.871  54.587  -8.268 0.0000000000
29526  -11.474  53.593  -4.796 0.0000000000
29178  -12.461  53.040  -3.693 0.0000000000
30237  -5.558  58.148  -10.953 0.0000000000
28481  -1.672  51.948  -7.266 0.0000000000
28173  -3.115  48.946  -8.514 0.0000000000
28169  -4.774  48.322  -6.465 0.0000000000
27558  -7.395  43.333  -1.427 0.0000000000
29486  -6.971  53.769  7.227 0.0000000000
28881  -8.462  50.351  8.791 0.0000000000
27529  -4.423  42.698  13.195 0.0000000000
26671  -2.565  40.004  12.945 0.0000000000
26682  -1.790  38.570  9.541 0.0000000000
26685  -5.048  36.465  7.473 0.0000000000
26695  -8.418  36.954  7.554 0.0000000000
26282  -7.836  34.833  9.154 0.0000000000
27639  -5.031  42.907  -20.983 0.0000000000
26952  -4.342  41.451  -20.473 0.0000000000
28346  -7.876  47.965  -15.642 0.0000000000
28344  -4.879  49.899  -16.040 0.0000000000
28496  -7.941  48.529  -14.217 0.0000000000
28630  -6.365  52.426  -12.566 0.0000000000
28777  -4.588  54.100  -10.257 0.0000000000
28917  -11.026  51.899  -9.523 0.0000000000
28912  -8.894  51.945  -8.045 0.0000000000
28913  -4.678  53.880  -7.781 0.0000000000
28622  -2.800  52.845  -5.574 0.0000000000
28620  -2.643  52.263  -4.578 0.0000000000
28759  -1.770  50.339  -1.707 0.0000000000
29408  -1.876  53.254  -16.022 0.0000000000
29076  -6.569  50.797  -16.904 0.0000000000
28926  -7.793  49.800  -17.050 0.0000000000
30501  -3.024  57.624  -0.225 0.0000000000
30201  -5.878  56.271  -0.431 0.0000000000
29880  -11.281  56.624  -1.442 0.0000000000
29164  -13.113  54.766  0.239 0.0000000000
30026  -9.483  56.746  2.319 0.0000000000
29342  -10.927  55.535  1.961 0.0000000000
29031  -9.573  53.923  -0.181 0.0000000000
29025  -5.146  54.615  0.644 0.0000000000
28897  -2.515  51.909  1.564 0.0000000000
28614  -2.914  48.525  1.131 0.0000000000
28736  -4.077  49.823  9.392 0.0000000000
28445  -7.849  48.173  8.572 0.0000000000
27752  -1.681  44.206  9.498 0.0000000000
28118  -4.104  47.011  7.879 0.0000000000
28289  -6.317  47.230  7.048 0.0000000000
28294  -3.179  46.465  4.819 0.0000000000
28300  -4.449  45.182  1.928 0.0000000000
28130  -9.195  45.681  0.766 0.0000000000
27322  -10.993  43.384  1.548 0.0000000000
26907  -11.040  40.385  2.038 0.0000000000
26132  -11.664  36.282  6.858 0.0000000000
30213  -2.983  56.851  -4.149 0.0000000000
30203  -4.114  55.819  -4.159 0.0000000000
30204  -3.544  56.038  -2.842 0.0000000000
30356  -2.856  58.417  -4.503 0.0000000000
30220  -2.381  57.841  -5.608 0.0000000000
28474  -5.829  47.776  -3.086 0.0000000000
28308  -9.297  46.460  -1.703 0.0000000000
28472  -7.555  47.400  -1.166 0.0000000000
25939  -2.900  34.540  14.125 0.0000000000
28353  -8.506  47.567  -18.069 0.0000000000
28027  -8.202  46.873  -18.883 0.0000000000
28028  -7.743  46.569  -18.043 0.0000000000
29393  -10.018  53.986  -13.052 0.0000000000
29390  -11.290  53.882  -12.482 0.0000000000
28907  -11.895  51.309  -2.956 0.0000000000
28906  -11.059  50.931  -4.641 0.0000000000
28902  -9.508  51.768  -2.158 0.0000000000
29908  -9.637  55.724  -11.570 0.0000000000
28627  -2.758  53.598  -11.786 0.0000000000
28487  -1.613  52.705  -12.171 0.0000000000
28486  -1.318  52.218  -9.688 0.0000000000
28739  -9.822  49.567  7.918 0.0000000000
29008  -9.746  52.856  6.528 0.0000000000
28741  -8.981  50.964  6.963 0.0000000000
28750  -4.680  52.076  6.067 0.0000000000
28600  -7.048  50.328  7.070 0.0000000000
27316  -4.393  40.153  5.598 0.0000000000
27539  -5.076  40.581  4.729 0.0000000000
27758  -5.332  41.964  3.850 0.0000000000
27317  -6.955  40.648  4.732 0.0000000000
27094  -8.649  39.640  6.219 0.0000000000
29904  -9.473  55.182  -7.318 0.0000000000
29893  -8.207  55.067  -4.625 0.0000000000
29723  -10.538  54.303  -5.824 0.0000000000
29719  -10.399  54.513  -4.044 0.0000000000
29527  -11.629  54.434  -3.147 0.0000000000
30227  -5.231  57.988  -10.022 0.0000000000
27180  -1.648  42.809  -20.302 0.0000000000
28480  -2.660  50.865  -6.017 0.0000000000
28326  -2.878  49.890  -6.702 0.0000000000
28145  -7.230  46.696  -5.024 0.0000000000
27972  -6.951  45.723  -4.894 0.0000000000
27565  -4.840  44.402  -2.194 0.0000000000
27783  -5.902  44.826  -3.209 0.0000000000
27553  -10.193  44.445  -1.478 0.0000000000
29660  -4.843  54.034  7.216 0.0000000000
29324  -6.462  52.697  7.864 0.0000000000
29005  -6.249  51.331  8.585 0.0000000000
26877  -4.344  41.503  13.766 0.0000000000
26670  -3.178  40.261  13.957 0.0000000000
26669  -1.657  38.118  11.793 0.0000000000
26500  -2.116  37.433  10.200 0.0000000000
26681  -3.915  36.736  8.141 0.0000000000
26499  -4.340  35.093  9.221 0.0000000000
26502  -6.039  35.560  8.132 0.0000000000
26129  -6.343  34.130  9.531 0.0000000000
29237  -2.850  51.218  -18.134 0.0000000000
28952  -2.803  50.198  -19.145 0.0000000000
27842  -6.433  45.384  -19.743 0.0000000000
28223  -4.775  46.326  -20.514 0.0000000000
27846  -3.403  44.328  -22.022 0.0000000000
27181  -4.502  42.497  -19.747 0.0000000000
26948  -2.482  41.825  -20.798 0.0000000000
28635  -9.645  49.485  -13.788 0.0000000000
28632  -8.411  51.331  -12.342 0.0000000000
28778  -7.982  52.530  -11.552 0.0000000000
28776  -5.300  53.633  -11.627 0.0000000000
29207  -11.950  53.555  -9.187 0.0000000000
29052  -11.556  52.995  -10.798 0.0000000000
28915  -10.595  51.372  -8.500 0.0000000000
28914  -6.210  53.543  -8.543 0.0000000000
28770  -6.095  53.158  -6.717 0.0000000000
28769  -3.733  53.537  -6.388 0.0000000000
28766  -4.442  53.472  -5.763 0.0000000000
28762  -3.314  53.329  -4.121 0.0000000000
28763  -3.432  53.227  -4.633 0.0000000000
28761  -2.707  52.238  -3.037 0.0000000000
28760  -1.879  50.524  -3.171 0.0000000000
25933  -3.922  36.254  19.668 0.0000000000
29745  -5.113  53.786  -13.021 0.0000000000
29747  -2.034  55.355  -13.862 0.0000000000
29557  -2.119  53.874  -14.944 0.0000000000
29556  -1.088  54.649  -16.188 0.0000000000
29401  -3.783  52.051  -16.152 0.0000000000
29395  -5.817  51.922  -15.086 0.0000000000
29066  -8.886  51.202  -14.704 0.0000000000
28925  -7.938  50.187  -16.014 0.0000000000
28509  -8.309  48.798  -16.898 0.0000000000
28341  -2.780  50.034  -16.597 0.0000000000
28489  -2.377  51.272  -14.985 0.0000000000
27595  -2.906  45.740  -11.654 0.0000000000
30500  -4.386  57.347  0.742 0.0000000000
30348  -4.008  56.493  -0.431 0.0000000000
30349  -6.387  57.198  0.460 0.0000000000
30033  -12.122  57.479  -0.412 0.0000000000
29702  -13.255  55.827  -0.488 0.0000000000
30178  -6.678  56.912  3.549 0.0000000000
30188  -7.785  57.903  2.731 0.0000000000
30181  -8.147  56.712  3.307 0.0000000000
29154  -9.382  54.928  2.865 0.0000000000
29029  -10.170  54.745  1.268 0.0000000000
29026  -6.780  55.110  1.393 0.0000000000
29028  -6.686  54.350  -0.576 0.0000000000
29022  -4.967  54.923  2.487 0.0000000000
28611  -2.512  50.339  2.577 0.0000000000
28756  -2.172  49.905  -0.041 0.0000000000
28428  -1.991  47.456  10.998 0.0000000000
28578  -2.889  48.987  10.006 0.0000000000
28435  -5.488  48.629  8.968 0.0000000000
28286  -5.568  47.556  8.074 0.0000000000
27079  -2.288  41.796  11.352 0.0000000000
27528  -2.664  43.058  11.664 0.0000000000
27534  -1.540  42.681  8.895 0.0000000000
27756  -2.322  43.429  5.783 0.0000000000
27944  -2.905  45.385  6.906 0.0000000000
27945  -3.091  44.384  5.445 0.0000000000
28117  -4.731  46.196  6.510 0.0000000000
28122  -3.932  45.520  5.284 0.0000000000
28460  -4.659  47.070  6.278 0.0000000000
28126  -3.943  44.744  2.817 0.0000000000
28303  -5.627  45.433  1.288 0.0000000000
28470  -6.137  46.583  0.818 0.0000000000
27765  -10.453  43.630  2.070 0.0000000000
26698  -11.589  38.927  5.621 0.0000000000
26707  -11.597  39.872  3.793 0.0000000000
26307  -11.122  38.295  3.776 0.0000000000
26504  -8.708  35.701  8.366 0.0000000000
26284  -10.510  36.650  7.575 0.0000000000
27411  -3.268  41.355  -22.304 0.0000000000
30054  -5.462  55.582  -4.881 0.0000000000
30046  -7.334  55.407  -2.803 0.0000000000
30221  -2.282  58.417  -7.418 0.0000000000
30219  -2.850  57.453  -7.249 0.0000000000
27391  -2.037  44.336  -19.789 0.0000000000
28015  -1.797  46.975  -18.390 0.0000000000
28476  -4.068  48.904  -4.977 0.0000000000
28321  -5.912  47.741  -4.837 0.0000000000
27776  -8.350  45.083  -3.310 0.0000000000
27118  -11.158  42.799  0.806 0.0000000000
26266  -3.202  38.083  17.045 0.0000000000
26271  -2.504  38.041  15.140 0.0000000000
26124  -2.400  35.587  13.533 0.0000000000
26127  -3.415  34.515  11.508 0.0000000000
28929  -7.768  49.720  -18.660 0.0000000000
28671  -4.838  49.174  -19.668 0.0000000000
28672  -7.174  48.900  -19.634 0.0000000000
28371  -7.698  47.617  -19.613 0.0000000000
27630  -5.789  44.874  -18.961 0.0000000000
28918  -10.572  52.220  -11.264 0.0000000000
28911  -11.406  51.360  -7.499 0.0000000000
28768  -6.698  52.687  -5.140 0.0000000000
28903  -4.732  53.585  -2.560 0.0000000000
30077  -5.120  57.588  -11.671 0.0000000000
29928  -3.807  56.218  -12.119 0.0000000000
29916  -6.760  56.388  -12.072 0.0000000000
29748  -5.975  55.293  -12.313 0.0000000000
29394  -7.549  52.785  -13.923 0.0000000000
28488  -1.806  52.221  -13.471 0.0000000000
29674  -9.770  55.539  5.640 0.0000000000
30014  -8.927  56.133  4.036 0.0000000000
29327  -10.075  54.470  5.997 0.0000000000
29015  -8.751  53.969  4.957 0.0000000000
29016  -6.222  54.502  4.260 0.0000000000
29018  -4.378  54.226  3.812 0.0000000000
28894  -3.796  52.873  4.997 0.0000000000
28749  -3.324  51.182  5.710 0.0000000000
28607  -2.776  50.100  5.409 0.0000000000
28277  -1.717  46.167  12.020 0.0000000000
27083  -2.194  40.706  7.750 0.0000000000
27315  -3.119  40.648  6.293 0.0000000000
27759  -3.562  42.830  4.127 0.0000000000
27948  -3.714  44.558  3.923 0.0000000000
27761  -4.516  43.158  3.669 0.0000000000
27763  -7.406  42.854  3.341 0.0000000000
29179  -11.979  52.669  -6.177 0.0000000000
29036  -12.880  52.353  -2.454 0.0000000000
28625  -1.793  53.257  -7.868 0.0000000000
28483  -1.407  51.887  -8.043 0.0000000000
28325  -2.305  50.148  -7.584 0.0000000000
29857  -7.404  55.409  5.915 0.0000000000
29325  -8.681  53.411  7.786 0.0000000000
28883  -9.606  50.866  8.342 0.0000000000
27069  -3.632  41.919  12.859 0.0000000000
26878  -1.900  40.433  11.223 0.0000000000
26495  -2.224  38.662  13.638 0.0000000000
26677  -1.683  38.998  11.308 0.0000000000
26880  -1.857  39.652  8.914 0.0000000000
26887  -3.237  38.648  7.469 0.0000000000
27086  -4.778  38.671  6.633 0.0000000000
26892  -7.460  38.139  7.190 0.0000000000
26686  -6.545  36.641  7.354 0.0000000000
27647  -2.644  42.500  -22.763 0.0000000000
26950  -2.952  40.730  -21.969 0.0000000000
28206  -7.984  47.606  -16.827 0.0000000000
28201  -5.465  48.460  -17.000 0.0000000000
28345  -6.562  48.735  -15.883 0.0000000000
28494  -6.436  49.934  -14.136 0.0000000000
28633  -9.339  49.608  -12.868 0.0000000000
28631  -8.361  49.819  -12.789 0.0000000000
28493  -5.066  51.803  -13.715 0.0000000000
28628  -4.243  53.207  -12.641 0.0000000000
28775  -3.439  54.206  -9.161 0.0000000000
28780  -9.476  52.156  -10.526 0.0000000000
28779  -6.773  53.367  -10.352 0.0000000000
28774  -2.507  53.871  -7.909 0.0000000000
28621  -3.364  53.046  -5.143 0.0000000000
28619  -2.821  50.932  -5.256 0.0000000000
28618  -2.764  50.104  -4.570 0.0000000000
28758  -2.228  49.509  -2.833 0.0000000000
26489  -4.072  39.144  16.320 0.0000000000
25769  -2.562  35.486  18.776 0.0000000000
30353  -3.107  56.660  -1.521 0.0000000000
28343  -4.013  49.345  -17.038 0.0000000000
28194  -1.411  48.683  -17.319 0.0000000000
28328  -1.753  50.693  -9.386 0.0000000000
30205  -9.250  56.862  -1.127 0.0000000000
30043  -8.641  55.802  -2.222 0.0000000000
29520  -12.759  54.681  -1.924 0.0000000000
29167  -13.339  54.258  -1.162 0.0000000000
29033  -11.755  52.167  -1.203 0.0000000000
30029  -10.660  58.175  1.048 0.0000000000
29160  -12.209  54.060  0.283 0.0000000000
29030  -8.793  53.072  -1.118 0.0000000000
29027  -4.125  53.694  -0.681 0.0000000000
29021  -3.431  53.565  1.803 0.0000000000
28898  -2.665  51.900  -0.536 0.0000000000
28755  -2.447  48.851  -0.655 0.0000000000
28615  -4.896  47.655  0.335 0.0000000000
29003  -3.069  50.821  9.802 0.0000000000
29004  -4.819  51.007  8.935 0.0000000000
28737  -6.643  49.650  8.933 0.0000000000
28587  -9.041  48.845  8.619 0.0000000000
28451  -8.935  48.135  7.914 0.0000000000
27937  -3.096  43.824  12.780 0.0000000000
27938  -2.306  45.041  10.945 0.0000000000
28112  -3.087  46.754  8.965 0.0000000000
27754  -1.869  44.321  7.342 0.0000000000
27940  -2.040  45.492  8.403 0.0000000000
28288  -7.702  47.522  8.011 0.0000000000
28461  -5.851  48.590  7.116 0.0000000000
28464  -3.913  48.081  6.335 0.0000000000
28465  -2.671  47.546  4.155 0.0000000000
28297  -3.038  46.087  3.253 0.0000000000
28467  -3.102  47.594  2.270 0.0000000000
28613  -4.416  47.296  1.116 0.0000000000
28471  -7.692  47.213  -0.371 0.0000000000
27955  -10.344  45.687  -0.147 0.0000000000
26706  -9.813  39.542  2.148 0.0000000000
26697  -11.103  38.867  6.314 0.0000000000
27775  -7.248  44.392  -2.816 0.0000000000
29322  -3.772  52.797  8.509 0.0000000000
26672  -4.605  40.790  14.632 0.0000000000
28904  -3.655  53.243  -3.106 0.0000000000
30661  -5.110  58.230  1.606 0.0000000000
30032  -12.084  57.741  0.164 0.0000000000
28128  -5.921  44.229  2.254 0.0000000000
30217  -2.924  56.738  -5.300 0.0000000000
25943  -4.012  33.392  12.164 0.0000000000
28333  -1.115  51.350  -12.987 0.0000000000
28891  -8.740  52.827  6.090 0.0000000000
29149  -9.700  54.001  5.391 0.0000000000
30364  -2.735  60.239  -8.678 0.0000000000
30373  -3.348  60.021  -10.014 0.0000000000
26944  -1.391  41.584  -16.029 0.0000000000
28162  -5.855  46.837  -6.436 0.0000000000
29855  -5.322  55.001  5.867 0.0000000000
29670  -6.332  54.470  6.506 0.0000000000
29671  -8.874  55.077  6.851 0.0000000000
29145  -8.241  51.693  8.314 0.0000000000
26888  -4.727  37.682  6.914 0.0000000000
26891  -5.894  37.770  6.859 0.0000000000
28629  -7.256  50.735  -12.986 0.0000000000
26267  -5.678  38.424  17.207 0.0000000000
26121  -4.516  37.627  18.235 0.0000000000
25934  -3.111  36.871  18.684 0.0000000000
27596  -2.777  45.060  -13.481 0.0000000000
30350  -8.677  58.072  -0.098 0.0000000000
30351  -10.563  58.391  -0.490 0.0000000000
30189  -9.157  57.934  2.094 0.0000000000
29159  -11.186  54.165  0.481 0.0000000000
29032  -10.826  53.324  -0.347 0.0000000000
28880  -2.609  49.965  9.970 0.0000000000
27749  -5.484  43.292  13.626 0.0000000000
27943  -1.864  45.105  7.377 0.0000000000
28115  -2.818  46.253  7.851 0.0000000000
28466  -2.699  48.377  5.010 0.0000000000
28469  -4.493  46.317  1.241 0.0000000000
25949  -11.595  35.481  6.298 0.0000000000
25771  -2.141  35.406  16.964 0.0000000000
25940  -2.317  35.283  15.561 0.0000000000
29006  -9.991  52.103  7.388 0.0000000000
28747  -6.649  52.218  6.361 0.0000000000
27566  -4.278  45.395  -3.814 0.0000000000
27122  -8.289  41.297  0.399 0.0000000000
28338  -1.310  50.204  -15.997 0.0000000000
28570  -1.522  48.374  11.559 0.0000000000
30226  -2.711  58.404  -8.302 0.0000000000
27621  -1.641  45.274  -18.924 0.0000000000
26126  -4.933  33.545  10.539 0.0000000000
28947  -6.546  49.639  -19.526 0.0000000000
29553  -5.581  52.614  -13.889 0.0000000000
28490  -3.244  52.032  -14.267 0.0000000000
29856  -8.621  55.811  5.985 0.0000000000
28425  -1.295  47.097  12.795 0.0000000000
28278  -2.744  46.832  10.203 0.0000000000
27080  -1.683  40.843  9.728 0.0000000000
27760  -2.952  43.241  4.672 0.0000000000
26561  -2.216  39.615  -22.895 0.0000000000
28623  -2.261  53.228  -6.588 0.0000000000
25935  -2.332  36.396  17.765 0.0000000000
29926  -2.716  56.378  -12.604 0.0000000000
30505  -2.403  57.942  -1.864 0.0000000000
28178  -2.231  49.199  -10.345 0.0000000000
