#!ascii label  , from subject Yale_0050564 vox2ras=TkReg
718
7373  -42.531  -40.547  -21.378 0.0000000000
12480  -47.878  -24.143  -26.898 0.0000000000
5824  -42.926  -46.318  -15.226 0.0000000000
8365  -44.886  -38.250  -12.507 0.0000000000
11238  -52.966  -27.271  -23.233 0.0000000000
32135  -57.053  -17.144  -31.349 0.0000000000
14883  -48.729  -14.005  -27.995 0.0000000000
17006  -53.514  -3.069  -35.463 0.0000000000
19984  -47.720  6.067  -47.641 0.0000000000
7602  -55.143  -44.902  -26.562 0.0000000000
9881  -49.938  -32.672  -30.731 0.0000000000
6888  -44.113  -43.857  -11.026 0.0000000000
15129  -54.851  -10.577  -29.075 0.0000000000
15848  -56.341  -8.264  -33.791 0.0000000000
16390  -50.557  -5.294  -30.691 0.0000000000
20175  -46.592  6.867  -40.021 0.0000000000
21174  -47.553  14.883  -45.394 0.0000000000
8718  -54.983  -39.350  -17.302 0.0000000000
9265  -60.159  -34.980  -22.397 0.0000000000
11692  -49.280  -27.480  -25.423 0.0000000000
9856  -49.752  -32.806  -20.556 0.0000000000
16405  -47.017  -10.396  -35.442 0.0000000000
7148  -39.064  -44.349  -14.400 0.0000000000
8092  -40.437  -39.250  -12.198 0.0000000000
9250  -41.431  -35.434  -16.078 0.0000000000
12246  -59.551  -25.323  -31.040 0.0000000000
12768  -53.238  -23.157  -29.326 0.0000000000
13017  -49.823  -21.121  -27.727 0.0000000000
15134  -53.505  -16.040  -31.859 0.0000000000
15558  -52.094  -10.361  -35.534 0.0000000000
17314  -49.780  -2.771  -39.844 0.0000000000
17998  -46.668  0.280  -33.548 0.0000000000
32272  -48.138  1.053  -41.030 0.0000000000
19302  -43.854  0.162  -42.299 0.0000000000
20907  -42.144  14.131  -51.976 0.0000000000
19790  -40.341  4.067  -49.376 0.0000000000
8398  -49.222  -42.492  -17.657 0.0000000000
8720  -45.854  -38.552  -23.314 0.0000000000
9275  -56.122  -34.764  -25.298 0.0000000000
8729  -51.605  -36.643  -27.161 0.0000000000
15836  -52.375  -7.282  -30.541 0.0000000000
16384  -48.557  -5.107  -28.585 0.0000000000
20623  -47.280  11.914  -41.032 0.0000000000
7165  -42.531  -42.629  -19.008 0.0000000000
10123  -59.240  -31.873  -19.873 0.0000000000
11948  -48.889  -26.166  -25.667 0.0000000000
11441  -47.018  -26.343  -21.957 0.0000000000
11943  -45.747  -24.662  -22.320 0.0000000000
11946  -42.364  -23.725  -23.158 0.0000000000
12479  -43.512  -23.204  -26.135 0.0000000000
6647  -40.902  -46.320  -12.793 0.0000000000
8093  -44.602  -39.379  -11.536 0.0000000000
7558  -40.524  -40.384  -10.427 0.0000000000
8364  -42.509  -37.467  -11.446 0.0000000000
8973  -40.987  -36.253  -13.416 0.0000000000
9228  -42.887  -36.141  -13.255 0.0000000000
13292  -58.231  -17.069  -29.520 0.0000000000
13055  -58.903  -19.656  -31.619 0.0000000000
12511  -56.508  -24.822  -32.386 0.0000000000
13054  -56.774  -19.799  -31.930 0.0000000000
13282  -53.461  -20.073  -28.437 0.0000000000
32136  -55.309  -16.855  -31.539 0.0000000000
16124  -55.771  -6.224  -35.007 0.0000000000
15559  -54.138  -9.554  -35.897 0.0000000000
16427  -54.382  -6.440  -36.923 0.0000000000
16718  -50.255  -5.304  -38.060 0.0000000000
17318  -50.689  -1.504  -39.044 0.0000000000
18492  -46.214  1.205  -32.020 0.0000000000
19480  -46.552  3.471  -34.674 0.0000000000
20188  -50.046  6.874  -45.202 0.0000000000
19976  -47.927  4.586  -40.319 0.0000000000
19780  -49.180  3.440  -43.144 0.0000000000
19531  -46.762  1.158  -42.742 0.0000000000
19535  -45.756  2.662  -44.889 0.0000000000
5362  -41.146  -48.354  -16.495 0.0000000000
8124  -55.338  -41.198  -21.455 0.0000000000
8120  -52.245  -42.758  -19.053 0.0000000000
7855  -51.058  -44.362  -22.314 0.0000000000
8407  -47.350  -40.971  -19.594 0.0000000000
7859  -49.951  -42.675  -24.304 0.0000000000
10141  -58.445  -30.440  -24.633 0.0000000000
10133  -55.077  -30.631  -23.750 0.0000000000
9855  -49.178  -31.945  -23.963 0.0000000000
9002  -51.527  -35.259  -25.195 0.0000000000
9272  -50.969  -34.570  -26.899 0.0000000000
9000  -47.620  -36.978  -26.685 0.0000000000
13272  -49.928  -19.567  -26.171 0.0000000000
13023  -49.017  -19.900  -28.618 0.0000000000
6367  -44.552  -46.730  -11.866 0.0000000000
15130  -56.919  -12.689  -29.857 0.0000000000
15351  -56.744  -13.220  -32.355 0.0000000000
15343  -56.923  -10.659  -30.771 0.0000000000
16117  -53.880  -6.156  -32.484 0.0000000000
16993  -51.969  -2.721  -32.940 0.0000000000
20153  -46.981  7.076  -37.074 0.0000000000
20395  -47.191  9.874  -40.505 0.0000000000
20628  -48.844  9.858  -43.464 0.0000000000
20409  -48.795  10.375  -47.918 0.0000000000
8725  -58.007  -36.825  -20.727 0.0000000000
8724  -57.825  -37.683  -22.921 0.0000000000
11446  -51.003  -28.064  -24.763 0.0000000000
10624  -51.437  -29.840  -21.538 0.0000000000
10620  -48.389  -29.230  -20.994 0.0000000000
10119  -46.591  -30.761  -21.312 0.0000000000
10137  -49.152  -29.467  -26.436 0.0000000000
15551  -47.855  -10.809  -31.819 0.0000000000
6391  -40.145  -44.449  -16.143 0.0000000000
7129  -40.281  -43.257  -11.272 0.0000000000
7561  -40.011  -41.570  -12.318 0.0000000000
6924  -43.738  -42.901  -14.133 0.0000000000
7162  -44.151  -42.112  -14.685 0.0000000000
7851  -41.977  -39.681  -16.904 0.0000000000
7853  -40.859  -39.002  -19.820 0.0000000000
11973  -56.032  -27.270  -26.799 0.0000000000
11712  -55.175  -28.851  -29.485 0.0000000000
11980  -52.517  -26.912  -30.919 0.0000000000
12233  -49.112  -24.414  -28.408 0.0000000000
12487  -48.626  -23.665  -28.280 0.0000000000
12767  -51.226  -22.846  -28.819 0.0000000000
13273  -51.012  -19.246  -27.019 0.0000000000
14888  -51.071  -13.824  -30.427 0.0000000000
15136  -55.159  -13.600  -34.129 0.0000000000
15133  -52.947  -13.063  -34.730 0.0000000000
15344  -50.241  -12.463  -33.079 0.0000000000
16122  -49.159  -9.977  -35.665 0.0000000000
16416  -47.049  -8.265  -36.402 0.0000000000
17005  -46.689  -4.166  -38.726 0.0000000000
16985  -48.546  -3.052  -29.334 0.0000000000
17299  -50.203  -1.824  -31.821 0.0000000000
17810  -49.883  -0.362  -34.895 0.0000000000
32269  -45.806  3.395  -36.281 0.0000000000
32268  -46.742  2.146  -37.641 0.0000000000
17604  -50.098  0.454  -39.519 0.0000000000
17317  -49.307  -1.080  -40.874 0.0000000000
17592  -45.001  -1.180  -39.196 0.0000000000
17589  -43.115  -2.027  -38.543 0.0000000000
20908  -46.187  15.748  -50.899 0.0000000000
20413  -46.242  10.845  -50.357 0.0000000000
20405  -38.784  9.806  -50.895 0.0000000000
20195  -42.464  8.085  -50.688 0.0000000000
19986  -44.191  5.285  -48.440 0.0000000000
19310  -41.788  1.757  -45.707 0.0000000000
8400  -52.334  -41.259  -16.356 0.0000000000
8392  -49.940  -41.786  -15.858 0.0000000000
8703  -47.378  -38.895  -15.620 0.0000000000
8981  -44.626  -36.527  -16.713 0.0000000000
9256  -42.855  -35.993  -18.751 0.0000000000
8998  -42.303  -36.162  -20.879 0.0000000000
10125  -60.719  -31.794  -22.728 0.0000000000
9013  -58.998  -35.820  -25.176 0.0000000000
8430  -55.643  -38.747  -25.988 0.0000000000
9273  -53.475  -35.336  -22.759 0.0000000000
8732  -53.119  -37.839  -25.000 0.0000000000
8139  -52.806  -41.007  -28.459 0.0000000000
8418  -48.946  -39.225  -26.571 0.0000000000
9270  -44.857  -37.154  -23.714 0.0000000000
7604  -43.218  -39.159  -22.506 0.0000000000
12503  -48.067  -24.168  -31.151 0.0000000000
12774  -45.868  -22.915  -30.213 0.0000000000
15542  -49.411  -7.785  -27.180 0.0000000000
7170  -41.917  -41.202  -20.242 0.0000000000
11949  -48.421  -25.047  -25.076 0.0000000000
11947  -47.806  -24.691  -23.706 0.0000000000
12473  -46.546  -23.579  -24.102 0.0000000000
12218  -45.118  -23.443  -23.275 0.0000000000
12476  -45.124  -23.185  -24.836 0.0000000000
12472  -43.169  -23.069  -23.924 0.0000000000
13058  -58.704  -18.635  -30.824 0.0000000000
12786  -58.013  -20.707  -31.906 0.0000000000
13056  -57.238  -18.798  -31.939 0.0000000000
13291  -56.490  -17.882  -31.640 0.0000000000
15137  -55.615  -15.905  -31.953 0.0000000000
16708  -54.701  -4.278  -34.969 0.0000000000
16428  -55.153  -5.506  -35.879 0.0000000000
16719  -54.482  -4.253  -35.781 0.0000000000
17011  -52.741  -4.616  -37.031 0.0000000000
17319  -51.950  -2.077  -37.112 0.0000000000
19479  -46.951  4.806  -35.458 0.0000000000
19982  -49.317  5.571  -45.669 0.0000000000
19980  -49.618  5.104  -44.436 0.0000000000
19782  -48.260  3.885  -44.657 0.0000000000
19781  -47.777  2.034  -43.730 0.0000000000
19786  -46.348  4.390  -46.440 0.0000000000
5363  -42.711  -47.988  -15.642 0.0000000000
4983  -44.653  -49.436  -15.341 0.0000000000
5585  -44.030  -47.324  -15.004 0.0000000000
7603  -55.185  -43.711  -24.515 0.0000000000
7860  -53.278  -44.075  -21.705 0.0000000000
7597  -54.186  -45.390  -24.919 0.0000000000
7598  -51.830  -45.445  -24.363 0.0000000000
7606  -53.103  -45.580  -27.660 0.0000000000
11239  -55.163  -26.540  -22.986 0.0000000000
10818  -55.697  -28.008  -23.215 0.0000000000
11029  -54.227  -27.577  -22.968 0.0000000000
9861  -50.406  -32.294  -26.031 0.0000000000
9573  -50.575  -33.579  -25.903 0.0000000000
9578  -50.511  -34.254  -27.487 0.0000000000
9577  -48.098  -35.934  -27.453 0.0000000000
13566  -48.656  -16.606  -26.387 0.0000000000
13565  -48.201  -18.093  -25.861 0.0000000000
15128  -55.876  -13.829  -28.591 0.0000000000
15345  -57.725  -11.589  -31.042 0.0000000000
16397  -51.603  -6.024  -31.213 0.0000000000
16406  -52.680  -5.162  -32.360 0.0000000000
16418  -54.250  -4.898  -33.738 0.0000000000
16694  -51.844  -4.208  -32.125 0.0000000000
20381  -47.369  8.942  -38.115 0.0000000000
20386  -47.150  9.878  -39.012 0.0000000000
20885  -48.331  13.441  -43.813 0.0000000000
20624  -48.272  11.871  -42.763 0.0000000000
20892  -48.992  13.233  -45.373 0.0000000000
20640  -49.518  11.491  -46.300 0.0000000000
20901  -48.547  13.905  -47.004 0.0000000000
9569  -58.711  -34.201  -20.736 0.0000000000
8126  -56.644  -39.614  -21.610 0.0000000000
11955  -50.915  -27.486  -26.258 0.0000000000
10816  -49.965  -28.905  -22.022 0.0000000000
11234  -49.423  -28.575  -24.054 0.0000000000
11024  -46.133  -27.756  -20.996 0.0000000000
11230  -46.891  -27.831  -20.957 0.0000000000
10619  -45.769  -28.850  -21.128 0.0000000000
10131  -46.026  -29.358  -22.143 0.0000000000
15840  -47.076  -12.078  -34.168 0.0000000000
15834  -47.240  -11.728  -32.982 0.0000000000
5822  -39.194  -45.530  -16.818 0.0000000000
7161  -40.268  -43.099  -14.141 0.0000000000
6649  -43.253  -45.274  -11.360 0.0000000000
6878  -41.638  -44.626  -11.256 0.0000000000
7130  -41.664  -42.634  -10.520 0.0000000000
7827  -40.197  -39.132  -11.176 0.0000000000
7839  -41.290  -40.585  -12.694 0.0000000000
7577  -41.753  -41.598  -12.925 0.0000000000
7581  -42.562  -41.302  -13.462 0.0000000000
7582  -42.991  -40.378  -14.476 0.0000000000
8974  -40.927  -36.413  -15.169 0.0000000000
8705  -40.958  -37.283  -15.245 0.0000000000
8115  -40.986  -38.127  -16.948 0.0000000000
7591  -41.185  -40.016  -19.011 0.0000000000
8401  -40.472  -37.221  -18.583 0.0000000000
12513  -60.374  -23.088  -29.865 0.0000000000
12245  -60.273  -25.769  -29.449 0.0000000000
11722  -58.962  -28.315  -30.168 0.0000000000
11713  -55.738  -28.703  -28.143 0.0000000000
11724  -58.994  -28.335  -31.607 0.0000000000
12508  -54.264  -24.329  -30.746 0.0000000000
11985  -53.355  -26.429  -31.163 0.0000000000
12244  -51.497  -25.802  -30.638 0.0000000000
12238  -50.353  -25.200  -30.099 0.0000000000
12494  -51.475  -24.725  -30.218 0.0000000000
12493  -49.965  -23.478  -29.091 0.0000000000
32139  -52.757  -17.244  -29.402 0.0000000000
13279  -52.135  -20.054  -27.362 0.0000000000
32145  -50.803  -16.354  -28.211 0.0000000000
32143  -51.933  -15.635  -29.994 0.0000000000
15349  -56.240  -12.163  -33.421 0.0000000000
15350  -55.666  -11.837  -34.468 0.0000000000
15348  -53.499  -11.745  -35.546 0.0000000000
15131  -51.413  -13.298  -33.583 0.0000000000
15557  -50.972  -11.688  -34.376 0.0000000000
15842  -50.099  -10.892  -34.865 0.0000000000
16123  -51.357  -8.714  -36.034 0.0000000000
16716  -49.203  -5.264  -38.421 0.0000000000
16423  -49.022  -7.643  -37.168 0.0000000000
16717  -47.558  -5.643  -38.018 0.0000000000
17010  -47.896  -3.298  -39.962 0.0000000000
16669  -47.720  -2.913  -28.151 0.0000000000
17797  -47.406  -0.743  -28.533 0.0000000000
17995  -46.174  0.710  -32.519 0.0000000000
17584  -47.688  -0.740  -31.157 0.0000000000
17590  -49.488  -1.036  -32.682 0.0000000000
17809  -48.194  -0.468  -33.370 0.0000000000
20168  -45.968  6.756  -38.946 0.0000000000
19959  -45.165  5.547  -37.498 0.0000000000
20173  -46.330  5.566  -39.321 0.0000000000
20178  -48.075  2.768  -39.771 0.0000000000
19958  -46.610  3.510  -38.106 0.0000000000
17824  -47.664  1.588  -38.189 0.0000000000
17823  -48.626  1.166  -39.460 0.0000000000
17601  -48.951  0.000  -40.512 0.0000000000
17600  -47.014  0.612  -40.245 0.0000000000
17818  -45.593  -0.467  -39.946 0.0000000000
32262  -44.131  -0.631  -40.035 0.0000000000
20909  -44.111  15.032  -52.147 0.0000000000
20644  -45.655  13.359  -51.464 0.0000000000
20642  -43.621  12.037  -52.224 0.0000000000
20404  -37.516  9.711  -49.205 0.0000000000
19988  -39.562  7.285  -50.724 0.0000000000
19987  -42.262  5.951  -49.635 0.0000000000
19788  -42.619  4.346  -48.530 0.0000000000
19784  -43.331  3.526  -46.427 0.0000000000
19533  -40.990  2.288  -47.567 0.0000000000
8409  -53.395  -40.731  -17.506 0.0000000000
8402  -50.273  -43.229  -18.323 0.0000000000
8397  -50.784  -42.604  -16.629 0.0000000000
8386  -48.414  -40.127  -15.879 0.0000000000
8986  -46.238  -38.327  -17.050 0.0000000000
8394  -47.408  -40.302  -17.510 0.0000000000
8405  -47.994  -41.211  -20.957 0.0000000000
8717  -45.996  -39.644  -19.925 0.0000000000
9255  -43.979  -37.276  -19.961 0.0000000000
9563  -43.034  -36.338  -20.886 0.0000000000
10124  -59.823  -30.833  -19.999 0.0000000000
10621  -59.611  -29.888  -21.573 0.0000000000
9579  -56.929  -33.275  -25.722 0.0000000000
9584  -59.561  -33.702  -25.389 0.0000000000
9279  -57.333  -35.225  -25.356 0.0000000000
8745  -57.635  -36.163  -25.468 0.0000000000
8742  -56.145  -37.151  -25.414 0.0000000000
10122  -50.768  -31.564  -20.874 0.0000000000
9574  -51.668  -33.646  -21.129 0.0000000000
9263  -50.950  -34.873  -21.281 0.0000000000
8730  -51.874  -36.131  -26.062 0.0000000000
8731  -52.413  -37.108  -24.512 0.0000000000
8425  -52.105  -37.720  -26.596 0.0000000000
8429  -54.339  -38.874  -26.748 0.0000000000
8424  -52.785  -38.621  -27.297 0.0000000000
8423  -51.062  -39.167  -27.900 0.0000000000
8422  -50.882  -37.974  -27.464 0.0000000000
9571  -46.544  -36.940  -26.175 0.0000000000
9010  -43.571  -36.270  -22.615 0.0000000000
12763  -49.613  -21.911  -28.286 0.0000000000
12764  -49.762  -22.155  -29.504 0.0000000000
13277  -49.069  -19.018  -30.491 0.0000000000
12785  -48.814  -22.127  -32.235 0.0000000000
13053  -48.017  -20.112  -31.517 0.0000000000
15541  -52.907  -9.273  -28.503 0.0000000000
15835  -55.010  -8.071  -31.406 0.0000000000
16099  -50.218  -6.438  -29.470 0.0000000000
21166  -46.873  14.558  -43.217 0.0000000000
9857  -58.438  -33.064  -19.933 0.0000000000
9858  -60.445  -32.868  -22.094 0.0000000000
11963  -49.815  -26.918  -26.294 0.0000000000
11442  -48.504  -28.255  -23.779 0.0000000000
11443  -47.948  -27.225  -23.352 0.0000000000
11232  -45.607  -26.205  -21.974 0.0000000000
16404  -45.285  -9.577  -35.008 0.0000000000
6887  -39.656  -45.405  -13.817 0.0000000000
7330  -44.487  -41.268  -11.069 0.0000000000
7329  -42.088  -39.918  -10.329 0.0000000000
8087  -41.144  -38.960  -10.431 0.0000000000
8689  -41.091  -37.238  -11.514 0.0000000000
8363  -40.502  -37.421  -12.562 0.0000000000
9224  -41.835  -35.984  -13.089 0.0000000000
9544  -42.664  -35.276  -15.511 0.0000000000
12517  -60.055  -20.505  -30.205 0.0000000000
12516  -59.442  -21.404  -31.109 0.0000000000
12258  -59.241  -26.551  -31.753 0.0000000000
12777  -56.617  -21.796  -32.122 0.0000000000
13038  -54.261  -21.052  -29.178 0.0000000000
13026  -52.645  -21.406  -27.970 0.0000000000
13285  -54.755  -18.378  -30.276 0.0000000000
32137  -54.196  -17.281  -30.560 0.0000000000
16119  -56.004  -6.946  -34.221 0.0000000000
15560  -55.572  -9.894  -34.740 0.0000000000
15847  -55.553  -8.040  -35.139 0.0000000000
16126  -55.112  -7.164  -36.127 0.0000000000
16125  -53.601  -7.450  -36.772 0.0000000000
16426  -51.383  -6.853  -36.950 0.0000000000
16429  -52.384  -5.579  -37.192 0.0000000000
17012  -51.318  -3.731  -37.889 0.0000000000
18232  -47.297  0.954  -29.591 0.0000000000
18768  -47.170  2.537  -32.979 0.0000000000
18776  -45.911  2.202  -34.431 0.0000000000
20186  -49.536  5.901  -43.517 0.0000000000
19975  -48.948  4.704  -41.982 0.0000000000
19779  -48.537  2.227  -41.177 0.0000000000
19778  -48.305  1.603  -42.571 0.0000000000
19300  -43.917  1.582  -44.059 0.0000000000
19311  -39.852  1.108  -47.093 0.0000000000
8414  -55.854  -39.697  -20.120 0.0000000000
8410  -53.749  -40.763  -18.960 0.0000000000
8123  -54.049  -41.909  -20.872 0.0000000000
8119  -51.860  -44.128  -20.478 0.0000000000
8117  -49.881  -43.187  -20.946 0.0000000000
8121  -49.347  -41.804  -23.381 0.0000000000
10629  -58.591  -28.916  -22.746 0.0000000000
10628  -57.139  -28.666  -23.651 0.0000000000
10392  -56.289  -29.495  -24.239 0.0000000000
9576  -55.628  -33.187  -24.855 0.0000000000
9567  -48.633  -32.889  -21.776 0.0000000000
9262  -50.336  -35.216  -21.867 0.0000000000
9260  -51.014  -34.294  -24.519 0.0000000000
9259  -51.239  -34.080  -25.708 0.0000000000
9001  -51.468  -35.122  -26.596 0.0000000000
9011  -49.987  -35.949  -27.322 0.0000000000
9278  -50.004  -35.339  -27.373 0.0000000000
13014  -49.133  -19.924  -26.459 0.0000000000
13016  -49.632  -21.286  -28.364 0.0000000000
13271  -47.257  -18.336  -26.411 0.0000000000
6366  -43.560  -47.865  -12.589 0.0000000000
32141  -57.739  -16.200  -28.482 0.0000000000
32147  -56.926  -14.532  -29.755 0.0000000000
15138  -56.588  -14.615  -31.418 0.0000000000
15346  -57.567  -12.632  -31.148 0.0000000000
15844  -57.325  -10.168  -32.156 0.0000000000
15843  -56.409  -8.526  -32.563 0.0000000000
16118  -55.836  -7.251  -33.014 0.0000000000
16417  -55.258  -5.951  -33.578 0.0000000000
17000  -52.664  -2.243  -34.290 0.0000000000
19939  -47.872  7.085  -37.134 0.0000000000
20382  -46.763  7.786  -38.381 0.0000000000
20391  -46.818  8.313  -39.419 0.0000000000
20622  -47.660  10.095  -41.955 0.0000000000
20399  -47.789  8.077  -42.011 0.0000000000
20403  -49.580  7.903  -44.076 0.0000000000
20407  -49.979  8.412  -46.444 0.0000000000
20190  -48.839  8.097  -47.830 0.0000000000
8722  -57.053  -37.545  -18.612 0.0000000000
8125  -56.140  -41.494  -23.423 0.0000000000
7868  -55.732  -42.402  -25.567 0.0000000000
10817  -52.309  -28.438  -22.301 0.0000000000
11233  -50.682  -28.560  -22.906 0.0000000000
11025  -48.336  -28.285  -22.143 0.0000000000
10386  -47.075  -29.814  -20.592 0.0000000000
10121  -48.185  -32.054  -20.701 0.0000000000
10118  -47.496  -31.038  -22.495 0.0000000000
10136  -50.471  -31.048  -26.873 0.0000000000
10407  -50.359  -30.499  -30.819 0.0000000000
15120  -48.527  -12.284  -29.251 0.0000000000
14618  -47.201  -13.916  -27.187 0.0000000000
15339  -48.171  -11.081  -30.651 0.0000000000
5823  -41.196  -46.875  -16.420 0.0000000000
6107  -42.629  -44.967  -14.897 0.0000000000
6646  -42.270  -46.541  -12.433 0.0000000000
6885  -40.185  -45.823  -13.105 0.0000000000
6886  -39.893  -44.643  -13.038 0.0000000000
7339  -39.597  -41.963  -11.768 0.0000000000
7350  -39.941  -43.209  -13.511 0.0000000000
7575  -40.918  -42.063  -12.957 0.0000000000
6673  -42.514  -43.782  -14.488 0.0000000000
6108  -44.011  -44.961  -14.417 0.0000000000
7163  -43.931  -42.063  -16.314 0.0000000000
8114  -41.745  -38.575  -15.240 0.0000000000
7587  -43.433  -40.880  -15.861 0.0000000000
7366  -42.110  -41.107  -18.046 0.0000000000
11951  -54.620  -25.185  -24.341 0.0000000000
11957  -53.691  -26.695  -25.815 0.0000000000
11964  -52.000  -27.728  -26.610 0.0000000000
11970  -52.333  -27.810  -27.817 0.0000000000
11730  -56.273  -27.880  -31.676 0.0000000000
11721  -54.731  -28.049  -31.008 0.0000000000
11967  -50.722  -26.869  -27.546 0.0000000000
11968  -49.458  -25.801  -27.097 0.0000000000
12227  -48.764  -24.941  -26.860 0.0000000000
12492  -49.485  -23.352  -28.420 0.0000000000
12766  -50.067  -22.042  -28.278 0.0000000000
13025  -51.254  -21.130  -27.254 0.0000000000
13018  -50.259  -20.629  -26.798 0.0000000000
14885  -49.908  -13.019  -29.682 0.0000000000
15135  -54.845  -15.435  -32.882 0.0000000000
14890  -53.653  -15.349  -33.510 0.0000000000
15347  -54.642  -12.196  -35.243 0.0000000000
15132  -54.219  -14.500  -34.211 0.0000000000
14889  -52.181  -15.211  -32.865 0.0000000000
15126  -51.017  -13.983  -32.483 0.0000000000
15124  -50.578  -13.174  -30.956 0.0000000000
15125  -49.767  -12.110  -30.603 0.0000000000
15342  -49.562  -11.668  -31.893 0.0000000000
15556  -49.007  -11.885  -33.320 0.0000000000
15841  -47.809  -11.672  -34.752 0.0000000000
16706  -46.155  -5.770  -36.869 0.0000000000
16707  -44.935  -4.493  -36.694 0.0000000000
17796  -47.046  -0.289  -29.959 0.0000000000
17286  -48.090  -1.864  -29.643 0.0000000000
16690  -50.094  -3.152  -30.691 0.0000000000
17302  -51.446  -1.508  -33.281 0.0000000000
17593  -51.174  -0.822  -35.063 0.0000000000
19943  -45.699  5.022  -36.062 0.0000000000
19489  -45.778  3.718  -35.480 0.0000000000
20174  -47.439  3.895  -39.262 0.0000000000
32266  -46.759  1.466  -35.738 0.0000000000
18013  -48.928  0.676  -36.611 0.0000000000
17819  -49.511  0.866  -38.139 0.0000000000
17306  -52.215  -1.399  -35.569 0.0000000000
17603  -50.967  -0.518  -37.781 0.0000000000
17316  -49.947  -1.307  -40.382 0.0000000000
17313  -48.522  -1.682  -40.860 0.0000000000
17312  -46.424  -1.686  -40.042 0.0000000000
17305  -44.857  -2.538  -38.230 0.0000000000
21468  -46.154  16.530  -46.071 0.0000000000
21472  -45.724  18.658  -48.876 0.0000000000
21182  -47.416  15.932  -47.731 0.0000000000
20643  -47.206  13.509  -49.996 0.0000000000
20410  -47.261  11.657  -49.654 0.0000000000
20193  -47.038  7.701  -49.239 0.0000000000
21189  -39.757  13.347  -48.543 0.0000000000
20905  -40.630  13.229  -50.971 0.0000000000
20408  -40.524  9.275  -51.380 0.0000000000
20411  -42.281  10.228  -51.785 0.0000000000
20196  -44.956  8.754  -50.668 0.0000000000
20192  -44.994  6.908  -49.448 0.0000000000
19785  -44.867  3.957  -46.043 0.0000000000
19534  -42.840  2.498  -45.539 0.0000000000
19309  -40.986  0.987  -46.128 0.0000000000
32271  -41.412  -0.525  -43.678 0.0000000000
32261  -41.810  -2.066  -39.724 0.0000000000
8404  -51.759  -42.442  -17.486 0.0000000000
8399  -51.640  -41.680  -16.224 0.0000000000
8095  -49.043  -40.153  -14.473 0.0000000000
8699  -46.732  -38.424  -14.278 0.0000000000
9238  -44.203  -36.293  -14.800 0.0000000000
9548  -42.430  -35.204  -17.005 0.0000000000
8991  -45.358  -38.354  -18.569 0.0000000000
9560  -41.733  -35.613  -18.370 0.0000000000
8411  -40.809  -37.094  -20.179 0.0000000000
7854  -41.722  -38.994  -20.925 0.0000000000
9266  -60.768  -34.788  -23.246 0.0000000000
9874  -60.322  -32.093  -24.364 0.0000000000
9580  -60.767  -33.515  -24.160 0.0000000000
8734  -59.591  -36.338  -24.142 0.0000000000
8733  -57.967  -37.129  -24.725 0.0000000000
8426  -56.882  -38.322  -24.924 0.0000000000
8130  -56.046  -40.415  -25.808 0.0000000000
10625  -54.067  -28.689  -22.830 0.0000000000
9575  -53.922  -33.245  -22.769 0.0000000000
9004  -52.939  -36.823  -23.298 0.0000000000
9006  -55.060  -36.151  -24.623 0.0000000000
8740  -54.889  -38.000  -25.725 0.0000000000
8144  -54.793  -40.600  -27.454 0.0000000000
7874  -55.033  -42.844  -28.751 0.0000000000
7608  -52.556  -44.015  -28.500 0.0000000000
8122  -49.661  -40.439  -26.428 0.0000000000
8413  -48.018  -39.564  -24.949 0.0000000000
8738  -48.176  -37.700  -26.803 0.0000000000
8723  -46.943  -38.531  -25.112 0.0000000000
8135  -43.075  -37.129  -21.988 0.0000000000
12750  -46.644  -23.921  -27.101 0.0000000000
12757  -47.420  -24.128  -28.810 0.0000000000
12756  -45.694  -23.738  -28.995 0.0000000000
12765  -49.440  -22.270  -31.600 0.0000000000
12505  -47.699  -23.740  -31.407 0.0000000000
12477  -47.378  -24.012  -25.404 0.0000000000
17007  -53.127  -3.649  -36.480 0.0000000000
19983  -48.104  5.068  -45.877 0.0000000000
7595  -54.148  -45.862  -26.685 0.0000000000
7609  -54.862  -44.941  -27.903 0.0000000000
11447  -54.302  -26.149  -23.267 0.0000000000
9865  -51.206  -32.558  -28.402 0.0000000000
9873  -50.118  -33.942  -28.943 0.0000000000
9878  -49.005  -33.844  -29.761 0.0000000000
9264  -58.749  -35.348  -21.028 0.0000000000
8726  -58.987  -36.500  -22.521 0.0000000000
11691  -49.952  -28.261  -25.401 0.0000000000
10623  -45.602  -27.181  -22.461 0.0000000000
10387  -46.958  -28.427  -23.849 0.0000000000
6672  -38.985  -44.068  -16.129 0.0000000000
7846  -41.401  -39.479  -13.059 0.0000000000
11983  -59.621  -27.201  -30.420 0.0000000000
11723  -59.276  -27.890  -31.383 0.0000000000
32142  -52.070  -15.146  -31.873 0.0000000000
15561  -56.784  -10.003  -33.268 0.0000000000
15846  -52.966  -9.132  -36.162 0.0000000000
8716  -55.070  -38.878  -16.359 0.0000000000
8408  -47.411  -39.959  -22.363 0.0000000000
8993  -44.779  -38.318  -20.150 0.0000000000
8994  -44.795  -38.048  -22.005 0.0000000000
9280  -58.243  -34.636  -25.583 0.0000000000
9012  -56.667  -35.871  -25.390 0.0000000000
9568  -49.200  -33.715  -21.103 0.0000000000
9572  -45.687  -36.530  -25.615 0.0000000000
21158  -46.025  14.046  -41.774 0.0000000000
11944  -46.909  -24.281  -22.944 0.0000000000
11440  -43.725  -24.741  -22.464 0.0000000000
12779  -60.057  -18.920  -29.324 0.0000000000
12775  -55.419  -22.597  -30.806 0.0000000000
32138  -54.756  -16.204  -32.025 0.0000000000
19532  -46.698  1.634  -43.929 0.0000000000
7856  -52.405  -45.030  -22.149 0.0000000000
7858  -52.357  -43.954  -20.873 0.0000000000
8118  -51.096  -43.819  -19.768 0.0000000000
7857  -50.792  -44.267  -25.618 0.0000000000
8406  -48.460  -40.739  -22.731 0.0000000000
10821  -57.387  -27.745  -22.560 0.0000000000
9866  -56.526  -31.583  -25.255 0.0000000000
9566  -50.293  -33.152  -24.304 0.0000000000
20616  -46.810  11.676  -39.697 0.0000000000
20406  -50.052  9.359  -45.239 0.0000000000
8416  -56.509  -38.660  -19.274 0.0000000000
8127  -56.730  -39.720  -23.439 0.0000000000
11956  -52.242  -27.239  -25.440 0.0000000000
10120  -46.843  -30.853  -20.825 0.0000000000
10130  -48.800  -30.555  -24.502 0.0000000000
10139  -50.966  -31.247  -28.742 0.0000000000
10406  -49.684  -30.036  -31.477 0.0000000000
6104  -41.119  -45.674  -16.280 0.0000000000
7559  -39.850  -41.274  -10.980 0.0000000000
7363  -41.943  -42.457  -13.524 0.0000000000
8108  -41.097  -38.212  -13.633 0.0000000000
11981  -57.760  -27.891  -27.730 0.0000000000
12228  -55.844  -25.494  -25.629 0.0000000000
12223  -55.662  -24.705  -24.821 0.0000000000
11965  -53.443  -27.867  -27.009 0.0000000000
11711  -53.467  -28.343  -28.134 0.0000000000
12257  -57.799  -25.009  -32.244 0.0000000000
11987  -57.114  -26.959  -32.241 0.0000000000
11710  -53.028  -27.727  -30.002 0.0000000000
11969  -50.743  -26.145  -29.766 0.0000000000
14884  -50.760  -14.525  -29.411 0.0000000000
14891  -52.416  -14.315  -33.908 0.0000000000
15127  -50.221  -12.755  -32.062 0.0000000000
17602  -50.277  -0.281  -39.930 0.0000000000
32270  -47.849  0.805  -41.738 0.0000000000
21462  -45.789  15.678  -44.095 0.0000000000
21467  -44.877  16.807  -45.476 0.0000000000
21204  -45.161  18.639  -50.680 0.0000000000
21190  -46.859  16.953  -49.499 0.0000000000
20906  -47.719  14.844  -48.954 0.0000000000
20414  -45.329  11.545  -51.441 0.0000000000
20194  -47.057  9.594  -49.505 0.0000000000
20635  -39.246  12.339  -48.246 0.0000000000
20636  -39.629  11.543  -50.370 0.0000000000
19789  -43.998  4.517  -47.245 0.0000000000
19308  -39.586  0.493  -45.959 0.0000000000
32264  -41.122  -1.327  -41.999 0.0000000000
8396  -53.113  -39.931  -16.270 0.0000000000
8387  -52.204  -40.797  -15.311 0.0000000000
8393  -51.257  -41.754  -15.612 0.0000000000
8382  -50.232  -40.927  -14.843 0.0000000000
8403  -48.820  -42.362  -19.560 0.0000000000
10400  -59.505  -30.409  -23.786 0.0000000000
9276  -59.928  -35.049  -25.142 0.0000000000
9267  -60.611  -35.405  -23.888 0.0000000000
10132  -52.994  -31.084  -22.102 0.0000000000
9261  -50.552  -35.054  -22.991 0.0000000000
9003  -51.423  -35.962  -23.132 0.0000000000
9005  -53.739  -36.640  -23.361 0.0000000000
8741  -54.239  -37.180  -24.602 0.0000000000
8428  -53.549  -39.803  -27.881 0.0000000000
7873  -53.497  -42.493  -28.859 0.0000000000
7872  -53.831  -43.387  -29.229 0.0000000000
7871  -51.939  -41.990  -28.537 0.0000000000
8137  -50.412  -41.051  -27.773 0.0000000000
8412  -48.693  -40.482  -24.761 0.0000000000
8421  -49.330  -37.594  -27.423 0.0000000000
9271  -46.371  -37.693  -25.467 0.0000000000
12502  -48.693  -23.707  -30.421 0.0000000000
12504  -47.548  -24.061  -30.289 0.0000000000
13024  -49.741  -20.632  -30.444 0.0000000000
12788  -47.701  -22.286  -31.493 0.0000000000
16375  -48.212  -5.449  -27.524 0.0000000000
6933  -43.581  -43.616  -20.195 0.0000000000
16720  -53.919  -5.074  -36.829 0.0000000000
19488  -46.235  4.250  -35.381 0.0000000000
7867  -55.317  -42.822  -23.021 0.0000000000
7601  -54.228  -44.058  -22.687 0.0000000000
7599  -53.063  -45.370  -23.206 0.0000000000
7600  -51.702  -45.161  -26.638 0.0000000000
11030  -56.221  -27.059  -22.697 0.0000000000
20878  -47.172  13.220  -41.816 0.0000000000
20634  -49.324  11.338  -44.548 0.0000000000
20641  -48.421  12.660  -48.242 0.0000000000
6923  -39.613  -43.428  -15.253 0.0000000000
12242  -60.945  -22.802  -28.234 0.0000000000
11982  -59.465  -26.760  -28.173 0.0000000000
11714  -57.824  -28.824  -29.282 0.0000000000
11715  -57.917  -28.744  -30.942 0.0000000000
12510  -55.937  -23.815  -31.879 0.0000000000
12509  -55.271  -25.247  -31.506 0.0000000000
19960  -45.485  5.460  -38.503 0.0000000000
21210  -44.356  17.205  -51.675 0.0000000000
20412  -45.212  10.364  -51.102 0.0000000000
10813  -59.579  -28.822  -19.149 0.0000000000
10393  -60.540  -31.239  -23.378 0.0000000000
9583  -58.118  -32.870  -25.754 0.0000000000
8138  -52.000  -40.148  -28.078 0.0000000000
7605  -44.055  -39.332  -23.746 0.0000000000
13037  -49.145  -20.234  -31.465 0.0000000000
13050  -46.228  -21.186  -30.603 0.0000000000
16106  -45.224  -11.370  -34.078 0.0000000000
12512  -56.831  -23.660  -32.551 0.0000000000
12776  -56.268  -22.741  -32.245 0.0000000000
20179  -47.609  6.508  -41.074 0.0000000000
21202  -40.739  15.057  -51.156 0.0000000000
19536  -38.293  2.001  -48.801 0.0000000000
8415  -55.984  -38.855  -18.074 0.0000000000
10822  -58.681  -27.829  -20.361 0.0000000000
10140  -57.303  -30.796  -25.289 0.0000000000
8739  -50.634  -36.272  -27.479 0.0000000000
13015  -48.568  -20.008  -27.296 0.0000000000
13278  -47.386  -18.304  -27.612 0.0000000000
7564  -46.828  -40.222  -12.511 0.0000000000
32146  -56.597  -15.154  -28.436 0.0000000000
15352  -57.524  -11.625  -32.086 0.0000000000
20398  -47.012  8.055  -40.629 0.0000000000
20603  -47.255  10.498  -38.006 0.0000000000
20189  -49.544  6.847  -46.605 0.0000000000
10147  -50.753  -31.408  -30.401 0.0000000000
10154  -49.281  -32.521  -32.747 0.0000000000
10155  -50.033  -31.660  -32.928 0.0000000000
6365  -42.352  -48.305  -13.342 0.0000000000
11693  -54.096  -25.660  -23.768 0.0000000000
11731  -58.327  -27.765  -31.997 0.0000000000
11986  -55.504  -26.571  -31.616 0.0000000000
16403  -45.258  -7.845  -35.351 0.0000000000
18009  -47.329  0.216  -34.530 0.0000000000
20639  -41.960  12.176  -52.140 0.0000000000
20637  -40.145  10.398  -51.599 0.0000000000
20638  -40.700  11.519  -51.552 0.0000000000
19301  -41.203  0.209  -44.985 0.0000000000
8383  -51.244  -41.170  -14.946 0.0000000000
7830  -47.516  -39.634  -13.217 0.0000000000
8999  -41.040  -36.134  -19.508 0.0000000000
9007  -60.099  -35.989  -23.222 0.0000000000
7610  -55.433  -43.771  -27.820 0.0000000000
9274  -54.918  -35.474  -24.526 0.0000000000
8140  -55.533  -41.951  -27.649 0.0000000000
7613  -54.172  -44.320  -28.813 0.0000000000
7865  -50.988  -43.249  -27.702 0.0000000000
8129  -49.745  -41.700  -26.631 0.0000000000
7866  -50.223  -42.576  -26.819 0.0000000000
8419  -48.181  -38.631  -26.439 0.0000000000
7171  -43.579  -41.385  -21.946 0.0000000000
12749  -43.504  -23.154  -27.456 0.0000000000
12506  -48.308  -23.237  -31.813 0.0000000000
12507  -48.582  -23.071  -32.342 0.0000000000
7596  -52.670  -45.955  -25.283 0.0000000000
7607  -53.922  -45.629  -27.738 0.0000000000
12256  -56.304  -25.894  -32.003 0.0000000000
