#!ascii label  , from subject Yale_0050562 vox2ras=TkReg
448
29980  0.156  34.544  -22.276 0.0000000000
33224  2.178  58.666  -8.353 0.0000000000
28176  -7.091  26.204  -15.319 0.0000000000
31861  3.230  48.438  -16.237 0.0000000000
30311  -4.523  38.316  -17.353 0.0000000000
29320  -6.789  33.457  -15.939 0.0000000000
29113  -4.439  30.692  -17.891 0.0000000000
33470  -4.115  60.628  -5.776 0.0000000000
33357  -1.233  58.960  -17.019 0.0000000000
32542  -0.172  52.150  -17.227 0.0000000000
32836  3.125  54.615  -12.661 0.0000000000
33449  2.509  59.682  -2.431 0.0000000000
33084  -5.590  54.939  -2.205 0.0000000000
32383  -4.109  51.584  -6.949 0.0000000000
31229  -2.059  44.005  -17.854 0.0000000000
30841  2.479  41.217  -21.345 0.0000000000
31586  -0.452  45.232  -9.989 0.0000000000
30642  2.034  40.677  -14.779 0.0000000000
30144  -1.982  35.898  -20.426 0.0000000000
29776  -3.509  34.246  -18.750 0.0000000000
29778  -2.617  33.199  -20.274 0.0000000000
33609  0.938  63.000  -6.327 0.0000000000
33731  -3.728  65.734  -9.015 0.0000000000
33735  -0.084  65.538  -12.318 0.0000000000
33497  -2.361  62.690  -14.586 0.0000000000
33493  1.104  60.659  -14.603 0.0000000000
33232  2.995  58.182  -14.687 0.0000000000
33107  1.671  56.376  -9.986 0.0000000000
33548  4.007  59.750  0.889 0.0000000000
33311  -2.621  57.346  -1.603 0.0000000000
29319  -6.117  30.214  -15.665 0.0000000000
28177  -6.455  26.061  -16.571 0.0000000000
32105  0.882  51.538  -16.912 0.0000000000
31739  -1.020  48.164  -16.625 0.0000000000
31741  1.344  49.067  -18.880 0.0000000000
31235  1.342  43.448  -21.054 0.0000000000
31232  3.306  44.209  -19.476 0.0000000000
31977  -2.864  47.851  -8.051 0.0000000000
30467  -6.079  39.614  -15.021 0.0000000000
30318  -5.764  37.806  -16.752 0.0000000000
29762  -5.918  36.034  -16.044 0.0000000000
29103  -5.877  31.962  -15.667 0.0000000000
27965  -5.911  29.301  -15.889 0.0000000000
33714  -2.000  63.699  -6.529 0.0000000000
33602  -6.883  61.097  -6.772 0.0000000000
33242  -0.601  55.495  -16.784 0.0000000000
32837  2.049  54.532  -16.498 0.0000000000
32252  3.197  51.691  -14.497 0.0000000000
29344  2.115  31.066  -20.465 0.0000000000
29343  -1.219  29.159  -20.256 0.0000000000
33803  -4.969  64.102  1.218 0.0000000000
33687  0.996  62.011  -0.028 0.0000000000
33835  0.658  66.099  -3.831 0.0000000000
33587  -0.617  61.957  -5.711 0.0000000000
33216  -4.327  57.850  -3.690 0.0000000000
32969  -1.483  55.434  -3.730 0.0000000000
32829  0.579  53.245  -4.713 0.0000000000
32528  -5.754  52.702  -3.989 0.0000000000
29119  -3.715  29.514  -18.575 0.0000000000
27711  -5.139  26.718  -17.727 0.0000000000
32108  -2.607  48.139  -16.106 0.0000000000
31426  -3.195  45.442  -15.169 0.0000000000
31014  -5.436  42.146  -14.887 0.0000000000
30838  -2.764  41.058  -18.419 0.0000000000
30651  0.219  40.111  -21.394 0.0000000000
30149  0.738  37.391  -22.530 0.0000000000
32692  3.180  52.576  -6.529 0.0000000000
32248  3.285  50.877  -10.703 0.0000000000
31979  2.266  48.067  -10.760 0.0000000000
31587  1.230  44.912  -10.991 0.0000000000
31430  2.656  44.971  -14.101 0.0000000000
30836  3.313  41.259  -17.930 0.0000000000
30142  2.524  36.796  -18.715 0.0000000000
29978  2.392  34.981  -20.873 0.0000000000
29979  -1.350  35.405  -21.687 0.0000000000
29779  -2.087  34.238  -21.108 0.0000000000
29564  -0.872  32.284  -21.360 0.0000000000
33616  2.782  62.488  -7.487 0.0000000000
33849  1.437  64.131  -7.984 0.0000000000
33620  2.344  63.261  -10.327 0.0000000000
33623  0.473  64.122  -13.019 0.0000000000
33348  1.562  60.277  -10.786 0.0000000000
33230  1.280  58.548  -11.769 0.0000000000
33105  1.518  57.243  -9.395 0.0000000000
29327  -6.410  28.351  -15.240 0.0000000000
29328  -5.608  28.249  -16.990 0.0000000000
27725  -6.940  23.980  -17.735 0.0000000000
31986  2.496  50.606  -17.376 0.0000000000
31983  1.591  50.639  -17.869 0.0000000000
31864  2.452  49.572  -18.509 0.0000000000
31599  2.260  47.286  -19.909 0.0000000000
31743  3.059  47.985  -18.702 0.0000000000
30468  -5.247  39.573  -16.463 0.0000000000
29963  -6.469  36.334  -15.432 0.0000000000
30307  -5.479  37.426  -16.682 0.0000000000
29550  -5.147  32.891  -17.073 0.0000000000
29112  -5.447  31.154  -16.653 0.0000000000
33464  -4.401  59.897  -4.918 0.0000000000
33598  -5.914  60.141  -6.033 0.0000000000
33601  -4.990  61.168  -6.925 0.0000000000
33861  -5.215  66.271  -11.309 0.0000000000
33356  -1.689  60.620  -15.850 0.0000000000
33239  -3.181  57.175  -17.171 0.0000000000
32982  2.943  56.147  -14.054 0.0000000000
33114  2.266  56.701  -16.020 0.0000000000
32838  2.786  54.870  -15.143 0.0000000000
32540  2.378  53.608  -16.091 0.0000000000
32541  2.914  53.071  -14.413 0.0000000000
33570  3.549  60.558  -1.949 0.0000000000
33686  2.724  61.865  -0.186 0.0000000000
33580  1.662  61.890  -2.635 0.0000000000
33698  0.440  63.930  -2.436 0.0000000000
33582  0.895  62.676  -3.879 0.0000000000
33710  1.783  65.141  -5.318 0.0000000000
33581  -0.577  61.210  -4.623 0.0000000000
33199  -4.232  56.225  -0.909 0.0000000000
33312  -3.704  57.510  -2.395 0.0000000000
33207  -4.818  56.797  -2.598 0.0000000000
33098  -3.631  56.193  -3.648 0.0000000000
32965  -4.109  54.721  -3.786 0.0000000000
32966  -2.599  54.468  -3.998 0.0000000000
32671  -5.795  53.779  -2.306 0.0000000000
29976  -6.894  35.655  -15.964 0.0000000000
34372  -4.693  25.293  -18.722 0.0000000000
27460  -6.741  25.622  -15.467 0.0000000000
32396  -2.236  50.472  -18.104 0.0000000000
32393  -1.994  48.607  -17.202 0.0000000000
31594  -1.197  46.615  -17.629 0.0000000000
31432  -2.366  45.615  -16.231 0.0000000000
31222  -5.270  43.690  -14.503 0.0000000000
31223  -4.249  43.661  -15.400 0.0000000000
30835  -3.993  41.986  -16.725 0.0000000000
31234  -1.628  42.847  -18.752 0.0000000000
31023  1.453  42.321  -21.356 0.0000000000
30844  -0.471  41.910  -20.068 0.0000000000
30847  1.506  40.860  -21.845 0.0000000000
30650  1.602  39.693  -22.194 0.0000000000
32687  -2.096  52.300  -6.291 0.0000000000
32827  1.831  52.689  -5.591 0.0000000000
32388  -0.142  51.067  -7.184 0.0000000000
31856  -0.198  46.999  -9.155 0.0000000000
32098  1.593  48.381  -9.047 0.0000000000
32100  2.401  48.889  -10.108 0.0000000000
31858  1.398  47.400  -9.528 0.0000000000
31016  0.646  42.871  -11.848 0.0000000000
31588  2.265  44.943  -12.449 0.0000000000
31228  1.569  43.310  -12.824 0.0000000000
31017  2.410  42.715  -14.776 0.0000000000
30306  1.948  38.398  -15.411 0.0000000000
29775  2.478  34.943  -17.555 0.0000000000
29777  2.755  33.822  -19.878 0.0000000000
30314  -2.041  37.961  -19.904 0.0000000000
29968  -5.137  35.728  -17.115 0.0000000000
29975  -2.803  35.017  -19.633 0.0000000000
29342  -3.174  31.346  -18.970 0.0000000000
33599  -1.646  61.607  -6.036 0.0000000000
33612  -3.827  62.792  -7.739 0.0000000000
33724  -1.668  65.212  -8.457 0.0000000000
33860  -0.636  66.036  -11.176 0.0000000000
33862  -4.401  66.079  -12.205 0.0000000000
33626  -0.991  63.981  -13.833 0.0000000000
33494  -0.116  62.525  -14.317 0.0000000000
33496  0.632  59.524  -16.351 0.0000000000
33353  2.165  59.673  -13.800 0.0000000000
33111  2.607  56.922  -12.957 0.0000000000
32981  2.628  55.714  -11.043 0.0000000000
33544  3.256  57.801  3.152 0.0000000000
33431  3.587  57.169  0.933 0.0000000000
33437  1.891  58.379  -2.175 0.0000000000
33454  0.445  59.987  -3.215 0.0000000000
29329  -5.677  31.247  -16.737 0.0000000000
34378  -6.067  24.872  -17.846 0.0000000000
32250  -0.064  51.372  -16.930 0.0000000000
32251  -0.900  49.876  -16.848 0.0000000000
31981  -0.368  50.157  -16.614 0.0000000000
31740  0.291  49.344  -17.825 0.0000000000
31435  -0.021  46.385  -19.281 0.0000000000
31236  -0.364  44.299  -19.556 0.0000000000
31440  1.117  46.471  -20.016 0.0000000000
31439  2.471  45.218  -20.590 0.0000000000
31022  3.111  43.467  -20.435 0.0000000000
31846  -4.103  47.604  -5.704 0.0000000000
32096  -4.710  50.115  -6.951 0.0000000000
31847  -4.808  46.887  -6.556 0.0000000000
31584  -3.831  45.537  -7.818 0.0000000000
31421  -1.925  44.632  -9.492 0.0000000000
30638  1.520  40.143  -13.888 0.0000000000
30640  -6.652  39.934  -14.265 0.0000000000
29969  -7.416  36.557  -14.585 0.0000000000
29551  -7.276  34.731  -15.168 0.0000000000
29309  -6.790  33.082  -14.945 0.0000000000
29101  -6.503  30.410  -15.038 0.0000000000
28171  -6.771  26.799  -14.956 0.0000000000
33941  -2.146  65.599  -5.069 0.0000000000
33594  -4.892  61.321  -5.108 0.0000000000
33603  -8.317  61.180  -6.227 0.0000000000
33723  -4.739  64.703  -8.138 0.0000000000
33359  -2.087  54.841  -17.026 0.0000000000
32840  -0.690  53.151  -17.285 0.0000000000
33240  0.943  56.964  -16.395 0.0000000000
32985  0.595  55.302  -16.338 0.0000000000
32839  1.028  54.421  -16.576 0.0000000000
32539  1.923  52.995  -17.060 0.0000000000
32253  2.169  52.391  -16.390 0.0000000000
32110  2.989  50.393  -15.290 0.0000000000
29567  0.687  32.105  -21.852 0.0000000000
29346  1.279  30.730  -21.432 0.0000000000
34380  1.741  29.005  -20.765 0.0000000000
28181  2.388  27.430  -20.559 0.0000000000
33828  -4.035  66.475  -1.231 0.0000000000
33552  3.713  61.048  2.816 0.0000000000
33798  1.781  63.220  1.220 0.0000000000
33800  -0.360  63.859  1.405 0.0000000000
33690  -1.280  62.779  0.100 0.0000000000
33818  -1.901  65.175  -1.274 0.0000000000
33937  -0.833  66.323  -4.354 0.0000000000
33944  -0.077  66.673  -6.645 0.0000000000
33591  -1.095  63.209  -6.427 0.0000000000
33586  -2.174  60.842  -5.287 0.0000000000
33455  -2.176  59.114  -3.565 0.0000000000
33463  -3.470  59.011  -4.283 0.0000000000
33338  -3.798  59.111  -4.572 0.0000000000
33337  -2.568  59.046  -4.554 0.0000000000
33342  0.454  58.778  -5.979 0.0000000000
33220  1.370  57.899  -5.787 0.0000000000
33103  2.454  56.989  -7.159 0.0000000000
32970  1.005  54.635  -3.788 0.0000000000
32824  -2.050  53.070  -5.205 0.0000000000
32243  -5.501  51.293  -5.910 0.0000000000
32376  -5.369  51.420  -4.191 0.0000000000
32085  -5.172  49.667  -5.218 0.0000000000
29563  -2.295  31.498  -20.288 0.0000000000
34373  -3.595  28.370  -19.067 0.0000000000
29114  -4.565  28.510  -18.065 0.0000000000
29111  -5.460  29.334  -16.837 0.0000000000
27963  -7.517  25.283  -14.483 0.0000000000
31738  -1.524  48.422  -15.674 0.0000000000
31734  -3.006  46.606  -14.712 0.0000000000
31733  -4.920  46.275  -13.756 0.0000000000
31427  -5.427  45.024  -13.733 0.0000000000
31013  -6.040  42.806  -13.848 0.0000000000
31015  -6.244  43.149  -13.793 0.0000000000
30833  -5.259  41.547  -15.620 0.0000000000
30645  -3.162  39.815  -18.557 0.0000000000
30843  -2.161  40.892  -19.486 0.0000000000
30646  -2.292  39.098  -19.305 0.0000000000
30317  -1.100  37.390  -21.501 0.0000000000
30146  -0.498  36.356  -22.421 0.0000000000
32975  2.749  54.759  -6.676 0.0000000000
32831  3.354  53.883  -8.176 0.0000000000
32832  3.613  53.350  -9.760 0.0000000000
32247  1.675  49.778  -8.164 0.0000000000
32387  3.496  50.892  -8.390 0.0000000000
32538  3.574  52.638  -10.861 0.0000000000
32249  3.455  51.140  -12.694 0.0000000000
32101  3.172  50.484  -13.692 0.0000000000
31980  2.773  48.841  -14.256 0.0000000000
31731  2.207  46.265  -11.307 0.0000000000
31732  2.625  46.690  -12.913 0.0000000000
31736  2.852  46.844  -14.585 0.0000000000
31429  3.071  45.485  -16.907 0.0000000000
31019  3.467  42.934  -19.198 0.0000000000
30840  3.194  40.873  -19.750 0.0000000000
30644  2.728  40.032  -16.422 0.0000000000
30310  2.692  38.589  -17.707 0.0000000000
30313  2.643  38.485  -19.277 0.0000000000
30316  2.354  38.914  -21.552 0.0000000000
30148  1.806  36.242  -21.865 0.0000000000
29781  1.416  34.575  -22.087 0.0000000000
29566  2.155  33.026  -21.316 0.0000000000
33486  2.841  61.482  -8.407 0.0000000000
33489  2.255  61.400  -10.278 0.0000000000
27722  -7.379  24.545  -16.422 0.0000000000
27712  -7.819  24.845  -14.644 0.0000000000
32106  3.001  50.283  -16.322 0.0000000000
31865  3.134  49.676  -17.492 0.0000000000
33737  -5.397  65.551  -12.749 0.0000000000
33236  -3.479  58.678  -16.899 0.0000000000
33096  -4.886  55.941  -3.117 0.0000000000
32817  -5.397  54.226  -3.459 0.0000000000
29780  -5.804  34.284  -16.993 0.0000000000
30147  -5.433  36.045  -17.079 0.0000000000
27980  0.881  25.639  -20.557 0.0000000000
32394  -1.511  50.114  -17.900 0.0000000000
32389  -2.402  51.441  -7.191 0.0000000000
32688  -0.092  52.155  -5.945 0.0000000000
29972  2.032  36.591  -15.618 0.0000000000
30143  -3.261  36.720  -18.709 0.0000000000
33611  -0.888  62.675  -6.305 0.0000000000
33719  0.277  64.003  -6.986 0.0000000000
33734  0.957  64.884  -10.023 0.0000000000
33854  -0.883  65.463  -9.762 0.0000000000
33863  -1.645  65.932  -11.907 0.0000000000
33738  -0.706  65.034  -13.194 0.0000000000
33627  -2.854  64.804  -13.368 0.0000000000
33490  1.503  62.099  -12.458 0.0000000000
33108  1.600  57.301  -11.413 0.0000000000
33432  3.494  58.440  -1.406 0.0000000000
34377  -4.119  28.299  -19.214 0.0000000000
34376  -5.435  25.804  -18.317 0.0000000000
31982  0.833  50.842  -17.225 0.0000000000
31438  3.181  45.401  -19.894 0.0000000000
30469  -6.908  40.169  -14.522 0.0000000000
29964  -6.939  36.831  -14.681 0.0000000000
29102  -6.388  30.903  -14.910 0.0000000000
33841  -2.036  64.896  -6.078 0.0000000000
33715  -3.763  63.199  -5.508 0.0000000000
33722  -3.046  64.631  -8.230 0.0000000000
33355  2.271  58.998  -15.387 0.0000000000
33360  1.821  58.249  -16.677 0.0000000000
32983  2.343  55.761  -15.480 0.0000000000
33116  1.863  56.377  -16.526 0.0000000000
32984  1.886  55.591  -16.439 0.0000000000
32693  1.214  53.181  -17.111 0.0000000000
32104  2.382  51.168  -16.287 0.0000000000
33809  -5.802  66.003  0.418 0.0000000000
33797  1.178  62.528  0.632 0.0000000000
33799  -1.260  62.986  0.860 0.0000000000
33703  0.949  64.666  -3.476 0.0000000000
33827  -0.300  65.374  -2.566 0.0000000000
33829  -2.128  66.081  -2.477 0.0000000000
33986  0.238  67.287  -5.970 0.0000000000
33985  1.209  67.392  -5.149 0.0000000000
33711  0.992  64.795  -6.470 0.0000000000
33450  -0.759  58.013  -2.137 0.0000000000
33327  -3.969  57.806  -3.603 0.0000000000
33218  -1.194  57.368  -4.765 0.0000000000
33219  0.257  57.504  -5.118 0.0000000000
33100  1.070  56.016  -4.182 0.0000000000
33101  2.118  56.710  -5.500 0.0000000000
32681  -5.076  53.134  -4.810 0.0000000000
32822  -3.853  53.551  -4.889 0.0000000000
32680  -3.789  52.549  -6.172 0.0000000000
32084  -4.057  49.981  -4.962 0.0000000000
29349  -4.672  32.573  -17.711 0.0000000000
34369  -5.646  21.681  -23.298 0.0000000000
32254  -3.283  48.366  -17.105 0.0000000000
31591  -4.261  45.505  -14.450 0.0000000000
31020  -2.833  42.121  -17.958 0.0000000000
30837  -3.827  40.537  -17.589 0.0000000000
30473  -1.530  39.718  -20.314 0.0000000000
32972  1.870  55.434  -4.400 0.0000000000
32973  2.595  55.617  -5.912 0.0000000000
32691  4.004  52.557  -8.500 0.0000000000
32245  -2.147  50.157  -7.734 0.0000000000
32099  -0.233  48.582  -8.498 0.0000000000
32246  2.594  49.427  -9.057 0.0000000000
32391  3.505  52.251  -12.702 0.0000000000
31010  -0.378  43.776  -10.550 0.0000000000
31857  1.671  46.559  -10.254 0.0000000000
31233  3.026  43.624  -16.883 0.0000000000
29974  2.750  35.402  -19.141 0.0000000000
33610  2.054  62.990  -6.850 0.0000000000
33730  2.552  63.180  -8.323 0.0000000000
33622  1.455  64.335  -11.642 0.0000000000
33349  1.365  59.804  -12.217 0.0000000000
33227  0.895  58.236  -10.428 0.0000000000
31431  3.403  45.808  -18.704 0.0000000000
33590  -3.008  61.652  -5.936 0.0000000000
33613  -5.643  62.497  -7.518 0.0000000000
33856  -4.629  66.334  -9.898 0.0000000000
33358  -1.180  57.315  -16.970 0.0000000000
33233  2.811  58.070  -15.914 0.0000000000
29345  1.863  29.945  -21.264 0.0000000000
33551  4.184  59.996  -1.013 0.0000000000
33561  3.851  60.983  -0.967 0.0000000000
33685  2.890  61.711  -1.231 0.0000000000
33688  1.615  62.197  -1.559 0.0000000000
33691  -0.273  63.286  -1.307 0.0000000000
33838  2.108  66.990  -4.912 0.0000000000
33706  1.482  64.191  -4.456 0.0000000000
33588  0.819  63.348  -5.463 0.0000000000
33215  -3.158  57.365  -4.146 0.0000000000
32395  -2.807  49.007  -18.020 0.0000000000
30475  1.918  39.057  -22.248 0.0000000000
32828  2.350  54.054  -5.266 0.0000000000
32386  2.193  51.331  -6.933 0.0000000000
30312  -3.335  38.674  -18.563 0.0000000000
33600  -2.988  62.033  -6.391 0.0000000000
33720  -1.930  63.894  -7.261 0.0000000000
33850  0.073  64.925  -8.322 0.0000000000
33855  -2.428  66.249  -10.159 0.0000000000
33625  -5.078  64.266  -13.611 0.0000000000
33498  -4.349  62.950  -14.141 0.0000000000
33352  1.945  59.275  -12.769 0.0000000000
33231  2.341  58.551  -13.525 0.0000000000
33549  3.924  58.661  1.736 0.0000000000
33550  4.109  58.957  -0.506 0.0000000000
29350  -4.835  30.158  -17.871 0.0000000000
31434  -1.190  45.044  -18.718 0.0000000000
31237  1.500  44.665  -20.726 0.0000000000
31240  2.242  44.316  -20.974 0.0000000000
31969  -4.982  47.786  -6.961 0.0000000000
31727  -3.713  46.209  -8.002 0.0000000000
31730  -1.843  45.975  -8.981 0.0000000000
30315  -6.913  38.551  -15.614 0.0000000000
30140  -7.599  36.900  -14.979 0.0000000000
33840  -4.192  64.869  -4.443 0.0000000000
33712  -5.335  63.454  -4.254 0.0000000000
33593  -6.450  61.431  -3.961 0.0000000000
33469  -6.679  59.752  -4.769 0.0000000000
33477  -7.990  59.722  -5.707 0.0000000000
33725  -7.069  64.855  -7.333 0.0000000000
33499  0.307  58.424  -16.872 0.0000000000
33237  2.293  57.591  -16.713 0.0000000000
32392  1.171  52.294  -17.149 0.0000000000
33936  -3.344  65.994  -3.495 0.0000000000
33670  3.436  61.132  3.784 0.0000000000
33786  3.212  64.200  3.125 0.0000000000
33674  2.933  61.686  0.928 0.0000000000
33792  2.792  63.309  1.987 0.0000000000
33920  1.791  64.552  1.468 0.0000000000
33802  -3.038  63.940  1.846 0.0000000000
33808  -3.139  63.984  -0.039 0.0000000000
33943  -0.657  66.435  -5.865 0.0000000000
33845  -0.445  65.361  -7.089 0.0000000000
33942  1.960  66.978  -6.458 0.0000000000
33843  0.211  65.141  -7.122 0.0000000000
33475  -2.736  60.453  -5.674 0.0000000000
33474  -1.599  60.439  -5.350 0.0000000000
33476  -0.307  61.127  -6.114 0.0000000000
33343  -0.847  59.067  -5.552 0.0000000000
33484  2.087  61.070  -7.046 0.0000000000
33345  1.798  59.531  -6.737 0.0000000000
33221  2.142  58.205  -6.804 0.0000000000
32968  -0.807  54.061  -4.074 0.0000000000
31968  -5.495  49.029  -5.781 0.0000000000
32107  -1.882  48.360  -15.853 0.0000000000
31859  -2.778  47.548  -14.797 0.0000000000
31021  -2.225  41.878  -19.008 0.0000000000
30842  -2.178  40.203  -19.413 0.0000000000
32976  2.534  55.677  -8.202 0.0000000000
32835  3.393  53.648  -11.665 0.0000000000
32385  1.414  50.573  -7.386 0.0000000000
32536  3.681  51.608  -7.768 0.0000000000
31737  3.192  46.969  -16.805 0.0000000000
29565  2.546  32.342  -20.217 0.0000000000
30848  1.103  40.304  -22.066 0.0000000000
32537  3.874  51.750  -8.931 0.0000000000
32690  4.227  51.960  -8.243 0.0000000000
32830  4.013  53.074  -8.703 0.0000000000
33346  2.546  59.594  -7.640 0.0000000000
33689  1.562  62.226  -0.918 0.0000000000
33834  1.542  65.521  -4.250 0.0000000000
33837  2.104  66.116  -6.342 0.0000000000
33844  0.944  66.151  -6.637 0.0000000000
33919  2.458  65.411  2.501 0.0000000000
33945  1.260  67.416  -6.378 0.0000000000
