#!ascii label  , from subject Yale_0050562 vox2ras=TkReg
1254
20216  -23.712  -1.899  45.765 0.0000000000
28083  -35.481  30.560  26.170 0.0000000000
23342  -34.799  10.784  38.064 0.0000000000
31058  -18.521  40.902  28.765 0.0000000000
28955  -17.480  33.888  33.786 0.0000000000
30016  -30.180  35.588  29.125 0.0000000000
19188  -33.264  -5.899  40.689 0.0000000000
20731  -32.893  -0.363  31.941 0.0000000000
21922  -28.683  3.820  36.535 0.0000000000
24131  -26.952  14.162  34.466 0.0000000000
30760  -26.863  42.391  7.004 0.0000000000
32722  -25.292  57.242  15.769 0.0000000000
27627  -43.888  27.324  21.739 0.0000000000
28999  -32.994  34.382  16.985 0.0000000000
31788  -35.506  46.970  18.638 0.0000000000
24409  -44.511  13.030  27.739 0.0000000000
25992  -34.449  20.527  25.058 0.0000000000
30007  -16.879  37.349  28.365 0.0000000000
19724  -28.264  -4.088  44.196 0.0000000000
20483  -29.761  1.434  39.423 0.0000000000
20700  -25.653  0.399  42.657 0.0000000000
21912  -28.682  4.128  42.590 0.0000000000
33009  -26.476  58.377  21.087 0.0000000000
31484  -13.282  45.723  24.298 0.0000000000
33000  -13.762  58.669  23.535 0.0000000000
27861  -41.522  28.716  25.631 0.0000000000
28544  -40.138  34.141  19.999 0.0000000000
28531  -34.455  32.812  23.029 0.0000000000
30899  -29.075  44.425  28.981 0.0000000000
30718  -34.915  41.456  23.857 0.0000000000
32156  -30.158  51.385  22.347 0.0000000000
32581  -31.965  55.187  16.732 0.0000000000
22175  -32.617  3.792  35.639 0.0000000000
20497  -36.795  -1.287  35.346 0.0000000000
22448  -37.409  4.220  39.845 0.0000000000
24139  -40.519  14.199  34.726 0.0000000000
24920  -40.743  18.105  28.658 0.0000000000
24403  -34.300  14.862  30.855 0.0000000000
25656  -29.780  16.852  35.013 0.0000000000
31609  -18.208  48.279  32.831 0.0000000000
30159  -18.267  37.614  35.340 0.0000000000
31274  -24.416  45.128  27.169 0.0000000000
28518  -31.404  32.213  26.267 0.0000000000
18955  -36.227  -6.732  37.104 0.0000000000
19478  -30.525  -4.952  34.760 0.0000000000
20477  -33.683  0.037  39.512 0.0000000000
21196  -26.910  2.215  31.945 0.0000000000
22784  -30.380  6.680  33.879 0.0000000000
23898  -29.822  13.327  34.712 0.0000000000
23058  -31.402  9.317  37.524 0.0000000000
18183  -37.565  -11.663  41.018 0.0000000000
18419  -31.745  -10.719  44.143 0.0000000000
18929  -26.864  -8.234  46.400 0.0000000000
32898  -32.495  57.620  10.978 0.0000000000
27872  -36.724  27.906  19.049 0.0000000000
28552  -30.882  30.576  16.746 0.0000000000
29464  -30.515  33.450  22.340 0.0000000000
30203  -34.270  37.778  18.621 0.0000000000
31809  -31.162  47.051  10.838 0.0000000000
32190  -25.489  50.267  12.345 0.0000000000
25987  -45.313  17.490  23.457 0.0000000000
26601  -44.357  21.400  26.030 0.0000000000
27369  -38.183  24.245  28.183 0.0000000000
24654  -27.603  15.137  27.568 0.0000000000
26272  -37.633  18.521  31.440 0.0000000000
19722  -26.587  -4.512  45.227 0.0000000000
20222  -27.618  -0.993  43.282 0.0000000000
20465  -25.128  -0.160  43.605 0.0000000000
21176  -25.010  1.568  44.312 0.0000000000
31775  -11.640  49.121  27.900 0.0000000000
32138  -15.173  52.155  25.958 0.0000000000
28088  -37.878  29.144  25.395 0.0000000000
28533  -38.630  33.911  24.819 0.0000000000
28086  -35.308  31.209  25.336 0.0000000000
31656  -26.425  48.180  25.044 0.0000000000
31495  -29.369  47.894  25.570 0.0000000000
32018  -27.669  50.102  24.480 0.0000000000
32289  -29.377  53.103  22.292 0.0000000000
22770  -33.027  6.623  38.637 0.0000000000
22170  -34.199  3.568  39.091 0.0000000000
23063  -35.517  8.061  39.977 0.0000000000
23339  -39.870  9.765  36.631 0.0000000000
23620  -36.742  12.471  38.359 0.0000000000
24394  -38.495  16.321  33.810 0.0000000000
24388  -34.770  15.411  36.664 0.0000000000
31272  -21.408  44.343  31.581 0.0000000000
31460  -15.355  43.793  32.816 0.0000000000
31276  -14.593  42.389  28.908 0.0000000000
29417  -15.340  34.623  31.056 0.0000000000
30003  -17.502  37.305  31.877 0.0000000000
29416  -16.561  34.551  33.473 0.0000000000
29187  -14.346  34.232  36.246 0.0000000000
29183  -17.533  35.303  36.828 0.0000000000
31063  -23.799  43.155  28.999 0.0000000000
31622  -22.266  48.648  30.682 0.0000000000
19189  -34.298  -5.785  39.661 0.0000000000
19744  -34.444  -2.050  39.459 0.0000000000
19981  -34.371  -1.404  40.651 0.0000000000
20711  -25.819  0.103  37.703 0.0000000000
20712  -29.110  1.329  36.614 0.0000000000
21925  -26.809  2.655  34.825 0.0000000000
21942  -27.855  4.072  32.543 0.0000000000
22451  -30.139  5.394  34.411 0.0000000000
23059  -30.966  7.971  35.894 0.0000000000
22438  -31.663  6.352  38.401 0.0000000000
22751  -30.926  8.298  43.225 0.0000000000
17892  -32.126  -14.259  42.490 0.0000000000
17887  -30.564  -14.349  44.154 0.0000000000
18686  -28.918  -9.799  45.495 0.0000000000
32889  -26.262  58.689  14.635 0.0000000000
33041  -28.326  60.537  11.334 0.0000000000
27136  -42.579  24.348  19.962 0.0000000000
27134  -38.737  23.832  19.358 0.0000000000
27625  -40.241  26.737  19.831 0.0000000000
28769  -34.888  33.892  18.286 0.0000000000
28308  -34.966  30.866  18.420 0.0000000000
29000  -32.981  33.838  15.882 0.0000000000
29470  -30.864  35.234  16.447 0.0000000000
29453  -29.095  33.775  26.172 0.0000000000
28755  -28.743  30.933  22.393 0.0000000000
29841  -32.101  35.016  25.942 0.0000000000
31305  -36.126  44.320  20.410 0.0000000000
30525  -37.121  40.005  21.210 0.0000000000
31095  -36.836  42.583  18.704 0.0000000000
31915  -35.152  47.774  14.318 0.0000000000
32721  -27.872  56.654  15.629 0.0000000000
32444  -26.530  52.463  14.594 0.0000000000
32317  -25.155  53.413  13.899 0.0000000000
32603  -28.398  53.950  12.882 0.0000000000
20487  -32.645  -1.680  33.334 0.0000000000
19999  -30.444  -4.754  31.742 0.0000000000
20257  -32.592  -4.178  32.313 0.0000000000
20964  -40.759  -1.368  35.861 0.0000000000
23904  -44.159  9.631  30.305 0.0000000000
24656  -42.472  12.440  24.491 0.0000000000
25184  -44.002  15.557  23.435 0.0000000000
24927  -44.342  15.284  25.246 0.0000000000
25431  -36.283  18.430  26.055 0.0000000000
25986  -42.282  19.382  25.625 0.0000000000
26599  -37.328  21.669  24.817 0.0000000000
27117  -40.491  23.307  28.970 0.0000000000
27110  -37.054  22.782  25.815 0.0000000000
23890  -28.844  13.446  35.128 0.0000000000
24140  -28.661  13.751  31.804 0.0000000000
24154  -26.685  14.028  29.743 0.0000000000
25660  -34.516  17.739  36.721 0.0000000000
25666  -34.484  17.143  33.131 0.0000000000
25947  -36.484  19.386  35.770 0.0000000000
30700  -15.930  39.447  25.194 0.0000000000
30687  -14.294  40.385  26.689 0.0000000000
29837  -15.086  36.611  26.117 0.0000000000
29195  -14.669  33.958  29.100 0.0000000000
28719  -16.880  32.498  32.631 0.0000000000
19730  -30.626  -3.897  42.610 0.0000000000
20229  -32.292  -0.063  42.076 0.0000000000
20223  -29.027  -0.454  42.546 0.0000000000
20474  -25.073  -0.429  40.609 0.0000000000
21426  -26.070  1.322  39.752 0.0000000000
22160  -28.485  2.507  39.706 0.0000000000
21423  -26.399  1.355  42.323 0.0000000000
31087  -15.650  43.877  22.185 0.0000000000
31781  -13.062  47.498  21.298 0.0000000000
32419  -12.197  53.370  21.918 0.0000000000
27868  -43.286  29.767  22.500 0.0000000000
27875  -42.397  30.676  20.912 0.0000000000
28535  -40.761  33.534  23.049 0.0000000000
28992  -36.234  34.781  20.416 0.0000000000
28767  -34.315  34.128  19.744 0.0000000000
30351  -31.894  39.215  29.902 0.0000000000
30354  -33.830  38.738  27.736 0.0000000000
30901  -31.420  43.473  27.116 0.0000000000
31302  -33.204  46.142  22.851 0.0000000000
31903  -34.250  48.577  19.025 0.0000000000
32167  -34.236  51.057  15.477 0.0000000000
32291  -30.800  52.558  20.810 0.0000000000
32709  -29.143  57.213  19.619 0.0000000000
21208  -31.525  1.890  29.572 0.0000000000
20738  -34.692  -1.090  33.063 0.0000000000
21452  -35.023  1.386  35.134 0.0000000000
21691  -35.969  1.117  36.703 0.0000000000
21937  -38.898  1.630  37.536 0.0000000000
22774  -40.160  5.809  35.898 0.0000000000
23346  -41.598  9.452  34.832 0.0000000000
24396  -42.596  14.960  32.629 0.0000000000
24915  -43.195  16.173  29.657 0.0000000000
24647  -41.224  17.241  31.008 0.0000000000
24404  -37.523  16.864  30.497 0.0000000000
24925  -33.552  17.355  26.073 0.0000000000
24637  -25.293  15.969  36.317 0.0000000000
25412  -26.318  16.886  33.624 0.0000000000
25648  -30.863  17.321  38.733 0.0000000000
26250  -32.628  20.736  38.271 0.0000000000
31621  -13.405  48.654  30.048 0.0000000000
30337  -15.623  39.918  29.865 0.0000000000
31281  -23.524  45.594  23.688 0.0000000000
31477  -20.220  47.832  25.277 0.0000000000
31635  -18.415  49.758  28.699 0.0000000000
28513  -35.329  33.000  30.568 0.0000000000
28515  -34.561  33.530  27.340 0.0000000000
28737  -31.394  33.462  29.378 0.0000000000
29440  -26.670  33.212  29.516 0.0000000000
30515  -27.270  41.898  31.340 0.0000000000
18708  -36.947  -7.387  35.523 0.0000000000
18713  -31.891  -7.179  33.801 0.0000000000
19196  -33.397  -5.127  36.069 0.0000000000
19988  -33.465  -2.496  35.890 0.0000000000
20722  -32.249  0.678  33.624 0.0000000000
20702  -32.110  1.183  41.029 0.0000000000
20716  -30.721  1.323  35.671 0.0000000000
20963  -29.924  1.287  31.069 0.0000000000
21943  -29.595  3.586  31.631 0.0000000000
22183  -30.487  5.035  33.979 0.0000000000
23076  -32.053  8.487  34.137 0.0000000000
23900  -31.735  13.643  36.031 0.0000000000
23616  -30.557  11.597  34.787 0.0000000000
23610  -29.930  12.084  36.200 0.0000000000
23888  -29.576  13.243  36.653 0.0000000000
22756  -31.785  6.354  40.554 0.0000000000
23603  -32.510  11.443  41.141 0.0000000000
18698  -37.059  -8.772  40.158 0.0000000000
18695  -33.518  -9.268  40.591 0.0000000000
17595  -34.999  -14.622  40.357 0.0000000000
18181  -33.514  -12.324  41.265 0.0000000000
18694  -32.413  -9.259  41.515 0.0000000000
19180  -29.967  -6.850  44.597 0.0000000000
19453  -27.768  -5.627  45.063 0.0000000000
19447  -24.230  -6.403  46.999 0.0000000000
19445  -21.758  -6.297  47.512 0.0000000000
18920  -22.686  -9.324  46.566 0.0000000000
32910  -35.681  55.266  7.069 0.0000000000
32905  -31.628  58.007  8.335 0.0000000000
32752  -28.212  55.429  7.615 0.0000000000
27870  -32.903  24.890  18.374 0.0000000000
28095  -38.421  30.005  19.329 0.0000000000
28099  -34.425  28.814  18.379 0.0000000000
28109  -28.828  28.279  16.586 0.0000000000
28523  -32.249  31.413  24.265 0.0000000000
28541  -30.534  31.224  21.291 0.0000000000
29228  -29.981  34.286  18.631 0.0000000000
30024  -34.791  36.994  25.560 0.0000000000
30033  -33.777  36.334  19.630 0.0000000000
29856  -31.119  35.608  18.386 0.0000000000
31810  -28.273  46.748  10.474 0.0000000000
32180  -32.023  51.795  13.576 0.0000000000
32043  -27.875  49.073  13.004 0.0000000000
31524  -25.332  46.260  9.277 0.0000000000
32200  -27.459  50.118  10.813 0.0000000000
32606  -32.966  52.128  12.444 0.0000000000
20003  -35.179  -5.548  33.395 0.0000000000
25993  -43.366  18.526  21.646 0.0000000000
26607  -45.512  21.228  22.794 0.0000000000
25425  -43.502  16.902  25.816 0.0000000000
26293  -45.216  19.685  24.794 0.0000000000
27375  -44.974  24.165  23.966 0.0000000000
27373  -42.374  25.226  28.073 0.0000000000
27615  -39.294  25.937  29.192 0.0000000000
27850  -35.714  26.717  26.729 0.0000000000
24142  -31.395  14.626  34.337 0.0000000000
24413  -30.813  14.188  27.692 0.0000000000
24932  -31.780  17.538  25.972 0.0000000000
25416  -27.635  16.151  30.937 0.0000000000
25670  -31.868  17.621  29.084 0.0000000000
26282  -33.221  20.345  27.143 0.0000000000
26847  -39.884  22.275  29.375 0.0000000000
27606  -35.128  26.312  29.239 0.0000000000
28080  -35.535  29.396  29.904 0.0000000000
28494  -17.489  29.862  29.967 0.0000000000
19970  -25.381  -2.805  45.670 0.0000000000
20219  -25.335  -1.303  44.255 0.0000000000
20464  -24.175  -0.762  44.584 0.0000000000
34273  -22.416  0.048  46.449 0.0000000000
20462  -22.665  -1.159  46.366 0.0000000000
34272  -21.406  -1.272  47.280 0.0000000000
32265  -14.701  53.123  27.749 0.0000000000
28087  -36.237  29.367  24.961 0.0000000000
28094  -36.144  31.134  25.321 0.0000000000
28085  -35.440  29.842  25.559 0.0000000000
31901  -26.835  49.301  24.540 0.0000000000
23070  -34.078  9.340  37.701 0.0000000000
22771  -34.008  7.690  38.916 0.0000000000
23071  -35.215  9.251  39.214 0.0000000000
23338  -36.417  9.265  39.380 0.0000000000
23619  -34.934  12.628  38.595 0.0000000000
24133  -36.026  15.003  37.642 0.0000000000
24132  -34.259  14.498  38.129 0.0000000000
31270  -21.432  42.630  31.031 0.0000000000
31467  -18.382  43.123  31.521 0.0000000000
31278  -17.504  42.255  30.228 0.0000000000
29190  -16.639  34.114  32.892 0.0000000000
29191  -16.549  34.380  34.217 0.0000000000
29411  -16.078  34.865  35.800 0.0000000000
29184  -18.141  35.020  36.001 0.0000000000
31056  -20.219  40.141  28.670 0.0000000000
31057  -21.990  40.226  28.933 0.0000000000
31061  -22.684  41.523  29.914 0.0000000000
31271  -22.609  43.764  30.717 0.0000000000
19468  -33.912  -3.718  40.683 0.0000000000
21920  -26.426  2.161  37.895 0.0000000000
20949  -26.317  1.434  35.870 0.0000000000
21923  -27.280  3.303  35.572 0.0000000000
22164  -29.065  4.796  34.818 0.0000000000
22440  -30.565  5.446  35.901 0.0000000000
30750  -30.008  43.678  8.624 0.0000000000
32727  -23.756  57.401  14.606 0.0000000000
32888  -24.157  59.555  14.541 0.0000000000
32723  -24.006  57.013  15.054 0.0000000000
27384  -43.500  25.718  20.713 0.0000000000
27383  -41.213  25.540  19.869 0.0000000000
27626  -42.494  27.352  20.386 0.0000000000
28770  -33.656  33.889  17.552 0.0000000000
29234  -32.378  34.273  14.556 0.0000000000
29230  -32.174  34.569  15.976 0.0000000000
29638  -30.311  34.811  27.515 0.0000000000
29452  -28.975  32.936  24.557 0.0000000000
29842  -31.800  35.670  27.690 0.0000000000
31096  -36.614  44.266  19.126 0.0000000000
31509  -36.212  45.427  17.572 0.0000000000
31795  -35.630  46.527  15.849 0.0000000000
31916  -35.875  47.796  15.479 0.0000000000
32865  -26.558  58.767  16.296 0.0000000000
32583  -26.085  54.460  15.369 0.0000000000
32588  -24.838  54.968  15.262 0.0000000000
32595  -24.600  56.948  14.537 0.0000000000
20489  -32.908  -0.657  32.606 0.0000000000
20488  -32.458  -2.602  32.616 0.0000000000
20494  -33.033  -2.217  32.286 0.0000000000
24151  -45.112  11.810  29.555 0.0000000000
24150  -44.405  10.583  29.039 0.0000000000
24157  -43.521  11.277  27.218 0.0000000000
24651  -43.933  12.690  25.983 0.0000000000
24657  -43.674  13.142  24.508 0.0000000000
24649  -44.147  14.573  27.361 0.0000000000
25437  -35.144  19.312  25.186 0.0000000000
25985  -36.904  20.613  24.497 0.0000000000
26856  -36.956  22.344  25.361 0.0000000000
26855  -35.375  21.993  25.182 0.0000000000
24130  -26.892  14.000  31.973 0.0000000000
25944  -34.993  19.403  37.051 0.0000000000
25945  -36.102  18.394  35.909 0.0000000000
30346  -14.079  38.466  23.955 0.0000000000
29205  -15.587  33.916  26.516 0.0000000000
28969  -14.492  32.612  27.880 0.0000000000
28959  -14.543  32.894  30.112 0.0000000000
28957  -14.861  31.786  29.911 0.0000000000
19725  -29.774  -3.973  43.574 0.0000000000
19975  -30.623  -2.518  42.901 0.0000000000
19973  -28.869  -2.583  43.804 0.0000000000
20221  -26.619  -0.788  43.382 0.0000000000
20468  -26.361  -0.046  41.849 0.0000000000
20469  -25.352  -0.064  42.023 0.0000000000
20701  -24.581  -0.219  40.503 0.0000000000
21182  -25.645  0.318  41.484 0.0000000000
21427  -26.434  0.977  40.945 0.0000000000
33130  -27.305  59.148  19.545 0.0000000000
31293  -14.925  45.318  24.033 0.0000000000
31298  -13.518  45.119  22.857 0.0000000000
32551  -14.910  53.534  25.246 0.0000000000
32271  -14.354  51.957  24.349 0.0000000000
32702  -14.034  55.695  22.174 0.0000000000
27862  -42.377  28.193  25.438 0.0000000000
28300  -42.414  31.426  22.290 0.0000000000
28295  -42.027  30.427  23.890 0.0000000000
28530  -36.076  33.592  24.850 0.0000000000
28758  -37.870  35.094  23.299 0.0000000000
28757  -35.012  33.743  21.933 0.0000000000
28540  -33.576  32.513  22.137 0.0000000000
30511  -29.782  41.388  30.509 0.0000000000
30512  -32.254  40.975  28.096 0.0000000000
30707  -30.607  42.794  28.671 0.0000000000
31653  -30.942  48.162  23.801 0.0000000000
31787  -33.603  47.727  20.999 0.0000000000
31904  -31.755  49.667  21.146 0.0000000000
32158  -31.709  50.985  20.164 0.0000000000
32708  -26.308  55.779  23.132 0.0000000000
32570  -28.540  55.311  21.535 0.0000000000
21704  -31.275  2.781  30.514 0.0000000000
21464  -33.166  2.326  33.062 0.0000000000
22447  -35.810  4.277  40.885 0.0000000000
21928  -35.449  1.956  38.579 0.0000000000
21929  -37.139  1.574  39.232 0.0000000000
21692  -37.852  0.687  37.489 0.0000000000
22179  -38.653  2.366  38.762 0.0000000000
22454  -39.621  4.458  37.573 0.0000000000
23621  -39.402  12.403  36.462 0.0000000000
23901  -42.005  11.836  34.166 0.0000000000
24143  -43.559  12.878  32.717 0.0000000000
24645  -42.662  16.171  31.263 0.0000000000
24395  -40.416  16.113  33.337 0.0000000000
24400  -36.263  15.851  32.531 0.0000000000
24918  -36.570  17.341  27.640 0.0000000000
24406  -35.118  15.311  29.538 0.0000000000
24908  -24.593  16.868  35.917 0.0000000000
25934  -31.460  19.499  39.658 0.0000000000
31619  -14.992  48.837  31.711 0.0000000000
31607  -16.325  47.697  33.257 0.0000000000
30168  -15.985  38.041  28.037 0.0000000000
30338  -13.946  38.977  27.885 0.0000000000
30167  -16.816  38.474  28.838 0.0000000000
30160  -18.813  38.895  33.605 0.0000000000
30333  -18.283  39.989  32.814 0.0000000000
30332  -18.290  39.820  34.402 0.0000000000
28702  -15.186  34.314  37.922 0.0000000000
31062  -23.981  42.292  27.531 0.0000000000
31064  -24.024  44.538  25.484 0.0000000000
31279  -24.326  46.355  25.120 0.0000000000
31287  -22.347  46.830  24.136 0.0000000000
31473  -23.286  47.928  25.697 0.0000000000
31756  -20.502  49.327  31.531 0.0000000000
31637  -20.202  49.926  28.468 0.0000000000
31757  -19.253  49.725  31.645 0.0000000000
31618  -14.660  48.684  29.824 0.0000000000
28730  -32.327  33.066  32.572 0.0000000000
28743  -33.900  34.004  29.782 0.0000000000
30507  -28.922  38.820  31.946 0.0000000000
18957  -34.681  -6.182  35.900 0.0000000000
19745  -34.430  -2.955  37.728 0.0000000000
20233  -33.912  -0.870  38.215 0.0000000000
20236  -33.393  -0.374  36.188 0.0000000000
20717  -32.478  0.724  35.682 0.0000000000
20472  -31.093  0.846  41.598 0.0000000000
20955  -27.862  1.616  34.348 0.0000000000
20956  -30.417  1.403  33.499 0.0000000000
20958  -27.770  1.712  32.337 0.0000000000
21207  -29.133  2.264  29.329 0.0000000000
21197  -27.958  2.068  30.750 0.0000000000
22190  -29.288  5.033  33.323 0.0000000000
22182  -30.359  4.067  33.031 0.0000000000
22460  -30.666  6.563  34.181 0.0000000000
22785  -31.567  7.567  34.915 0.0000000000
23348  -31.497  9.644  33.865 0.0000000000
23078  -30.777  8.193  33.663 0.0000000000
23336  -30.305  10.151  36.030 0.0000000000
21913  -29.034  3.456  40.919 0.0000000000
22436  -30.778  5.298  39.552 0.0000000000
22157  -30.719  5.522  42.036 0.0000000000
23052  -32.352  8.973  42.270 0.0000000000
23881  -32.142  12.927  40.773 0.0000000000
17909  -39.161  -12.148  38.389 0.0000000000
18428  -39.031  -9.902  39.187 0.0000000000
18427  -38.266  -10.038  40.440 0.0000000000
18697  -35.221  -8.769  40.589 0.0000000000
18426  -36.555  -10.192  40.993 0.0000000000
18422  -31.961  -12.230  43.870 0.0000000000
17893  -33.087  -13.917  41.477 0.0000000000
18177  -32.130  -11.744  42.549 0.0000000000
18693  -31.691  -9.106  43.189 0.0000000000
19183  -31.149  -6.791  43.167 0.0000000000
18938  -31.041  -7.775  43.980 0.0000000000
18685  -27.868  -9.508  46.331 0.0000000000
19178  -28.610  -7.353  45.391 0.0000000000
19177  -27.741  -7.104  46.013 0.0000000000
19452  -26.843  -6.300  45.835 0.0000000000
19174  -25.226  -6.898  46.959 0.0000000000
19172  -22.873  -7.515  47.164 0.0000000000
18922  -24.578  -9.080  46.870 0.0000000000
32899  -33.517  56.533  9.708 0.0000000000
32758  -33.491  56.758  6.464 0.0000000000
33045  -32.197  58.081  9.657 0.0000000000
32901  -25.645  59.665  10.894 0.0000000000
32904  -28.762  59.381  10.168 0.0000000000
32754  -28.258  57.430  8.990 0.0000000000
27382  -36.325  24.810  19.875 0.0000000000
27623  -33.440  24.427  19.375 0.0000000000
27871  -34.663  25.495  18.913 0.0000000000
28306  -41.272  32.904  20.094 0.0000000000
28096  -41.060  30.291  19.844 0.0000000000
28305  -39.676  32.173  19.409 0.0000000000
28312  -33.091  30.936  17.961 0.0000000000
28105  -33.538  29.785  18.259 0.0000000000
28098  -31.630  27.531  17.359 0.0000000000
28316  -29.639  29.244  16.903 0.0000000000
28517  -32.653  33.201  27.217 0.0000000000
28516  -33.167  32.484  25.618 0.0000000000
28520  -30.608  30.966  24.927 0.0000000000
29224  -29.311  32.550  22.560 0.0000000000
28761  -29.416  30.666  21.795 0.0000000000
28991  -29.500  32.897  20.516 0.0000000000
28765  -31.584  33.580  19.577 0.0000000000
29466  -29.935  33.568  21.001 0.0000000000
30516  -34.664  40.387  25.018 0.0000000000
30184  -34.605  37.506  26.910 0.0000000000
30358  -35.807  38.657  24.470 0.0000000000
30372  -36.840  39.095  20.705 0.0000000000
30195  -34.851  36.850  21.046 0.0000000000
30040  -32.800  36.581  18.250 0.0000000000
30039  -30.917  36.862  16.944 0.0000000000
30207  -32.220  37.924  17.494 0.0000000000
32307  -32.914  53.242  15.646 0.0000000000
32176  -33.920  50.995  13.803 0.0000000000
32310  -32.388  53.071  14.333 0.0000000000
32181  -28.111  50.651  13.892 0.0000000000
32048  -26.130  48.889  12.892 0.0000000000
31933  -25.454  48.069  11.419 0.0000000000
31939  -25.505  48.271  10.815 0.0000000000
31940  -26.024  47.822  8.876 0.0000000000
32197  -26.299  49.507  11.118 0.0000000000
32611  -32.413  54.242  12.791 0.0000000000
32605  -31.052  54.067  13.152 0.0000000000
32612  -33.369  54.967  11.843 0.0000000000
32471  -35.617  52.474  10.896 0.0000000000
19201  -31.474  -6.012  35.098 0.0000000000
18962  -30.228  -6.115  34.311 0.0000000000
20244  -31.444  -4.341  32.105 0.0000000000
20732  -35.444  -1.047  34.385 0.0000000000
20495  -35.392  -2.910  33.899 0.0000000000
20496  -36.146  -2.448  34.669 0.0000000000
25677  -44.469  16.803  23.151 0.0000000000
25679  -43.036  16.897  22.312 0.0000000000
25988  -44.806  17.821  22.603 0.0000000000
25995  -44.537  19.538  21.795 0.0000000000
26292  -45.580  19.249  23.552 0.0000000000
24917  -42.017  17.473  29.221 0.0000000000
25175  -43.018  16.749  26.498 0.0000000000
25174  -41.359  17.991  26.721 0.0000000000
26600  -42.471  20.592  25.935 0.0000000000
26291  -44.232  19.410  25.478 0.0000000000
26863  -45.255  22.595  25.196 0.0000000000
27119  -44.557  23.076  26.189 0.0000000000
27374  -43.958  25.248  25.980 0.0000000000
27370  -39.205  24.386  29.018 0.0000000000
27371  -37.868  25.811  28.622 0.0000000000
27609  -36.192  25.941  28.006 0.0000000000
23899  -30.621  13.657  35.060 0.0000000000
24137  -32.340  14.647  35.733 0.0000000000
24144  -27.597  13.396  28.890 0.0000000000
24161  -30.377  13.712  28.834 0.0000000000
24412  -28.691  13.675  27.620 0.0000000000
24655  -30.653  15.490  26.375 0.0000000000
25435  -30.471  16.776  26.947 0.0000000000
25415  -27.905  16.732  33.128 0.0000000000
25414  -26.647  16.071  31.672 0.0000000000
25417  -29.873  16.679  32.383 0.0000000000
25964  -36.758  17.705  32.537 0.0000000000
25665  -31.741  17.014  31.072 0.0000000000
25962  -33.684  17.464  30.696 0.0000000000
25967  -33.572  18.343  29.195 0.0000000000
26590  -37.173  19.116  30.074 0.0000000000
26591  -37.182  20.131  29.135 0.0000000000
26841  -39.735  21.775  30.537 0.0000000000
27607  -34.633  26.571  28.364 0.0000000000
27846  -34.516  27.739  30.096 0.0000000000
28283  -35.400  30.291  31.012 0.0000000000
19971  -27.358  -3.567  44.691 0.0000000000
20220  -27.881  -2.288  44.000 0.0000000000
20217  -26.528  -2.053  44.745 0.0000000000
31642  -11.668  47.161  27.047 0.0000000000
31650  -11.464  47.370  24.728 0.0000000000
32001  -13.593  50.036  26.007 0.0000000000
32409  -14.809  54.192  27.335 0.0000000000
32847  -14.542  58.069  26.459 0.0000000000
28091  -40.402  29.174  25.661 0.0000000000
28293  -39.300  31.710  25.351 0.0000000000
28292  -38.344  30.864  25.607 0.0000000000
28298  -35.582  32.477  25.136 0.0000000000
28297  -34.510  32.446  24.558 0.0000000000
31300  -26.728  46.983  27.357 0.0000000000
31294  -28.737  46.589  27.226 0.0000000000
31494  -27.809  48.292  25.983 0.0000000000
31785  -28.755  49.120  24.533 0.0000000000
32006  -29.620  49.942  23.437 0.0000000000
32155  -28.204  51.668  24.007 0.0000000000
32567  -27.754  54.371  22.930 0.0000000000
22452  -32.294  6.010  37.512 0.0000000000
22174  -33.943  2.857  37.358 0.0000000000
22446  -34.074  5.545  39.904 0.0000000000
22767  -34.803  4.729  40.868 0.0000000000
22768  -35.739  6.398  40.344 0.0000000000
22772  -37.803  5.791  39.210 0.0000000000
23064  -37.724  8.456  38.853 0.0000000000
23340  -37.740  10.203  38.341 0.0000000000
23897  -37.641  13.927  37.362 0.0000000000
24138  -38.557  15.169  35.754 0.0000000000
24391  -36.898  15.741  35.492 0.0000000000
31468  -19.818  46.592  32.751 0.0000000000
31608  -17.002  46.177  33.101 0.0000000000
31466  -18.756  44.829  32.375 0.0000000000
31464  -16.642  43.058  31.650 0.0000000000
29828  -16.513  36.233  30.650 0.0000000000
30004  -17.230  37.898  29.510 0.0000000000
29823  -17.133  35.562  32.959 0.0000000000
29822  -17.492  35.063  34.845 0.0000000000
29998  -15.864  35.922  36.786 0.0000000000
29415  -15.480  34.887  35.422 0.0000000000
29182  -15.405  34.601  36.923 0.0000000000
28940  -15.976  34.384  38.199 0.0000000000
31060  -23.381  40.770  28.542 0.0000000000
31472  -24.205  46.252  27.733 0.0000000000
31273  -23.206  44.610  30.086 0.0000000000
31469  -21.631  46.958  32.119 0.0000000000
19191  -35.187  -6.037  38.498 0.0000000000
19195  -34.795  -5.019  37.538 0.0000000000
19469  -34.497  -3.850  39.522 0.0000000000
20481  -26.486  -0.187  39.127 0.0000000000
20482  -27.950  0.778  38.327 0.0000000000
20715  -27.420  1.077  36.226 0.0000000000
20954  -26.864  2.087  33.742 0.0000000000
21461  -26.985  3.132  32.378 0.0000000000
21926  -27.571  4.016  33.740 0.0000000000
23061  -30.674  8.027  34.279 0.0000000000
22765  -30.569  6.289  34.656 0.0000000000
22762  -31.620  7.111  37.115 0.0000000000
22154  -29.234  4.807  42.788 0.0000000000
17885  -31.100  -15.067  43.523 0.0000000000
18174  -31.195  -12.738  44.343 0.0000000000
18417  -30.316  -10.349  44.982 0.0000000000
18173  -30.083  -13.377  44.988 0.0000000000
18412  -28.279  -11.732  45.795 0.0000000000
18411  -27.263  -11.913  46.178 0.0000000000
18683  -25.893  -10.007  46.846 0.0000000000
32892  -29.824  59.105  13.548 0.0000000000
33042  -30.260  59.640  12.439 0.0000000000
33153  -26.698  61.203  13.775 0.0000000000
33156  -25.734  61.596  13.048 0.0000000000
26622  -40.665  22.029  19.323 0.0000000000
27135  -40.441  23.661  19.346 0.0000000000
28768  -36.526  34.305  18.967 0.0000000000
28543  -38.173  33.300  19.046 0.0000000000
28542  -35.400  32.987  18.204 0.0000000000
28313  -34.431  32.656  17.881 0.0000000000
28546  -32.762  32.369  16.986 0.0000000000
29005  -32.443  33.327  14.338 0.0000000000
28522  -29.277  30.246  23.844 0.0000000000
28987  -28.390  31.971  23.821 0.0000000000
29463  -30.698  33.878  24.209 0.0000000000
30912  -34.233  43.442  23.274 0.0000000000
30524  -36.125  39.851  23.274 0.0000000000
30719  -36.247  41.872  21.915 0.0000000000
30913  -36.987  41.479  20.110 0.0000000000
30916  -36.285  41.199  19.105 0.0000000000
31801  -34.397  46.485  14.772 0.0000000000
31925  -33.517  48.588  12.695 0.0000000000
32716  -30.812  56.500  16.753 0.0000000000
32445  -30.468  54.025  14.482 0.0000000000
32584  -29.195  55.018  14.933 0.0000000000
32189  -25.275  52.434  14.180 0.0000000000
32323  -26.653  51.750  12.207 0.0000000000
32596  -26.147  54.910  13.596 0.0000000000
32741  -27.696  56.588  14.164 0.0000000000
19992  -32.213  -2.650  34.168 0.0000000000
19753  -30.194  -4.004  33.973 0.0000000000
20238  -30.923  -3.472  33.114 0.0000000000
20726  -39.121  -1.747  35.952 0.0000000000
20254  -37.305  -3.652  34.902 0.0000000000
23350  -43.818  8.692  32.181 0.0000000000
24929  -42.502  13.793  23.125 0.0000000000
24926  -44.322  14.201  24.250 0.0000000000
25432  -44.751  16.691  24.570 0.0000000000
25172  -39.286  18.200  27.438 0.0000000000
25424  -39.285  18.558  26.468 0.0000000000
25979  -39.056  19.456  25.405 0.0000000000
26290  -39.733  20.398  25.062 0.0000000000
26862  -42.711  21.790  26.937 0.0000000000
27114  -39.260  22.003  27.102 0.0000000000
27113  -38.666  23.159  27.525 0.0000000000
27109  -37.952  22.978  26.922 0.0000000000
23894  -28.961  13.573  34.121 0.0000000000
24141  -29.674  13.924  33.480 0.0000000000
24410  -26.875  14.375  28.230 0.0000000000
25653  -32.452  16.781  36.125 0.0000000000
25658  -32.488  17.060  33.651 0.0000000000
25659  -34.075  17.080  34.951 0.0000000000
25946  -36.007  17.570  34.544 0.0000000000
26268  -38.325  18.948  32.340 0.0000000000
30888  -17.339  39.768  26.957 0.0000000000
31055  -15.169  41.245  27.130 0.0000000000
30885  -15.351  40.155  26.060 0.0000000000
30015  -13.826  37.964  25.554 0.0000000000
29836  -15.727  36.713  26.947 0.0000000000
29632  -16.048  35.677  27.034 0.0000000000
29434  -15.777  35.036  28.088 0.0000000000
28958  -15.712  33.610  31.799 0.0000000000
30701  -18.030  38.422  25.446 0.0000000000
19466  -31.474  -4.820  42.062 0.0000000000
19736  -32.701  -2.345  41.941 0.0000000000
19976  -31.561  -2.440  42.201 0.0000000000
20225  -30.913  -0.595  42.348 0.0000000000
20471  -28.790  0.811  40.899 0.0000000000
20470  -27.697  0.152  41.694 0.0000000000
20476  -27.214  0.298  40.492 0.0000000000
20475  -25.681  -0.523  39.869 0.0000000000
20948  -24.665  0.493  39.469 0.0000000000
21921  -27.580  2.306  38.896 0.0000000000
22162  -29.057  3.400  37.908 0.0000000000
34276  -27.070  1.414  40.044 0.0000000000
34279  -27.413  2.002  41.344 0.0000000000
21910  -27.945  3.329  42.144 0.0000000000
34281  -26.872  3.361  43.221 0.0000000000
21911  -27.437  4.616  43.227 0.0000000000
31145  -26.979  44.350  6.360 0.0000000000
31082  -18.216  43.885  22.666 0.0000000000
31100  -14.818  43.712  20.450 0.0000000000
31309  -13.920  44.988  19.521 0.0000000000
31779  -12.757  47.604  22.912 0.0000000000
32139  -12.842  50.519  22.481 0.0000000000
28303  -41.312  33.734  20.960 0.0000000000
28996  -39.338  35.185  21.195 0.0000000000
28766  -32.846  34.231  18.691 0.0000000000
30174  -31.150  37.044  30.797 0.0000000000
30021  -33.635  36.665  27.491 0.0000000000
30713  -32.755  42.082  26.118 0.0000000000
31083  -30.853  45.835  25.860 0.0000000000
30905  -32.389  43.881  25.004 0.0000000000
31911  -35.441  48.680  16.250 0.0000000000
32031  -34.411  49.760  17.196 0.0000000000
32163  -33.419  51.240  17.292 0.0000000000
32439  -32.183  54.557  17.427 0.0000000000
32426  -31.029  54.362  19.508 0.0000000000
32710  -30.778  56.407  18.134 0.0000000000
32866  -29.391  57.652  17.017 0.0000000000
32864  -27.582  58.740  16.750 0.0000000000
20736  -32.839  0.538  30.905 0.0000000000
20735  -32.857  -0.077  31.356 0.0000000000
20737  -34.117  -0.692  32.026 0.0000000000
20969  -33.798  0.723  32.133 0.0000000000
21202  -35.677  0.066  35.150 0.0000000000
21930  -34.286  2.387  35.866 0.0000000000
21200  -37.337  0.226  35.965 0.0000000000
21201  -39.755  0.274  35.351 0.0000000000
23067  -39.637  7.998  37.195 0.0000000000
23068  -40.715  8.041  35.598 0.0000000000
23345  -42.384  8.438  34.079 0.0000000000
23903  -44.000  10.624  32.253 0.0000000000
24146  -44.792  11.548  30.955 0.0000000000
24402  -43.940  15.033  30.784 0.0000000000
24648  -44.163  14.819  28.962 0.0000000000
24916  -39.943  17.871  29.896 0.0000000000
24401  -39.679  17.003  32.248 0.0000000000
24405  -38.827  17.137  31.468 0.0000000000
24919  -38.583  17.900  28.564 0.0000000000
24380  -26.260  14.855  35.400 0.0000000000
24387  -25.746  14.889  32.941 0.0000000000
24636  -25.207  15.590  34.642 0.0000000000
25647  -27.988  17.352  35.531 0.0000000000
25649  -30.951  16.966  37.751 0.0000000000
25650  -32.294  17.507  39.066 0.0000000000
25940  -33.921  18.125  38.023 0.0000000000
25941  -33.686  19.869  37.862 0.0000000000
31054  -13.674  41.730  28.402 0.0000000000
30334  -17.344  39.964  30.962 0.0000000000
31285  -20.034  44.972  23.838 0.0000000000
31288  -18.672  45.714  24.846 0.0000000000
31486  -17.918  47.702  25.721 0.0000000000
31475  -23.253  48.483  27.570 0.0000000000
31634  -18.481  49.150  26.972 0.0000000000
31485  -16.465  47.753  25.987 0.0000000000
31627  -13.474  47.512  28.000 0.0000000000
31628  -12.522  48.514  29.607 0.0000000000
28285  -36.024  31.583  29.268 0.0000000000
28287  -35.650  32.295  27.397 0.0000000000
28514  -35.371  33.309  28.993 0.0000000000
28742  -33.683  33.897  28.639 0.0000000000
28738  -29.624  32.140  27.857 0.0000000000
28521  -29.047  31.233  26.356 0.0000000000
28753  -27.651  31.296  25.591 0.0000000000
29218  -27.432  32.785  27.187 0.0000000000
29637  -27.879  34.019  28.699 0.0000000000
30173  -30.190  36.588  30.967 0.0000000000
30343  -28.890  37.460  31.686 0.0000000000
30510  -28.440  40.938  31.590 0.0000000000
30705  -27.921  43.655  30.115 0.0000000000
30706  -26.559  43.375  30.143 0.0000000000
31075  -27.986  45.363  28.686 0.0000000000
18709  -35.971  -7.696  33.212 0.0000000000
18712  -33.516  -8.132  31.820 0.0000000000
18716  -35.069  -7.220  34.468 0.0000000000
19474  -33.966  -3.754  36.717 0.0000000000
19475  -32.845  -4.099  35.815 0.0000000000
20235  -33.242  -1.254  34.558 0.0000000000
20486  -33.118  -0.048  33.867 0.0000000000
19978  -33.571  -1.581  41.362 0.0000000000
20473  -33.116  0.533  41.459 0.0000000000
20946  -32.143  1.262  37.991 0.0000000000
20709  -30.932  1.660  38.110 0.0000000000
20724  -32.196  0.608  32.282 0.0000000000
20966  -31.792  0.729  31.074 0.0000000000
20971  -30.673  1.573  29.352 0.0000000000
21703  -30.207  2.776  29.558 0.0000000000
21944  -31.664  3.517  33.345 0.0000000000
21460  -28.257  3.157  31.292 0.0000000000
22178  -31.415  5.317  35.655 0.0000000000
22457  -31.100  6.405  35.383 0.0000000000
22775  -32.426  7.793  36.445 0.0000000000
23341  -33.599  10.359  36.831 0.0000000000
23618  -33.526  11.905  37.232 0.0000000000
23343  -32.817  10.406  35.187 0.0000000000
23624  -31.615  12.288  35.412 0.0000000000
23337  -30.297  10.246  34.856 0.0000000000
23617  -29.737  12.689  35.104 0.0000000000
22159  -29.986  4.267  38.119 0.0000000000
22757  -32.217  7.949  39.821 0.0000000000
22749  -31.432  6.931  42.910 0.0000000000
23055  -32.588  8.502  41.204 0.0000000000
23333  -32.445  9.755  39.889 0.0000000000
23609  -31.068  12.591  38.620 0.0000000000
24122  -29.009  14.367  37.811 0.0000000000
18952  -37.624  -7.784  37.448 0.0000000000
18432  -38.517  -9.749  37.659 0.0000000000
18702  -38.413  -9.236  38.195 0.0000000000
18950  -36.945  -7.879  38.489 0.0000000000
18949  -35.766  -7.747  39.305 0.0000000000
18945  -34.452  -7.545  39.840 0.0000000000
18944  -33.306  -7.504  40.444 0.0000000000
17598  -36.755  -13.741  40.106 0.0000000000
17594  -33.535  -14.835  41.082 0.0000000000
17894  -35.235  -13.407  41.053 0.0000000000
18182  -35.654  -11.805  41.222 0.0000000000
18424  -34.307  -10.567  40.947 0.0000000000
18943  -31.963  -6.944  41.802 0.0000000000
19463  -30.302  -5.340  43.192 0.0000000000
19457  -29.034  -5.156  44.101 0.0000000000
18934  -29.688  -8.361  45.261 0.0000000000
19719  -25.779  -5.244  46.052 0.0000000000
20213  -23.599  -3.235  46.472 0.0000000000
19966  -22.077  -3.522  47.724 0.0000000000
19713  -22.760  -4.568  47.167 0.0000000000
19171  -21.592  -8.616  46.746 0.0000000000
18923  -21.795  -9.789  45.764 0.0000000000
18921  -23.276  -10.222  45.816 0.0000000000
32906  -30.866  58.614  9.367 0.0000000000
32753  -30.006  56.429  6.942 0.0000000000
27624  -30.805  24.036  18.937 0.0000000000
27879  -30.830  25.047  17.644 0.0000000000
27874  -41.363  28.557  19.893 0.0000000000
27873  -38.619  27.802  19.505 0.0000000000
28309  -36.523  31.404  18.619 0.0000000000
28100  -35.926  29.398  18.704 0.0000000000
27881  -35.009  27.208  18.558 0.0000000000
27880  -32.959  26.104  17.742 0.0000000000
27886  -30.297  26.269  16.983 0.0000000000
28108  -28.019  27.161  16.442 0.0000000000
28290  -34.947  32.338  25.891 0.0000000000
28291  -34.094  31.840  24.875 0.0000000000
28528  -32.761  31.433  23.438 0.0000000000
28527  -30.482  30.225  22.818 0.0000000000
28539  -31.569  31.000  22.114 0.0000000000
28762  -32.866  33.576  20.139 0.0000000000
28998  -31.982  34.524  18.204 0.0000000000
30020  -33.323  35.815  25.985 0.0000000000
29846  -32.841  35.073  24.201 0.0000000000
30196  -36.608  38.593  22.017 0.0000000000
30028  -33.861  35.811  22.528 0.0000000000
29849  -32.260  34.932  21.675 0.0000000000
29655  -30.270  34.754  19.924 0.0000000000
29469  -30.543  34.916  17.838 0.0000000000
29229  -31.828  34.771  17.480 0.0000000000
29857  -30.427  36.161  16.633 0.0000000000
30042  -29.497  37.569  16.269 0.0000000000
31132  -28.806  45.462  9.379 0.0000000000
30945  -27.697  44.425  8.598 0.0000000000
32035  -35.043  49.626  14.262 0.0000000000
32039  -34.648  49.051  13.449 0.0000000000
32044  -32.588  49.766  12.874 0.0000000000
32042  -30.770  50.234  13.188 0.0000000000
31931  -29.150  48.121  11.745 0.0000000000
31930  -26.269  47.686  11.802 0.0000000000
31523  -26.390  46.297  10.092 0.0000000000
31134  -25.601  44.307  8.095 0.0000000000
31674  -26.269  46.116  7.232 0.0000000000
32062  -27.584  48.852  8.575 0.0000000000
32327  -30.463  50.024  10.388 0.0000000000
32460  -28.935  51.181  11.255 0.0000000000
32461  -30.870  51.923  12.166 0.0000000000
32462  -32.727  50.278  11.233 0.0000000000
18714  -31.361  -7.912  30.470 0.0000000000
19481  -29.013  -5.166  32.972 0.0000000000
20499  -33.900  -2.287  32.443 0.0000000000
20253  -34.019  -4.632  32.850 0.0000000000
20005  -33.699  -6.168  31.821 0.0000000000
26000  -40.856  19.989  20.243 0.0000000000
25996  -42.869  20.347  20.859 0.0000000000
26608  -44.743  21.572  21.720 0.0000000000
27126  -44.841  24.537  22.101 0.0000000000
24921  -43.495  15.961  26.982 0.0000000000
25675  -43.492  18.091  25.592 0.0000000000
25989  -45.292  18.152  24.484 0.0000000000
26864  -45.513  22.511  23.659 0.0000000000
27622  -44.688  26.202  22.384 0.0000000000
27621  -44.591  25.591  23.431 0.0000000000
27853  -43.313  27.379  24.820 0.0000000000
27618  -41.997  26.932  27.595 0.0000000000
27616  -40.497  24.879  29.296 0.0000000000
27617  -40.651  26.402  28.910 0.0000000000
27852  -40.532  27.745  27.743 0.0000000000
27851  -38.922  27.390  27.987 0.0000000000
27860  -36.821  28.041  25.873 0.0000000000
27858  -34.870  27.504  25.609 0.0000000000
23896  -33.227  13.554  37.655 0.0000000000
24393  -33.736  15.318  34.397 0.0000000000
24145  -30.921  14.484  32.425 0.0000000000
24155  -32.052  14.350  30.633 0.0000000000
24408  -33.116  14.484  29.226 0.0000000000
24650  -33.674  15.435  27.976 0.0000000000
25436  -32.987  18.987  25.385 0.0000000000
24399  -26.312  15.207  31.234 0.0000000000
24646  -26.883  15.179  29.744 0.0000000000
25418  -28.820  16.266  29.683 0.0000000000
25667  -30.521  17.057  28.870 0.0000000000
25671  -30.937  17.636  27.419 0.0000000000
25972  -31.996  19.060  27.263 0.0000000000
25991  -32.785  20.244  25.995 0.0000000000
26852  -34.343  21.604  26.432 0.0000000000
26849  -38.892  22.250  27.856 0.0000000000
27368  -38.644  24.230  28.772 0.0000000000
27104  -39.461  23.873  29.542 0.0000000000
27366  -38.132  25.513  29.392 0.0000000000
27848  -34.659  27.711  28.201 0.0000000000
28081  -35.855  30.039  27.847 0.0000000000
28284  -35.955  31.624  30.678 0.0000000000
28508  -34.735  32.273  31.742 0.0000000000
28509  -15.070  30.335  28.023 0.0000000000
28718  -16.045  30.917  30.365 0.0000000000
28716  -18.307  31.631  33.483 0.0000000000
28952  -18.321  34.129  34.727 0.0000000000
19965  -21.731  -2.863  47.638 0.0000000000
27857  -35.036  28.648  25.444 0.0000000000
23344  -35.991  10.835  39.013 0.0000000000
31059  -20.418  41.464  30.188 0.0000000000
29189  -17.468  34.657  35.166 0.0000000000
21190  -25.935  1.784  36.982 0.0000000000
30753  -28.174  41.894  7.689 0.0000000000
30748  -30.685  42.433  8.240 0.0000000000
31796  -35.948  46.985  16.702 0.0000000000
32589  -24.282  55.828  14.723 0.0000000000
24152  -44.800  13.605  29.505 0.0000000000
24158  -44.669  11.731  28.201 0.0000000000
26259  -33.616  21.772  37.160 0.0000000000
28733  -14.543  31.321  27.735 0.0000000000
32848  -14.829  58.144  24.563 0.0000000000
32700  -14.823  56.463  23.698 0.0000000000
28294  -40.859  30.634  24.826 0.0000000000
28529  -35.240  33.269  24.033 0.0000000000
28756  -36.532  34.414  23.433 0.0000000000
22176  -37.042  2.751  40.072 0.0000000000
31755  -17.303  49.210  31.677 0.0000000000
31753  -15.981  48.584  32.897 0.0000000000
30329  -17.287  39.120  35.811 0.0000000000
29996  -17.882  35.852  35.842 0.0000000000
31614  -20.401  47.610  32.592 0.0000000000
18184  -39.196  -11.969  39.934 0.0000000000
18691  -31.183  -9.683  44.282 0.0000000000
19175  -26.146  -7.493  46.913 0.0000000000
18925  -25.749  -8.677  47.064 0.0000000000
28311  -31.634  29.884  17.593 0.0000000000
28110  -30.725  28.655  17.350 0.0000000000
28556  -30.117  30.634  16.039 0.0000000000
30530  -36.447  39.683  19.786 0.0000000000
30202  -35.477  37.832  19.854 0.0000000000
32183  -26.291  50.513  13.838 0.0000000000
32747  -31.551  56.895  13.159 0.0000000000
32749  -33.864  55.376  10.846 0.0000000000
20255  -31.660  -5.468  31.466 0.0000000000
25173  -41.784  17.615  27.604 0.0000000000
27118  -42.107  23.577  28.263 0.0000000000
24411  -27.706  14.237  27.217 0.0000000000
24660  -29.599  15.784  26.611 0.0000000000
25963  -35.685  17.548  31.440 0.0000000000
25968  -35.662  18.110  30.260 0.0000000000
26587  -38.930  20.007  31.042 0.0000000000
21177  -23.376  1.436  45.726 0.0000000000
31776  -11.342  48.484  26.327 0.0000000000
31999  -12.801  50.156  27.716 0.0000000000
32552  -15.285  55.072  26.199 0.0000000000
28089  -39.286  29.135  25.873 0.0000000000
31277  -15.872  42.495  29.852 0.0000000000
31462  -14.961  42.711  31.121 0.0000000000
29621  -15.478  35.144  30.210 0.0000000000
29825  -16.141  35.476  31.406 0.0000000000
29617  -16.317  35.050  35.407 0.0000000000
29410  -16.930  34.720  36.527 0.0000000000
29180  -16.666  35.092  37.336 0.0000000000
31275  -23.401  45.760  29.337 0.0000000000
18176  -31.820  -13.546  43.888 0.0000000000
18172  -29.035  -12.170  45.355 0.0000000000
18171  -27.202  -12.779  44.980 0.0000000000
33035  -26.463  60.380  14.444 0.0000000000
33152  -24.602  61.098  14.079 0.0000000000
33034  -23.449  59.852  13.975 0.0000000000
33036  -24.234  60.778  12.704 0.0000000000
29471  -31.414  34.990  14.366 0.0000000000
29659  -30.533  35.513  14.205 0.0000000000
31092  -35.033  44.284  22.044 0.0000000000
31923  -33.619  47.076  12.978 0.0000000000
32724  -29.997  56.155  15.683 0.0000000000
32320  -25.650  53.412  13.402 0.0000000000
32740  -26.262  56.686  14.195 0.0000000000
32746  -29.720  57.243  13.974 0.0000000000
20967  -38.541  -0.844  35.792 0.0000000000
20725  -41.031  -3.121  36.051 0.0000000000
24652  -44.293  14.024  25.596 0.0000000000
25176  -44.451  15.192  24.208 0.0000000000
26861  -41.141  21.427  26.368 0.0000000000
27112  -37.926  22.120  26.263 0.0000000000
25652  -33.346  17.316  37.881 0.0000000000
25657  -33.586  16.993  36.455 0.0000000000
25948  -37.230  18.471  34.512 0.0000000000
30689  -14.671  39.550  25.274 0.0000000000
30886  -19.239  38.788  26.863 0.0000000000
20224  -29.847  -1.631  43.089 0.0000000000
20708  -24.952  -0.260  38.705 0.0000000000
21419  -25.455  2.760  44.391 0.0000000000
31086  -16.476  43.462  20.743 0.0000000000
31493  -13.328  45.412  21.867 0.0000000000
31893  -12.911  48.594  24.126 0.0000000000
32002  -13.437  49.187  23.605 0.0000000000
32414  -12.756  52.347  23.022 0.0000000000
32272  -13.014  51.580  23.077 0.0000000000
32274  -11.642  51.470  21.663 0.0000000000
27865  -44.248  27.261  23.003 0.0000000000
28534  -40.268  32.758  24.395 0.0000000000
28988  -38.220  35.450  22.249 0.0000000000
28989  -39.069  35.135  22.844 0.0000000000
30345  -30.679  37.996  31.350 0.0000000000
30900  -29.980  44.766  27.869 0.0000000000
32303  -32.461  53.270  17.850 0.0000000000
32861  -29.020  58.126  18.516 0.0000000000
33137  -26.808  59.975  18.089 0.0000000000
21209  -32.514  1.641  30.740 0.0000000000
21205  -34.338  0.879  33.647 0.0000000000
21927  -36.861  1.033  38.224 0.0000000000
21453  -39.427  1.078  35.625 0.0000000000
22773  -39.424  6.378  37.763 0.0000000000
23622  -43.256  9.682  33.379 0.0000000000
24147  -44.266  13.441  31.841 0.0000000000
24379  -27.400  15.234  37.216 0.0000000000
25409  -25.085  17.787  35.706 0.0000000000
24909  -25.405  16.173  33.665 0.0000000000
25655  -26.483  18.028  36.033 0.0000000000
25651  -32.179  16.807  37.616 0.0000000000
25938  -33.063  18.814  38.679 0.0000000000
26256  -32.024  21.817  37.052 0.0000000000
30341  -13.571  39.873  27.416 0.0000000000
30503  -13.169  40.307  28.847 0.0000000000
30500  -13.551  40.126  29.499 0.0000000000
30162  -17.800  38.807  30.879 0.0000000000
30494  -17.041  40.994  32.388 0.0000000000
29616  -14.812  34.843  36.567 0.0000000000
29819  -14.739  35.372  37.392 0.0000000000
29414  -13.894  34.236  36.540 0.0000000000
31081  -21.728  44.931  22.618 0.0000000000
31284  -21.827  45.622  23.572 0.0000000000
31476  -22.096  48.041  25.149 0.0000000000
31286  -20.436  45.991  24.380 0.0000000000
31768  -23.421  47.842  28.324 0.0000000000
31767  -22.875  49.204  29.407 0.0000000000
31632  -15.972  48.687  27.509 0.0000000000
31631  -14.817  47.654  26.627 0.0000000000
31773  -12.177  50.236  29.950 0.0000000000
28512  -36.102  32.273  30.126 0.0000000000
28744  -32.601  33.686  30.682 0.0000000000
34440  -28.325  35.206  30.126 0.0000000000
30017  -28.754  36.238  30.882 0.0000000000
30350  -27.080  40.094  31.750 0.0000000000
30903  -26.603  44.346  29.039 0.0000000000
20704  -32.772  1.137  41.034 0.0000000000
20960  -30.608  1.329  32.065 0.0000000000
21199  -29.680  1.540  29.770 0.0000000000
21702  -28.798  2.931  30.007 0.0000000000
23072  -32.916  9.208  35.568 0.0000000000
23347  -32.364  9.649  34.280 0.0000000000
24114  -29.759  14.858  39.744 0.0000000000
18703  -38.111  -8.569  37.200 0.0000000000
18189  -38.661  -10.988  37.950 0.0000000000
18699  -38.423  -8.656  38.732 0.0000000000
17592  -32.063  -15.641  41.682 0.0000000000
18423  -33.002  -10.868  41.159 0.0000000000
19458  -29.676  -5.496  43.995 0.0000000000
19718  -24.964  -5.078  46.288 0.0000000000
19967  -24.540  -3.838  46.204 0.0000000000
19717  -23.810  -4.662  46.856 0.0000000000
18924  -24.450  -10.401  46.026 0.0000000000
32909  -34.569  56.353  6.676 0.0000000000
32757  -33.545  55.934  4.921 0.0000000000
33044  -29.859  59.789  11.126 0.0000000000
32903  -30.080  58.199  8.803 0.0000000000
31099  -15.941  43.609  19.657 0.0000000000
28318  -26.767  28.932  15.357 0.0000000000
28997  -30.570  33.921  18.875 0.0000000000
30179  -32.582  37.618  29.438 0.0000000000
29649  -31.176  34.606  21.005 0.0000000000
30208  -30.600  37.835  16.945 0.0000000000
31341  -29.122  45.667  9.921 0.0000000000
31811  -28.382  47.415  11.254 0.0000000000
31135  -25.898  44.794  8.835 0.0000000000
31346  -25.780  44.936  7.404 0.0000000000
32326  -28.643  49.985  9.823 0.0000000000
32458  -27.738  52.156  11.968 0.0000000000
32469  -34.872  50.920  11.478 0.0000000000
32750  -35.232  54.490  9.469 0.0000000000
32617  -36.576  52.640  9.494 0.0000000000
19206  -29.153  -6.059  32.899 0.0000000000
19757  -29.374  -4.522  32.720 0.0000000000
25183  -41.847  15.269  22.378 0.0000000000
26298  -45.275  19.453  22.463 0.0000000000
27137  -44.269  23.994  21.053 0.0000000000
25674  -41.244  18.677  25.972 0.0000000000
27849  -34.519  27.106  26.671 0.0000000000
24149  -29.462  13.595  29.998 0.0000000000
25984  -31.904  19.004  26.175 0.0000000000
26592  -35.014  20.773  27.667 0.0000000000
26846  -39.041  21.280  29.158 0.0000000000
26848  -37.577  21.552  27.760 0.0000000000
27103  -39.204  22.829  28.508 0.0000000000
27367  -38.767  24.535  29.854 0.0000000000
28272  -18.474  28.730  28.094 0.0000000000
28487  -19.803  30.018  32.659 0.0000000000
28946  -19.155  33.883  35.894 0.0000000000
19711  -21.632  -4.758  47.820 0.0000000000
19710  -20.061  -4.220  47.558 0.0000000000
32132  -13.385  51.836  28.716 0.0000000000
28090  -37.161  30.885  25.536 0.0000000000
31784  -27.400  48.859  24.919 0.0000000000
32019  -26.029  49.776  24.154 0.0000000000
32157  -26.520  50.751  24.535 0.0000000000
32290  -26.897  52.092  24.531 0.0000000000
23069  -33.247  8.637  37.306 0.0000000000
23895  -35.115  13.966  38.664 0.0000000000
29824  -16.479  34.857  32.268 0.0000000000
29193  -15.941  34.317  32.710 0.0000000000
30887  -21.154  38.832  27.406 0.0000000000
32725  -23.020  58.325  14.103 0.0000000000
31657  -35.131  45.985  20.624 0.0000000000
31500  -36.706  43.842  18.061 0.0000000000
26260  -35.237  20.795  36.610 0.0000000000
29838  -14.634  36.041  24.026 0.0000000000
28735  -14.825  32.192  26.261 0.0000000000
33248  -25.377  60.699  19.223 0.0000000000
31291  -17.395  44.522  23.892 0.0000000000
31651  -13.142  46.403  21.759 0.0000000000
32553  -14.501  54.607  24.115 0.0000000000
32558  -13.377  54.727  22.540 0.0000000000
28532  -37.104  34.019  24.999 0.0000000000
32020  -32.954  49.986  19.079 0.0000000000
22171  -35.172  3.149  40.738 0.0000000000
25931  -30.443  18.411  39.784 0.0000000000
26246  -31.538  21.440  38.967 0.0000000000
30161  -18.417  38.411  32.646 0.0000000000
28944  -13.949  33.740  36.729 0.0000000000
30891  -23.541  40.320  27.183 0.0000000000
31066  -23.410  43.643  24.038 0.0000000000
31282  -23.501  46.964  24.359 0.0000000000
31638  -21.701  50.001  29.218 0.0000000000
31771  -20.452  50.520  29.879 0.0000000000
31633  -16.146  49.114  28.871 0.0000000000
28732  -34.144  33.105  31.619 0.0000000000
28968  -30.394  33.426  32.075 0.0000000000
30509  -27.109  41.110  31.796 0.0000000000
23331  -31.740  10.426  42.824 0.0000000000
18188  -39.272  -10.890  38.968 0.0000000000
32907  -33.869  56.604  8.070 0.0000000000
33040  -26.649  60.846  11.574 0.0000000000
27381  -34.422  24.129  19.899 0.0000000000
28555  -28.307  29.593  15.980 0.0000000000
28764  -29.935  32.241  20.486 0.0000000000
32742  -29.432  55.466  13.659 0.0000000000
32604  -29.896  53.899  13.088 0.0000000000
32610  -34.202  52.684  12.068 0.0000000000
26281  -34.626  19.586  28.673 0.0000000000
28269  -20.234  28.988  30.540 0.0000000000
19446  -20.427  -6.580  46.990 0.0000000000
32860  -23.571  57.789  23.653 0.0000000000
31483  -13.443  46.475  25.565 0.0000000000
31646  -11.681  46.625  25.013 0.0000000000
31777  -12.046  48.198  24.876 0.0000000000
32135  -14.958  51.522  26.532 0.0000000000
32134  -14.124  51.211  27.468 0.0000000000
32699  -15.037  56.659  25.949 0.0000000000
28299  -37.141  32.588  25.595 0.0000000000
32425  -27.341  52.991  23.946 0.0000000000
22173  -33.156  3.973  37.675 0.0000000000
31465  -17.059  44.270  32.581 0.0000000000
31463  -16.098  43.470  32.463 0.0000000000
29831  -16.819  36.657  28.725 0.0000000000
29999  -18.573  37.019  34.301 0.0000000000
29821  -16.841  35.333  36.117 0.0000000000
29820  -15.621  35.295  36.646 0.0000000000
28695  -16.979  32.894  39.149 0.0000000000
30889  -22.678  39.111  27.306 0.0000000000
31623  -23.129  47.595  29.894 0.0000000000
31470  -22.794  46.057  31.093 0.0000000000
17902  -38.799  -12.959  39.618 0.0000000000
17901  -38.397  -12.894  40.367 0.0000000000
18418  -31.013  -11.337  44.503 0.0000000000
18684  -26.693  -10.747  46.784 0.0000000000
32897  -31.439  58.073  12.675 0.0000000000
33159  -27.621  61.033  12.506 0.0000000000
28774  -31.452  32.168  14.745 0.0000000000
30531  -34.899  39.162  18.696 0.0000000000
30722  -35.322  40.016  19.033 0.0000000000
31808  -32.419  47.026  11.641 0.0000000000
32582  -31.748  54.940  15.697 0.0000000000
32443  -27.913  54.442  15.031 0.0000000000
19752  -31.846  -3.845  35.082 0.0000000000
20243  -31.478  -3.357  32.742 0.0000000000
20491  -39.882  -3.122  35.982 0.0000000000
27115  -40.777  21.997  27.631 0.0000000000
27116  -39.801  22.889  28.635 0.0000000000
25956  -37.659  18.199  32.890 0.0000000000
26262  -38.167  19.920  33.634 0.0000000000
30344  -13.912  39.047  25.822 0.0000000000
30011  -16.481  37.300  27.780 0.0000000000
29634  -15.787  35.169  25.355 0.0000000000
29194  -14.763  33.802  30.573 0.0000000000
19467  -32.712  -4.266  41.488 0.0000000000
31094  -16.273  43.619  20.194 0.0000000000
32005  -13.822  50.386  23.774 0.0000000000
31900  -12.770  48.852  21.522 0.0000000000
30018  -31.408  36.290  29.634 0.0000000000
30906  -33.335  42.774  24.387 0.0000000000
23065  -40.332  6.915  36.448 0.0000000000
23066  -40.472  6.748  34.778 0.0000000000
23074  -42.055  7.320  33.538 0.0000000000
24148  -44.932  13.036  30.515 0.0000000000
26267  -32.167  22.432  36.988 0.0000000000
31065  -16.073  41.762  28.041 0.0000000000
29997  -16.169  35.853  37.017 0.0000000000
31077  -18.263  43.886  21.785 0.0000000000
31481  -16.299  46.021  24.792 0.0000000000
31482  -14.976  46.722  25.338 0.0000000000
31474  -24.392  46.905  26.252 0.0000000000
31636  -21.128  48.946  26.619 0.0000000000
31626  -12.665  47.412  28.175 0.0000000000
31643  -11.637  48.672  28.642 0.0000000000
30508  -29.707  39.766  31.526 0.0000000000
30514  -25.946  41.925  30.279 0.0000000000
30704  -26.691  42.916  30.851 0.0000000000
24123  -28.064  14.083  36.037 0.0000000000
22750  -32.098  7.016  41.757 0.0000000000
18435  -38.412  -8.797  35.700 0.0000000000
18919  -22.405  -10.232  45.744 0.0000000000
32756  -31.252  57.370  7.308 0.0000000000
27885  -27.979  25.838  17.048 0.0000000000
29648  -31.461  34.175  22.927 0.0000000000
30191  -35.570  37.532  23.416 0.0000000000
29468  -29.791  34.440  19.235 0.0000000000
30534  -33.813  39.350  18.422 0.0000000000
31129  -30.121  44.976  9.948 0.0000000000
30946  -26.565  43.262  8.048 0.0000000000
31924  -35.616  48.404  14.599 0.0000000000
31927  -31.975  47.806  11.272 0.0000000000
31932  -30.988  48.265  11.568 0.0000000000
31815  -27.115  47.070  7.222 0.0000000000
32204  -29.437  49.153  8.945 0.0000000000
18961  -30.059  -6.979  32.611 0.0000000000
19484  -29.210  -5.473  30.996 0.0000000000
26881  -43.070  22.560  20.444 0.0000000000
27859  -35.544  27.709  25.449 0.0000000000
27856  -34.812  28.478  26.742 0.0000000000
25422  -29.483  16.378  27.660 0.0000000000
27106  -36.568  22.513  26.040 0.0000000000
28507  -32.841  32.241  33.198 0.0000000000
29181  -18.664  34.290  36.962 0.0000000000
31639  -23.842  47.561  27.461 0.0000000000
31644  -11.164  47.748  26.694 0.0000000000
31766  -19.568  50.352  30.043 0.0000000000
