#!ascii label  , from subject Yale_0050576 vox2ras=TkReg
1194
72624  10.186  21.556  28.289 0.0000000000
72642  9.887  21.894  28.077 0.0000000000
72660  9.489  22.460  27.537 0.0000000000
72661  9.685  22.271  27.515 0.0000000000
72675  9.250  23.088  27.089 0.0000000000
72676  9.228  22.875  27.239 0.0000000000
72677  8.812  23.540  27.663 0.0000000000
72687  8.741  24.077  27.385 0.0000000000
72688  8.677  24.096  27.970 0.0000000000
73491  8.676  21.636  30.320 0.0000000000
73502  8.717  22.038  29.868 0.0000000000
73516  9.293  21.861  29.088 0.0000000000
73529  9.203  22.294  28.443 0.0000000000
73542  9.804  21.906  28.455 0.0000000000
73543  9.165  22.648  27.991 0.0000000000
73557  10.168  21.548  28.497 0.0000000000
73558  9.504  22.311  27.923 0.0000000000
73559  9.118  22.910  27.739 0.0000000000
73571  9.218  22.787  27.490 0.0000000000
73587  9.107  23.342  27.182 0.0000000000
73601  9.052  23.738  26.990 0.0000000000
73602  8.941  24.236  26.788 0.0000000000
73603  8.916  24.056  27.189 0.0000000000
73621  9.166  24.693  26.998 0.0000000000
73622  8.996  24.395  27.368 0.0000000000
73623  8.409  24.556  28.185 0.0000000000
73660  3.989  23.332  24.398 0.0000000000
73674  4.076  23.758  23.738 0.0000000000
74373  8.039  22.024  30.734 0.0000000000
74374  7.456  23.116  30.278 0.0000000000
74381  8.693  22.171  29.620 0.0000000000
74382  8.199  22.861  29.647 0.0000000000
74383  7.973  23.794  30.010 0.0000000000
74392  8.729  22.458  29.237 0.0000000000
74393  8.625  23.526  29.018 0.0000000000
74402  8.673  23.153  28.508 0.0000000000
74403  8.559  23.880  28.629 0.0000000000
74417  8.950  23.102  28.084 0.0000000000
74436  9.021  23.230  27.529 0.0000000000
74437  8.886  23.416  27.722 0.0000000000
74456  8.968  23.811  27.303 0.0000000000
74477  9.083  24.358  27.170 0.0000000000
74493  9.278  24.764  27.107 0.0000000000
74494  9.411  24.935  27.141 0.0000000000
74514  9.245  25.043  27.272 0.0000000000
74515  9.030  24.875  27.900 0.0000000000
74516  8.082  24.935  28.383 0.0000000000
74517  6.743  24.505  28.765 0.0000000000
74518  5.579  24.244  28.120 0.0000000000
74519  4.584  23.988  27.242 0.0000000000
74535  4.071  23.626  25.929 0.0000000000
74550  4.343  23.743  24.454 0.0000000000
74562  4.078  24.185  23.078 0.0000000000
74563  2.573  24.551  21.643 0.0000000000
74578  2.514  25.122  20.674 0.0000000000
75331  6.584  23.812  30.679 0.0000000000
75338  8.139  24.373  29.689 0.0000000000
75339  7.686  24.653  30.095 0.0000000000
75346  8.813  25.048  28.837 0.0000000000
75347  8.551  24.655  29.089 0.0000000000
75360  9.096  25.131  28.324 0.0000000000
75361  8.804  24.731  28.514 0.0000000000
75362  8.601  24.188  28.762 0.0000000000
75381  9.081  24.920  28.126 0.0000000000
75382  8.720  23.901  27.934 0.0000000000
75400  8.945  24.360  27.636 0.0000000000
75401  8.756  23.858  27.656 0.0000000000
75416  9.341  25.017  27.528 0.0000000000
75428  9.555  25.542  27.488 0.0000000000
75441  9.746  25.782  27.470 0.0000000000
75442  9.598  25.619  27.431 0.0000000000
75458  9.427  25.471  27.792 0.0000000000
75459  8.987  25.305  28.191 0.0000000000
75460  8.065  25.137  28.523 0.0000000000
75461  6.919  24.646  28.797 0.0000000000
75462  5.650  24.253  28.372 0.0000000000
75463  4.621  24.040  27.487 0.0000000000
75477  4.260  23.791  26.094 0.0000000000
75489  4.518  24.319  23.917 0.0000000000
75500  4.341  24.945  21.823 0.0000000000
75501  3.115  25.178  21.042 0.0000000000
75512  4.332  25.565  21.107 0.0000000000
75513  3.275  25.536  20.086 0.0000000000
75514  2.062  25.107  19.035 0.0000000000
75527  3.195  25.995  19.061 0.0000000000
75528  2.329  25.531  18.155 0.0000000000
76291  7.696  26.417  29.699 0.0000000000
76292  7.160  25.829  30.260 0.0000000000
76299  8.657  26.119  29.120 0.0000000000
76300  8.086  25.879  29.362 0.0000000000
76301  7.535  25.582  29.719 0.0000000000
76316  9.283  26.028  28.556 0.0000000000
76317  8.922  25.742  28.832 0.0000000000
76318  8.463  25.516  28.976 0.0000000000
76339  9.797  26.294  28.204 0.0000000000
76340  9.314  25.704  28.389 0.0000000000
76341  8.966  25.466  28.478 0.0000000000
76359  10.081  26.499  28.189 0.0000000000
76360  9.475  25.613  28.054 0.0000000000
76372  10.400  26.796  28.219 0.0000000000
76373  9.720  25.754  27.905 0.0000000000
76385  10.788  27.203  28.311 0.0000000000
76386  9.988  26.258  27.908 0.0000000000
76396  11.104  27.511  28.327 0.0000000000
76397  10.502  26.804  28.048 0.0000000000
76406  10.301  26.609  27.958 0.0000000000
76407  9.937  26.334  28.098 0.0000000000
76408  9.900  26.538  28.470 0.0000000000
76409  8.017  25.547  29.153 0.0000000000
76410  7.071  25.244  29.247 0.0000000000
76411  5.856  24.397  29.651 0.0000000000
76412  4.814  24.125  29.847 0.0000000000
76422  9.454  25.742  28.077 0.0000000000
76423  9.157  25.960  28.383 0.0000000000
76424  8.190  25.424  28.792 0.0000000000
76425  6.987  24.849  28.909 0.0000000000
76426  5.760  24.058  28.732 0.0000000000
76427  4.421  23.911  28.254 0.0000000000
76440  3.940  23.790  25.906 0.0000000000
76451  4.517  24.778  23.979 0.0000000000
76462  4.818  25.197  22.648 0.0000000000
76473  4.744  25.586  21.701 0.0000000000
76474  4.345  25.953  20.796 0.0000000000
76486  3.774  26.260  19.648 0.0000000000
76487  3.167  26.359  18.439 0.0000000000
76498  3.027  26.741  16.523 0.0000000000
76499  2.789  26.100  17.216 0.0000000000
77168  7.155  29.136  32.379 0.0000000000
77175  9.911  28.679  30.890 0.0000000000
77176  8.948  28.669  30.889 0.0000000000
77177  7.195  28.521  31.421 0.0000000000
77186  10.805  28.228  30.082 0.0000000000
77187  9.757  28.280  29.996 0.0000000000
77188  7.915  27.240  29.880 0.0000000000
77189  6.554  27.094  30.782 0.0000000000
77204  11.669  27.988  29.456 0.0000000000
77205  10.712  27.905  29.381 0.0000000000
77206  8.930  26.842  29.097 0.0000000000
77207  8.221  26.723  29.345 0.0000000000
77227  12.308  27.730  29.177 0.0000000000
77228  11.594  27.671  29.061 0.0000000000
77229  9.836  26.616  28.758 0.0000000000
77230  9.252  26.333  28.911 0.0000000000
77247  12.145  27.674  28.960 0.0000000000
77248  10.665  27.071  28.568 0.0000000000
77249  9.847  26.445  28.383 0.0000000000
77261  11.903  27.724  28.774 0.0000000000
77262  10.769  27.286  28.448 0.0000000000
77275  12.385  27.952  28.687 0.0000000000
77276  11.262  27.575  28.580 0.0000000000
77292  12.683  28.165  28.548 0.0000000000
77293  11.818  27.974  28.565 0.0000000000
77304  11.396  27.866  28.432 0.0000000000
77305  11.116  27.553  28.345 0.0000000000
77306  4.366  25.279  31.371 0.0000000000
77307  3.145  25.337  31.295 0.0000000000
77308  2.298  25.789  31.250 0.0000000000
77309  1.992  26.014  31.306 0.0000000000
77314  10.888  27.341  28.377 0.0000000000
77315  10.504  27.224  28.508 0.0000000000
77316  9.647  26.746  28.763 0.0000000000
77317  8.442  26.502  29.041 0.0000000000
77318  7.184  25.957  29.983 0.0000000000
77319  5.503  25.175  30.670 0.0000000000
77320  3.564  24.366  30.012 0.0000000000
77321  2.044  25.214  30.399 0.0000000000
77322  1.897  25.914  30.912 0.0000000000
77329  9.041  25.979  28.799 0.0000000000
77330  8.750  26.003  28.943 0.0000000000
77331  3.114  24.046  27.638 0.0000000000
77332  2.126  24.810  28.886 0.0000000000
77343  3.601  24.594  25.480 0.0000000000
77344  2.239  25.041  26.931 0.0000000000
77353  4.382  25.280  23.975 0.0000000000
77354  3.079  25.601  24.867 0.0000000000
77364  4.860  25.478  22.833 0.0000000000
77365  4.319  25.988  23.222 0.0000000000
77377  4.957  25.599  22.161 0.0000000000
77378  4.781  26.100  21.760 0.0000000000
77393  4.247  26.562  20.447 0.0000000000
77394  3.784  26.940  19.225 0.0000000000
77414  3.284  27.710  16.870 0.0000000000
77415  3.288  27.143  17.766 0.0000000000
77983  9.794  29.495  36.240 0.0000000000
77990  10.944  29.495  35.052 0.0000000000
77991  10.166  29.501  35.435 0.0000000000
77992  8.960  29.502  35.584 0.0000000000
77998  11.198  29.489  34.228 0.0000000000
77999  10.242  29.499  34.337 0.0000000000
78000  9.099  29.555  34.472 0.0000000000
78006  12.076  29.444  32.918 0.0000000000
78007  11.467  29.460  33.088 0.0000000000
78008  10.300  29.484  33.190 0.0000000000
78009  9.311  29.523  33.508 0.0000000000
78010  7.808  29.560  33.214 0.0000000000
78020  12.270  29.455  32.451 0.0000000000
78021  11.680  29.276  32.052 0.0000000000
78022  10.371  29.190  31.691 0.0000000000
78023  8.835  29.289  32.267 0.0000000000
78024  7.736  29.183  32.283 0.0000000000
78036  12.718  28.996  31.115 0.0000000000
78037  12.344  29.066  31.415 0.0000000000
78038  11.161  28.655  30.793 0.0000000000
78039  10.364  28.691  30.861 0.0000000000
78058  12.861  28.633  30.658 0.0000000000
78059  11.985  28.258  30.121 0.0000000000
78060  11.257  28.233  30.095 0.0000000000
78075  13.800  28.021  29.427 0.0000000000
78076  12.927  27.987  29.525 0.0000000000
78077  12.133  27.963  29.521 0.0000000000
78088  13.772  27.934  29.111 0.0000000000
78089  13.055  27.806  28.906 0.0000000000
78107  13.795  27.994  28.701 0.0000000000
78108  13.118  27.949  28.647 0.0000000000
78125  13.722  28.253  28.411 0.0000000000
78126  13.199  28.191  28.458 0.0000000000
78137  13.592  28.391  28.224 0.0000000000
78138  13.021  28.416  28.245 0.0000000000
78139  12.204  28.373  28.405 0.0000000000
78140  2.943  26.651  31.609 0.0000000000
78141  2.723  26.529  31.569 0.0000000000
78142  2.434  26.574  31.429 0.0000000000
78147  12.705  28.790  27.958 0.0000000000
78148  11.949  28.465  28.236 0.0000000000
78149  11.523  28.185  28.391 0.0000000000
78150  4.119  26.264  31.734 0.0000000000
78151  3.032  26.295  31.670 0.0000000000
78152  2.393  26.241  31.424 0.0000000000
78153  1.998  26.460  31.120 0.0000000000
78156  12.381  29.082  27.769 0.0000000000
78157  11.955  29.100  27.848 0.0000000000
78158  11.297  28.493  28.252 0.0000000000
78159  10.676  28.202  28.497 0.0000000000
78160  9.823  27.922  28.742 0.0000000000
78161  8.671  28.002  29.299 0.0000000000
78162  6.893  27.090  30.550 0.0000000000
78163  5.390  26.521  31.345 0.0000000000
78164  1.463  25.344  29.482 0.0000000000
78165  1.455  26.375  29.915 0.0000000000
78171  11.720  29.601  27.677 0.0000000000
78172  11.347  29.609  27.662 0.0000000000
78173  10.762  29.199  28.042 0.0000000000
78174  10.108  29.085  28.301 0.0000000000
78175  9.671  29.425  28.416 0.0000000000
78176  1.478  25.802  28.354 0.0000000000
78177  1.143  27.140  28.123 0.0000000000
78189  11.208  30.114  26.986 0.0000000000
78190  10.787  30.007  27.229 0.0000000000
78191  10.302  30.027  27.558 0.0000000000
78192  9.957  30.067  27.825 0.0000000000
78193  1.662  26.861  26.404 0.0000000000
78194  1.153  27.453  27.311 0.0000000000
78201  2.963  26.769  24.031 0.0000000000
78209  3.973  26.848  22.397 0.0000000000
78228  4.289  26.916  21.197 0.0000000000
78250  4.004  27.414  20.207 0.0000000000
78251  3.763  27.906  19.014 0.0000000000
78273  3.325  28.448  17.043 0.0000000000
78274  3.430  28.295  17.849 0.0000000000
78286  3.516  28.285  16.440 0.0000000000
78757  11.286  29.838  37.836 0.0000000000
78758  10.577  29.739  38.167 0.0000000000
78759  9.748  29.509  37.556 0.0000000000
78762  11.432  29.742  37.041 0.0000000000
78763  10.647  29.540  36.580 0.0000000000
78764  9.869  29.493  36.794 0.0000000000
78767  12.358  29.771  35.102 0.0000000000
78768  11.718  29.655  35.464 0.0000000000
78769  10.957  29.547  35.657 0.0000000000
78777  12.406  29.643  34.498 0.0000000000
78778  11.978  29.511  34.053 0.0000000000
78790  12.448  29.509  33.434 0.0000000000
78791  12.080  29.462  33.407 0.0000000000
78803  12.657  29.533  32.022 0.0000000000
78804  12.579  29.518  32.467 0.0000000000
78814  12.831  29.182  31.298 0.0000000000
78815  12.635  29.336  31.813 0.0000000000
78828  13.723  28.784  30.330 0.0000000000
78829  13.263  28.858  30.675 0.0000000000
78842  13.912  28.330  29.785 0.0000000000
78843  13.442  28.452  30.236 0.0000000000
78861  14.126  28.140  29.325 0.0000000000
78881  14.265  28.146  28.955 0.0000000000
78891  14.189  28.318  28.502 0.0000000000
78895  13.926  28.590  28.109 0.0000000000
78896  13.597  28.590  28.078 0.0000000000
78897  3.112  26.906  31.577 0.0000000000
78898  2.825  26.876  31.520 0.0000000000
78899  2.615  26.743  31.490 0.0000000000
78903  13.837  28.849  27.927 0.0000000000
78904  13.434  28.907  27.887 0.0000000000
78905  4.915  27.397  31.594 0.0000000000
78906  3.758  27.317  31.679 0.0000000000
78907  2.919  27.409  31.488 0.0000000000
78908  2.470  26.970  31.346 0.0000000000
78911  12.659  29.614  27.623 0.0000000000
78912  12.289  29.626  27.661 0.0000000000
78913  8.990  29.273  29.091 0.0000000000
78914  7.961  28.781  30.070 0.0000000000
78915  6.299  28.296  31.075 0.0000000000
78916  4.732  28.726  31.203 0.0000000000
78917  3.403  28.403  31.328 0.0000000000
78918  2.121  27.854  30.851 0.0000000000
78922  12.325  30.029  27.090 0.0000000000
78923  12.023  30.198  27.007 0.0000000000
78924  11.702  30.077  27.095 0.0000000000
78925  9.487  30.008  28.207 0.0000000000
78926  8.641  30.012  29.056 0.0000000000
78927  7.220  29.966  29.986 0.0000000000
78928  5.842  29.602  30.532 0.0000000000
78929  1.462  28.211  29.243 0.0000000000
78941  11.865  30.672  25.917 0.0000000000
78942  11.602  30.520  25.814 0.0000000000
78943  11.140  30.506  25.757 0.0000000000
78944  10.566  30.461  26.148 0.0000000000
78945  9.820  30.403  26.833 0.0000000000
78946  8.946  30.565  27.451 0.0000000000
78947  7.947  30.857  28.301 0.0000000000
78948  1.410  28.131  26.025 0.0000000000
78949  1.138  28.463  27.341 0.0000000000
78958  11.739  30.345  24.199 0.0000000000
78959  11.505  30.251  23.872 0.0000000000
78960  10.810  30.447  24.449 0.0000000000
78961  10.040  30.644  25.117 0.0000000000
78962  9.084  30.885  25.876 0.0000000000
78963  8.379  31.071  26.878 0.0000000000
78964  2.267  28.044  24.835 0.0000000000
78965  1.517  29.238  25.708 0.0000000000
78978  11.410  30.023  22.938 0.0000000000
78979  10.966  30.143  23.114 0.0000000000
78980  10.174  30.464  23.635 0.0000000000
78981  9.419  30.798  24.465 0.0000000000
78982  2.813  27.677  23.165 0.0000000000
78983  2.043  29.202  23.570 0.0000000000
79003  3.336  27.890  21.627 0.0000000000
79004  2.668  29.445  21.441 0.0000000000
79020  3.406  28.326  20.245 0.0000000000
79021  3.053  29.190  19.347 0.0000000000
79038  3.349  28.771  16.772 0.0000000000
79039  3.212  29.289  17.508 0.0000000000
79050  3.542  29.206  16.218 0.0000000000
79051  3.111  29.827  16.771 0.0000000000
79492  10.941  30.145  38.569 0.0000000000
79493  10.387  30.035  39.131 0.0000000000
79496  12.072  30.142  36.723 0.0000000000
79497  11.647  29.980  37.427 0.0000000000
79504  12.318  29.976  35.636 0.0000000000
79505  11.943  29.870  36.494 0.0000000000
79515  12.892  29.857  34.288 0.0000000000
79516  12.629  29.845  34.733 0.0000000000
79525  12.951  29.768  33.688 0.0000000000
79526  12.776  29.663  34.031 0.0000000000
79537  12.866  29.688  32.801 0.0000000000
79538  12.788  29.619  33.328 0.0000000000
79552  12.752  29.619  31.809 0.0000000000
79568  13.826  28.961  30.398 0.0000000000
79569  13.151  29.276  30.799 0.0000000000
79582  14.124  28.835  30.047 0.0000000000
79583  13.739  29.136  30.409 0.0000000000
79601  14.376  28.517  29.437 0.0000000000
79614  14.468  28.586  28.860 0.0000000000
79617  14.327  28.724  28.357 0.0000000000
79620  14.051  28.892  28.032 0.0000000000
79623  13.675  29.031  27.860 0.0000000000
79624  13.084  29.427  27.579 0.0000000000
79627  12.541  29.926  27.189 0.0000000000
79628  3.965  29.341  31.035 0.0000000000
79629  3.128  29.445  30.776 0.0000000000
79630  2.188  29.316  30.031 0.0000000000
79635  12.019  30.398  26.604 0.0000000000
79636  12.045  30.694  25.751 0.0000000000
79637  6.164  30.417  30.172 0.0000000000
79638  4.768  30.515  30.434 0.0000000000
79639  3.042  30.630  29.963 0.0000000000
79640  1.877  30.155  28.793 0.0000000000
79652  11.865  30.733  24.965 0.0000000000
79653  11.786  30.561  24.372 0.0000000000
79654  6.607  31.127  29.353 0.0000000000
79655  5.547  31.932  29.059 0.0000000000
79656  1.658  30.484  27.111 0.0000000000
79666  12.027  30.573  23.898 0.0000000000
79667  11.869  30.358  23.386 0.0000000000
79668  11.630  30.123  22.926 0.0000000000
79669  8.336  31.297  26.144 0.0000000000
79670  7.306  31.732  27.231 0.0000000000
79671  5.807  32.572  27.922 0.0000000000
79672  1.513  30.992  25.465 0.0000000000
79688  11.653  30.342  22.635 0.0000000000
79689  11.209  30.272  22.488 0.0000000000
79690  10.275  30.574  22.504 0.0000000000
79691  9.395  30.971  23.424 0.0000000000
79692  8.375  31.546  25.166 0.0000000000
79693  7.382  32.137  26.131 0.0000000000
79694  1.740  31.326  23.355 0.0000000000
79711  2.374  30.742  20.858 0.0000000000
79727  2.839  30.388  18.916 0.0000000000
79748  3.023  30.294  17.539 0.0000000000
79759  3.401  30.178  16.167 0.0000000000
79760  3.031  30.373  16.776 0.0000000000
80168  10.774  30.622  39.393 0.0000000000
80172  12.107  30.366  36.862 0.0000000000
80173  11.626  30.432  37.763 0.0000000000
80181  12.300  30.376  36.027 0.0000000000
80182  12.062  30.595  36.851 0.0000000000
80191  13.006  29.925  34.073 0.0000000000
80192  12.729  30.130  34.804 0.0000000000
80203  13.038  29.948  33.373 0.0000000000
80204  13.008  30.164  34.014 0.0000000000
80218  12.971  29.852  32.545 0.0000000000
80233  12.859  29.731  31.612 0.0000000000
80246  13.246  29.492  30.806 0.0000000000
80257  14.347  28.873  29.714 0.0000000000
80258  13.974  29.204  30.032 0.0000000000
80272  14.429  28.913  29.343 0.0000000000
80273  14.185  29.272  29.335 0.0000000000
80281  14.476  29.003  28.762 0.0000000000
80282  14.112  29.332  28.711 0.0000000000
80285  14.198  29.076  28.272 0.0000000000
80286  13.718  29.335  28.198 0.0000000000
80289  13.827  29.171  27.998 0.0000000000
80290  13.101  29.379  27.822 0.0000000000
80293  13.283  29.233  27.733 0.0000000000
80294  12.628  29.776  27.400 0.0000000000
80297  12.099  30.334  26.763 0.0000000000
80304  11.962  30.695  25.978 0.0000000000
80305  11.915  30.922  25.122 0.0000000000
80306  4.089  31.675  29.626 0.0000000000
80307  3.030  31.717  29.027 0.0000000000
80308  2.317  31.563  28.105 0.0000000000
80319  12.094  30.852  24.056 0.0000000000
80320  12.099  30.955  23.391 0.0000000000
80321  4.380  32.644  28.804 0.0000000000
80322  3.038  32.919  28.336 0.0000000000
80323  2.106  32.222  27.121 0.0000000000
80337  12.128  30.636  23.401 0.0000000000
80338  11.759  30.954  22.849 0.0000000000
80339  6.657  32.695  26.934 0.0000000000
80340  5.046  33.509  27.557 0.0000000000
80341  3.056  33.662  27.397 0.0000000000
80342  1.987  33.047  25.844 0.0000000000
80358  11.280  30.913  22.251 0.0000000000
80359  10.680  30.942  21.941 0.0000000000
80360  9.973  31.242  21.894 0.0000000000
80361  9.431  31.266  22.468 0.0000000000
80362  8.540  31.928  23.578 0.0000000000
80363  7.049  32.875  25.773 0.0000000000
80364  5.802  33.768  26.764 0.0000000000
80365  1.761  33.215  24.218 0.0000000000
80375  9.439  31.702  22.064 0.0000000000
80376  8.926  31.918  22.590 0.0000000000
80377  8.634  32.146  23.039 0.0000000000
80378  1.950  32.432  22.228 0.0000000000
80388  2.429  31.716  20.086 0.0000000000
80404  2.869  31.193  18.373 0.0000000000
80417  3.181  30.921  16.495 0.0000000000
80418  3.013  30.843  17.271 0.0000000000
80833  10.527  30.952  39.919 0.0000000000
80844  11.182  30.878  38.805 0.0000000000
80845  10.667  31.148  39.591 0.0000000000
80852  11.625  30.893  37.445 0.0000000000
80853  11.140  31.128  38.509 0.0000000000
80860  12.594  30.543  35.268 0.0000000000
80861  12.227  30.834  36.096 0.0000000000
80870  12.817  30.448  34.391 0.0000000000
80871  12.545  30.837  34.943 0.0000000000
80881  13.071  30.039  32.937 0.0000000000
80882  12.977  30.271  33.300 0.0000000000
80891  13.027  30.038  32.397 0.0000000000
80892  12.919  30.233  32.289 0.0000000000
80900  12.921  29.887  31.503 0.0000000000
80901  12.838  30.111  31.432 0.0000000000
80911  13.192  29.699  30.690 0.0000000000
80912  13.000  29.957  30.673 0.0000000000
80921  13.597  29.583  29.981 0.0000000000
80922  13.126  29.919  29.940 0.0000000000
80930  13.682  29.586  29.295 0.0000000000
80931  12.898  29.817  29.209 0.0000000000
80941  13.407  29.559  28.646 0.0000000000
80942  12.540  29.881  28.480 0.0000000000
80950  12.874  29.579  28.072 0.0000000000
80951  12.242  30.196  27.768 0.0000000000
80954  12.449  29.925  27.523 0.0000000000
80955  12.074  30.688  27.082 0.0000000000
80958  12.117  30.465  26.976 0.0000000000
80959  12.077  31.132  26.346 0.0000000000
80962  11.981  30.829  26.185 0.0000000000
80963  12.081  31.320  25.536 0.0000000000
80971  12.021  31.010  25.450 0.0000000000
80972  12.098  31.313  24.606 0.0000000000
80973  11.942  31.622  23.946 0.0000000000
80983  12.128  31.202  23.780 0.0000000000
80984  11.755  31.589  23.373 0.0000000000
80996  11.393  31.963  22.846 0.0000000000
80997  5.250  34.085  27.086 0.0000000000
80998  4.359  34.393  27.307 0.0000000000
80999  3.093  34.310  26.802 0.0000000000
81008  11.179  31.882  22.419 0.0000000000
81009  10.744  31.933  22.066 0.0000000000
81010  10.317  31.676  21.833 0.0000000000
81011  8.395  32.358  23.395 0.0000000000
81012  7.664  32.997  24.377 0.0000000000
81013  5.893  34.123  26.262 0.0000000000
81014  4.168  35.037  26.901 0.0000000000
81015  2.707  34.522  25.705 0.0000000000
81021  10.306  32.614  22.019 0.0000000000
81022  9.815  32.255  21.967 0.0000000000
81023  9.133  32.515  22.316 0.0000000000
81024  8.440  32.840  23.286 0.0000000000
81025  7.663  33.444  24.117 0.0000000000
81026  2.111  34.197  23.632 0.0000000000
81031  2.211  33.218  21.224 0.0000000000
81038  2.612  32.411  19.109 0.0000000000
81048  3.330  31.766  16.240 0.0000000000
81049  3.028  31.657  17.494 0.0000000000
81485  10.671  31.362  38.956 0.0000000000
81496  11.778  31.163  36.548 0.0000000000
81497  10.999  31.366  37.583 0.0000000000
81498  10.496  31.457  38.525 0.0000000000
81507  12.103  31.189  35.504 0.0000000000
81508  11.428  31.449  36.065 0.0000000000
81514  12.698  30.706  33.879 0.0000000000
81515  12.281  31.094  34.370 0.0000000000
81516  11.656  31.432  34.852 0.0000000000
81522  12.762  30.544  32.862 0.0000000000
81523  12.342  30.861  33.230 0.0000000000
81524  11.740  31.198  33.629 0.0000000000
81531  12.752  30.383  32.071 0.0000000000
81532  12.496  30.651  32.220 0.0000000000
81533  11.842  30.974  32.259 0.0000000000
81540  12.684  30.339  31.413 0.0000000000
81541  12.283  30.653  31.342 0.0000000000
81542  11.652  30.912  30.976 0.0000000000
81549  12.660  30.302  30.619 0.0000000000
81550  12.117  30.636  30.431 0.0000000000
81551  11.593  30.958  30.121 0.0000000000
81558  12.505  30.266  29.816 0.0000000000
81559  11.825  30.669  29.588 0.0000000000
81560  11.323  31.233  29.384 0.0000000000
81567  12.151  30.277  28.998 0.0000000000
81568  11.562  31.059  28.642 0.0000000000
81569  11.151  31.614  28.657 0.0000000000
81576  11.943  30.576  28.149 0.0000000000
81577  11.675  31.490  27.683 0.0000000000
81587  11.951  31.061  27.340 0.0000000000
81588  11.851  31.939  26.883 0.0000000000
81591  12.055  31.528  26.587 0.0000000000
81592  11.872  32.278  26.111 0.0000000000
81595  12.070  31.785  25.810 0.0000000000
81596  11.843  32.510  25.330 0.0000000000
81599  12.003  31.885  25.022 0.0000000000
81600  11.797  32.613  24.586 0.0000000000
81608  11.930  31.938  24.378 0.0000000000
81609  11.647  32.511  23.867 0.0000000000
81618  11.267  32.794  23.255 0.0000000000
81624  11.019  33.052  22.825 0.0000000000
81627  10.778  33.291  22.572 0.0000000000
81628  10.530  33.119  22.391 0.0000000000
81629  7.001  33.957  25.031 0.0000000000
81630  5.731  35.140  26.030 0.0000000000
81631  3.838  35.722  26.428 0.0000000000
81632  2.848  35.457  25.226 0.0000000000
81636  10.639  33.961  22.461 0.0000000000
81637  10.384  33.791  22.392 0.0000000000
81638  10.006  33.517  22.207 0.0000000000
81639  9.443  33.463  22.207 0.0000000000
81640  8.669  33.736  22.832 0.0000000000
81641  7.497  34.389  24.338 0.0000000000
81642  6.351  35.650  25.471 0.0000000000
81643  2.445  35.337  24.015 0.0000000000
81648  2.443  34.627  22.329 0.0000000000
81654  2.660  33.811  20.131 0.0000000000
81663  3.631  32.487  15.696 0.0000000000
81664  2.892  32.999  17.673 0.0000000000
82035  10.429  31.581  37.348 0.0000000000
82046  10.654  31.656  36.538 0.0000000000
82056  10.848  31.674  35.333 0.0000000000
82068  10.943  31.498  34.082 0.0000000000
82069  9.934  31.649  34.548 0.0000000000
82076  10.979  31.246  32.780 0.0000000000
82077  9.996  31.504  33.222 0.0000000000
82084  10.951  31.108  31.458 0.0000000000
82085  10.052  31.374  31.894 0.0000000000
82086  8.871  31.421  32.302 0.0000000000
82093  10.893  31.216  30.134 0.0000000000
82094  10.059  31.384  30.642 0.0000000000
82095  9.065  31.434  30.917 0.0000000000
82102  10.746  31.680  29.029 0.0000000000
82103  9.778  31.768  29.442 0.0000000000
82104  9.335  31.609  30.113 0.0000000000
82112  11.275  31.907  27.967 0.0000000000
82113  10.812  32.080  28.203 0.0000000000
82114  10.180  32.201  28.407 0.0000000000
82121  11.448  32.304  27.152 0.0000000000
82122  10.783  32.651  27.343 0.0000000000
82123  10.422  32.451  27.804 0.0000000000
82135  11.585  32.656  26.400 0.0000000000
82136  11.156  32.981  26.520 0.0000000000
82141  11.552  33.205  25.598 0.0000000000
82142  11.371  33.168  26.050 0.0000000000
82145  11.687  33.429  24.815 0.0000000000
82148  11.709  33.599  24.088 0.0000000000
82151  11.560  33.793  23.416 0.0000000000
82154  11.393  34.097  22.838 0.0000000000
82156  11.194  34.438  22.478 0.0000000000
82159  11.010  34.744  22.246 0.0000000000
82160  5.112  36.325  25.948 0.0000000000
82161  3.588  36.334  25.876 0.0000000000
82162  2.939  36.192  24.931 0.0000000000
82166  10.722  34.837  22.244 0.0000000000
82167  10.344  34.673  22.251 0.0000000000
82168  9.835  34.542  22.174 0.0000000000
82169  9.103  34.652  22.323 0.0000000000
82170  8.209  35.100  23.360 0.0000000000
82171  7.037  35.812  24.686 0.0000000000
82172  6.223  36.251  25.525 0.0000000000
82173  2.667  35.899  23.442 0.0000000000
82178  2.745  35.239  21.394 0.0000000000
82184  2.854  34.474  19.237 0.0000000000
82189  3.155  33.700  16.450 0.0000000000
82190  2.806  34.000  17.792 0.0000000000
82201  3.801  33.611  15.216 0.0000000000
82633  7.640  31.417  31.297 0.0000000000
82645  9.173  32.042  29.218 0.0000000000
82646  8.381  32.164  29.647 0.0000000000
82647  6.866  32.771  29.451 0.0000000000
82656  9.307  32.297  28.656 0.0000000000
82657  8.573  32.988  28.152 0.0000000000
82667  10.387  32.974  27.063 0.0000000000
82668  9.710  32.952  27.311 0.0000000000
82669  8.641  33.612  27.268 0.0000000000
82681  10.516  33.361  26.562 0.0000000000
82682  9.780  33.874  26.314 0.0000000000
82688  11.460  33.739  25.414 0.0000000000
82689  11.128  33.860  25.639 0.0000000000
82693  11.533  34.154  25.009 0.0000000000
82694  11.342  34.827  24.987 0.0000000000
82697  11.774  34.515  24.250 0.0000000000
82700  11.878  34.724  23.538 0.0000000000
82703  11.825  34.965  22.885 0.0000000000
82706  11.785  36.054  21.943 0.0000000000
82707  11.756  35.480  22.265 0.0000000000
82710  11.803  36.319  21.760 0.0000000000
82711  11.508  35.847  21.993 0.0000000000
82712  5.002  36.969  25.736 0.0000000000
82713  4.113  36.976  25.862 0.0000000000
82714  3.472  36.662  25.466 0.0000000000
82719  11.220  36.060  21.818 0.0000000000
82720  10.759  35.727  21.950 0.0000000000
82721  10.299  35.567  22.007 0.0000000000
82722  9.680  35.545  21.968 0.0000000000
82723  8.866  35.993  22.553 0.0000000000
82724  7.743  36.450  23.886 0.0000000000
82725  6.134  36.939  25.159 0.0000000000
82726  4.736  37.497  25.462 0.0000000000
82727  3.358  37.110  24.769 0.0000000000
82732  11.360  36.832  21.387 0.0000000000
82733  11.095  36.660  21.509 0.0000000000
82734  10.696  36.480  21.621 0.0000000000
82735  10.201  36.384  21.712 0.0000000000
82736  9.596  36.393  21.837 0.0000000000
82737  2.762  36.680  22.787 0.0000000000
82743  2.971  35.964  20.541 0.0000000000
82749  2.954  34.517  16.761 0.0000000000
82750  2.843  35.031  18.109 0.0000000000
82757  3.208  34.453  15.790 0.0000000000
82758  2.790  35.065  16.895 0.0000000000
83145  7.524  33.151  28.568 0.0000000000
83146  6.519  33.903  28.848 0.0000000000
83158  7.823  33.974  27.634 0.0000000000
83159  7.265  33.997  28.315 0.0000000000
83170  8.892  34.270  26.531 0.0000000000
83171  8.317  34.173  27.014 0.0000000000
83185  10.338  34.318  25.774 0.0000000000
83186  9.667  34.785  25.895 0.0000000000
83193  10.833  35.230  25.211 0.0000000000
83194  10.174  35.040  25.498 0.0000000000
83199  11.694  35.471  24.391 0.0000000000
83200  11.338  35.452  24.798 0.0000000000
83204  12.063  35.625  23.630 0.0000000000
83208  12.390  36.462  22.423 0.0000000000
83209  12.199  35.728  22.963 0.0000000000
83212  12.255  36.490  21.965 0.0000000000
83213  12.119  35.861  22.399 0.0000000000
83216  12.033  36.449  21.696 0.0000000000
83217  12.055  36.064  22.043 0.0000000000
83220  11.870  36.810  21.348 0.0000000000
83221  11.577  36.483  21.623 0.0000000000
83224  11.896  37.279  20.946 0.0000000000
83225  11.643  37.073  21.175 0.0000000000
83226  8.307  37.007  23.009 0.0000000000
83227  7.219  37.718  23.902 0.0000000000
83228  5.707  38.054  24.830 0.0000000000
83229  4.206  38.331  25.047 0.0000000000
83230  3.171  38.031  23.878 0.0000000000
83237  11.359  37.431  20.970 0.0000000000
83238  10.986  37.259  21.134 0.0000000000
83239  10.559  37.164  21.247 0.0000000000
83240  9.945  37.067  21.344 0.0000000000
83241  9.090  37.125  21.953 0.0000000000
83242  8.240  37.798  22.671 0.0000000000
83243  2.798  37.578  22.087 0.0000000000
83249  11.149  37.802  20.620 0.0000000000
83250  10.831  37.790  20.677 0.0000000000
83251  10.348  37.755  20.767 0.0000000000
83252  9.643  37.815  21.070 0.0000000000
83253  8.750  38.088  21.638 0.0000000000
83254  8.186  38.395  22.294 0.0000000000
83255  2.968  36.836  19.860 0.0000000000
83262  2.752  36.135  17.845 0.0000000000
83270  3.466  35.116  14.813 0.0000000000
83271  2.655  35.504  16.244 0.0000000000
83280  3.763  35.544  14.240 0.0000000000
83655  6.575  34.670  28.694 0.0000000000
83666  7.740  34.698  27.643 0.0000000000
83667  7.117  35.049  28.219 0.0000000000
83668  6.124  35.843  28.505 0.0000000000
83678  8.659  34.932  26.538 0.0000000000
83679  8.185  35.152  27.079 0.0000000000
83680  7.515  36.133  27.605 0.0000000000
83694  9.024  35.445  26.244 0.0000000000
83695  8.648  36.264  26.572 0.0000000000
83703  10.664  36.121  24.997 0.0000000000
83704  10.018  35.932  25.497 0.0000000000
83709  11.788  36.382  24.179 0.0000000000
83710  11.270  36.271  24.591 0.0000000000
83714  12.083  36.497  23.726 0.0000000000
83717  12.548  36.955  22.368 0.0000000000
83718  12.440  36.733  22.917 0.0000000000
83721  12.485  37.049  21.944 0.0000000000
83724  12.312  37.134  21.450 0.0000000000
83727  12.129  37.326  21.052 0.0000000000
83729  12.066  37.693  20.712 0.0000000000
83730  11.856  37.575  20.696 0.0000000000
83731  7.077  38.255  23.740 0.0000000000
83732  6.543  38.535  24.030 0.0000000000
83733  5.235  38.901  24.396 0.0000000000
83734  3.960  38.966  24.353 0.0000000000
83741  11.897  37.955  20.307 0.0000000000
83742  11.672  37.846  20.406 0.0000000000
83743  7.415  38.496  23.156 0.0000000000
83744  6.342  39.481  23.441 0.0000000000
83745  4.641  39.783  23.954 0.0000000000
83746  3.121  39.190  23.343 0.0000000000
83752  11.354  38.084  20.121 0.0000000000
83753  11.034  38.189  20.090 0.0000000000
83754  10.643  38.267  20.106 0.0000000000
83755  10.061  38.277  20.198 0.0000000000
83756  9.244  38.519  20.601 0.0000000000
83757  8.081  39.253  21.737 0.0000000000
83758  6.693  40.289  22.516 0.0000000000
83759  2.706  38.609  21.463 0.0000000000
83760  2.560  38.993  20.653 0.0000000000
83766  11.132  38.384  19.576 0.0000000000
83767  10.838  38.473  19.423 0.0000000000
83768  10.379  38.640  19.315 0.0000000000
83769  9.790  38.766  19.551 0.0000000000
83770  9.107  39.318  19.919 0.0000000000
83771  8.325  39.791  20.292 0.0000000000
83772  2.737  37.799  19.296 0.0000000000
83773  2.490  38.940  19.794 0.0000000000
83780  10.053  38.967  18.910 0.0000000000
83781  9.655  39.269  18.958 0.0000000000
83782  9.242  39.637  18.978 0.0000000000
83783  2.486  35.991  15.580 0.0000000000
83784  2.302  36.875  17.050 0.0000000000
83791  3.957  35.875  13.971 0.0000000000
83792  3.049  36.240  14.629 0.0000000000
83793  2.162  36.848  15.754 0.0000000000
83807  3.744  36.478  13.990 0.0000000000
84196  6.759  36.732  28.127 0.0000000000
84209  8.168  36.925  27.239 0.0000000000
84210  7.557  36.878  27.791 0.0000000000
84224  9.300  36.913  26.030 0.0000000000
84225  8.743  36.968  26.621 0.0000000000
84232  10.605  37.088  24.948 0.0000000000
84233  9.970  36.926  25.472 0.0000000000
84239  11.760  37.292  23.950 0.0000000000
84240  11.222  37.174  24.419 0.0000000000
84245  12.312  37.472  23.204 0.0000000000
84249  12.594  37.636  22.155 0.0000000000
84250  12.538  37.541  22.710 0.0000000000
84253  12.462  37.756  21.393 0.0000000000
84260  12.268  37.865  20.847 0.0000000000
84266  12.106  38.040  20.436 0.0000000000
84271  11.964  38.223  20.085 0.0000000000
84280  11.701  38.384  19.757 0.0000000000
84281  11.554  38.230  19.894 0.0000000000
84282  5.426  40.610  23.301 0.0000000000
84283  3.885  40.682  23.223 0.0000000000
84284  2.813  40.024  22.627 0.0000000000
84293  11.422  38.659  19.287 0.0000000000
84294  11.262  38.564  19.423 0.0000000000
84295  7.475  40.384  21.179 0.0000000000
84296  5.978  41.423  22.297 0.0000000000
84297  4.846  41.348  23.140 0.0000000000
84298  2.460  39.711  21.685 0.0000000000
84299  2.213  39.819  20.901 0.0000000000
84308  10.950  38.688  19.126 0.0000000000
84309  10.602  38.905  18.823 0.0000000000
84310  10.294  39.019  18.743 0.0000000000
84311  8.795  39.850  19.424 0.0000000000
84312  8.099  40.418  19.678 0.0000000000
84313  7.215  41.169  20.736 0.0000000000
84314  2.253  38.399  18.497 0.0000000000
84315  2.138  39.667  19.705 0.0000000000
84323  10.272  39.346  18.540 0.0000000000
84324  10.025  39.519  18.455 0.0000000000
84325  9.570  39.804  18.459 0.0000000000
84326  9.045  40.296  18.604 0.0000000000
84327  8.463  40.872  18.819 0.0000000000
84328  1.869  37.974  16.876 0.0000000000
84329  1.941  39.399  18.396 0.0000000000
84340  9.883  40.162  18.275 0.0000000000
84341  9.635  40.381  18.018 0.0000000000
84342  9.400  40.717  17.829 0.0000000000
84343  3.174  36.894  14.286 0.0000000000
84344  2.129  37.677  15.124 0.0000000000
84359  3.550  37.279  13.668 0.0000000000
84360  2.203  38.359  14.267 0.0000000000
84844  6.692  37.903  28.131 0.0000000000
84857  8.161  38.343  27.377 0.0000000000
84858  7.464  37.648  27.856 0.0000000000
84871  9.377  38.265  26.022 0.0000000000
84872  8.839  37.759  26.700 0.0000000000
84877  10.429  38.422  24.890 0.0000000000
84878  9.955  37.790  25.490 0.0000000000
84884  11.549  38.031  23.750 0.0000000000
84885  11.109  38.081  24.183 0.0000000000
84890  11.902  38.459  23.285 0.0000000000
84891  11.423  38.369  23.668 0.0000000000
84898  12.617  38.281  21.981 0.0000000000
84899  12.452  38.349  22.423 0.0000000000
84909  12.518  38.528  21.397 0.0000000000
84910  12.559  38.616  21.863 0.0000000000
84919  12.334  38.455  20.702 0.0000000000
84925  12.155  38.513  20.217 0.0000000000
84930  11.999  38.594  19.877 0.0000000000
84938  11.766  38.702  19.674 0.0000000000
84939  3.326  41.164  22.870 0.0000000000
84940  3.082  40.745  22.841 0.0000000000
84949  11.541  38.804  19.350 0.0000000000
84950  11.141  39.085  19.026 0.0000000000
84951  5.404  42.281  22.189 0.0000000000
84952  4.023  42.050  22.610 0.0000000000
84953  2.452  40.966  22.273 0.0000000000
84954  1.896  40.771  20.910 0.0000000000
84961  10.686  39.280  18.703 0.0000000000
84962  10.520  39.370  18.526 0.0000000000
84963  7.595  41.289  19.564 0.0000000000
84964  6.317  42.238  20.993 0.0000000000
84965  5.079  42.787  21.902 0.0000000000
84966  1.691  40.492  19.728 0.0000000000
84974  10.219  39.955  18.303 0.0000000000
84975  10.267  40.013  18.076 0.0000000000
84976  10.111  40.122  18.210 0.0000000000
84977  9.016  40.998  18.051 0.0000000000
84978  8.314  41.538  18.396 0.0000000000
84979  7.289  42.019  19.358 0.0000000000
84980  1.686  39.241  17.010 0.0000000000
84981  1.500  40.579  18.714 0.0000000000
84992  10.163  40.422  17.579 0.0000000000
84993  9.997  40.498  17.690 0.0000000000
84994  9.770  40.844  17.335 0.0000000000
84995  9.459  41.129  17.265 0.0000000000
84996  9.067  41.455  17.485 0.0000000000
84997  1.708  39.520  15.682 0.0000000000
84998  1.585  40.517  17.451 0.0000000000
85011  3.083  38.502  13.559 0.0000000000
85012  2.061  39.360  14.270 0.0000000000
85035  2.799  39.395  13.528 0.0000000000
85603  7.930  39.535  27.172 0.0000000000
85604  6.955  38.876  27.824 0.0000000000
85615  9.448  38.945  26.074 0.0000000000
85616  8.944  39.072  26.609 0.0000000000
85620  10.358  39.099  24.947 0.0000000000
85621  9.859  39.144  25.471 0.0000000000
85622  9.380  39.256  26.035 0.0000000000
85631  10.620  39.352  24.336 0.0000000000
85632  10.281  39.408  24.913 0.0000000000
85645  11.529  39.647  22.973 0.0000000000
85646  11.259  39.014  23.615 0.0000000000
85658  12.061  39.472  22.430 0.0000000000
85668  12.352  39.146  21.024 0.0000000000
85669  12.329  39.346  21.561 0.0000000000
85672  12.301  39.083  20.565 0.0000000000
85673  12.072  39.681  20.631 0.0000000000
85676  12.138  39.066  20.011 0.0000000000
85677  11.850  39.683  19.947 0.0000000000
85683  11.918  39.069  19.670 0.0000000000
85684  11.503  39.633  19.516 0.0000000000
85692  11.724  39.056  19.516 0.0000000000
85693  11.212  39.604  19.229 0.0000000000
85703  11.561  39.046  19.367 0.0000000000
85704  11.179  39.362  19.027 0.0000000000
85705  3.169  42.747  22.007 0.0000000000
85706  2.435  42.243  22.121 0.0000000000
85707  2.151  41.538  21.563 0.0000000000
85715  10.349  39.952  18.506 0.0000000000
85716  5.421  43.201  21.133 0.0000000000
85717  4.007  43.379  21.563 0.0000000000
85718  2.506  43.208  21.653 0.0000000000
85719  1.966  41.912  20.488 0.0000000000
85727  10.022  40.527  17.615 0.0000000000
85728  10.118  40.582  17.393 0.0000000000
85729  7.893  42.357  18.632 0.0000000000
85730  6.561  43.077  19.657 0.0000000000
85731  5.194  43.925  20.787 0.0000000000
85732  1.441  41.785  18.832 0.0000000000
85740  10.158  40.934  16.909 0.0000000000
85741  10.041  40.762  16.929 0.0000000000
85742  9.990  40.819  16.592 0.0000000000
85743  9.677  41.004  16.343 0.0000000000
85744  9.266  41.380  16.446 0.0000000000
85745  8.857  42.192  17.343 0.0000000000
85746  7.921  42.984  18.352 0.0000000000
85747  1.891  40.434  15.336 0.0000000000
85748  1.504  41.444  16.998 0.0000000000
85760  10.215  40.942  16.028 0.0000000000
85761  10.046  41.106  15.661 0.0000000000
85762  9.598  41.316  15.461 0.0000000000
85763  9.186  41.861  15.706 0.0000000000
85764  8.838  42.497  16.113 0.0000000000
85765  2.131  40.354  14.219 0.0000000000
85766  1.820  41.592  15.594 0.0000000000
85788  3.043  40.028  13.109 0.0000000000
86291  7.740  40.140  26.920 0.0000000000
86292  6.967  40.138  26.998 0.0000000000
86307  8.225  40.285  26.503 0.0000000000
86308  7.602  40.422  26.750 0.0000000000
86320  9.430  40.289  25.172 0.0000000000
86321  9.126  39.840  25.912 0.0000000000
86337  10.441  40.588  24.133 0.0000000000
86338  10.108  39.993  24.784 0.0000000000
86352  11.349  40.240  22.868 0.0000000000
86353  11.048  40.271  23.367 0.0000000000
86360  11.617  40.515  22.435 0.0000000000
86361  11.300  40.578  22.815 0.0000000000
86364  11.894  40.418  21.698 0.0000000000
86367  11.742  40.428  20.839 0.0000000000
86373  11.379  40.390  20.035 0.0000000000
86380  11.042  40.337  19.376 0.0000000000
86388  10.622  40.328  18.904 0.0000000000
86396  10.295  40.379  18.436 0.0000000000
86405  10.093  40.833  17.506 0.0000000000
86406  2.954  43.849  20.967 0.0000000000
86407  2.018  43.377  20.541 0.0000000000
86408  1.593  42.666  19.827 0.0000000000
86416  10.251  41.122  16.854 0.0000000000
86417  5.728  44.307  19.998 0.0000000000
86418  4.117  44.515  20.331 0.0000000000
86419  2.448  44.474  20.244 0.0000000000
86420  1.787  43.203  18.970 0.0000000000
86428  10.509  41.224  16.060 0.0000000000
86429  10.403  41.064  16.040 0.0000000000
86430  8.592  43.160  17.360 0.0000000000
86431  7.158  44.093  18.677 0.0000000000
86432  5.566  44.868  19.483 0.0000000000
86433  1.717  42.919  17.166 0.0000000000
86443  10.805  41.524  15.297 0.0000000000
86444  10.529  41.345  15.280 0.0000000000
86445  10.118  41.570  14.747 0.0000000000
86446  9.590  41.820  14.750 0.0000000000
86447  9.097  42.473  15.029 0.0000000000
86448  8.763  43.186  16.096 0.0000000000
86449  8.467  43.992  17.437 0.0000000000
86450  2.172  41.482  14.249 0.0000000000
86451  1.853  42.914  15.782 0.0000000000
86470  10.013  41.912  14.225 0.0000000000
86471  9.658  42.351  14.232 0.0000000000
86472  9.335  42.921  14.433 0.0000000000
86474  2.678  41.257  12.847 0.0000000000
86490  2.978  41.684  12.120 0.0000000000
86964  6.633  40.668  26.567 0.0000000000
86981  8.007  40.870  26.109 0.0000000000
86982  7.228  40.905  26.285 0.0000000000
86996  9.118  40.772  24.914 0.0000000000
86997  8.527  40.912  25.452 0.0000000000
86998  7.808  41.085  25.886 0.0000000000
87009  10.244  41.164  24.031 0.0000000000
87010  9.641  41.078  24.421 0.0000000000
87011  8.961  40.982  24.780 0.0000000000
87017  10.490  41.383  23.481 0.0000000000
87018  10.135  41.437  23.928 0.0000000000
87021  11.491  41.168  22.180 0.0000000000
87022  11.165  41.299  22.625 0.0000000000
87025  11.606  41.162  21.777 0.0000000000
87026  11.326  41.651  21.829 0.0000000000
87032  11.410  41.445  20.984 0.0000000000
87033  11.395  41.645  21.428 0.0000000000
87041  11.028  41.232  20.129 0.0000000000
87049  10.508  41.161  19.397 0.0000000000
87057  10.115  41.161  18.656 0.0000000000
87066  9.973  41.204  17.915 0.0000000000
87075  10.084  41.365  17.106 0.0000000000
87085  10.585  41.507  16.232 0.0000000000
87086  3.163  45.070  19.662 0.0000000000
87087  2.347  44.556  19.059 0.0000000000
87088  2.075  43.741  18.147 0.0000000000
87097  10.905  41.703  15.434 0.0000000000
87098  6.252  45.215  18.863 0.0000000000
87099  4.373  45.647  19.119 0.0000000000
87100  2.695  45.678  18.993 0.0000000000
87101  2.161  44.402  17.525 0.0000000000
87111  11.077  42.132  14.707 0.0000000000
87112  10.618  41.924  14.392 0.0000000000
87113  10.301  41.889  14.219 0.0000000000
87114  9.079  43.397  15.162 0.0000000000
87115  9.100  44.438  16.605 0.0000000000
87116  7.752  45.231  18.099 0.0000000000
87117  6.081  45.962  18.474 0.0000000000
87118  2.156  42.791  14.429 0.0000000000
87119  2.066  44.110  15.897 0.0000000000
87136  11.412  42.758  14.237 0.0000000000
87137  11.097  42.630  14.130 0.0000000000
87138  10.417  42.552  14.098 0.0000000000
87139  9.881  43.156  14.149 0.0000000000
87140  9.435  43.731  14.559 0.0000000000
87141  9.202  44.326  15.311 0.0000000000
87142  2.406  42.975  13.303 0.0000000000
87143  2.089  44.033  14.797 0.0000000000
87157  2.848  42.592  11.911 0.0000000000
87683  6.830  41.308  25.799 0.0000000000
87692  7.907  41.554  24.739 0.0000000000
87693  7.304  41.399  25.434 0.0000000000
87697  8.872  41.785  23.812 0.0000000000
87698  8.640  41.370  24.506 0.0000000000
87700  10.217  41.932  23.210 0.0000000000
87701  9.786  41.875  23.490 0.0000000000
87707  10.331  42.177  22.654 0.0000000000
87708  10.034  42.161  23.036 0.0000000000
87714  10.803  42.265  21.861 0.0000000000
87721  11.084  42.143  20.649 0.0000000000
87722  11.053  42.304  21.072 0.0000000000
87731  10.811  42.011  20.178 0.0000000000
87732  10.677  42.658  20.289 0.0000000000
87743  10.264  41.937  19.498 0.0000000000
87744  10.241  42.610  19.564 0.0000000000
87754  9.742  42.235  18.646 0.0000000000
87755  9.825  42.448  19.125 0.0000000000
87765  9.821  42.171  17.672 0.0000000000
87774  10.192  42.184  16.788 0.0000000000
87784  11.553  43.182  15.232 0.0000000000
87785  10.794  42.249  15.960 0.0000000000
87795  11.823  43.427  14.679 0.0000000000
87796  11.251  42.437  15.175 0.0000000000
87797  3.338  46.368  18.549 0.0000000000
87798  2.529  45.843  17.864 0.0000000000
87799  2.294  44.957  16.836 0.0000000000
87812  11.871  43.611  14.428 0.0000000000
87813  11.656  43.191  14.410 0.0000000000
87814  8.590  45.834  17.356 0.0000000000
87815  7.163  46.650  17.791 0.0000000000
87816  4.721  46.955  18.247 0.0000000000
87817  2.792  47.072  17.895 0.0000000000
87818  2.293  45.525  16.166 0.0000000000
87835  11.495  43.422  14.147 0.0000000000
87836  11.117  43.577  14.006 0.0000000000
87837  10.537  43.768  13.965 0.0000000000
87838  9.977  44.286  14.228 0.0000000000
87839  9.510  44.921  14.874 0.0000000000
87840  9.253  45.725  16.199 0.0000000000
87841  8.530  46.691  17.153 0.0000000000
87842  2.353  43.882  13.003 0.0000000000
87843  2.123  44.801  14.387 0.0000000000
87853  2.728  44.048  12.248 0.0000000000
87854  2.200  45.152  13.501 0.0000000000
88375  7.688  41.739  24.402 0.0000000000
88376  7.226  41.755  24.520 0.0000000000
88382  8.433  42.082  23.506 0.0000000000
88383  7.820  42.028  23.864 0.0000000000
88387  8.763  42.425  23.129 0.0000000000
88388  8.214  42.276  23.331 0.0000000000
88394  9.984  42.717  22.368 0.0000000000
88395  9.620  42.624  22.634 0.0000000000
88401  10.075  43.002  21.858 0.0000000000
88402  9.767  42.966  22.165 0.0000000000
88408  10.536  43.166  21.157 0.0000000000
88414  10.485  43.342  20.395 0.0000000000
88423  10.172  43.453  19.542 0.0000000000
88435  9.597  42.962  18.323 0.0000000000
88436  9.774  43.116  18.726 0.0000000000
88453  9.927  43.300  17.692 0.0000000000
88454  9.698  43.234  18.214 0.0000000000
88471  10.407  43.211  16.652 0.0000000000
88488  11.052  43.123  15.872 0.0000000000
88523  11.791  43.896  14.156 0.0000000000
88524  6.091  47.898  17.375 0.0000000000
88525  3.935  48.051  17.525 0.0000000000
88526  2.455  47.422  16.291 0.0000000000
88527  2.209  45.975  15.400 0.0000000000
88539  11.803  44.874  13.888 0.0000000000
88540  11.163  44.805  13.925 0.0000000000
88541  10.526  44.947  13.957 0.0000000000
88542  9.876  45.365  14.280 0.0000000000
88543  9.328  46.271  14.957 0.0000000000
88544  8.749  47.126  16.356 0.0000000000
88545  7.777  47.421  17.132 0.0000000000
88546  2.125  47.261  14.682 0.0000000000
88547  2.153  46.145  14.719 0.0000000000
88552  11.996  45.557  13.159 0.0000000000
88553  11.617  45.612  13.122 0.0000000000
88554  10.963  45.512  13.475 0.0000000000
88555  10.216  45.830  13.616 0.0000000000
88556  9.715  46.015  14.194 0.0000000000
88557  2.323  45.891  12.818 0.0000000000
88558  2.067  46.170  13.963 0.0000000000
88561  11.498  45.836  12.503 0.0000000000
88562  11.115  45.809  12.846 0.0000000000
88563  10.723  45.819  13.164 0.0000000000
88564  2.633  45.249  11.328 0.0000000000
89029  7.522  42.434  23.384 0.0000000000
89030  6.933  42.599  23.410 0.0000000000
89035  8.435  42.832  22.866 0.0000000000
89036  7.800  42.854  23.013 0.0000000000
89041  8.632  43.234  22.475 0.0000000000
89042  7.865  43.787  22.369 0.0000000000
89047  9.900  43.533  21.697 0.0000000000
89048  9.444  43.673  21.839 0.0000000000
89055  10.042  43.861  21.313 0.0000000000
89056  9.536  44.474  21.243 0.0000000000
89065  10.201  44.106  20.505 0.0000000000
89076  10.095  44.316  19.604 0.0000000000
89090  10.198  44.761  17.720 0.0000000000
89091  10.067  44.484  18.352 0.0000000000
89111  10.308  44.526  17.455 0.0000000000
89112  10.016  43.725  18.075 0.0000000000
89170  6.162  48.613  16.703 0.0000000000
89171  5.021  48.647  16.960 0.0000000000
89172  3.571  48.910  16.776 0.0000000000
89180  9.109  47.107  14.698 0.0000000000
89181  8.639  47.503  15.359 0.0000000000
89182  7.470  48.193  16.271 0.0000000000
89183  2.723  48.776  15.610 0.0000000000
89189  11.986  45.661  12.721 0.0000000000
89190  9.923  46.357  13.315 0.0000000000
89191  9.498  46.701  13.988 0.0000000000
89192  8.620  47.821  14.484 0.0000000000
89193  7.999  48.145  15.295 0.0000000000
89194  2.300  48.313  14.095 0.0000000000
89202  11.138  45.933  12.111 0.0000000000
89203  10.409  46.152  12.724 0.0000000000
89204  9.528  46.868  12.977 0.0000000000
89205  9.098  47.331  13.698 0.0000000000
89206  2.432  47.137  11.965 0.0000000000
89207  2.426  47.751  11.629 0.0000000000
89218  10.404  46.267  11.561 0.0000000000
89219  9.965  46.538  12.269 0.0000000000
89222  2.330  47.278  11.215 0.0000000000
89653  8.339  44.659  21.875 0.0000000000
89658  9.077  44.826  21.449 0.0000000000
89661  9.812  44.734  20.680 0.0000000000
89662  9.312  45.286  20.907 0.0000000000
89671  9.958  45.145  19.831 0.0000000000
89672  9.632  45.523  20.310 0.0000000000
89692  9.998  45.275  18.889 0.0000000000
89798  6.099  48.838  16.528 0.0000000000
89799  5.698  48.963  16.544 0.0000000000
89800  4.789  49.177  16.539 0.0000000000
89810  6.399  48.888  16.233 0.0000000000
89811  5.544  49.360  16.004 0.0000000000
89812  4.064  49.590  16.018 0.0000000000
89818  8.170  48.314  14.322 0.0000000000
89819  7.175  48.965  15.016 0.0000000000
89820  4.975  49.893  15.271 0.0000000000
89821  3.073  50.048  15.048 0.0000000000
89829  9.165  47.193  12.708 0.0000000000
89830  8.524  47.907  13.396 0.0000000000
89831  7.104  49.250  13.614 0.0000000000
89832  2.620  49.467  13.630 0.0000000000
89833  2.495  48.794  12.327 0.0000000000
89841  9.982  46.481  11.247 0.0000000000
89842  9.395  46.980  11.884 0.0000000000
89843  7.963  48.257  12.124 0.0000000000
89844  6.897  49.554  12.791 0.0000000000
90328  7.996  45.797  21.604 0.0000000000
90344  8.639  45.881  21.234 0.0000000000
90345  8.586  46.501  21.022 0.0000000000
90361  9.180  46.271  20.475 0.0000000000
90362  8.802  46.415  20.861 0.0000000000
90379  9.916  45.804  19.176 0.0000000000
90380  9.680  46.124  19.631 0.0000000000
90479  5.923  49.874  14.472 0.0000000000
90480  4.383  50.354  14.463 0.0000000000
90481  3.122  50.725  14.253 0.0000000000
90494  5.788  50.239  13.682 0.0000000000
90495  4.199  50.749  13.706 0.0000000000
90496  2.932  50.448  13.299 0.0000000000
90497  2.420  49.662  12.217 0.0000000000
91070  7.921  46.218  21.457 0.0000000000
91087  8.211  46.183  21.423 0.0000000000
91088  8.035  46.643  21.209 0.0000000000
91096  9.063  46.833  20.267 0.0000000000
91097  8.683  46.913  20.571 0.0000000000
91103  8.939  47.044  20.116 0.0000000000
