#!ascii label  , from subject Yale_0050576 vox2ras=TkReg
387
27653  4.052  -23.555  10.580 0.0000000000
28572  4.426  -23.340  11.112 0.0000000000
28573  3.812  -23.078  10.149 0.0000000000
28590  3.301  -23.104  8.865 0.0000000000
28591  3.119  -23.182  7.210 0.0000000000
29466  4.795  -23.123  11.621 0.0000000000
29467  4.225  -22.775  11.127 0.0000000000
29479  4.091  -22.915  10.827 0.0000000000
29480  3.593  -22.265  9.710 0.0000000000
29481  3.286  -21.666  8.307 0.0000000000
29497  3.274  -22.357  8.188 0.0000000000
29498  3.174  -21.944  6.794 0.0000000000
30327  4.135  -22.869  11.956 0.0000000000
30330  4.334  -22.866  11.556 0.0000000000
30331  3.579  -22.447  11.259 0.0000000000
30334  3.737  -22.372  10.627 0.0000000000
30335  3.419  -21.661  10.329 0.0000000000
30342  3.540  -21.777  9.934 0.0000000000
30343  3.230  -21.136  9.110 0.0000000000
30344  2.715  -20.306  7.973 0.0000000000
30358  3.149  -20.992  7.694 0.0000000000
31161  3.921  -22.731  13.195 0.0000000000
31162  2.969  -22.327  13.155 0.0000000000
31166  4.374  -22.785  12.570 0.0000000000
31167  3.293  -22.597  12.196 0.0000000000
31168  2.354  -21.737  12.258 0.0000000000
31172  2.815  -21.820  11.140 0.0000000000
31173  2.171  -20.753  10.907 0.0000000000
31177  2.966  -20.794  9.979 0.0000000000
31178  2.614  -19.683  9.544 0.0000000000
31181  2.892  -20.161  8.925 0.0000000000
31182  2.292  -19.304  7.895 0.0000000000
31930  3.357  -22.230  15.173 0.0000000000
31931  2.436  -21.887  15.388 0.0000000000
31958  3.485  -22.572  14.093 0.0000000000
31959  2.219  -21.640  13.963 0.0000000000
31962  1.574  -20.444  12.067 0.0000000000
31965  1.811  -19.300  10.410 0.0000000000
31968  2.260  -17.286  7.948 0.0000000000
31969  2.505  -18.283  8.869 0.0000000000
31975  2.168  -18.068  7.370 0.0000000000
32753  5.315  -19.164  21.563 0.0000000000
32754  4.762  -19.382  21.819 0.0000000000
32755  3.895  -19.528  21.743 0.0000000000
32756  3.089  -19.513  21.436 0.0000000000
32769  5.501  -19.456  21.792 0.0000000000
32770  4.730  -19.870  21.512 0.0000000000
32771  3.668  -20.083  21.129 0.0000000000
32772  2.500  -19.925  20.762 0.0000000000
32784  5.641  -19.889  21.359 0.0000000000
32785  4.915  -20.620  20.692 0.0000000000
32786  3.164  -20.691  20.150 0.0000000000
32787  1.903  -20.310  19.676 0.0000000000
32802  4.206  -21.250  19.297 0.0000000000
32803  2.455  -21.007  18.948 0.0000000000
32804  1.724  -20.309  18.552 0.0000000000
32825  4.859  -21.273  17.800 0.0000000000
32826  2.879  -21.542  17.768 0.0000000000
32827  1.932  -20.696  17.739 0.0000000000
32850  4.870  -21.683  16.127 0.0000000000
32851  3.243  -21.795  16.374 0.0000000000
32852  1.703  -20.908  15.909 0.0000000000
32870  1.152  -19.700  13.454 0.0000000000
32882  1.360  -18.523  11.409 0.0000000000
32894  2.269  -16.523  9.075 0.0000000000
32895  2.058  -17.537  9.809 0.0000000000
32909  2.261  -17.051  8.711 0.0000000000
33699  5.838  -18.806  21.828 0.0000000000
33700  4.916  -18.831  21.845 0.0000000000
33701  4.110  -19.009  21.791 0.0000000000
33702  3.282  -18.977  21.821 0.0000000000
33713  7.862  -19.197  21.557 0.0000000000
33714  6.457  -19.321  21.746 0.0000000000
33715  2.490  -18.935  21.153 0.0000000000
33733  8.243  -19.972  20.622 0.0000000000
33734  6.479  -20.190  20.809 0.0000000000
33735  5.724  -20.665  20.527 0.0000000000
33736  1.812  -19.132  19.975 0.0000000000
33754  7.004  -20.863  19.877 0.0000000000
33755  5.713  -21.051  20.123 0.0000000000
33756  1.747  -19.490  18.769 0.0000000000
33771  6.885  -20.888  18.637 0.0000000000
33772  5.740  -21.129  19.217 0.0000000000
33773  1.257  -19.470  17.243 0.0000000000
33790  1.003  -18.654  14.902 0.0000000000
33809  1.407  -17.089  12.417 0.0000000000
33818  1.954  -16.749  10.531 0.0000000000
33827  2.242  -16.575  9.679 0.0000000000
34603  5.973  -18.230  21.884 0.0000000000
34604  5.173  -18.246  21.941 0.0000000000
34605  4.205  -18.410  21.907 0.0000000000
34606  3.630  -18.652  21.933 0.0000000000
34623  7.085  -18.132  21.881 0.0000000000
34624  5.717  -17.624  21.959 0.0000000000
34625  4.430  -17.592  22.044 0.0000000000
34626  3.213  -18.002  21.570 0.0000000000
34642  2.071  -17.857  20.333 0.0000000000
34651  2.179  -16.544  16.501 0.0000000000
34652  1.525  -17.886  18.298 0.0000000000
34666  2.147  -16.010  15.028 0.0000000000
34667  1.238  -17.641  16.055 0.0000000000
34687  1.237  -16.700  14.098 0.0000000000
34699  1.672  -15.765  12.662 0.0000000000
35610  5.034  -16.508  21.777 0.0000000000
35611  3.700  -16.537  21.415 0.0000000000
35612  2.627  -16.521  20.639 0.0000000000
35628  2.349  -16.391  19.115 0.0000000000
35642  2.635  -15.383  15.628 0.0000000000
35643  2.353  -15.963  17.243 0.0000000000
35660  2.857  -14.745  13.988 0.0000000000
36731  4.197  -15.199  21.559 0.0000000000
36732  2.929  -15.037  20.803 0.0000000000
36747  1.982  -14.992  19.813 0.0000000000
36757  2.670  -14.903  16.214 0.0000000000
36758  2.361  -14.777  17.724 0.0000000000
36772  2.676  -14.142  14.525 0.0000000000
36773  2.476  -14.022  15.960 0.0000000000
37656  3.244  -13.811  21.435 0.0000000000
37657  1.647  -13.364  20.518 0.0000000000
37658  1.433  -12.219  20.128 0.0000000000
37674  1.221  -13.700  18.883 0.0000000000
37675  0.932  -12.602  19.353 0.0000000000
37687  1.704  -13.127  16.805 0.0000000000
37688  0.700  -12.703  18.148 0.0000000000
37701  2.107  -12.770  14.560 0.0000000000
38585  1.585  -11.594  21.744 0.0000000000
38586  1.205  -11.336  21.669 0.0000000000
38609  2.207  -12.395  21.612 0.0000000000
38610  1.147  -11.781  20.982 0.0000000000
38611  0.861  -11.644  19.649 0.0000000000
38629  0.363  -11.840  18.402 0.0000000000
38638  1.178  -11.760  15.375 0.0000000000
38639  0.658  -11.891  16.993 0.0000000000
38647  1.687  -11.340  13.903 0.0000000000
39635  3.179  -10.853  22.427 0.0000000000
39636  1.723  -11.046  22.131 0.0000000000
39637  0.876  -10.868  21.293 0.0000000000
39652  2.876  -11.738  22.136 0.0000000000
39653  1.997  -11.682  22.002 0.0000000000
39654  0.441  -10.874  20.179 0.0000000000
39655  0.248  -10.902  18.802 0.0000000000
39658  0.432  -10.978  17.375 0.0000000000
39660  1.061  -10.635  14.520 0.0000000000
39661  0.681  -10.884  15.860 0.0000000000
39666  1.507  -10.388  13.698 0.0000000000
40748  3.637  -10.062  22.500 0.0000000000
40749  2.238  -10.031  22.276 0.0000000000
40750  1.197  -10.022  21.428 0.0000000000
40756  0.708  -10.001  20.386 0.0000000000
40757  0.367  -10.004  19.204 0.0000000000
40760  0.686  -10.054  17.769 0.0000000000
40763  0.933  -9.739  14.923 0.0000000000
40764  0.953  -10.160  16.424 0.0000000000
40770  2.044  -9.620  13.617 0.0000000000
40771  1.047  -9.825  13.921 0.0000000000
41649  2.847  -9.082  21.690 0.0000000000
41650  1.674  -9.310  21.367 0.0000000000
41656  1.643  -8.600  20.894 0.0000000000
41657  0.906  -8.877  20.282 0.0000000000
41658  0.929  -9.335  19.462 0.0000000000
41663  0.756  -8.616  19.078 0.0000000000
41664  0.911  -9.016  18.222 0.0000000000
41669  1.038  -8.809  14.741 0.0000000000
41670  1.294  -8.948  16.199 0.0000000000
41678  1.219  -8.773  13.914 0.0000000000
42388  3.794  -7.088  33.319 0.0000000000
42389  2.905  -6.983  33.256 0.0000000000
42402  2.601  -7.397  32.306 0.0000000000
42403  2.486  -6.744  33.018 0.0000000000
42414  1.588  -7.013  29.199 0.0000000000
42415  1.801  -7.249  30.114 0.0000000000
42534  3.587  -8.437  21.610 0.0000000000
42535  2.482  -8.141  20.803 0.0000000000
42546  1.324  -7.902  19.998 0.0000000000
42547  0.994  -7.844  18.718 0.0000000000
42548  1.402  -7.438  17.540 0.0000000000
42554  0.928  -8.310  18.383 0.0000000000
42555  1.362  -7.928  17.106 0.0000000000
42559  1.982  -7.303  14.117 0.0000000000
42560  0.982  -7.909  14.701 0.0000000000
42561  1.047  -7.891  15.661 0.0000000000
42568  2.457  -7.884  13.683 0.0000000000
42569  1.389  -8.010  14.045 0.0000000000
43256  4.715  -5.685  33.892 0.0000000000
43257  3.976  -6.131  33.649 0.0000000000
43258  3.572  -6.337  33.524 0.0000000000
43259  3.330  -6.324  33.479 0.0000000000
43272  4.586  -6.406  33.755 0.0000000000
43273  3.635  -6.590  33.492 0.0000000000
43274  3.006  -6.490  33.363 0.0000000000
43286  2.274  -6.321  32.370 0.0000000000
43287  2.363  -6.376  33.196 0.0000000000
43299  1.993  -6.590  29.205 0.0000000000
43300  1.773  -5.875  30.937 0.0000000000
43314  2.111  -5.775  29.260 0.0000000000
43422  2.843  -7.709  20.953 0.0000000000
43429  2.124  -7.352  19.846 0.0000000000
43430  1.193  -7.139  18.946 0.0000000000
43431  1.172  -6.976  17.867 0.0000000000
43440  1.534  -7.008  16.765 0.0000000000
43449  2.390  -6.388  14.114 0.0000000000
43450  1.021  -6.709  14.573 0.0000000000
43451  0.966  -7.067  15.488 0.0000000000
44235  4.429  -5.279  33.966 0.0000000000
44236  3.903  -5.641  33.693 0.0000000000
44237  3.414  -6.064  33.494 0.0000000000
44238  3.102  -6.265  33.439 0.0000000000
44254  3.812  -4.992  33.656 0.0000000000
44255  3.082  -5.589  33.430 0.0000000000
44256  2.805  -6.144  33.378 0.0000000000
44273  4.372  -3.957  33.079 0.0000000000
44274  2.184  -4.798  32.880 0.0000000000
44275  2.291  -5.910  33.200 0.0000000000
44295  1.987  -4.344  30.797 0.0000000000
44296  2.079  -3.223  30.616 0.0000000000
44316  2.231  -5.391  27.972 0.0000000000
44317  2.115  -3.837  29.380 0.0000000000
44442  2.941  -7.408  21.098 0.0000000000
44448  2.387  -6.941  19.936 0.0000000000
44449  1.396  -6.639  19.036 0.0000000000
44450  1.209  -6.439  18.041 0.0000000000
44456  1.568  -6.353  16.888 0.0000000000
44467  1.289  -5.687  14.582 0.0000000000
44468  0.915  -6.105  15.199 0.0000000000
44469  0.849  -6.387  15.840 0.0000000000
45305  2.968  -3.548  32.315 0.0000000000
45306  2.021  -3.693  32.167 0.0000000000
45322  2.253  -2.514  31.687 0.0000000000
45323  2.186  -2.432  29.946 0.0000000000
45324  1.986  -1.786  29.548 0.0000000000
45342  2.310  -5.473  26.793 0.0000000000
45343  2.250  -3.888  27.807 0.0000000000
45344  2.194  -2.357  28.829 0.0000000000
45364  2.031  -5.139  26.434 0.0000000000
45439  2.980  -7.311  21.723 0.0000000000
45449  2.746  -7.007  21.152 0.0000000000
45450  1.855  -6.181  19.875 0.0000000000
45462  2.453  -6.715  20.122 0.0000000000
45463  1.366  -6.140  19.176 0.0000000000
45464  1.074  -5.971  18.227 0.0000000000
45478  1.405  -5.783  17.109 0.0000000000
45494  1.715  -4.621  14.647 0.0000000000
45495  0.916  -5.168  15.230 0.0000000000
45496  0.859  -5.724  15.897 0.0000000000
46481  2.963  -1.244  30.736 0.0000000000
46482  2.054  -1.259  29.966 0.0000000000
46483  1.824  -1.453  29.185 0.0000000000
46498  2.099  -3.601  27.239 0.0000000000
46499  2.055  -2.566  27.669 0.0000000000
46515  2.014  -5.356  25.827 0.0000000000
46516  1.681  -4.267  26.432 0.0000000000
46517  1.579  -3.035  26.249 0.0000000000
46532  2.290  -5.413  24.888 0.0000000000
46533  1.815  -4.053  25.190 0.0000000000
46534  1.283  -3.308  25.275 0.0000000000
46543  2.842  -6.250  23.488 0.0000000000
46544  2.026  -4.703  23.915 0.0000000000
46545  1.483  -3.797  24.676 0.0000000000
46555  2.305  -7.017  22.800 0.0000000000
46556  2.485  -5.752  22.717 0.0000000000
46569  1.606  -6.339  22.298 0.0000000000
46570  1.242  -5.816  22.160 0.0000000000
46579  2.466  -6.851  21.801 0.0000000000
46580  1.301  -5.707  21.832 0.0000000000
46584  2.428  -6.848  21.412 0.0000000000
46585  1.642  -5.733  20.546 0.0000000000
46596  0.772  -5.011  18.697 0.0000000000
46597  0.987  -5.582  18.398 0.0000000000
46610  1.146  -4.216  16.988 0.0000000000
46611  1.206  -5.255  17.566 0.0000000000
46625  2.440  -3.501  14.669 0.0000000000
46626  1.307  -4.006  15.506 0.0000000000
46627  0.990  -4.962  16.244 0.0000000000
47578  3.189  -0.573  30.419 0.0000000000
47579  2.538  -0.533  30.203 0.0000000000
47580  1.949  -0.711  29.633 0.0000000000
47595  2.204  -0.026  29.678 0.0000000000
47596  1.790  -0.671  28.765 0.0000000000
47613  1.772  -1.330  27.261 0.0000000000
47631  1.794  -2.039  25.872 0.0000000000
47641  1.957  -4.040  23.532 0.0000000000
47642  1.209  -3.184  24.535 0.0000000000
47651  2.039  -4.738  22.884 0.0000000000
47652  1.775  -3.605  23.250 0.0000000000
47661  2.104  -5.416  22.378 0.0000000000
47662  1.538  -4.689  22.213 0.0000000000
47671  0.597  -4.315  21.091 0.0000000000
47679  0.465  -3.823  19.518 0.0000000000
47692  0.763  -3.158  17.776 0.0000000000
47693  1.337  -2.211  17.702 0.0000000000
47703  1.619  -3.031  16.405 0.0000000000
47704  1.376  -2.146  16.913 0.0000000000
47717  2.911  -2.395  14.550 0.0000000000
47718  2.058  -2.593  15.288 0.0000000000
47719  2.023  -2.114  16.078 0.0000000000
48651  2.876  0.455  29.321 0.0000000000
48652  1.773  0.360  29.071 0.0000000000
48672  2.242  0.827  28.546 0.0000000000
48673  1.698  0.102  28.120 0.0000000000
48691  1.543  0.723  27.811 0.0000000000
48692  1.482  -0.168  26.961 0.0000000000
48702  1.594  -1.084  25.452 0.0000000000
48710  1.598  -1.956  24.012 0.0000000000
48718  1.536  -2.888  22.827 0.0000000000
48727  1.071  -2.858  21.873 0.0000000000
48739  1.227  -2.632  20.431 0.0000000000
48751  1.418  -2.161  18.705 0.0000000000
48752  1.517  -1.395  17.471 0.0000000000
48758  1.578  -0.914  15.229 0.0000000000
48759  1.801  -1.201  16.246 0.0000000000
48768  2.170  -1.326  14.891 0.0000000000
48769  1.955  -1.601  15.398 0.0000000000
49860  4.059  1.053  28.192 0.0000000000
49861  2.976  1.122  28.373 0.0000000000
49882  5.329  1.245  28.316 0.0000000000
49883  2.399  1.282  27.719 0.0000000000
49884  1.545  0.693  27.285 0.0000000000
49897  1.334  1.363  26.536 0.0000000000
49898  1.580  0.534  26.517 0.0000000000
49909  1.195  1.317  25.760 0.0000000000
49910  1.379  0.247  25.050 0.0000000000
49919  1.728  -1.133  23.141 0.0000000000
49933  1.372  -1.155  21.559 0.0000000000
49946  1.428  -0.997  19.922 0.0000000000
49955  1.597  -0.650  18.390 0.0000000000
49956  1.562  -0.311  17.009 0.0000000000
49961  1.581  -0.378  14.909 0.0000000000
49962  1.284  -0.070  15.531 0.0000000000
49968  2.297  -0.188  14.500 0.0000000000
51044  4.221  1.987  27.837 0.0000000000
51045  2.546  1.623  26.997 0.0000000000
51060  3.491  2.299  27.301 0.0000000000
51061  2.386  1.902  26.427 0.0000000000
51076  1.384  1.373  24.923 0.0000000000
51077  1.340  0.350  24.016 0.0000000000
51092  1.590  1.546  23.793 0.0000000000
51093  1.459  0.406  22.994 0.0000000000
51109  1.955  1.133  22.504 0.0000000000
51110  2.077  0.189  21.131 0.0000000000
51122  1.955  0.156  19.436 0.0000000000
51131  1.569  0.540  17.990 0.0000000000
51132  1.094  0.801  16.554 0.0000000000
51135  1.292  0.436  14.664 0.0000000000
51136  1.636  1.028  15.404 0.0000000000
51142  1.845  0.985  14.429 0.0000000000
52112  6.453  2.722  28.410 0.0000000000
52113  4.515  2.897  28.075 0.0000000000
52123  2.870  2.760  27.071 0.0000000000
52124  1.865  2.225  26.008 0.0000000000
52137  2.463  3.083  26.653 0.0000000000
52138  2.053  2.462  25.367 0.0000000000
52154  2.445  2.015  23.326 0.0000000000
52170  2.885  1.492  21.291 0.0000000000
52171  2.387  0.756  20.263 0.0000000000
52182  3.443  1.859  20.374 0.0000000000
52183  2.560  1.341  19.343 0.0000000000
52189  1.773  1.557  17.559 0.0000000000
52190  1.353  1.822  16.269 0.0000000000
52193  1.660  1.324  14.643 0.0000000000
52194  1.789  1.917  15.237 0.0000000000
52200  1.644  1.909  14.520 0.0000000000
52201  2.068  1.987  14.755 0.0000000000
53135  6.128  3.243  27.805 0.0000000000
53142  4.328  3.520  27.647 0.0000000000
53152  2.969  3.546  27.289 0.0000000000
53153  2.283  3.372  26.359 0.0000000000
53166  2.199  2.903  24.540 0.0000000000
53180  2.833  2.477  22.491 0.0000000000
53187  3.518  2.341  20.987 0.0000000000
53188  3.560  2.352  19.930 0.0000000000
53190  2.945  2.398  18.633 0.0000000000
53191  1.975  2.497  17.178 0.0000000000
53193  1.502  2.647  16.033 0.0000000000
54060  5.837  4.316  27.511 0.0000000000
54061  4.089  4.599  27.247 0.0000000000
54068  3.771  4.105  27.394 0.0000000000
54069  3.050  4.593  27.168 0.0000000000
54076  2.648  3.995  27.198 0.0000000000
54077  2.150  4.041  26.020 0.0000000000
54085  2.257  3.218  23.671 0.0000000000
54094  3.228  2.903  21.653 0.0000000000
54095  3.663  3.062  20.742 0.0000000000
54098  3.803  2.748  20.540 0.0000000000
54099  3.794  3.036  19.584 0.0000000000
54102  2.977  3.172  18.096 0.0000000000
55050  2.203  3.638  22.588 0.0000000000
55060  3.294  3.293  21.390 0.0000000000
