#!ascii label  , from subject Yale_0050565 vox2ras=TkReg
701
102017  -25.326  57.519  34.243 0.0000000000
102325  -28.179  58.178  36.045 0.0000000000
102335  -26.070  58.210  35.276 0.0000000000
102336  -27.198  57.867  35.562 0.0000000000
102344  -25.472  58.010  34.707 0.0000000000
102345  -26.272  57.579  35.062 0.0000000000
102347  -24.442  58.432  33.469 0.0000000000
102348  -24.846  58.064  33.985 0.0000000000
102351  -24.336  58.347  32.870 0.0000000000
102352  -24.701  57.849  33.327 0.0000000000
102361  -24.246  58.529  32.283 0.0000000000
102639  -27.514  58.875  36.091 0.0000000000
102640  -28.622  58.845  36.399 0.0000000000
102648  -25.447  58.895  35.252 0.0000000000
102649  -26.366  58.848  35.709 0.0000000000
102655  -24.109  59.314  34.107 0.0000000000
102656  -24.694  58.945  34.556 0.0000000000
102659  -23.963  59.157  33.450 0.0000000000
102660  -24.356  58.754  33.899 0.0000000000
102663  -23.873  59.240  32.686 0.0000000000
102673  -23.862  60.016  31.778 0.0000000000
102674  -23.956  59.465  32.091 0.0000000000
102684  -23.952  60.265  31.559 0.0000000000
102685  -24.156  59.815  31.637 0.0000000000
102703  -24.407  60.108  31.444 0.0000000000
102719  -24.321  60.680  31.100 0.0000000000
102720  -24.566  60.257  31.299 0.0000000000
102725  -27.739  61.069  30.542 0.0000000000
102735  -24.217  61.046  30.532 0.0000000000
102736  -24.243  61.013  30.773 0.0000000000
102737  -24.499  60.927  31.017 0.0000000000
102738  -24.940  60.847  31.144 0.0000000000
102739  -29.257  61.130  29.798 0.0000000000
102747  -31.061  61.086  27.965 0.0000000000
102972  -28.690  60.433  37.063 0.0000000000
102979  -25.708  60.368  36.071 0.0000000000
102980  -26.698  59.868  36.290 0.0000000000
102981  -28.238  59.907  36.656 0.0000000000
102982  -28.919  59.400  36.822 0.0000000000
102989  -24.002  60.450  34.887 0.0000000000
102990  -24.800  60.018  35.383 0.0000000000
102991  -25.717  59.553  35.775 0.0000000000
102997  -23.712  60.152  34.082 0.0000000000
102998  -24.194  59.739  34.603 0.0000000000
103001  -23.323  60.540  32.752 0.0000000000
103002  -23.474  60.121  33.159 0.0000000000
103007  -23.466  60.625  32.278 0.0000000000
103008  -23.557  59.974  32.469 0.0000000000
103019  -23.757  60.614  31.700 0.0000000000
103020  -23.671  60.095  32.030 0.0000000000
103031  -24.117  60.777  31.205 0.0000000000
103032  -24.295  60.447  31.345 0.0000000000
103049  -24.187  61.161  30.667 0.0000000000
103050  -24.252  60.905  30.822 0.0000000000
103059  -24.136  61.043  30.307 0.0000000000
103060  -26.058  61.233  31.723 0.0000000000
103061  -26.550  61.891  31.762 0.0000000000
103062  -27.260  62.234  30.811 0.0000000000
103063  -28.839  62.370  30.436 0.0000000000
103070  -24.124  61.313  30.085 0.0000000000
103071  -24.333  61.434  30.154 0.0000000000
103072  -24.667  61.536  30.631 0.0000000000
103073  -25.418  61.580  31.309 0.0000000000
103074  -26.139  62.186  31.719 0.0000000000
103075  -30.264  62.149  29.039 0.0000000000
103076  -31.106  62.682  28.538 0.0000000000
103082  -30.726  61.493  28.173 0.0000000000
103083  -31.648  62.007  27.926 0.0000000000
103084  -32.238  62.540  27.767 0.0000000000
103087  -32.625  61.743  26.957 0.0000000000
103088  -32.486  62.461  27.518 0.0000000000
103339  -27.478  62.125  36.986 0.0000000000
103340  -28.457  61.384  37.204 0.0000000000
103345  -25.205  61.305  36.027 0.0000000000
103346  -26.633  61.344  36.570 0.0000000000
103347  -27.427  60.581  36.702 0.0000000000
103350  -23.618  61.298  34.713 0.0000000000
103351  -24.249  61.292  35.466 0.0000000000
103354  -23.017  61.878  33.359 0.0000000000
103355  -23.224  61.276  33.697 0.0000000000
103358  -23.166  61.380  32.821 0.0000000000
103359  -23.232  60.791  33.097 0.0000000000
103366  -23.525  61.419  31.971 0.0000000000
103374  -23.789  61.435  31.238 0.0000000000
103384  -24.038  61.530  30.590 0.0000000000
103396  -24.123  61.479  30.125 0.0000000000
103397  -24.092  61.237  30.160 0.0000000000
103404  -23.903  61.790  29.515 0.0000000000
103405  -23.999  61.533  29.501 0.0000000000
103406  -26.716  63.456  31.066 0.0000000000
103407  -28.177  63.700  31.242 0.0000000000
103408  -29.809  63.509  30.442 0.0000000000
103416  -24.244  61.687  29.102 0.0000000000
103417  -24.753  61.975  29.108 0.0000000000
103418  -25.015  62.267  30.494 0.0000000000
103419  -25.694  62.999  31.489 0.0000000000
103420  -26.509  63.428  31.992 0.0000000000
103421  -27.427  64.051  32.336 0.0000000000
103422  -30.775  63.460  29.123 0.0000000000
103423  -31.801  63.265  28.345 0.0000000000
103424  -32.337  63.776  28.137 0.0000000000
103430  -25.077  62.372  28.485 0.0000000000
103431  -25.202  62.569  29.145 0.0000000000
103432  -25.210  63.131  30.484 0.0000000000
103433  -32.089  62.700  27.931 0.0000000000
103434  -32.497  63.258  27.755 0.0000000000
103438  -32.554  63.404  25.855 0.0000000000
103439  -32.875  63.163  26.659 0.0000000000
103440  -32.833  63.100  27.194 0.0000000000
103686  -28.184  63.083  37.269 0.0000000000
103687  -29.801  63.308  37.844 0.0000000000
103694  -25.802  62.611  36.390 0.0000000000
103695  -26.958  62.889  36.848 0.0000000000
103699  -23.930  62.472  35.361 0.0000000000
103700  -24.721  62.474  35.972 0.0000000000
103704  -23.026  62.513  33.805 0.0000000000
103705  -23.342  62.432  34.558 0.0000000000
103708  -22.974  62.503  33.124 0.0000000000
103713  -23.258  62.379  32.335 0.0000000000
103718  -23.589  62.320  31.487 0.0000000000
103725  -23.787  62.292  30.665 0.0000000000
103733  -23.805  62.193  29.807 0.0000000000
103738  -23.713  62.183  29.018 0.0000000000
103739  -23.958  62.242  28.600 0.0000000000
103740  -29.464  64.997  31.092 0.0000000000
103741  -30.840  64.774  30.101 0.0000000000
103742  -31.889  65.016  29.500 0.0000000000
103749  -24.450  62.465  28.174 0.0000000000
103750  -24.948  62.443  28.224 0.0000000000
103751  -26.254  64.395  31.965 0.0000000000
103752  -27.392  64.729  32.324 0.0000000000
103753  -28.432  64.932  32.372 0.0000000000
103754  -31.428  64.236  29.016 0.0000000000
103755  -32.290  64.496  28.608 0.0000000000
103756  -32.766  64.291  28.001 0.0000000000
103758  -24.845  63.011  27.896 0.0000000000
103759  -25.278  63.034  28.197 0.0000000000
103760  -25.481  63.695  29.405 0.0000000000
103761  -25.599  64.153  31.090 0.0000000000
103762  -33.469  65.360  27.421 0.0000000000
103763  -33.100  64.404  27.489 0.0000000000
103765  -30.867  64.627  25.258 0.0000000000
103766  -32.324  64.824  25.839 0.0000000000
103767  -33.095  64.730  26.747 0.0000000000
103768  -33.075  63.814  26.999 0.0000000000
103949  -27.645  65.153  37.794 0.0000000000
103950  -28.958  64.798  38.120 0.0000000000
103960  -25.546  64.585  36.543 0.0000000000
103961  -26.414  64.303  37.011 0.0000000000
103962  -27.589  64.034  37.308 0.0000000000
103966  -24.679  63.888  35.903 0.0000000000
103967  -25.322  63.535  36.342 0.0000000000
103971  -23.255  63.602  34.410 0.0000000000
103972  -23.792  63.657  35.150 0.0000000000
103975  -23.008  63.598  33.622 0.0000000000
103979  -22.986  63.509  32.771 0.0000000000
103983  -23.301  63.381  31.850 0.0000000000
103987  -23.478  63.279  30.964 0.0000000000
103994  -23.466  63.214  30.035 0.0000000000
103997  -23.296  63.176  28.958 0.0000000000
103998  -23.571  62.817  28.442 0.0000000000
103999  -29.659  65.915  32.169 0.0000000000
104000  -30.918  66.008  31.542 0.0000000000
104001  -32.116  65.920  30.651 0.0000000000
104005  -23.304  63.582  28.195 0.0000000000
104006  -23.793  63.298  27.884 0.0000000000
104007  -26.021  65.026  31.566 0.0000000000
104008  -26.867  65.870  31.902 0.0000000000
104009  -28.643  66.287  32.175 0.0000000000
104010  -33.035  65.662  29.478 0.0000000000
104011  -33.082  65.007  28.440 0.0000000000
104014  -24.426  63.589  27.507 0.0000000000
104015  -25.069  63.984  27.518 0.0000000000
104016  -25.797  64.430  28.118 0.0000000000
104017  -26.196  65.391  30.228 0.0000000000
104018  -27.095  66.928  30.825 0.0000000000
104019  -33.481  65.776  28.230 0.0000000000
104020  -33.244  64.842  28.019 0.0000000000
104022  -31.781  66.090  25.653 0.0000000000
104023  -32.840  66.376  26.371 0.0000000000
104024  -33.512  66.483  27.399 0.0000000000
104033  -28.647  65.783  23.252 0.0000000000
104034  -30.190  66.341  24.821 0.0000000000
104041  -25.631  66.177  21.754 0.0000000000
104042  -26.837  66.964  21.992 0.0000000000
104172  -27.231  66.208  37.771 0.0000000000
104173  -28.612  66.554  38.622 0.0000000000
104184  -25.628  65.779  36.428 0.0000000000
104185  -26.254  65.654  37.041 0.0000000000
104192  -24.624  65.105  35.499 0.0000000000
104197  -23.596  64.877  34.143 0.0000000000
104198  -23.859  64.643  34.830 0.0000000000
104202  -23.221  64.713  33.287 0.0000000000
104204  -23.138  64.640  32.367 0.0000000000
104206  -23.322  64.494  31.397 0.0000000000
104208  -23.285  64.383  30.462 0.0000000000
104213  -22.975  64.361  29.382 0.0000000000
104218  -22.996  64.434  28.392 0.0000000000
104219  -30.614  67.254  31.848 0.0000000000
104220  -32.033  66.869  31.481 0.0000000000
104221  -33.026  66.744  30.610 0.0000000000
104224  -23.299  64.456  27.692 0.0000000000
104225  -23.854  64.518  27.242 0.0000000000
104226  -28.071  67.432  31.512 0.0000000000
104227  -29.355  68.051  31.654 0.0000000000
104228  -33.536  66.989  29.427 0.0000000000
104231  -24.552  64.857  26.993 0.0000000000
104232  -25.468  65.629  26.929 0.0000000000
104233  -26.341  66.013  28.006 0.0000000000
104234  -27.068  66.990  29.207 0.0000000000
104235  -28.109  68.272  30.093 0.0000000000
104236  -28.723  68.446  31.156 0.0000000000
104237  -33.461  68.340  28.055 0.0000000000
104238  -33.712  67.381  28.288 0.0000000000
104240  -25.605  66.746  26.559 0.0000000000
104241  -26.174  66.901  26.915 0.0000000000
104242  -26.988  67.487  27.839 0.0000000000
104243  -27.483  68.066  28.868 0.0000000000
104244  -31.677  67.967  25.864 0.0000000000
104245  -33.121  67.710  27.193 0.0000000000
104246  -33.715  67.591  27.683 0.0000000000
104254  -28.040  67.183  22.339 0.0000000000
104255  -29.136  68.175  23.482 0.0000000000
104256  -30.382  68.158  24.736 0.0000000000
104262  -22.941  67.405  21.521 0.0000000000
104263  -24.125  66.995  21.302 0.0000000000
104264  -26.061  67.794  21.156 0.0000000000
104265  -27.497  68.286  21.650 0.0000000000
104266  -28.264  68.395  22.353 0.0000000000
104371  -27.995  68.024  38.889 0.0000000000
104384  -26.275  67.225  36.597 0.0000000000
104385  -26.947  67.652  37.552 0.0000000000
104395  -25.618  66.894  35.937 0.0000000000
104400  -24.063  65.829  34.201 0.0000000000
104401  -24.694  66.239  34.820 0.0000000000
104405  -23.864  65.836  33.713 0.0000000000
104407  -23.728  65.886  32.896 0.0000000000
104410  -23.521  65.827  31.944 0.0000000000
104413  -23.544  65.697  30.950 0.0000000000
104416  -23.135  65.627  29.885 0.0000000000
104422  -22.928  65.615  28.755 0.0000000000
104423  -31.240  68.179  31.606 0.0000000000
104424  -31.820  67.841  31.502 0.0000000000
104425  -32.604  67.634  30.973 0.0000000000
104428  -23.081  65.612  27.779 0.0000000000
104429  -23.456  65.545  27.131 0.0000000000
104430  -30.649  68.667  31.415 0.0000000000
104431  -33.190  67.759  30.250 0.0000000000
104434  -23.985  65.713  26.777 0.0000000000
104435  -24.572  66.208  26.556 0.0000000000
104436  -28.683  69.210  29.457 0.0000000000
104437  -29.553  69.221  30.456 0.0000000000
104438  -33.040  68.951  28.533 0.0000000000
104439  -33.425  68.494  29.248 0.0000000000
104442  -25.053  66.996  26.377 0.0000000000
104443  -25.605  67.836  26.380 0.0000000000
104444  -26.644  68.420  26.743 0.0000000000
104445  -27.889  69.007  28.113 0.0000000000
104446  -30.962  69.119  26.354 0.0000000000
104447  -32.141  68.998  27.607 0.0000000000
104453  -21.567  67.253  22.650 0.0000000000
104454  -28.916  69.613  23.516 0.0000000000
104455  -29.808  69.303  24.964 0.0000000000
104460  -22.413  67.982  22.000 0.0000000000
104461  -23.293  68.490  21.054 0.0000000000
104462  -24.917  68.908  20.763 0.0000000000
104463  -26.632  69.392  21.000 0.0000000000
104464  -27.975  69.632  22.312 0.0000000000
104538  -27.881  69.800  38.976 0.0000000000
104546  -26.751  68.937  36.864 0.0000000000
104547  -27.371  69.983  38.100 0.0000000000
104557  -26.162  68.539  35.569 0.0000000000
104562  -24.530  66.590  34.112 0.0000000000
104563  -25.568  68.078  34.408 0.0000000000
104568  -24.798  67.361  33.489 0.0000000000
104569  -25.588  68.375  33.869 0.0000000000
104572  -24.420  67.114  32.443 0.0000000000
104575  -24.133  66.996  31.489 0.0000000000
104578  -23.924  66.900  30.450 0.0000000000
104580  -23.488  66.866  29.288 0.0000000000
104585  -23.269  66.868  28.115 0.0000000000
104586  -31.646  68.678  31.108 0.0000000000
104587  -32.334  68.326  30.802 0.0000000000
104588  -32.720  68.098  30.554 0.0000000000
104591  -23.505  66.877  26.971 0.0000000000
104592  -23.728  66.279  26.784 0.0000000000
104593  -31.261  69.419  30.422 0.0000000000
104594  -32.271  69.056  30.318 0.0000000000
104595  -32.841  68.519  30.189 0.0000000000
104597  -23.970  67.480  26.288 0.0000000000
104598  -24.158  67.168  26.295 0.0000000000
104599  -24.509  67.233  26.266 0.0000000000
104600  -29.185  69.635  28.589 0.0000000000
104601  -30.681  69.659  29.067 0.0000000000
104602  -32.305  69.399  29.212 0.0000000000
104603  -32.856  69.083  29.796 0.0000000000
104606  -24.168  68.726  25.652 0.0000000000
104607  -24.612  68.579  25.853 0.0000000000
104608  -25.701  69.514  25.880 0.0000000000
104609  -27.006  69.891  26.257 0.0000000000
104610  -28.310  70.019  26.858 0.0000000000
104611  -29.833  69.890  26.911 0.0000000000
104612  -31.368  69.652  28.266 0.0000000000
104617  -20.978  67.397  23.169 0.0000000000
104618  -21.415  68.015  23.113 0.0000000000
104619  -22.034  68.760  22.236 0.0000000000
104620  -27.941  70.501  23.763 0.0000000000
104621  -28.800  70.040  25.341 0.0000000000
104627  -22.723  69.520  21.384 0.0000000000
104628  -23.921  70.053  20.599 0.0000000000
104629  -25.452  70.515  20.591 0.0000000000
104630  -26.660  70.749  21.447 0.0000000000
104631  -27.366  70.802  22.341 0.0000000000
104642  -17.488  69.373  16.750 0.0000000000
104645  -16.910  70.140  14.554 0.0000000000
104648  -15.152  71.330  12.380 0.0000000000
104694  -27.182  71.592  38.011 0.0000000000
104695  -27.230  71.090  39.025 0.0000000000
104703  -27.176  71.059  36.422 0.0000000000
104707  -26.816  70.446  35.033 0.0000000000
104711  -25.796  68.729  33.510 0.0000000000
104712  -26.339  69.537  34.039 0.0000000000
104715  -25.581  68.681  32.819 0.0000000000
104716  -26.322  69.852  33.419 0.0000000000
104719  -25.019  68.255  31.979 0.0000000000
104722  -24.781  68.165  31.060 0.0000000000
104725  -24.564  68.117  29.945 0.0000000000
104729  -24.057  68.139  28.709 0.0000000000
104733  -23.817  68.153  27.523 0.0000000000
104734  -9.320  68.166  29.000 0.0000000000
104736  -23.747  68.202  26.483 0.0000000000
104737  -24.066  67.929  25.702 0.0000000000
104738  -9.126  67.967  28.516 0.0000000000
104739  -9.623  67.226  27.972 0.0000000000
104740  -24.035  68.875  25.356 0.0000000000
104741  -23.906  69.778  24.647 0.0000000000
104742  -24.694  70.736  25.080 0.0000000000
104743  -25.891  70.903  25.170 0.0000000000
104744  -27.312  70.766  25.633 0.0000000000
104745  -28.400  70.509  26.176 0.0000000000
104746  -10.397  66.521  26.298 0.0000000000
104747  -19.089  68.959  23.117 0.0000000000
104748  -20.049  68.360  23.166 0.0000000000
104749  -21.058  67.983  23.140 0.0000000000
104750  -21.903  68.113  23.306 0.0000000000
104751  -22.123  68.205  23.318 0.0000000000
104752  -22.844  69.072  22.567 0.0000000000
104753  -23.541  69.926  24.492 0.0000000000
104754  -24.424  70.967  24.206 0.0000000000
104755  -24.926  71.985  24.383 0.0000000000
104756  -26.133  71.636  24.051 0.0000000000
104757  -28.052  70.721  25.421 0.0000000000
104758  -10.020  66.947  24.593 0.0000000000
104759  -10.622  66.492  25.259 0.0000000000
104760  -17.559  69.455  21.909 0.0000000000
104761  -18.278  68.843  22.577 0.0000000000
104763  -22.707  70.306  21.718 0.0000000000
104764  -23.459  70.952  20.830 0.0000000000
104765  -24.549  71.543  20.332 0.0000000000
104766  -25.592  71.953  20.901 0.0000000000
104767  -26.133  71.708  22.367 0.0000000000
104768  -8.851  67.401  22.749 0.0000000000
104769  -9.621  66.822  23.853 0.0000000000
104770  -17.143  69.407  21.100 0.0000000000
104774  -16.730  70.269  18.711 0.0000000000
104775  -16.846  69.386  19.836 0.0000000000
104777  -17.128  70.939  16.864 0.0000000000
104778  -17.117  69.262  18.482 0.0000000000
104780  -15.468  72.272  13.356 0.0000000000
104781  -16.216  71.625  14.335 0.0000000000
104783  -12.604  71.035  13.349 0.0000000000
104784  -14.777  72.060  12.491 0.0000000000
104785  -15.870  71.153  13.239 0.0000000000
104804  -26.168  72.551  37.435 0.0000000000
104808  -26.810  72.499  35.812 0.0000000000
104813  -26.784  71.627  34.187 0.0000000000
104817  -25.835  69.251  32.275 0.0000000000
104818  -26.286  70.794  32.706 0.0000000000
104821  -25.750  69.443  31.683 0.0000000000
104822  -25.959  70.997  31.573 0.0000000000
104825  -25.509  69.441  30.709 0.0000000000
104826  -25.704  70.837  30.579 0.0000000000
104829  -25.289  69.558  29.535 0.0000000000
104830  -25.653  70.857  29.765 0.0000000000
104833  -24.815  69.491  28.248 0.0000000000
104838  -24.407  69.470  27.007 0.0000000000
104839  -9.671  69.127  29.438 0.0000000000
104842  -24.108  69.187  25.971 0.0000000000
104843  -23.820  68.784  25.234 0.0000000000
104844  -8.914  68.906  28.799 0.0000000000
104845  -8.963  67.886  28.007 0.0000000000
104846  -23.190  70.025  23.723 0.0000000000
104847  -23.615  70.010  24.567 0.0000000000
104848  -23.336  69.464  24.678 0.0000000000
104849  -8.481  68.485  27.515 0.0000000000
104850  -9.255  67.400  26.883 0.0000000000
104851  -18.817  69.772  22.453 0.0000000000
104852  -19.977  69.710  22.572 0.0000000000
104853  -21.520  69.219  22.460 0.0000000000
104854  -22.470  69.019  22.503 0.0000000000
104855  -22.814  69.312  23.541 0.0000000000
104856  -23.385  70.203  23.615 0.0000000000
104857  -23.658  70.703  23.564 0.0000000000
104858  -25.379  71.729  23.186 0.0000000000
104859  -25.091  72.984  23.069 0.0000000000
104860  -25.428  73.215  22.382 0.0000000000
104861  -8.661  68.673  24.342 0.0000000000
104862  -8.891  68.005  25.381 0.0000000000
104863  -9.787  66.974  25.914 0.0000000000
104864  -17.300  70.270  21.097 0.0000000000
104865  -17.928  70.364  21.738 0.0000000000
104866  -23.052  70.857  22.198 0.0000000000
104867  -23.289  71.518  20.999 0.0000000000
104868  -24.143  72.230  20.268 0.0000000000
104869  -24.836  72.974  20.384 0.0000000000
104870  -25.407  73.415  21.385 0.0000000000
104871  -8.574  69.608  21.840 0.0000000000
104872  -8.835  68.696  23.096 0.0000000000
104873  -9.475  67.539  24.159 0.0000000000
104874  -16.315  71.744  19.066 0.0000000000
104875  -16.671  70.955  19.795 0.0000000000
104876  -24.441  73.031  20.152 0.0000000000
104877  -24.641  73.568  20.177 0.0000000000
104878  -8.146  69.274  20.778 0.0000000000
104879  -8.509  68.178  22.059 0.0000000000
104880  -16.408  71.682  18.205 0.0000000000
104881  -16.582  70.483  19.300 0.0000000000
104882  -8.675  69.903  18.291 0.0000000000
104883  -15.596  73.456  14.182 0.0000000000
104884  -16.044  72.846  15.139 0.0000000000
104885  -10.086  70.260  16.226 0.0000000000
104886  -15.353  72.973  13.549 0.0000000000
104887  -16.104  72.578  14.181 0.0000000000
104888  -11.543  71.369  13.942 0.0000000000
104889  -12.789  72.186  12.795 0.0000000000
104890  -13.725  73.039  12.461 0.0000000000
104911  -25.012  73.313  36.870 0.0000000000
104917  -20.913  72.878  36.472 0.0000000000
104918  -23.763  73.516  35.982 0.0000000000
104919  -25.694  73.107  35.122 0.0000000000
104924  -19.720  73.044  35.685 0.0000000000
104925  -22.096  72.527  34.954 0.0000000000
104926  -24.624  73.329  34.404 0.0000000000
104927  -26.118  72.961  33.595 0.0000000000
104931  -21.247  72.839  34.369 0.0000000000
104932  -23.253  72.860  33.742 0.0000000000
104933  -24.973  73.179  33.060 0.0000000000
104934  -26.007  72.600  32.394 0.0000000000
104936  -25.342  73.037  32.161 0.0000000000
104937  -25.734  72.497  31.419 0.0000000000
104940  -25.533  71.951  30.393 0.0000000000
104943  -25.476  70.548  28.976 0.0000000000
104944  -25.519  71.671  29.312 0.0000000000
104946  -25.362  71.279  28.047 0.0000000000
104947  -25.516  71.835  28.811 0.0000000000
104951  -24.874  70.663  26.205 0.0000000000
104952  -25.188  71.069  25.578 0.0000000000
104953  -9.637  71.086  29.317 0.0000000000
104954  -11.610  71.922  29.695 0.0000000000
104957  -24.676  69.684  25.571 0.0000000000
104958  -24.642  70.310  25.249 0.0000000000
104959  -7.951  70.936  27.398 0.0000000000
104960  -8.283  70.053  28.339 0.0000000000
104961  -23.631  70.547  23.939 0.0000000000
104962  -24.178  70.500  24.681 0.0000000000
104963  -7.959  70.268  26.013 0.0000000000
104964  -7.969  69.369  26.839 0.0000000000
104965  -19.523  71.141  21.075 0.0000000000
104966  -21.756  70.525  21.262 0.0000000000
104967  -22.239  70.348  21.943 0.0000000000
104968  -22.261  70.465  23.113 0.0000000000
104969  -23.281  70.145  23.762 0.0000000000
104970  -24.414  71.244  21.903 0.0000000000
104971  -25.090  71.812  22.060 0.0000000000
104972  -24.903  73.606  22.446 0.0000000000
104973  -24.895  73.889  21.763 0.0000000000
104974  -25.373  73.944  21.629 0.0000000000
104975  -8.844  71.136  23.311 0.0000000000
104976  -8.446  69.578  24.511 0.0000000000
104977  -8.051  69.186  25.724 0.0000000000
104978  -16.501  73.218  19.077 0.0000000000
104979  -17.312  71.698  20.151 0.0000000000
104980  -18.113  71.466  20.897 0.0000000000
104981  -24.285  71.421  21.114 0.0000000000
104982  -24.211  72.474  20.280 0.0000000000
104983  -24.350  72.751  20.116 0.0000000000
104984  -24.951  73.945  20.708 0.0000000000
104985  -25.388  74.100  21.365 0.0000000000
104986  -8.637  70.800  21.562 0.0000000000
104987  -8.840  70.029  23.110 0.0000000000
104988  -16.143  72.715  18.652 0.0000000000
104989  -16.599  72.044  19.498 0.0000000000
104990  -24.335  73.065  20.141 0.0000000000
104991  -24.351  73.304  20.092 0.0000000000
104992  -24.650  73.839  20.168 0.0000000000
104993  -8.696  71.508  18.721 0.0000000000
104994  -15.076  74.619  15.770 0.0000000000
104995  -15.961  73.524  16.652 0.0000000000
104996  -9.672  71.897  16.435 0.0000000000
104997  -15.026  74.240  14.234 0.0000000000
104998  -15.639  73.925  15.308 0.0000000000
104999  -11.101  72.505  14.262 0.0000000000
105000  -12.339  73.622  13.320 0.0000000000
105001  -13.760  73.820  13.066 0.0000000000
105002  -11.869  72.276  13.194 0.0000000000
105003  -12.447  72.911  12.908 0.0000000000
105004  -13.009  73.449  12.641 0.0000000000
105027  -18.312  74.727  35.864 0.0000000000
105031  -19.257  74.794  34.410 0.0000000000
105032  -22.023  72.898  33.176 0.0000000000
105033  -23.827  73.085  32.969 0.0000000000
105035  -18.923  75.801  32.723 0.0000000000
105036  -21.436  73.965  32.253 0.0000000000
105037  -24.093  73.192  32.156 0.0000000000
105038  -25.189  73.040  31.735 0.0000000000
105040  -17.864  76.543  32.272 0.0000000000
105041  -22.008  73.508  31.293 0.0000000000
105042  -23.463  73.234  30.960 0.0000000000
105043  -25.038  73.014  31.131 0.0000000000
105045  -17.316  76.219  31.998 0.0000000000
105046  -24.357  73.129  29.571 0.0000000000
105047  -25.079  72.753  30.079 0.0000000000
105049  -24.899  72.829  28.174 0.0000000000
105050  -25.365  72.399  29.019 0.0000000000
105053  -25.346  72.001  26.777 0.0000000000
105054  -25.385  71.858  25.829 0.0000000000
105055  -9.503  73.592  29.131 0.0000000000
105056  -10.769  73.613  29.712 0.0000000000
105057  -12.308  74.051  30.385 0.0000000000
105059  -24.882  71.724  25.482 0.0000000000
105060  -8.364  73.053  26.355 0.0000000000
105061  -8.402  72.547  27.399 0.0000000000
105062  -8.553  72.034  28.573 0.0000000000
105063  -23.789  71.966  24.017 0.0000000000
105064  -24.309  71.292  24.717 0.0000000000
105065  -8.501  72.626  25.238 0.0000000000
105066  -8.040  71.758  26.268 0.0000000000
105067  -20.339  73.454  19.382 0.0000000000
105068  -22.018  72.276  20.138 0.0000000000
105069  -23.038  71.541  20.802 0.0000000000
105070  -22.877  71.377  22.250 0.0000000000
105071  -22.959  71.291  23.438 0.0000000000
105072  -24.884  71.534  21.082 0.0000000000
105073  -25.140  71.992  21.141 0.0000000000
105074  -25.395  72.873  21.237 0.0000000000
105075  -24.661  74.044  21.733 0.0000000000
105076  -8.793  72.575  23.772 0.0000000000
105077  -8.341  71.284  24.902 0.0000000000
105078  -15.820  74.953  19.134 0.0000000000
105079  -17.103  73.928  19.268 0.0000000000
105080  -18.468  72.816  19.731 0.0000000000
105081  -24.680  71.403  21.096 0.0000000000
105082  -24.798  72.270  20.559 0.0000000000
105083  -25.025  72.889  20.685 0.0000000000
105084  -24.777  73.907  20.867 0.0000000000
105085  -9.080  72.721  21.923 0.0000000000
105086  -14.134  75.404  18.150 0.0000000000
105087  -15.534  74.590  18.538 0.0000000000
105088  -24.489  72.920  20.241 0.0000000000
105089  -24.322  73.633  20.098 0.0000000000
105090  -24.476  73.863  20.341 0.0000000000
105091  -9.248  73.029  19.599 0.0000000000
105092  -13.858  75.171  16.807 0.0000000000
105093  -15.197  74.431  17.494 0.0000000000
105094  -10.122  73.595  16.771 0.0000000000
105095  -11.836  74.768  15.477 0.0000000000
105096  -13.575  75.034  15.226 0.0000000000
105097  -10.386  73.090  15.304 0.0000000000
105098  -11.300  73.849  14.607 0.0000000000
105099  -12.899  74.503  14.017 0.0000000000
105110  -20.249  75.858  32.360 0.0000000000
105111  -20.513  75.453  32.295 0.0000000000
105112  -19.730  75.942  32.000 0.0000000000
105113  -21.162  74.250  31.371 0.0000000000
105114  -22.285  73.439  30.926 0.0000000000
105115  -17.954  76.920  31.332 0.0000000000
105116  -18.740  76.193  31.266 0.0000000000
105117  -21.073  74.476  30.332 0.0000000000
105118  -22.573  73.467  30.288 0.0000000000
105119  -17.328  76.971  31.331 0.0000000000
105120  -19.151  76.569  30.060 0.0000000000
105121  -21.340  74.639  28.641 0.0000000000
105122  -23.381  73.724  28.888 0.0000000000
105123  -15.173  77.181  30.848 0.0000000000
105124  -16.256  77.223  31.314 0.0000000000
105125  -18.048  77.033  30.176 0.0000000000
105126  -22.999  74.744  27.226 0.0000000000
105127  -24.160  73.276  26.469 0.0000000000
105128  -25.586  72.502  26.047 0.0000000000
105129  -9.570  75.029  29.008 0.0000000000
105130  -10.271  75.156  29.454 0.0000000000
105131  -11.719  75.591  30.013 0.0000000000
105132  -13.480  76.200  30.827 0.0000000000
105133  -25.784  73.448  24.598 0.0000000000
105134  -25.855  72.510  25.315 0.0000000000
105135  -8.745  73.827  26.400 0.0000000000
105136  -8.710  73.726  27.086 0.0000000000
105137  -8.858  74.055  28.252 0.0000000000
105138  -24.963  73.052  23.628 0.0000000000
105139  -25.365  72.381  24.547 0.0000000000
105140  -8.889  73.663  25.495 0.0000000000
105141  -20.382  75.099  19.459 0.0000000000
105142  -22.102  74.109  19.485 0.0000000000
105143  -23.515  73.168  20.167 0.0000000000
105144  -24.135  72.526  21.097 0.0000000000
105145  -24.334  72.290  22.399 0.0000000000
105146  -9.055  73.482  24.344 0.0000000000
105147  -15.191  75.955  19.542 0.0000000000
105148  -16.334  75.709  19.564 0.0000000000
105149  -18.456  75.226  19.380 0.0000000000
105150  -24.789  72.684  20.450 0.0000000000
105151  -24.789  72.912  20.434 0.0000000000
105152  -24.806  73.318  20.410 0.0000000000
105153  -9.294  74.029  22.799 0.0000000000
105154  -13.381  75.879  18.834 0.0000000000
105155  -14.348  76.018  19.146 0.0000000000
105156  -24.579  72.780  20.389 0.0000000000
105157  -24.507  73.201  20.303 0.0000000000
105158  -24.200  73.932  20.180 0.0000000000
105159  -9.805  74.516  20.585 0.0000000000
105160  -11.009  75.201  19.100 0.0000000000
105161  -12.526  75.516  18.354 0.0000000000
105162  -10.259  74.305  18.588 0.0000000000
105163  -11.251  74.995  17.288 0.0000000000
105164  -12.566  75.149  16.460 0.0000000000
105165  -20.532  75.316  28.374 0.0000000000
105166  -21.528  74.785  27.464 0.0000000000
105167  -16.278  77.783  30.124 0.0000000000
105168  -17.640  77.316  29.354 0.0000000000
105169  -20.134  75.925  27.703 0.0000000000
105170  -23.355  75.132  26.162 0.0000000000
105171  -25.044  74.513  24.923 0.0000000000
105172  -10.134  75.659  29.031 0.0000000000
105173  -11.302  76.226  28.958 0.0000000000
105174  -13.105  77.049  29.324 0.0000000000
105175  -15.337  77.576  29.326 0.0000000000
105176  -22.457  75.815  25.544 0.0000000000
105177  -24.336  75.351  24.200 0.0000000000
105178  -25.170  74.391  23.778 0.0000000000
105179  -8.826  74.257  26.700 0.0000000000
105180  -9.227  74.602  27.012 0.0000000000
105181  -10.331  75.523  27.802 0.0000000000
105182  -11.851  76.441  27.742 0.0000000000
105183  -24.857  75.027  22.578 0.0000000000
105184  -24.092  73.807  22.684 0.0000000000
105185  -9.258  74.315  26.015 0.0000000000
105186  -10.383  74.954  25.538 0.0000000000
105187  -11.526  75.354  25.754 0.0000000000
105188  -17.839  77.061  20.638 0.0000000000
105189  -18.904  76.502  20.203 0.0000000000
105190  -21.341  75.730  20.201 0.0000000000
105191  -23.219  74.743  20.418 0.0000000000
105192  -24.510  74.288  21.154 0.0000000000
105193  -24.584  73.141  21.600 0.0000000000
105194  -9.749  74.544  24.199 0.0000000000
105195  -11.104  75.905  22.995 0.0000000000
105196  -12.305  77.070  21.547 0.0000000000
105197  -14.498  76.761  20.329 0.0000000000
105198  -17.144  76.746  20.374 0.0000000000
105199  -18.235  76.280  19.825 0.0000000000
105200  -10.278  75.343  21.980 0.0000000000
105201  -11.267  76.409  21.026 0.0000000000
105202  -12.777  76.389  19.748 0.0000000000
105203  -13.824  76.411  19.754 0.0000000000
105204  -10.720  75.648  20.437 0.0000000000
105205  -11.673  75.981  19.635 0.0000000000
105206  -12.286  75.962  19.255 0.0000000000
105207  -17.093  77.703  28.712 0.0000000000
105208  -18.904  77.075  27.260 0.0000000000
105209  -20.889  76.435  25.891 0.0000000000
105210  -12.843  76.960  28.121 0.0000000000
105211  -14.918  77.517  27.285 0.0000000000
105212  -17.581  77.476  26.532 0.0000000000
105213  -20.236  77.093  25.160 0.0000000000
105214  -22.598  76.182  24.098 0.0000000000
105215  -24.267  75.497  22.849 0.0000000000
105216  -12.110  75.728  26.425 0.0000000000
105217  -13.706  76.433  26.034 0.0000000000
105218  -15.876  77.245  24.657 0.0000000000
105219  -19.381  77.440  24.077 0.0000000000
105220  -21.432  76.734  23.081 0.0000000000
105221  -23.399  75.786  22.280 0.0000000000
105222  -24.537  75.115  21.748 0.0000000000
105223  -11.706  75.523  24.372 0.0000000000
105224  -12.784  76.264  24.563 0.0000000000
105225  -14.842  77.068  23.447 0.0000000000
105226  -17.324  77.422  21.864 0.0000000000
105227  -19.827  77.206  21.957 0.0000000000
105228  -22.457  76.019  21.298 0.0000000000
105229  -24.020  75.072  21.311 0.0000000000
105230  -24.542  74.867  21.389 0.0000000000
105231  -12.136  76.773  23.055 0.0000000000
105232  -13.533  77.225  22.327 0.0000000000
105233  -15.650  77.406  21.447 0.0000000000
105234  -16.721  77.352  21.114 0.0000000000
105235  -16.767  77.550  25.434 0.0000000000
105236  -18.038  77.647  24.623 0.0000000000
105237  -17.575  77.487  23.752 0.0000000000
105238  -18.788  77.558  23.248 0.0000000000
105239  -18.561  77.533  22.632 0.0000000000
105240  -19.099  77.463  22.573 0.0000000000
