#!ascii label  , from subject Yale_0050565 vox2ras=TkReg
1300
72415  -23.159  -0.119  -20.497 0.0000000000
72422  -23.689  0.862  -21.163 0.0000000000
72423  -25.071  0.100  -21.509 0.0000000000
72430  -24.359  1.833  -21.546 0.0000000000
72431  -25.686  1.658  -21.552 0.0000000000
72432  -26.964  1.208  -21.453 0.0000000000
72438  -24.941  2.510  -21.506 0.0000000000
72439  -25.572  2.413  -21.622 0.0000000000
72448  -25.236  2.832  -21.540 0.0000000000
72449  -25.572  2.792  -21.835 0.0000000000
73255  -33.613  2.050  -12.682 0.0000000000
73256  -34.404  1.986  -11.302 0.0000000000
73257  -34.713  2.664  -10.890 0.0000000000
73266  -33.031  2.208  -14.142 0.0000000000
73272  -32.724  2.384  -17.416 0.0000000000
73273  -32.527  2.581  -16.085 0.0000000000
73279  -21.696  -0.479  -19.614 0.0000000000
73281  -31.889  2.801  -18.462 0.0000000000
73282  -31.966  3.183  -16.899 0.0000000000
73287  -21.774  0.599  -20.346 0.0000000000
73288  -28.245  1.548  -21.970 0.0000000000
73289  -30.004  2.475  -21.423 0.0000000000
73294  -22.641  2.637  -20.950 0.0000000000
73295  -22.885  1.929  -20.614 0.0000000000
73296  -26.363  2.584  -21.922 0.0000000000
73297  -27.579  2.768  -22.398 0.0000000000
73298  -28.865  3.113  -21.727 0.0000000000
73304  -23.281  2.708  -21.388 0.0000000000
73305  -23.958  2.363  -21.548 0.0000000000
73306  -26.216  3.131  -22.777 0.0000000000
73307  -26.867  3.549  -22.901 0.0000000000
73316  -24.096  2.909  -21.460 0.0000000000
73317  -24.803  2.888  -21.514 0.0000000000
73318  -25.514  3.129  -22.100 0.0000000000
74061  -33.870  2.869  -12.122 0.0000000000
74062  -34.376  3.052  -11.463 0.0000000000
74063  -34.932  3.151  -10.954 0.0000000000
74064  -35.461  3.317  -10.893 0.0000000000
74072  -33.394  2.905  -13.102 0.0000000000
74076  -20.179  0.687  -17.047 0.0000000000
74078  -32.883  3.153  -14.442 0.0000000000
74082  -20.291  0.771  -19.089 0.0000000000
74083  -20.948  -0.230  -17.987 0.0000000000
74084  -31.594  3.724  -17.541 0.0000000000
74085  -32.290  3.534  -16.030 0.0000000000
74090  -21.371  2.907  -20.483 0.0000000000
74091  -20.794  1.803  -20.173 0.0000000000
74092  -31.006  3.857  -19.399 0.0000000000
74097  -22.582  3.148  -21.146 0.0000000000
74098  -22.052  2.506  -20.530 0.0000000000
74099  -28.321  3.772  -21.818 0.0000000000
74100  -29.453  3.595  -20.526 0.0000000000
74106  -24.058  3.445  -21.428 0.0000000000
74107  -24.892  3.799  -21.485 0.0000000000
74108  -26.533  3.834  -22.980 0.0000000000
74109  -27.401  3.898  -22.685 0.0000000000
74118  -24.543  3.196  -21.507 0.0000000000
74119  -25.133  3.458  -21.575 0.0000000000
74120  -25.909  3.645  -22.655 0.0000000000
74869  -33.665  3.273  -12.602 0.0000000000
74870  -33.952  3.488  -12.332 0.0000000000
74871  -34.515  3.673  -11.992 0.0000000000
74872  -35.043  3.833  -11.687 0.0000000000
74873  -35.607  3.913  -11.632 0.0000000000
74874  -36.172  3.931  -11.656 0.0000000000
74875  -43.136  6.586  -11.291 0.0000000000
74876  -43.454  6.417  -10.784 0.0000000000
74878  -33.504  3.528  -13.301 0.0000000000
74879  -33.893  4.076  -13.156 0.0000000000
74880  -34.550  4.273  -12.657 0.0000000000
74881  -35.104  4.416  -12.480 0.0000000000
74882  -35.761  4.487  -12.496 0.0000000000
74883  -36.515  4.236  -12.357 0.0000000000
74884  -36.911  4.140  -12.832 0.0000000000
74885  -43.022  7.033  -12.125 0.0000000000
74886  -19.923  2.256  -15.834 0.0000000000
74887  -33.060  3.989  -14.701 0.0000000000
74888  -33.603  4.426  -14.186 0.0000000000
74889  -36.120  4.672  -13.121 0.0000000000
74890  -36.564  4.435  -13.620 0.0000000000
74891  -36.966  4.030  -13.858 0.0000000000
74892  -43.663  7.982  -13.341 0.0000000000
74893  -18.881  3.178  -18.383 0.0000000000
74894  -19.392  2.326  -17.974 0.0000000000
74895  -31.237  4.324  -18.235 0.0000000000
74896  -31.874  4.478  -16.893 0.0000000000
74897  -36.672  4.074  -14.860 0.0000000000
74898  -36.731  3.682  -15.346 0.0000000000
74901  -20.070  3.129  -19.481 0.0000000000
74902  -19.776  1.859  -19.349 0.0000000000
74903  -30.340  4.655  -18.990 0.0000000000
74904  -30.920  5.133  -18.057 0.0000000000
74905  -36.572  3.438  -16.285 0.0000000000
74910  -22.172  4.151  -20.755 0.0000000000
74911  -23.774  4.919  -21.337 0.0000000000
74912  -27.959  4.607  -21.758 0.0000000000
74913  -28.707  4.232  -20.298 0.0000000000
74914  -37.402  3.470  -17.607 0.0000000000
74920  -23.347  3.981  -21.441 0.0000000000
74921  -24.795  4.460  -21.607 0.0000000000
74922  -25.885  4.363  -22.473 0.0000000000
74923  -26.931  4.397  -22.241 0.0000000000
74930  -25.345  3.963  -21.614 0.0000000000
74931  -25.605  3.873  -22.185 0.0000000000
75590  -44.083  6.571  -10.448 0.0000000000
75591  -45.252  6.260  -10.417 0.0000000000
75601  -42.030  8.240  -11.736 0.0000000000
75602  -42.622  7.579  -11.429 0.0000000000
75603  -43.248  7.296  -10.754 0.0000000000
75604  -19.804  3.820  -14.750 0.0000000000
75605  -34.064  4.558  -13.536 0.0000000000
75606  -34.512  4.743  -13.439 0.0000000000
75607  -35.125  4.869  -13.337 0.0000000000
75608  -35.648  4.897  -13.385 0.0000000000
75609  -42.103  8.155  -12.358 0.0000000000
75610  -42.706  7.867  -12.679 0.0000000000
75611  -18.405  4.603  -16.820 0.0000000000
75612  -19.117  3.858  -16.487 0.0000000000
75613  -33.033  4.457  -15.242 0.0000000000
75614  -33.744  4.656  -14.639 0.0000000000
75615  -34.500  4.871  -14.412 0.0000000000
75616  -35.256  5.017  -14.202 0.0000000000
75617  -36.004  4.824  -14.145 0.0000000000
75618  -36.407  4.415  -14.665 0.0000000000
75619  -42.688  8.634  -13.410 0.0000000000
75620  -43.191  8.512  -13.614 0.0000000000
75621  -19.065  4.369  -18.199 0.0000000000
75622  -18.740  3.323  -17.758 0.0000000000
75623  -32.736  4.498  -16.060 0.0000000000
75624  -33.409  4.651  -16.026 0.0000000000
75625  -34.712  4.823  -15.241 0.0000000000
75626  -35.595  4.772  -15.164 0.0000000000
75627  -36.173  4.344  -15.283 0.0000000000
75628  -36.456  3.845  -15.710 0.0000000000
75629  -43.395  9.140  -14.215 0.0000000000
75631  -21.275  5.468  -20.439 0.0000000000
75632  -23.328  6.725  -21.613 0.0000000000
75633  -28.420  5.809  -19.072 0.0000000000
75634  -29.568  5.495  -18.647 0.0000000000
75635  -31.274  5.056  -17.235 0.0000000000
75636  -32.374  4.869  -17.225 0.0000000000
75637  -36.024  4.216  -15.835 0.0000000000
75638  -36.570  3.352  -16.550 0.0000000000
75639  -37.006  3.531  -17.190 0.0000000000
75642  -23.166  5.590  -21.308 0.0000000000
75643  -25.050  6.080  -21.745 0.0000000000
75644  -26.737  5.612  -20.931 0.0000000000
75645  -28.381  5.504  -20.388 0.0000000000
75646  -28.990  4.701  -19.304 0.0000000000
75647  -36.731  3.011  -18.782 0.0000000000
75648  -37.214  3.487  -18.184 0.0000000000
75649  -38.659  4.559  -18.864 0.0000000000
75650  -41.016  5.920  -19.070 0.0000000000
75655  -25.652  5.070  -21.675 0.0000000000
75656  -26.314  5.206  -21.992 0.0000000000
75657  -27.426  5.228  -21.707 0.0000000000
75658  -37.125  3.249  -19.779 0.0000000000
75659  -37.619  3.685  -19.503 0.0000000000
75660  -38.436  3.561  -19.049 0.0000000000
75664  -32.945  3.431  -24.315 0.0000000000
75665  -33.627  3.695  -24.264 0.0000000000
75666  -31.378  4.305  -24.294 0.0000000000
75667  -32.396  3.967  -24.413 0.0000000000
75668  -33.329  4.033  -24.353 0.0000000000
75669  -31.487  5.199  -24.221 0.0000000000
75670  -32.095  4.711  -24.325 0.0000000000
75671  -32.817  4.689  -24.375 0.0000000000
75672  -31.790  5.693  -24.118 0.0000000000
75673  -32.209  5.369  -24.257 0.0000000000
75674  -32.534  5.049  -24.276 0.0000000000
76362  -44.650  7.020  -10.543 0.0000000000
76363  -45.772  6.922  -10.830 0.0000000000
76364  -47.203  6.894  -11.021 0.0000000000
76372  -20.339  5.299  -14.333 0.0000000000
76373  -41.399  8.848  -11.907 0.0000000000
76374  -41.903  8.569  -11.403 0.0000000000
76375  -42.616  8.225  -10.791 0.0000000000
76376  -43.678  7.774  -10.494 0.0000000000
76377  -44.987  7.782  -10.787 0.0000000000
76378  -46.416  7.742  -11.046 0.0000000000
76379  -48.021  7.755  -11.326 0.0000000000
76382  -19.434  4.845  -14.957 0.0000000000
76383  -41.419  8.965  -12.647 0.0000000000
76384  -41.650  8.503  -12.116 0.0000000000
76385  -18.929  5.744  -17.154 0.0000000000
76386  -18.790  5.092  -15.851 0.0000000000
76387  -41.972  9.412  -13.722 0.0000000000
76388  -42.046  8.825  -13.139 0.0000000000
76389  -20.023  6.683  -19.198 0.0000000000
76390  -27.590  7.509  -17.846 0.0000000000
76391  -28.101  7.455  -17.761 0.0000000000
76392  -28.265  7.573  -17.614 0.0000000000
76393  -34.316  4.628  -16.281 0.0000000000
76394  -35.220  4.517  -15.982 0.0000000000
76395  -35.722  4.403  -15.843 0.0000000000
76396  -42.668  9.869  -14.628 0.0000000000
76397  -43.549  9.729  -14.904 0.0000000000
76398  -43.963  9.602  -14.935 0.0000000000
76399  -22.486  7.771  -20.953 0.0000000000
76400  -24.704  7.018  -20.291 0.0000000000
76401  -26.488  6.813  -18.735 0.0000000000
76402  -27.897  6.155  -18.254 0.0000000000
76403  -29.040  6.090  -18.535 0.0000000000
76404  -31.623  4.734  -18.338 0.0000000000
76405  -33.331  4.259  -17.420 0.0000000000
76406  -34.904  3.660  -17.024 0.0000000000
76407  -36.047  3.450  -16.571 0.0000000000
76408  -36.543  3.057  -16.719 0.0000000000
76409  -44.831  9.551  -18.517 0.0000000000
76410  -44.878  9.795  -17.422 0.0000000000
76411  -44.762  9.866  -16.066 0.0000000000
76412  -25.131  6.392  -20.930 0.0000000000
76413  -25.948  6.336  -20.447 0.0000000000
76414  -27.467  6.097  -19.546 0.0000000000
76415  -28.702  5.933  -19.992 0.0000000000
76416  -30.377  4.321  -19.656 0.0000000000
76417  -32.489  3.052  -19.120 0.0000000000
76418  -34.540  2.532  -18.521 0.0000000000
76419  -35.955  2.778  -17.984 0.0000000000
76420  -36.596  2.951  -17.347 0.0000000000
76421  -40.188  5.480  -19.435 0.0000000000
76422  -41.521  6.535  -19.219 0.0000000000
76423  -43.608  8.205  -19.180 0.0000000000
76424  -44.446  8.879  -18.873 0.0000000000
76426  -28.242  5.853  -20.920 0.0000000000
76427  -29.195  4.277  -21.202 0.0000000000
76428  -31.543  2.811  -20.835 0.0000000000
76429  -33.972  2.291  -20.349 0.0000000000
76430  -36.318  2.530  -19.829 0.0000000000
76431  -38.161  3.333  -20.395 0.0000000000
76432  -38.958  4.232  -19.843 0.0000000000
76433  -29.627  4.388  -22.193 0.0000000000
76434  -30.960  3.064  -22.388 0.0000000000
76435  -33.075  2.572  -22.170 0.0000000000
76436  -35.635  2.920  -21.635 0.0000000000
76437  -37.418  3.120  -21.087 0.0000000000
76438  -30.198  4.207  -23.249 0.0000000000
76439  -30.856  3.549  -23.494 0.0000000000
76440  -32.241  3.023  -23.628 0.0000000000
76441  -34.051  3.659  -23.390 0.0000000000
76442  -30.704  4.206  -23.865 0.0000000000
76443  -31.678  3.470  -24.321 0.0000000000
76444  -34.023  4.386  -24.161 0.0000000000
76445  -30.523  5.197  -23.930 0.0000000000
76446  -32.985  5.984  -24.077 0.0000000000
76447  -33.433  5.201  -24.149 0.0000000000
76448  -31.197  6.078  -23.687 0.0000000000
76449  -32.256  6.054  -24.049 0.0000000000
76450  -32.749  5.407  -24.254 0.0000000000
77146  -19.981  7.645  -13.740 0.0000000000
77147  -20.394  6.431  -14.192 0.0000000000
77148  -41.168  9.170  -12.225 0.0000000000
77149  -41.352  9.209  -11.602 0.0000000000
77150  -41.898  9.148  -10.864 0.0000000000
77151  -42.890  8.962  -10.442 0.0000000000
77152  -44.207  8.805  -10.518 0.0000000000
77153  -45.711  8.719  -10.867 0.0000000000
77154  -47.335  8.636  -11.416 0.0000000000
77157  -20.060  7.166  -14.430 0.0000000000
77158  -19.984  5.988  -14.569 0.0000000000
77159  -41.310  9.507  -13.018 0.0000000000
77160  -19.422  6.681  -15.554 0.0000000000
77161  -19.546  5.612  -15.116 0.0000000000
77162  -42.151  9.974  -14.217 0.0000000000
77163  -19.729  8.318  -18.010 0.0000000000
77164  -19.562  7.697  -17.654 0.0000000000
77165  -26.026  9.048  -18.305 0.0000000000
77166  -26.620  8.323  -17.869 0.0000000000
77167  -27.769  8.279  -16.705 0.0000000000
77168  -28.115  8.512  -16.617 0.0000000000
77169  -28.495  9.012  -16.408 0.0000000000
77170  -43.979  10.358  -15.842 0.0000000000
77171  -44.647  10.021  -16.980 0.0000000000
77172  -20.047  8.551  -18.585 0.0000000000
77173  -21.443  8.545  -19.272 0.0000000000
77174  -24.872  9.246  -19.735 0.0000000000
77175  -25.714  7.647  -18.960 0.0000000000
77176  -28.130  7.878  -17.448 0.0000000000
77177  -28.092  8.917  -17.451 0.0000000000
77178  -45.004  9.956  -18.372 0.0000000000
77179  -45.086  9.988  -17.892 0.0000000000
77180  -27.126  7.067  -18.922 0.0000000000
77181  -26.809  7.992  -19.073 0.0000000000
77182  -39.659  5.343  -21.085 0.0000000000
77183  -39.730  5.570  -20.350 0.0000000000
77184  -41.229  7.358  -19.443 0.0000000000
77185  -43.374  8.848  -19.319 0.0000000000
77186  -27.216  6.439  -20.324 0.0000000000
77187  -27.834  5.932  -21.470 0.0000000000
77188  -37.478  5.991  -22.644 0.0000000000
77189  -38.566  5.025  -21.438 0.0000000000
77190  -39.130  4.246  -20.592 0.0000000000
77191  -28.617  4.689  -21.585 0.0000000000
77192  -36.454  4.785  -22.685 0.0000000000
77193  -37.265  3.632  -21.834 0.0000000000
77194  -34.981  5.213  -23.441 0.0000000000
77195  -33.904  6.986  -23.605 0.0000000000
77196  -34.144  6.042  -23.809 0.0000000000
77197  -30.436  7.220  -23.496 0.0000000000
77198  -32.747  7.009  -23.765 0.0000000000
77199  -33.407  6.099  -24.015 0.0000000000
77200  -31.707  6.640  -23.679 0.0000000000
77804  -19.494  10.615  -12.190 0.0000000000
77805  -19.841  9.491  -13.121 0.0000000000
77806  -19.858  8.440  -13.916 0.0000000000
77807  -41.099  9.633  -12.273 0.0000000000
77808  -41.270  10.186  -11.614 0.0000000000
77809  -42.301  10.033  -10.686 0.0000000000
77810  -43.561  9.878  -10.494 0.0000000000
77811  -45.055  9.733  -10.822 0.0000000000
77812  -46.650  9.581  -11.458 0.0000000000
77813  -48.552  9.660  -12.013 0.0000000000
77815  -19.507  8.779  -14.894 0.0000000000
77816  -19.725  8.133  -14.859 0.0000000000
77817  -41.248  10.469  -13.133 0.0000000000
77818  -40.856  10.823  -12.303 0.0000000000
77819  -19.471  8.773  -15.767 0.0000000000
77820  -19.563  7.974  -16.373 0.0000000000
77821  -28.701  10.680  -15.737 0.0000000000
77822  -29.025  10.464  -15.334 0.0000000000
77823  -29.540  10.363  -14.858 0.0000000000
77824  -29.701  10.423  -14.403 0.0000000000
77825  -29.862  10.522  -14.280 0.0000000000
77826  -43.042  11.720  -15.760 0.0000000000
77827  -42.916  11.130  -15.165 0.0000000000
77828  -19.408  9.792  -18.154 0.0000000000
77829  -19.650  8.875  -17.637 0.0000000000
77830  -19.612  8.121  -17.170 0.0000000000
77831  -26.205  9.624  -17.722 0.0000000000
77832  -27.978  9.844  -16.413 0.0000000000
77833  -28.596  9.334  -15.675 0.0000000000
77834  -28.858  9.594  -15.415 0.0000000000
77835  -29.083  9.915  -15.538 0.0000000000
77836  -29.502  10.573  -15.086 0.0000000000
77837  -43.768  11.478  -16.796 0.0000000000
77838  -44.256  10.661  -17.388 0.0000000000
77839  -19.937  9.900  -18.620 0.0000000000
77840  -21.000  9.553  -19.001 0.0000000000
77841  -23.207  9.752  -18.985 0.0000000000
77842  -25.079  10.308  -18.853 0.0000000000
77843  -44.090  10.925  -18.644 0.0000000000
77844  -44.283  9.959  -19.227 0.0000000000
77845  -26.491  7.737  -20.320 0.0000000000
77846  -39.574  6.071  -20.728 0.0000000000
77847  -40.345  7.776  -19.883 0.0000000000
77848  -42.738  9.687  -19.735 0.0000000000
77849  -43.689  9.549  -19.585 0.0000000000
77850  -36.176  8.971  -23.378 0.0000000000
77851  -37.322  7.870  -22.653 0.0000000000
77852  -39.049  8.094  -21.049 0.0000000000
77853  -40.725  9.617  -20.354 0.0000000000
77854  -41.859  10.380  -20.371 0.0000000000
77855  -36.045  8.249  -23.307 0.0000000000
77856  -36.650  6.731  -23.194 0.0000000000
77857  -35.625  7.554  -23.364 0.0000000000
77858  -35.758  6.255  -23.492 0.0000000000
77859  -33.328  8.172  -23.817 0.0000000000
77860  -34.642  7.271  -23.498 0.0000000000
77861  -34.993  6.210  -23.552 0.0000000000
77862  -33.747  7.409  -23.601 0.0000000000
78477  -18.873  11.864  -11.102 0.0000000000
78480  -19.432  10.827  -12.523 0.0000000000
78481  -19.888  9.826  -13.677 0.0000000000
78482  -19.742  8.748  -14.126 0.0000000000
78483  -41.907  11.106  -11.391 0.0000000000
78484  -43.066  10.853  -10.864 0.0000000000
78485  -44.541  10.701  -11.068 0.0000000000
78486  -46.166  10.550  -11.541 0.0000000000
78487  -47.804  10.453  -12.094 0.0000000000
78488  -49.361  10.983  -11.684 0.0000000000
78490  -19.325  9.619  -14.923 0.0000000000
78491  -19.631  8.931  -14.415 0.0000000000
78492  -29.341  11.659  -13.390 0.0000000000
78493  -29.943  11.313  -12.782 0.0000000000
78494  -30.572  11.211  -12.598 0.0000000000
78495  -31.173  11.263  -12.632 0.0000000000
78496  -31.915  11.537  -12.810 0.0000000000
78497  -32.431  11.712  -12.937 0.0000000000
78498  -40.944  11.545  -12.877 0.0000000000
78499  -41.176  11.156  -12.002 0.0000000000
78500  -49.601  11.734  -11.432 0.0000000000
78503  -19.138  9.753  -16.400 0.0000000000
78504  -27.065  12.384  -16.775 0.0000000000
78505  -28.327  11.875  -15.911 0.0000000000
78506  -29.037  11.211  -15.104 0.0000000000
78507  -29.797  11.002  -14.334 0.0000000000
78508  -30.102  10.821  -13.652 0.0000000000
78509  -30.227  10.865  -13.365 0.0000000000
78510  -30.310  11.021  -13.697 0.0000000000
78511  -31.591  11.492  -13.512 0.0000000000
78512  -41.789  12.039  -15.048 0.0000000000
78513  -41.269  11.494  -13.980 0.0000000000
78514  -19.364  10.756  -18.257 0.0000000000
78515  -19.222  9.956  -17.564 0.0000000000
78516  -25.592  11.564  -17.453 0.0000000000
78517  -27.046  10.897  -16.587 0.0000000000
78518  -28.452  10.938  -16.014 0.0000000000
78519  -28.993  10.740  -15.410 0.0000000000
78520  -29.756  11.296  -14.515 0.0000000000
78521  -42.930  12.089  -16.322 0.0000000000
78522  -20.877  10.902  -19.016 0.0000000000
78523  -22.501  10.876  -19.266 0.0000000000
78524  -24.282  10.761  -18.181 0.0000000000
78525  -25.657  10.522  -17.560 0.0000000000
78526  -27.826  10.302  -17.136 0.0000000000
78527  -28.711  11.036  -15.625 0.0000000000
78528  -43.291  11.656  -17.876 0.0000000000
78529  -43.335  11.165  -19.401 0.0000000000
78530  -30.935  8.884  -23.986 0.0000000000
78531  -35.942  10.001  -23.409 0.0000000000
78532  -37.553  9.996  -22.289 0.0000000000
78533  -39.008  10.398  -21.007 0.0000000000
78534  -40.715  11.070  -20.527 0.0000000000
78535  -42.194  11.152  -20.038 0.0000000000
78536  -33.461  9.184  -23.872 0.0000000000
78537  -34.884  9.594  -23.780 0.0000000000
78538  -34.400  8.316  -23.588 0.0000000000
78539  -35.030  8.559  -23.626 0.0000000000
78540  -35.017  8.004  -23.391 0.0000000000
79178  -18.887  15.078  -1.955 0.0000000000
79179  -20.755  15.620  -1.879 0.0000000000
79180  -22.574  15.407  -1.314 0.0000000000
79181  -23.477  15.211  -1.056 0.0000000000
79184  -18.190  14.831  -4.372 0.0000000000
79185  -18.890  15.866  -3.792 0.0000000000
79189  -17.463  14.428  -6.665 0.0000000000
79190  -17.819  15.630  -6.202 0.0000000000
79196  -17.768  14.118  -9.135 0.0000000000
79200  -18.068  12.424  -12.225 0.0000000000
79201  -19.332  10.973  -13.035 0.0000000000
79202  -30.578  12.692  -11.542 0.0000000000
79203  -31.390  12.666  -11.454 0.0000000000
79204  -32.159  12.748  -11.441 0.0000000000
79205  -32.829  12.904  -11.508 0.0000000000
79206  -33.165  13.060  -11.572 0.0000000000
79207  -42.030  11.737  -11.672 0.0000000000
79208  -42.729  11.560  -11.485 0.0000000000
79209  -44.049  11.515  -11.618 0.0000000000
79210  -45.870  11.620  -12.041 0.0000000000
79211  -47.479  11.269  -12.265 0.0000000000
79212  -48.433  11.101  -12.284 0.0000000000
79214  -17.868  12.497  -14.558 0.0000000000
79215  -19.126  11.072  -13.929 0.0000000000
79216  -28.392  13.254  -13.976 0.0000000000
79217  -29.071  12.651  -13.063 0.0000000000
79218  -29.738  12.225  -12.141 0.0000000000
79219  -30.561  11.828  -11.913 0.0000000000
79220  -31.380  11.826  -11.924 0.0000000000
79221  -32.160  12.006  -12.041 0.0000000000
79222  -32.968  12.428  -12.221 0.0000000000
79223  -33.360  12.952  -12.187 0.0000000000
79224  -41.008  12.412  -13.174 0.0000000000
79225  -41.473  12.070  -12.235 0.0000000000
79226  -42.539  12.138  -12.024 0.0000000000
79227  -43.424  12.011  -11.892 0.0000000000
79228  -46.650  12.293  -12.676 0.0000000000
79229  -47.468  12.102  -12.660 0.0000000000
79230  -48.804  11.905  -12.063 0.0000000000
79231  -49.827  12.332  -10.905 0.0000000000
79234  -17.558  12.300  -16.519 0.0000000000
79235  -18.340  10.840  -15.661 0.0000000000
79236  -26.938  13.593  -17.027 0.0000000000
79237  -27.755  13.201  -15.518 0.0000000000
79238  -28.708  12.266  -14.409 0.0000000000
79239  -32.524  11.982  -13.183 0.0000000000
79240  -33.145  12.631  -12.783 0.0000000000
79241  -41.139  12.549  -14.889 0.0000000000
79242  -40.816  12.305  -14.008 0.0000000000
79243  -18.216  12.195  -18.009 0.0000000000
79244  -18.387  10.822  -17.193 0.0000000000
79245  -25.643  13.120  -17.697 0.0000000000
79246  -31.407  11.979  -14.167 0.0000000000
79247  -32.618  12.357  -13.474 0.0000000000
79248  -41.879  12.603  -15.643 0.0000000000
79249  -20.370  12.402  -18.401 0.0000000000
79250  -22.187  12.357  -19.280 0.0000000000
79251  -23.834  12.323  -18.471 0.0000000000
79252  -26.972  11.005  -18.034 0.0000000000
79253  -28.798  11.742  -16.160 0.0000000000
79254  -42.878  12.654  -17.072 0.0000000000
79255  -27.060  9.669  -20.973 0.0000000000
79256  -26.900  11.893  -18.318 0.0000000000
79257  -42.561  12.306  -19.056 0.0000000000
79258  -29.701  11.401  -23.733 0.0000000000
79259  -33.179  11.434  -23.948 0.0000000000
79260  -35.624  11.750  -23.094 0.0000000000
79261  -37.443  11.538  -21.856 0.0000000000
79262  -38.900  12.177  -21.319 0.0000000000
79263  -40.976  12.680  -20.635 0.0000000000
79264  -32.199  10.322  -24.072 0.0000000000
79265  -33.521  10.218  -23.972 0.0000000000
79843  -21.330  16.065  -2.991 0.0000000000
79844  -22.293  15.848  -2.466 0.0000000000
79845  -23.792  15.627  -1.682 0.0000000000
79846  -25.180  15.832  -1.577 0.0000000000
79852  -20.410  16.065  -3.980 0.0000000000
79853  -21.811  16.299  -3.964 0.0000000000
79854  -23.097  16.345  -2.946 0.0000000000
79855  -24.154  16.352  -2.332 0.0000000000
79858  -19.193  15.938  -5.922 0.0000000000
79859  -20.538  16.463  -5.690 0.0000000000
79864  -18.210  15.964  -8.114 0.0000000000
79865  -19.136  16.838  -7.597 0.0000000000
79871  -18.221  14.913  -11.096 0.0000000000
79872  -18.780  16.520  -9.632 0.0000000000
79873  -29.397  14.095  -12.288 0.0000000000
79874  -30.077  13.609  -11.628 0.0000000000
79875  -31.167  13.573  -11.044 0.0000000000
79876  -32.084  13.470  -10.845 0.0000000000
79877  -32.863  13.525  -10.785 0.0000000000
79878  -33.534  13.523  -10.978 0.0000000000
79879  -34.025  13.800  -11.011 0.0000000000
79880  -44.350  12.127  -12.140 0.0000000000
79881  -44.952  11.929  -12.113 0.0000000000
79884  -17.031  14.022  -13.422 0.0000000000
79885  -27.782  14.510  -14.564 0.0000000000
79886  -28.766  14.022  -13.194 0.0000000000
79887  -29.432  13.202  -12.336 0.0000000000
79888  -33.324  13.226  -11.610 0.0000000000
79889  -33.562  13.418  -11.625 0.0000000000
79890  -40.876  12.900  -13.724 0.0000000000
79891  -41.333  13.062  -13.195 0.0000000000
79892  -42.447  12.844  -12.787 0.0000000000
79893  -44.012  12.600  -12.689 0.0000000000
79894  -45.715  12.491  -12.672 0.0000000000
79895  -47.171  12.940  -12.795 0.0000000000
79896  -48.275  12.962  -12.115 0.0000000000
79897  -49.298  13.011  -11.184 0.0000000000
79898  -50.104  13.130  -10.186 0.0000000000
79900  -15.994  14.977  -15.833 0.0000000000
79901  -16.443  14.122  -15.529 0.0000000000
79902  -26.125  14.446  -17.870 0.0000000000
79903  -27.017  14.923  -16.526 0.0000000000
79904  -33.656  13.412  -12.211 0.0000000000
79905  -41.332  12.769  -15.204 0.0000000000
79906  -41.159  12.956  -14.669 0.0000000000
79907  -41.273  13.349  -14.001 0.0000000000
79908  -16.178  14.982  -16.713 0.0000000000
79909  -16.900  13.655  -17.507 0.0000000000
79910  -23.271  15.102  -19.123 0.0000000000
79911  -24.283  14.664  -18.928 0.0000000000
79912  -32.178  12.531  -13.919 0.0000000000
79913  -32.989  13.281  -13.424 0.0000000000
79914  -41.956  13.063  -15.944 0.0000000000
79915  -41.832  13.362  -15.492 0.0000000000
79916  -17.209  15.122  -17.842 0.0000000000
79917  -19.048  14.299  -18.215 0.0000000000
79918  -22.225  14.407  -18.678 0.0000000000
79919  -23.188  13.432  -19.378 0.0000000000
79920  -30.997  13.009  -14.854 0.0000000000
79921  -32.130  14.150  -14.368 0.0000000000
79922  -42.335  13.359  -17.843 0.0000000000
79923  -27.041  12.718  -19.553 0.0000000000
79924  -28.266  13.504  -17.213 0.0000000000
79925  -41.680  13.627  -19.618 0.0000000000
79926  -28.310  13.294  -21.456 0.0000000000
79927  -30.243  13.550  -23.716 0.0000000000
79928  -32.936  13.508  -23.407 0.0000000000
79929  -36.006  13.345  -22.083 0.0000000000
79930  -38.581  14.136  -21.333 0.0000000000
79931  -40.521  14.228  -20.746 0.0000000000
79932  -29.237  14.999  -22.248 0.0000000000
79933  -30.622  15.281  -23.153 0.0000000000
79934  -33.058  15.176  -22.540 0.0000000000
79935  -35.550  15.219  -21.565 0.0000000000
79936  -37.475  15.764  -21.437 0.0000000000
80517  -26.004  16.257  -1.603 0.0000000000
80523  -44.876  18.811  -4.877 0.0000000000
80526  -22.686  16.830  -4.087 0.0000000000
80527  -23.668  17.052  -3.426 0.0000000000
80528  -24.877  16.901  -2.291 0.0000000000
80529  -26.105  17.080  -1.798 0.0000000000
80532  -44.167  18.443  -5.831 0.0000000000
80533  -45.959  19.006  -5.257 0.0000000000
80536  -21.839  17.160  -5.615 0.0000000000
80537  -22.853  17.441  -4.682 0.0000000000
80538  -43.576  17.866  -6.487 0.0000000000
80539  -44.769  18.475  -6.602 0.0000000000
80540  -46.760  18.614  -5.790 0.0000000000
80543  -50.268  17.317  -7.369 0.0000000000
80545  -20.557  17.286  -7.240 0.0000000000
80546  -31.401  15.208  -10.657 0.0000000000
80547  -31.721  15.094  -10.429 0.0000000000
80548  -32.423  14.897  -9.995 0.0000000000
80549  -33.157  14.827  -9.790 0.0000000000
80550  -44.419  17.885  -7.583 0.0000000000
80551  -46.170  18.394  -7.151 0.0000000000
80552  -47.925  18.021  -7.511 0.0000000000
80553  -49.056  17.661  -8.031 0.0000000000
80554  -49.557  17.197  -8.288 0.0000000000
80555  -50.671  15.829  -7.916 0.0000000000
80556  -50.632  14.961  -8.544 0.0000000000
80557  -50.769  14.271  -8.832 0.0000000000
80558  -17.219  17.167  -12.201 0.0000000000
80559  -18.360  16.669  -11.674 0.0000000000
80560  -20.052  17.341  -9.691 0.0000000000
80561  -29.091  15.043  -12.931 0.0000000000
80562  -29.742  15.057  -12.130 0.0000000000
80563  -30.953  15.030  -11.134 0.0000000000
80564  -31.859  14.308  -10.476 0.0000000000
80565  -32.720  14.188  -10.226 0.0000000000
80566  -33.636  14.347  -10.088 0.0000000000
80567  -34.426  14.377  -10.476 0.0000000000
80568  -35.154  14.880  -10.767 0.0000000000
80569  -48.083  14.705  -11.051 0.0000000000
80570  -48.504  14.629  -10.727 0.0000000000
80571  -49.326  14.490  -10.100 0.0000000000
80572  -50.120  14.438  -9.368 0.0000000000
80573  -50.588  13.871  -9.250 0.0000000000
80574  -16.723  17.023  -12.823 0.0000000000
80575  -16.887  15.542  -13.062 0.0000000000
80576  -27.172  16.069  -15.402 0.0000000000
80577  -28.045  16.035  -14.103 0.0000000000
80578  -34.375  14.114  -11.321 0.0000000000
80579  -35.237  14.969  -11.445 0.0000000000
80580  -41.626  13.488  -13.747 0.0000000000
80581  -42.414  13.483  -13.634 0.0000000000
80582  -44.035  13.508  -13.541 0.0000000000
80583  -46.387  13.701  -13.456 0.0000000000
80584  -47.859  14.234  -11.916 0.0000000000
80585  -48.829  13.855  -11.097 0.0000000000
80586  -49.666  13.787  -10.283 0.0000000000
80587  -50.264  13.714  -9.645 0.0000000000
80588  -50.492  13.657  -9.420 0.0000000000
80589  -16.139  16.020  -15.103 0.0000000000
80590  -16.092  14.788  -14.156 0.0000000000
80591  -25.773  16.068  -17.910 0.0000000000
80592  -26.414  16.935  -16.699 0.0000000000
80593  -34.188  14.278  -12.281 0.0000000000
80594  -35.018  15.303  -12.328 0.0000000000
80595  -41.647  13.481  -14.803 0.0000000000
80596  -42.374  13.901  -14.570 0.0000000000
80597  -43.844  14.143  -14.373 0.0000000000
80598  -45.704  14.530  -14.257 0.0000000000
80599  -46.439  14.909  -13.634 0.0000000000
80600  -16.801  16.488  -17.426 0.0000000000
80601  -22.403  16.541  -18.440 0.0000000000
80602  -23.076  16.120  -18.920 0.0000000000
80603  -24.582  16.944  -18.473 0.0000000000
80604  -33.601  14.853  -13.418 0.0000000000
80605  -34.522  16.016  -13.075 0.0000000000
80606  -42.337  13.659  -16.823 0.0000000000
80607  -42.501  13.925  -15.891 0.0000000000
80608  -43.292  14.518  -15.704 0.0000000000
80609  -18.516  16.377  -18.235 0.0000000000
80610  -21.332  16.270  -18.409 0.0000000000
80611  -22.373  15.598  -18.414 0.0000000000
80612  -30.448  14.571  -15.700 0.0000000000
80613  -31.954  15.553  -14.693 0.0000000000
80614  -41.550  14.974  -19.235 0.0000000000
80615  -41.882  14.520  -18.721 0.0000000000
80616  -27.383  14.663  -19.266 0.0000000000
80617  -28.510  15.559  -17.546 0.0000000000
80618  -41.213  15.236  -19.833 0.0000000000
80619  -41.039  14.654  -20.251 0.0000000000
80620  -28.203  15.754  -20.554 0.0000000000
80621  -39.763  15.566  -20.911 0.0000000000
80622  -40.498  14.799  -20.759 0.0000000000
80623  -29.004  16.724  -21.857 0.0000000000
80624  -30.816  16.891  -22.394 0.0000000000
80625  -33.148  16.655  -21.789 0.0000000000
80626  -35.328  16.756  -21.227 0.0000000000
80627  -37.435  17.152  -21.207 0.0000000000
81185  -43.861  18.497  -4.547 0.0000000000
81190  -42.008  17.709  -6.002 0.0000000000
81191  -42.936  18.016  -5.583 0.0000000000
81192  -24.191  17.582  -3.189 0.0000000000
81193  -24.766  18.183  -2.762 0.0000000000
81194  -26.354  18.159  -1.951 0.0000000000
81198  -41.998  17.504  -6.398 0.0000000000
81199  -42.801  17.561  -6.402 0.0000000000
81200  -22.529  17.994  -5.958 0.0000000000
81201  -23.428  18.334  -4.558 0.0000000000
81202  -23.868  19.454  -3.941 0.0000000000
81203  -42.005  17.184  -7.068 0.0000000000
81204  -42.880  17.377  -7.171 0.0000000000
81205  -43.537  17.463  -7.658 0.0000000000
81206  -50.063  16.951  -8.059 0.0000000000
81207  -50.209  16.423  -8.276 0.0000000000
81208  -21.550  18.220  -7.963 0.0000000000
81209  -31.514  15.674  -10.766 0.0000000000
81210  -32.130  15.743  -10.287 0.0000000000
81211  -32.960  15.657  -9.908 0.0000000000
81212  -33.899  15.498  -9.705 0.0000000000
81213  -34.727  15.830  -9.871 0.0000000000
81214  -42.114  17.149  -7.751 0.0000000000
81215  -42.664  17.223  -8.207 0.0000000000
81216  -43.835  17.402  -8.666 0.0000000000
81217  -45.688  17.527  -8.914 0.0000000000
81218  -47.411  17.393  -9.097 0.0000000000
81219  -48.475  16.830  -9.191 0.0000000000
81220  -49.375  16.331  -8.950 0.0000000000
81221  -49.983  15.574  -8.824 0.0000000000
81222  -50.068  14.955  -9.046 0.0000000000
81223  -17.361  17.516  -12.487 0.0000000000
81224  -18.992  18.444  -12.358 0.0000000000
81225  -20.531  19.358  -10.713 0.0000000000
81226  -28.992  16.526  -13.175 0.0000000000
81227  -30.086  16.618  -12.448 0.0000000000
81228  -31.023  16.665  -11.730 0.0000000000
81229  -34.464  15.024  -9.877 0.0000000000
81230  -35.229  15.535  -10.224 0.0000000000
81231  -35.857  15.956  -10.877 0.0000000000
81232  -36.446  16.907  -11.224 0.0000000000
81233  -44.109  16.827  -9.876 0.0000000000
81234  -45.410  16.527  -10.253 0.0000000000
81235  -46.965  16.162  -10.568 0.0000000000
81236  -48.032  15.284  -10.610 0.0000000000
81237  -49.137  15.227  -9.735 0.0000000000
81238  -49.737  14.920  -9.359 0.0000000000
81239  -49.963  14.788  -9.247 0.0000000000
81240  -16.995  18.409  -14.019 0.0000000000
81241  -18.162  20.141  -14.082 0.0000000000
81242  -26.345  19.215  -17.152 0.0000000000
81243  -26.976  18.331  -16.293 0.0000000000
81244  -28.116  18.436  -14.562 0.0000000000
81245  -35.895  16.039  -11.606 0.0000000000
81246  -36.491  17.335  -11.773 0.0000000000
81247  -44.501  16.972  -10.837 0.0000000000
81248  -45.186  16.131  -11.894 0.0000000000
81249  -46.720  14.886  -12.381 0.0000000000
81250  -47.616  14.821  -11.668 0.0000000000
81251  -17.210  18.181  -16.432 0.0000000000
81252  -24.497  18.945  -17.938 0.0000000000
81253  -25.529  18.613  -17.790 0.0000000000
81254  -26.523  17.929  -17.074 0.0000000000
81255  -35.554  16.609  -12.447 0.0000000000
81256  -36.204  18.062  -12.587 0.0000000000
81257  -43.792  14.598  -15.152 0.0000000000
81258  -45.282  15.025  -15.134 0.0000000000
81259  -45.692  15.851  -13.966 0.0000000000
81260  -46.551  15.234  -13.511 0.0000000000
81261  -18.189  18.076  -18.075 0.0000000000
81262  -22.550  17.332  -18.387 0.0000000000
81263  -23.908  18.291  -18.270 0.0000000000
81264  -24.723  17.936  -18.255 0.0000000000
81265  -33.330  16.272  -13.959 0.0000000000
81266  -34.519  17.699  -13.699 0.0000000000
81267  -35.775  19.064  -13.220 0.0000000000
81268  -42.512  14.467  -17.366 0.0000000000
81269  -43.270  15.107  -16.863 0.0000000000
81270  -44.480  15.435  -15.986 0.0000000000
81271  -45.368  16.367  -15.370 0.0000000000
81272  -45.524  17.432  -14.819 0.0000000000
81273  -19.970  17.880  -18.364 0.0000000000
81274  -21.615  18.051  -18.309 0.0000000000
81275  -30.331  16.167  -16.142 0.0000000000
81276  -31.881  17.630  -15.528 0.0000000000
81277  -33.524  19.005  -15.128 0.0000000000
81278  -41.534  15.347  -19.208 0.0000000000
81279  -42.046  15.819  -18.311 0.0000000000
81280  -42.952  16.333  -17.333 0.0000000000
81281  -27.508  16.455  -18.953 0.0000000000
81282  -28.894  17.794  -17.750 0.0000000000
81283  -30.182  19.264  -17.072 0.0000000000
81284  -40.856  16.455  -19.914 0.0000000000
81285  -41.161  17.432  -19.083 0.0000000000
81286  -28.052  17.871  -19.892 0.0000000000
81287  -28.177  19.180  -18.833 0.0000000000
81288  -39.093  17.612  -20.657 0.0000000000
81289  -29.107  19.346  -20.908 0.0000000000
81290  -29.243  18.759  -21.056 0.0000000000
81291  -31.292  18.101  -21.706 0.0000000000
81292  -33.303  17.876  -21.078 0.0000000000
81293  -35.220  18.435  -21.030 0.0000000000
81294  -37.143  18.784  -20.787 0.0000000000
81295  -29.356  19.398  -20.901 0.0000000000
81296  -30.287  19.024  -21.028 0.0000000000
81297  -31.848  18.950  -21.287 0.0000000000
81298  -33.368  19.114  -21.064 0.0000000000
81299  -34.347  19.598  -20.974 0.0000000000
81813  -42.347  18.770  -4.829 0.0000000000
81817  -41.864  18.315  -5.574 0.0000000000
81818  -42.623  18.341  -5.093 0.0000000000
81822  -41.628  17.794  -6.295 0.0000000000
81823  -42.075  17.938  -5.728 0.0000000000
81824  -24.943  19.878  -2.838 0.0000000000
81825  -26.949  19.185  -2.074 0.0000000000
81830  -41.681  17.446  -6.972 0.0000000000
81831  -22.598  19.185  -7.012 0.0000000000
81832  -23.155  20.335  -5.879 0.0000000000
81833  -23.915  20.461  -4.390 0.0000000000
81834  -41.936  17.478  -7.739 0.0000000000
81835  -21.714  20.307  -9.308 0.0000000000
81836  -22.580  20.815  -8.154 0.0000000000
81837  -31.698  16.750  -10.979 0.0000000000
81838  -32.495  16.799  -10.500 0.0000000000
81839  -33.443  16.788  -10.040 0.0000000000
81840  -34.470  16.774  -9.829 0.0000000000
81841  -35.446  16.906  -10.098 0.0000000000
81842  -36.354  17.639  -10.445 0.0000000000
81843  -42.310  17.587  -8.552 0.0000000000
81844  -42.894  17.635  -9.415 0.0000000000
81845  -43.216  17.073  -9.849 0.0000000000
81846  -19.441  20.977  -13.125 0.0000000000
81847  -20.819  21.826  -11.801 0.0000000000
81848  -28.955  18.614  -13.504 0.0000000000
81849  -29.985  18.480  -12.674 0.0000000000
81850  -31.180  18.064  -12.089 0.0000000000
81851  -35.963  16.592  -10.475 0.0000000000
81852  -36.680  17.487  -10.911 0.0000000000
81853  -37.100  18.232  -11.386 0.0000000000
81854  -43.262  17.942  -10.376 0.0000000000
81855  -43.721  17.426  -10.505 0.0000000000
81856  -17.991  20.035  -15.741 0.0000000000
81857  -18.844  21.676  -15.171 0.0000000000
81858  -26.209  20.574  -17.063 0.0000000000
81859  -27.157  20.925  -15.878 0.0000000000
81860  -28.013  20.741  -14.707 0.0000000000
81861  -37.276  18.944  -11.967 0.0000000000
81862  -43.689  18.389  -11.074 0.0000000000
81863  -44.197  17.801  -11.828 0.0000000000
81864  -44.981  17.201  -12.961 0.0000000000
81865  -18.612  19.702  -17.444 0.0000000000
81866  -24.014  19.954  -18.006 0.0000000000
81867  -24.480  21.512  -17.431 0.0000000000
81868  -37.047  19.570  -12.747 0.0000000000
81869  -44.530  18.458  -12.881 0.0000000000
81870  -45.398  18.272  -13.868 0.0000000000
81871  -19.764  19.270  -18.188 0.0000000000
81872  -22.572  18.803  -18.188 0.0000000000
81873  -22.947  20.015  -18.066 0.0000000000
81874  -34.884  19.732  -14.226 0.0000000000
81875  -36.293  20.592  -13.575 0.0000000000
81876  -43.874  16.163  -16.656 0.0000000000
81877  -44.676  16.944  -16.135 0.0000000000
81878  -45.340  17.902  -15.551 0.0000000000
81879  -45.441  18.961  -14.702 0.0000000000
81880  -21.037  18.957  -18.227 0.0000000000
81881  -21.843  19.157  -18.213 0.0000000000
81882  -31.875  19.956  -16.221 0.0000000000
81883  -33.814  20.661  -15.599 0.0000000000
81884  -42.039  17.635  -18.032 0.0000000000
81885  -43.282  17.749  -16.824 0.0000000000
81886  -44.539  18.661  -16.200 0.0000000000
81887  -45.163  19.365  -15.495 0.0000000000
81888  -45.337  19.928  -14.862 0.0000000000
81889  -28.903  19.604  -18.034 0.0000000000
81890  -30.301  20.802  -17.998 0.0000000000
81891  -40.133  18.084  -19.891 0.0000000000
81892  -40.554  19.353  -19.022 0.0000000000
81893  -28.414  19.590  -19.774 0.0000000000
81894  -28.672  20.231  -19.015 0.0000000000
81895  -38.657  19.521  -20.066 0.0000000000
81896  -39.106  20.931  -19.247 0.0000000000
81897  -29.195  19.752  -20.760 0.0000000000
81898  -28.887  20.150  -20.247 0.0000000000
81899  -35.494  19.789  -20.813 0.0000000000
81900  -36.652  20.139  -20.084 0.0000000000
81901  -29.727  19.845  -20.758 0.0000000000
81902  -30.895  19.512  -20.514 0.0000000000
81903  -32.199  19.731  -20.884 0.0000000000
81904  -33.339  20.039  -20.856 0.0000000000
81905  -34.240  20.373  -20.601 0.0000000000
82385  -41.904  19.118  -5.410 0.0000000000
82389  -41.892  18.803  -6.423 0.0000000000
82390  -24.700  21.559  -3.183 0.0000000000
82391  -26.005  20.730  -2.720 0.0000000000
82392  -27.740  20.042  -2.359 0.0000000000
82396  -42.032  18.372  -7.517 0.0000000000
82397  -23.862  21.392  -5.658 0.0000000000
82398  -24.047  21.170  -3.771 0.0000000000
82399  -42.491  18.527  -8.760 0.0000000000
82400  -22.278  22.020  -10.461 0.0000000000
82401  -23.587  21.482  -8.538 0.0000000000
82402  -31.919  17.936  -11.288 0.0000000000
82403  -32.686  18.408  -10.858 0.0000000000
82404  -33.915  18.151  -10.099 0.0000000000
82405  -35.097  18.154  -9.914 0.0000000000
82406  -36.229  18.517  -10.122 0.0000000000
82407  -37.335  19.212  -10.787 0.0000000000
82408  -38.393  20.447  -11.111 0.0000000000
82409  -43.013  18.693  -9.630 0.0000000000
82410  -43.461  18.988  -10.347 0.0000000000
82411  -20.341  22.679  -14.338 0.0000000000
82412  -22.216  23.138  -13.363 0.0000000000
82413  -23.816  22.821  -11.928 0.0000000000
82414  -28.906  21.376  -14.230 0.0000000000
82415  -30.215  19.992  -12.922 0.0000000000
82416  -31.422  19.214  -12.249 0.0000000000
82417  -32.116  18.794  -11.737 0.0000000000
82418  -37.357  18.767  -11.203 0.0000000000
82419  -38.355  20.588  -11.447 0.0000000000
82420  -39.781  22.447  -11.583 0.0000000000
82421  -43.845  19.526  -10.894 0.0000000000
82422  -19.341  21.220  -16.963 0.0000000000
82423  -20.479  22.344  -16.557 0.0000000000
82424  -22.262  23.048  -15.996 0.0000000000
82425  -25.080  23.467  -15.572 0.0000000000
82426  -27.215  22.467  -15.114 0.0000000000
82427  -28.156  22.185  -15.031 0.0000000000
82428  -38.192  20.650  -12.309 0.0000000000
82429  -39.193  22.387  -11.709 0.0000000000
82430  -44.494  20.367  -11.458 0.0000000000
82431  -44.476  19.095  -12.333 0.0000000000
82432  -20.261  20.687  -18.044 0.0000000000
82433  -20.748  21.756  -17.883 0.0000000000
82434  -22.394  21.948  -17.987 0.0000000000
82435  -23.572  22.984  -17.127 0.0000000000
82436  -37.870  21.118  -13.117 0.0000000000
82437  -38.691  22.530  -12.402 0.0000000000
82438  -44.792  21.787  -11.878 0.0000000000
82439  -45.049  20.522  -12.812 0.0000000000
82440  -45.384  19.554  -13.876 0.0000000000
82441  -21.129  19.902  -18.165 0.0000000000
82442  -22.048  20.012  -18.053 0.0000000000
82443  -22.341  20.873  -18.098 0.0000000000
82444  -35.483  21.371  -14.843 0.0000000000
82445  -37.213  22.479  -14.161 0.0000000000
82446  -38.223  22.575  -13.170 0.0000000000
82447  -45.283  21.304  -13.240 0.0000000000
82448  -45.313  20.495  -14.023 0.0000000000
82449  -21.543  19.409  -18.160 0.0000000000
82450  -21.747  19.617  -18.119 0.0000000000
82451  -32.607  21.356  -17.019 0.0000000000
82452  -34.774  22.041  -16.401 0.0000000000
82453  -36.065  22.344  -15.274 0.0000000000
82454  -42.046  19.614  -17.750 0.0000000000
82455  -43.453  19.794  -16.851 0.0000000000
82456  -44.316  20.495  -16.011 0.0000000000
82457  -45.034  20.478  -15.200 0.0000000000
82458  -45.196  20.535  -14.670 0.0000000000
82459  -33.381  21.982  -17.507 0.0000000000
82460  -40.150  21.908  -18.106 0.0000000000
82461  -42.340  21.363  -17.094 0.0000000000
82462  -43.363  20.903  -16.498 0.0000000000
82463  -28.511  20.448  -19.706 0.0000000000
82464  -35.614  21.331  -19.218 0.0000000000
82465  -37.293  21.192  -19.214 0.0000000000
82466  -38.625  21.919  -18.887 0.0000000000
82467  -29.443  20.577  -20.437 0.0000000000
82468  -29.409  20.991  -19.533 0.0000000000
82469  -35.119  20.840  -20.046 0.0000000000
82470  -36.180  20.923  -19.685 0.0000000000
82471  -30.179  20.336  -20.290 0.0000000000
82472  -31.392  20.119  -20.130 0.0000000000
82473  -32.497  20.326  -20.330 0.0000000000
82474  -33.324  20.812  -20.489 0.0000000000
82475  -33.908  21.148  -20.169 0.0000000000
82977  -42.411  20.156  -5.221 0.0000000000
82981  -42.512  20.067  -6.385 0.0000000000
82982  -24.347  22.225  -3.050 0.0000000000
82983  -25.009  22.337  -3.000 0.0000000000
82984  -26.734  21.605  -2.742 0.0000000000
82985  -28.543  20.939  -2.644 0.0000000000
82989  -42.874  19.927  -7.702 0.0000000000
82990  -24.227  22.197  -6.016 0.0000000000
82991  -24.346  22.077  -4.263 0.0000000000
82992  -24.450  22.267  -3.278 0.0000000000
82993  -43.189  19.980  -9.032 0.0000000000
82994  -24.601  21.684  -7.753 0.0000000000
82995  -32.615  19.495  -11.384 0.0000000000
82996  -33.128  19.823  -10.887 0.0000000000
82997  -34.499  19.521  -9.959 0.0000000000
82998  -35.884  19.616  -9.696 0.0000000000
82999  -37.243  20.058  -10.037 0.0000000000
83000  -38.380  20.712  -10.766 0.0000000000
83001  -43.777  20.190  -10.001 0.0000000000
83002  -43.855  20.348  -10.657 0.0000000000
83003  -24.963  22.141  -10.208 0.0000000000
83004  -27.362  23.617  -13.741 0.0000000000
83005  -28.383  23.333  -14.338 0.0000000000
83006  -29.381  22.304  -13.924 0.0000000000
83007  -30.572  20.985  -12.886 0.0000000000
83008  -31.939  19.971  -12.079 0.0000000000
83009  -32.450  20.083  -11.532 0.0000000000
83010  -39.483  21.386  -11.321 0.0000000000
83011  -40.993  23.043  -11.313 0.0000000000
83012  -43.391  22.572  -11.071 0.0000000000
83013  -44.213  20.974  -10.891 0.0000000000
83014  -25.504  23.160  -12.883 0.0000000000
83015  -26.641  23.155  -14.228 0.0000000000
83016  -27.900  23.083  -14.847 0.0000000000
83017  -40.605  22.992  -11.833 0.0000000000
83018  -42.473  22.933  -11.468 0.0000000000
83019  -44.099  21.825  -11.058 0.0000000000
83020  -20.948  20.872  -18.104 0.0000000000
83021  -21.114  21.229  -18.017 0.0000000000
83022  -21.522  21.697  -18.005 0.0000000000
83023  -39.813  23.514  -12.300 0.0000000000
83024  -41.454  23.648  -12.780 0.0000000000
83025  -43.925  22.952  -11.723 0.0000000000
83026  -44.802  22.645  -12.219 0.0000000000
83027  -20.999  20.487  -18.090 0.0000000000
83028  -21.418  20.594  -18.083 0.0000000000
83029  -21.820  21.199  -18.089 0.0000000000
83030  -38.003  23.640  -14.415 0.0000000000
83031  -39.175  24.047  -13.314 0.0000000000
83032  -40.222  24.291  -12.873 0.0000000000
83033  -45.120  22.195  -12.768 0.0000000000
83034  -45.136  21.824  -13.516 0.0000000000
83035  -35.647  22.653  -16.898 0.0000000000
83036  -37.006  23.053  -15.697 0.0000000000
83037  -38.847  24.206  -14.653 0.0000000000
83038  -44.115  21.466  -15.710 0.0000000000
83039  -44.539  21.263  -15.292 0.0000000000
83040  -44.936  21.447  -14.506 0.0000000000
83041  -33.068  22.130  -18.833 0.0000000000
83042  -34.360  22.232  -17.976 0.0000000000
83043  -36.591  22.805  -17.280 0.0000000000
83044  -39.030  23.750  -16.327 0.0000000000
83045  -41.368  23.348  -16.565 0.0000000000
83046  -43.238  22.076  -16.006 0.0000000000
83047  -44.097  22.045  -15.277 0.0000000000
83048  -44.555  21.860  -14.941 0.0000000000
83049  -33.867  21.851  -19.355 0.0000000000
83050  -35.857  22.287  -18.540 0.0000000000
83051  -37.876  22.565  -18.129 0.0000000000
83052  -29.941  21.050  -19.941 0.0000000000
83053  -29.906  20.822  -20.224 0.0000000000
83054  -31.905  20.722  -19.972 0.0000000000
83055  -33.185  21.459  -20.077 0.0000000000
83056  -32.171  21.701  -19.805 0.0000000000
83533  -43.530  21.369  -6.086 0.0000000000
83534  -25.007  23.191  -3.176 0.0000000000
83535  -25.736  23.080  -3.070 0.0000000000
83536  -27.576  22.666  -2.957 0.0000000000
83537  -29.302  21.880  -3.041 0.0000000000
83538  -30.831  21.442  -3.358 0.0000000000
83540  -44.140  21.451  -7.684 0.0000000000
83541  -24.339  22.474  -6.158 0.0000000000
83542  -24.297  22.750  -5.801 0.0000000000
83543  -24.874  23.002  -4.353 0.0000000000
83544  -28.684  22.664  -3.262 0.0000000000
83545  -29.239  22.517  -3.314 0.0000000000
83546  -44.514  21.695  -9.454 0.0000000000
83547  -24.890  22.214  -7.075 0.0000000000
83548  -25.302  22.707  -6.981 0.0000000000
83549  -32.779  21.169  -11.045 0.0000000000
83550  -33.672  21.032  -10.366 0.0000000000
83551  -35.150  20.933  -9.528 0.0000000000
83552  -36.795  21.105  -9.508 0.0000000000
83553  -38.458  21.636  -10.450 0.0000000000
83554  -39.796  22.733  -11.605 0.0000000000
83555  -43.862  22.043  -10.735 0.0000000000
83556  -44.424  21.638  -10.847 0.0000000000
83557  -25.754  22.157  -9.286 0.0000000000
83558  -26.936  22.758  -11.404 0.0000000000
83559  -27.787  23.697  -13.143 0.0000000000
83560  -28.577  23.821  -13.965 0.0000000000
83561  -29.565  22.827  -13.399 0.0000000000
83562  -30.897  22.052  -13.183 0.0000000000
83563  -32.056  21.376  -11.814 0.0000000000
83564  -39.376  21.715  -11.443 0.0000000000
83565  -40.720  23.138  -11.361 0.0000000000
83566  -43.288  22.976  -11.401 0.0000000000
83567  -44.311  21.850  -11.069 0.0000000000
83568  -26.073  22.464  -11.242 0.0000000000
83569  -26.484  23.484  -12.907 0.0000000000
83570  -41.735  24.578  -13.281 0.0000000000
83571  -42.754  24.046  -13.237 0.0000000000
83572  -44.195  23.900  -12.433 0.0000000000
83573  -39.944  24.933  -13.242 0.0000000000
83574  -40.645  25.182  -13.213 0.0000000000
83575  -44.703  23.422  -12.494 0.0000000000
83576  -44.779  22.863  -13.090 0.0000000000
83577  -39.938  24.958  -13.722 0.0000000000
83578  -40.891  25.344  -14.009 0.0000000000
83579  -44.723  22.552  -13.764 0.0000000000
83580  -39.913  24.889  -14.731 0.0000000000
83581  -41.037  24.794  -15.105 0.0000000000
83582  -42.340  23.596  -15.219 0.0000000000
83583  -43.501  22.958  -14.997 0.0000000000
83584  -44.339  22.634  -14.493 0.0000000000
84076  -44.526  22.837  -5.595 0.0000000000
84077  -33.608  23.256  -2.913 0.0000000000
84080  -45.429  23.114  -7.259 0.0000000000
84081  -25.268  23.711  -3.853 0.0000000000
84082  -26.091  24.525  -3.910 0.0000000000
84083  -28.088  23.853  -3.480 0.0000000000
84084  -29.613  23.077  -3.390 0.0000000000
84085  -31.271  23.007  -3.281 0.0000000000
84086  -32.393  23.386  -3.160 0.0000000000
84087  -45.550  23.506  -9.234 0.0000000000
84088  -24.801  23.443  -6.207 0.0000000000
84089  -25.079  24.661  -5.915 0.0000000000
84090  -25.712  25.216  -5.135 0.0000000000
84091  -29.041  22.873  -3.359 0.0000000000
84092  -29.348  22.731  -3.386 0.0000000000
84093  -44.726  23.569  -10.969 0.0000000000
84094  -25.736  22.482  -8.215 0.0000000000
84095  -26.187  23.458  -8.384 0.0000000000
84096  -25.590  24.953  -8.053 0.0000000000
84097  -31.663  23.965  -12.961 0.0000000000
84098  -32.503  22.756  -11.579 0.0000000000
84099  -34.243  22.547  -9.972 0.0000000000
84100  -35.905  22.440  -9.358 0.0000000000
84101  -37.573  22.646  -9.990 0.0000000000
84102  -39.315  23.174  -11.754 0.0000000000
84103  -41.211  23.700  -12.340 0.0000000000
84104  -43.316  23.571  -12.179 0.0000000000
84105  -26.473  22.607  -9.574 0.0000000000
84106  -27.345  23.197  -10.891 0.0000000000
84107  -27.857  24.010  -12.731 0.0000000000
84108  -28.465  24.117  -13.221 0.0000000000
84109  -29.694  23.836  -13.766 0.0000000000
84110  -31.210  23.277  -13.099 0.0000000000
84111  -32.048  22.409  -12.402 0.0000000000
84112  -42.603  23.672  -11.885 0.0000000000
84113  -43.259  23.290  -12.207 0.0000000000
84114  -42.105  24.582  -13.843 0.0000000000
84115  -43.136  24.514  -13.634 0.0000000000
84116  -44.090  24.165  -12.784 0.0000000000
84117  -41.882  25.395  -13.831 0.0000000000
84118  -42.759  25.126  -13.705 0.0000000000
84119  -44.424  23.748  -12.896 0.0000000000
84120  -44.443  23.291  -13.337 0.0000000000
84121  -41.919  25.344  -14.136 0.0000000000
84122  -42.770  24.767  -14.058 0.0000000000
84123  -44.370  23.159  -13.757 0.0000000000
84124  -42.191  24.675  -14.589 0.0000000000
84125  -42.991  23.858  -14.410 0.0000000000
84126  -43.665  23.323  -14.293 0.0000000000
84127  -44.072  23.343  -13.990 0.0000000000
84627  -45.144  24.435  -5.170 0.0000000000
84628  -45.702  25.778  -4.410 0.0000000000
84629  -32.831  25.288  -3.207 0.0000000000
84630  -34.158  25.897  -2.589 0.0000000000
84631  -45.924  24.694  -6.595 0.0000000000
84632  -46.120  25.941  -5.972 0.0000000000
84633  -26.092  25.679  -4.868 0.0000000000
84634  -27.045  26.041  -4.451 0.0000000000
84635  -28.734  25.430  -3.587 0.0000000000
84636  -30.413  24.882  -3.329 0.0000000000
84637  -31.725  24.565  -3.214 0.0000000000
84638  -45.598  25.888  -8.114 0.0000000000
84639  -46.141  25.980  -6.992 0.0000000000
84640  -25.648  25.922  -8.007 0.0000000000
84641  -25.942  25.897  -6.297 0.0000000000
84642  -26.416  26.194  -5.446 0.0000000000
84643  -37.180  25.582  -9.694 0.0000000000
84644  -39.196  26.084  -10.848 0.0000000000
84645  -40.893  26.543  -11.906 0.0000000000
84646  -42.708  26.555  -11.138 0.0000000000
84647  -44.445  25.592  -10.123 0.0000000000
84648  -27.344  23.793  -10.424 0.0000000000
84649  -27.036  25.150  -9.925 0.0000000000
84650  -27.443  26.203  -11.562 0.0000000000
84651  -31.598  25.156  -12.462 0.0000000000
84652  -33.476  24.657  -11.030 0.0000000000
84653  -35.087  24.155  -9.527 0.0000000000
84654  -36.621  23.966  -9.381 0.0000000000
84655  -38.444  24.274  -10.677 0.0000000000
84656  -40.286  24.767  -12.134 0.0000000000
84657  -42.142  25.056  -12.389 0.0000000000
84658  -43.615  24.873  -11.627 0.0000000000
84659  -27.679  23.715  -11.447 0.0000000000
84660  -27.673  24.510  -12.055 0.0000000000
84661  -28.244  25.355  -12.836 0.0000000000
84662  -29.869  24.961  -13.703 0.0000000000
84663  -30.863  24.584  -13.198 0.0000000000
84664  -43.595  24.475  -13.248 0.0000000000
84665  -44.100  24.203  -12.992 0.0000000000
84666  -43.358  24.369  -13.581 0.0000000000
84667  -44.016  23.888  -13.295 0.0000000000
84668  -44.260  23.463  -13.431 0.0000000000
84669  -43.304  24.017  -13.908 0.0000000000
84670  -43.745  23.849  -13.652 0.0000000000
84671  -44.096  23.544  -13.597 0.0000000000
84672  -43.404  23.702  -14.110 0.0000000000
84673  -43.704  23.640  -13.941 0.0000000000
84674  -43.924  23.593  -13.775 0.0000000000
85232  -45.711  27.727  -3.249 0.0000000000
85233  -32.506  26.705  -3.159 0.0000000000
85234  -33.203  27.131  -2.764 0.0000000000
85235  -45.428  27.435  -5.210 0.0000000000
85236  -27.468  26.927  -5.267 0.0000000000
85237  -28.279  26.963  -4.576 0.0000000000
85238  -29.687  26.989  -3.670 0.0000000000
85239  -31.513  26.611  -3.341 0.0000000000
85240  -45.031  27.395  -7.882 0.0000000000
85241  -45.530  27.247  -7.020 0.0000000000
85242  -25.651  26.499  -8.443 0.0000000000
85243  -25.988  26.806  -8.257 0.0000000000
85244  -26.884  27.077  -6.534 0.0000000000
85245  -35.037  27.271  -9.760 0.0000000000
85246  -35.866  26.958  -9.576 0.0000000000
85247  -37.772  27.409  -9.932 0.0000000000
85248  -39.523  27.969  -11.139 0.0000000000
85249  -41.046  28.227  -10.448 0.0000000000
85250  -43.372  28.986  -8.380 0.0000000000
85251  -26.143  26.456  -8.860 0.0000000000
85252  -26.960  26.954  -10.350 0.0000000000
85253  -28.632  27.320  -11.864 0.0000000000
85254  -30.385  27.342  -12.903 0.0000000000
85255  -32.473  27.052  -12.078 0.0000000000
85256  -34.573  26.648  -10.159 0.0000000000
85257  -35.782  25.340  -9.127 0.0000000000
85258  -27.933  26.552  -12.200 0.0000000000
85259  -29.095  26.371  -13.145 0.0000000000
85260  -30.213  25.687  -13.098 0.0000000000
85781  -41.604  30.076  0.037 0.0000000000
85782  -44.029  29.772  -1.992 0.0000000000
85784  -44.951  29.062  -4.186 0.0000000000
85785  -32.615  27.618  -3.372 0.0000000000
85786  -33.499  28.225  -3.286 0.0000000000
85787  -44.880  28.857  -5.981 0.0000000000
85788  -28.188  27.244  -6.107 0.0000000000
85789  -29.545  27.981  -5.818 0.0000000000
85790  -31.034  27.881  -4.600 0.0000000000
85791  -32.088  28.125  -3.947 0.0000000000
85792  -27.015  27.644  -8.678 0.0000000000
85793  -28.459  28.479  -8.214 0.0000000000
85794  -30.347  28.695  -7.867 0.0000000000
85795  -34.182  29.129  -11.535 0.0000000000
85796  -34.792  28.573  -10.920 0.0000000000
85797  -36.531  28.854  -10.159 0.0000000000
85798  -38.340  29.345  -10.521 0.0000000000
85799  -39.618  29.381  -10.571 0.0000000000
85800  -40.371  30.279  -9.644 0.0000000000
85801  -28.193  27.690  -9.976 0.0000000000
85802  -29.665  28.465  -11.066 0.0000000000
85803  -31.371  28.762  -11.969 0.0000000000
85804  -33.470  28.784  -11.447 0.0000000000
85805  -34.340  28.017  -11.163 0.0000000000
86333  -39.034  29.450  -0.050 0.0000000000
86334  -41.666  30.975  -1.417 0.0000000000
86335  -42.952  30.530  -4.547 0.0000000000
86337  -33.249  28.680  -4.200 0.0000000000
86338  -33.808  29.303  -3.542 0.0000000000
86339  -31.608  28.932  -6.647 0.0000000000
86340  -32.146  28.599  -4.905 0.0000000000
86341  -32.652  28.538  -4.444 0.0000000000
86342  -30.430  28.969  -9.672 0.0000000000
86343  -31.251  29.970  -8.893 0.0000000000
86344  -34.192  29.817  -11.375 0.0000000000
86345  -35.199  30.731  -10.767 0.0000000000
86346  -37.251  30.935  -10.428 0.0000000000
86347  -38.784  30.608  -10.144 0.0000000000
86348  -30.810  29.085  -11.020 0.0000000000
86349  -31.904  29.802  -10.486 0.0000000000
86350  -33.361  30.424  -10.999 0.0000000000
86351  -34.120  30.721  -11.160 0.0000000000
86914  -36.455  28.239  -0.986 0.0000000000
86915  -39.888  32.081  -2.161 0.0000000000
86916  -33.266  29.484  -5.500 0.0000000000
86917  -33.404  29.431  -4.928 0.0000000000
86918  -32.466  30.075  -6.781 0.0000000000
86919  -32.716  29.199  -5.822 0.0000000000
86920  -32.973  28.894  -4.923 0.0000000000
86921  -38.001  32.042  -7.929 0.0000000000
86922  -37.236  33.148  -4.378 0.0000000000
86923  -32.294  30.851  -8.291 0.0000000000
86924  -33.288  31.991  -9.172 0.0000000000
86925  -34.703  32.088  -9.678 0.0000000000
86926  -36.162  31.818  -9.635 0.0000000000
86927  -31.824  30.776  -9.531 0.0000000000
86928  -32.631  31.127  -9.958 0.0000000000
86929  -33.807  31.416  -10.520 0.0000000000
87484  -33.357  29.810  -5.727 0.0000000000
87485  -33.495  30.056  -5.535 0.0000000000
87486  -32.746  30.286  -6.690 0.0000000000
87487  -33.184  30.182  -6.311 0.0000000000
87488  -34.133  31.322  -6.396 0.0000000000
87489  -35.407  32.677  -7.317 0.0000000000
87490  -32.469  30.947  -7.015 0.0000000000
87491  -33.167  31.462  -7.641 0.0000000000
87492  -34.323  32.308  -8.243 0.0000000000
87493  -35.686  32.368  -8.659 0.0000000000
88036  -35.085  32.709  -4.928 0.0000000000
106536  -29.687  5.491  -22.731 0.0000000000
106537  -30.230  5.789  -22.994 0.0000000000
106538  -29.761  6.339  -23.396 0.0000000000
106539  -26.581  7.720  -21.390 0.0000000000
106540  -26.456  8.644  -20.250 0.0000000000
106541  -27.625  7.346  -22.687 0.0000000000
106542  -28.819  7.251  -23.577 0.0000000000
106543  -28.462  10.180  -15.944 0.0000000000
106544  -28.410  10.320  -16.067 0.0000000000
106545  -26.837  8.768  -19.320 0.0000000000
106546  -26.452  8.247  -20.987 0.0000000000
106547  -27.398  8.276  -22.256 0.0000000000
106548  -28.368  8.086  -22.935 0.0000000000
106549  -29.438  7.042  -23.755 0.0000000000
106550  -32.639  8.814  -23.850 0.0000000000
106758  -30.482  21.590  -18.895 0.0000000000
106759  -32.064  21.931  -18.438 0.0000000000
106760  -30.892  21.668  -19.417 0.0000000000
106761  -32.338  22.000  -19.250 0.0000000000
106762  -30.814  21.007  -19.953 0.0000000000
106763  -32.647  20.921  -20.005 0.0000000000
106770  -35.567  25.306  -1.783 0.0000000000
106773  -35.474  25.822  -1.747 0.0000000000
106774  -35.607  26.063  -1.470 0.0000000000
106776  -35.239  26.948  -1.354 0.0000000000
106777  -35.971  26.830  -1.588 0.0000000000
106779  -35.347  28.754  -1.623 0.0000000000
106780  -35.728  30.803  -2.709 0.0000000000
106781  -34.249  28.663  -2.262 0.0000000000
106782  -35.996  27.118  -1.328 0.0000000000
106783  -33.812  30.376  -4.649 0.0000000000
106784  -37.769  31.832  -2.801 0.0000000000
106785  -34.352  30.741  -3.259 0.0000000000
106786  -41.076  31.857  -5.005 0.0000000000
106787  -41.883  31.116  -6.274 0.0000000000
106788  -39.695  32.603  -5.106 0.0000000000
106789  -40.885  31.565  -7.064 0.0000000000
106790  -40.716  32.451  -5.442 0.0000000000
106791  -40.694  30.689  -8.327 0.0000000000
106792  -40.942  32.144  -5.849 0.0000000000
