#!ascii label  , from subject Yale_0050551 vox2ras=TkReg
2103
97168  47.466  36.007  48.795 0.0000000000
97175  48.628  35.404  49.471 0.0000000000
97176  47.680  35.813  48.306 0.0000000000
97177  46.616  35.869  47.424 0.0000000000
97178  45.556  35.798  46.414 0.0000000000
97184  49.046  35.529  48.977 0.0000000000
97185  47.938  35.674  47.685 0.0000000000
97186  46.835  35.603  46.721 0.0000000000
97187  45.720  35.564  45.939 0.0000000000
97188  44.605  35.599  45.313 0.0000000000
97189  43.617  35.549  44.616 0.0000000000
97198  49.491  35.701  48.647 0.0000000000
97199  48.127  35.709  47.022 0.0000000000
97200  47.028  35.499  46.113 0.0000000000
97201  45.945  35.407  45.378 0.0000000000
97202  44.850  35.411  44.781 0.0000000000
97203  43.831  35.409  44.313 0.0000000000
97204  42.931  35.408  44.050 0.0000000000
97212  47.147  35.537  45.591 0.0000000000
97213  46.201  35.435  44.931 0.0000000000
97214  45.105  35.452  44.391 0.0000000000
97215  44.074  35.383  43.980 0.0000000000
97216  43.130  35.442  43.728 0.0000000000
97217  42.370  35.495  43.603 0.0000000000
97889  46.292  36.651  48.851 0.0000000000
97893  47.556  35.872  49.519 0.0000000000
97894  46.952  36.191  48.798 0.0000000000
97895  45.836  36.527  47.846 0.0000000000
97896  44.762  36.418  46.665 0.0000000000
97900  46.002  36.108  47.299 0.0000000000
97901  44.931  36.044  46.298 0.0000000000
97902  43.840  36.177  45.767 0.0000000000
97903  42.688  36.213  45.052 0.0000000000
97904  41.587  36.389  44.696 0.0000000000
97905  40.490  36.584  44.423 0.0000000000
97908  43.946  35.749  45.264 0.0000000000
97909  42.939  35.699  44.607 0.0000000000
97910  41.780  35.829  44.217 0.0000000000
97911  40.674  36.119  43.944 0.0000000000
97912  39.487  36.508  43.747 0.0000000000
97913  38.316  36.543  43.407 0.0000000000
97914  37.238  36.553  43.343 0.0000000000
97915  36.140  36.553  43.362 0.0000000000
97916  35.099  36.628  43.429 0.0000000000
97917  34.236  36.723  43.508 0.0000000000
97925  49.883  36.063  48.487 0.0000000000
97926  48.567  35.922  46.992 0.0000000000
97927  47.697  35.663  45.840 0.0000000000
97928  42.043  35.525  43.829 0.0000000000
97929  41.024  35.847  43.537 0.0000000000
97930  39.905  36.238  43.306 0.0000000000
97931  38.718  36.420  43.143 0.0000000000
97932  37.563  36.483  43.017 0.0000000000
97933  36.475  36.477  42.970 0.0000000000
97934  35.461  36.484  42.985 0.0000000000
97935  34.534  36.576  43.084 0.0000000000
97936  33.677  36.792  43.294 0.0000000000
97937  33.152  37.043  43.303 0.0000000000
97941  48.659  36.136  46.819 0.0000000000
97942  47.852  35.906  45.683 0.0000000000
97943  46.649  35.696  44.715 0.0000000000
97944  45.404  35.593  44.108 0.0000000000
97945  44.370  35.557  43.754 0.0000000000
97946  43.390  35.571  43.510 0.0000000000
97947  42.450  35.615  43.348 0.0000000000
97948  41.504  35.737  43.297 0.0000000000
97949  40.313  36.067  43.095 0.0000000000
97950  39.143  36.369  42.977 0.0000000000
97951  37.969  36.506  42.866 0.0000000000
97952  36.844  36.559  42.773 0.0000000000
97953  35.816  36.554  42.736 0.0000000000
97954  34.900  36.620  42.814 0.0000000000
97955  34.076  36.724  42.962 0.0000000000
97956  33.424  36.936  43.189 0.0000000000
97957  32.966  37.236  43.495 0.0000000000
97961  45.550  35.811  43.919 0.0000000000
97962  44.692  35.774  43.635 0.0000000000
97963  43.776  35.750  43.380 0.0000000000
97964  42.781  35.789  43.181 0.0000000000
97965  41.750  35.860  43.030 0.0000000000
97966  40.691  36.046  42.940 0.0000000000
97967  39.571  36.362  42.880 0.0000000000
97968  38.418  36.577  42.763 0.0000000000
97969  37.291  36.682  42.633 0.0000000000
97970  36.166  36.733  42.542 0.0000000000
97971  35.233  36.725  42.596 0.0000000000
97972  34.407  36.781  42.744 0.0000000000
97973  33.688  36.937  42.991 0.0000000000
97974  33.173  37.333  43.403 0.0000000000
97975  32.858  37.645  43.667 0.0000000000
97982  35.461  36.843  42.469 0.0000000000
97983  34.732  36.891  42.569 0.0000000000
97984  33.925  37.041  42.877 0.0000000000
97985  33.377  37.367  43.276 0.0000000000
97986  32.964  37.775  43.566 0.0000000000
98588  45.048  37.770  49.209 0.0000000000
98595  46.091  36.858  49.208 0.0000000000
98596  44.479  37.704  48.219 0.0000000000
98597  42.546  38.119  47.220 0.0000000000
98598  41.554  38.221  46.913 0.0000000000
98604  45.665  36.708  48.236 0.0000000000
98605  44.428  36.863  47.013 0.0000000000
98606  42.781  37.508  46.476 0.0000000000
98607  41.031  37.923  46.089 0.0000000000
98608  39.174  37.959  45.508 0.0000000000
98609  37.620  37.907  45.389 0.0000000000
98610  36.227  37.668  45.446 0.0000000000
98611  35.014  37.490  45.494 0.0000000000
98612  34.370  37.484  45.468 0.0000000000
98616  43.379  36.475  45.838 0.0000000000
98617  42.674  36.725  45.684 0.0000000000
98618  41.351  37.101  45.247 0.0000000000
98619  39.559  37.188  44.593 0.0000000000
98620  38.001  37.429  44.587 0.0000000000
98621  36.644  37.319  44.664 0.0000000000
98622  35.390  37.177  44.778 0.0000000000
98623  34.132  37.248  44.939 0.0000000000
98624  32.973  37.480  44.764 0.0000000000
98625  32.432  37.742  44.726 0.0000000000
98629  38.858  36.727  43.859 0.0000000000
98630  38.138  36.897  43.886 0.0000000000
98631  36.968  36.958  43.904 0.0000000000
98632  35.788  36.927  43.979 0.0000000000
98633  34.648  36.897  44.075 0.0000000000
98634  33.432  37.045  44.001 0.0000000000
98635  32.378  37.743  44.340 0.0000000000
98636  31.971  38.209  44.300 0.0000000000
98644  49.183  36.556  47.470 0.0000000000
98645  33.205  37.004  43.533 0.0000000000
98646  32.738  37.494  43.785 0.0000000000
98647  31.988  38.379  44.113 0.0000000000
98648  31.535  38.955  44.004 0.0000000000
98652  48.182  36.283  45.965 0.0000000000
98653  47.186  36.074  44.860 0.0000000000
98654  46.061  35.964  44.104 0.0000000000
98655  32.659  37.732  43.795 0.0000000000
98656  32.181  38.246  43.944 0.0000000000
98657  31.728  38.867  44.103 0.0000000000
98661  45.022  35.960  43.637 0.0000000000
98662  44.204  35.917  43.402 0.0000000000
98663  43.346  36.015  43.178 0.0000000000
98664  42.139  36.160  42.911 0.0000000000
98665  41.046  36.203  42.769 0.0000000000
98666  40.004  36.439  42.744 0.0000000000
98667  38.898  36.680  42.663 0.0000000000
98668  37.792  36.823  42.553 0.0000000000
98669  36.759  36.877  42.448 0.0000000000
98670  35.964  36.899  42.399 0.0000000000
98671  32.762  37.879  43.663 0.0000000000
98672  32.422  38.289  43.895 0.0000000000
98673  31.745  39.083  43.978 0.0000000000
98674  31.417  39.461  43.957 0.0000000000
98682  41.287  36.483  42.701 0.0000000000
98683  40.449  36.629  42.618 0.0000000000
98684  39.409  36.815  42.564 0.0000000000
98685  38.316  36.955  42.497 0.0000000000
98686  37.256  37.022  42.411 0.0000000000
98687  36.265  37.045  42.353 0.0000000000
98688  35.254  37.048  42.445 0.0000000000
98689  34.177  37.268  42.879 0.0000000000
98690  33.348  37.617  43.355 0.0000000000
98691  32.769  38.044  43.574 0.0000000000
98692  32.434  38.517  43.810 0.0000000000
98693  31.944  39.155  43.887 0.0000000000
98694  31.518  39.549  43.834 0.0000000000
99257  44.716  39.316  51.497 0.0000000000
99258  43.737  39.599  51.084 0.0000000000
99261  44.979  38.782  50.719 0.0000000000
99262  43.080  39.470  50.186 0.0000000000
99263  41.831  39.822  49.458 0.0000000000
99266  45.114  38.131  49.748 0.0000000000
99267  43.344  38.915  49.146 0.0000000000
99268  41.268  39.541  48.581 0.0000000000
99269  39.110  39.316  47.985 0.0000000000
99270  37.525  39.020  47.770 0.0000000000
99271  36.258  38.882  47.604 0.0000000000
99272  35.581  38.863  47.538 0.0000000000
99275  44.560  37.989  48.887 0.0000000000
99276  43.713  38.397  48.371 0.0000000000
99277  41.677  38.620  47.577 0.0000000000
99278  39.834  38.946  47.272 0.0000000000
99279  38.114  38.728  47.098 0.0000000000
99280  36.635  38.538  46.984 0.0000000000
99281  35.241  38.494  46.996 0.0000000000
99282  34.010  38.376  46.708 0.0000000000
99283  33.440  38.461  46.628 0.0000000000
99289  41.102  38.338  46.740 0.0000000000
99290  40.235  38.439  46.520 0.0000000000
99291  38.669  38.440  46.274 0.0000000000
99292  37.138  38.306  46.168 0.0000000000
99293  35.739  38.039  46.176 0.0000000000
99294  34.362  37.835  45.997 0.0000000000
99295  33.191  38.166  46.120 0.0000000000
99296  32.536  38.287  45.868 0.0000000000
99301  34.060  37.511  45.454 0.0000000000
99302  33.468  37.625  45.433 0.0000000000
99303  32.356  38.034  45.230 0.0000000000
99304  31.785  38.402  44.996 0.0000000000
99311  32.171  37.882  44.688 0.0000000000
99312  31.792  38.417  44.517 0.0000000000
99313  31.437  38.963  44.245 0.0000000000
99322  49.901  37.309  47.866 0.0000000000
99323  31.823  38.522  44.234 0.0000000000
99324  31.393  39.136  43.905 0.0000000000
99325  31.288  39.660  43.569 0.0000000000
99330  48.609  36.890  46.635 0.0000000000
99331  47.642  36.573  45.383 0.0000000000
99332  46.569  36.363  44.463 0.0000000000
99333  31.340  39.475  43.731 0.0000000000
99334  31.223  39.753  43.361 0.0000000000
99340  45.451  36.258  43.854 0.0000000000
99341  44.253  36.250  43.424 0.0000000000
99342  42.980  36.455  43.101 0.0000000000
99343  41.866  36.659  42.806 0.0000000000
99344  31.319  39.715  43.730 0.0000000000
99345  31.277  39.839  43.515 0.0000000000
99346  31.178  39.883  43.199 0.0000000000
99356  40.940  36.853  42.593 0.0000000000
99357  39.968  37.011  42.534 0.0000000000
99358  38.897  37.127  42.505 0.0000000000
99359  37.812  37.213  42.454 0.0000000000
99360  36.749  37.276  42.381 0.0000000000
99361  35.675  37.328  42.500 0.0000000000
99362  34.526  37.508  42.927 0.0000000000
99363  33.232  38.104  43.435 0.0000000000
99364  32.571  38.403  43.718 0.0000000000
99365  32.108  38.855  43.740 0.0000000000
99366  31.672  39.280  43.771 0.0000000000
99367  31.442  39.705  43.681 0.0000000000
99368  31.340  39.907  43.388 0.0000000000
99369  31.341  40.130  42.975 0.0000000000
99370  31.124  40.079  43.035 0.0000000000
99376  32.564  38.647  43.732 0.0000000000
99377  32.265  38.794  43.761 0.0000000000
99378  31.819  39.207  43.729 0.0000000000
99379  31.638  39.691  43.444 0.0000000000
99380  31.347  39.979  43.355 0.0000000000
99381  31.251  40.133  43.107 0.0000000000
99382  31.100  40.222  42.931 0.0000000000
99870  43.677  40.429  52.042 0.0000000000
99874  45.199  39.141  52.866 0.0000000000
99875  44.089  39.954  51.712 0.0000000000
99876  42.663  40.293  51.148 0.0000000000
99877  41.347  40.480  50.390 0.0000000000
99878  40.087  40.652  49.868 0.0000000000
99879  38.798  40.556  49.562 0.0000000000
99882  43.054  39.815  50.858 0.0000000000
99883  41.901  40.006  50.109 0.0000000000
99884  40.580  40.323  49.479 0.0000000000
99885  39.174  40.121  49.196 0.0000000000
99886  37.702  39.983  49.034 0.0000000000
99887  36.481  39.707  48.693 0.0000000000
99888  35.577  39.678  48.499 0.0000000000
99891  41.098  40.008  49.204 0.0000000000
99892  39.883  39.797  48.814 0.0000000000
99893  38.337  39.553  48.530 0.0000000000
99894  36.973  39.340  48.294 0.0000000000
99895  35.800  39.211  48.030 0.0000000000
99896  34.837  39.360  47.957 0.0000000000
99897  34.011  39.257  47.627 0.0000000000
99898  33.333  39.300  47.484 0.0000000000
99901  35.149  38.929  47.562 0.0000000000
99902  34.435  38.826  47.331 0.0000000000
99903  33.559  38.799  47.073 0.0000000000
99904  32.804  39.046  47.024 0.0000000000
99905  32.264  39.089  46.730 0.0000000000
99909  33.083  38.587  46.640 0.0000000000
99910  32.540  38.623  46.345 0.0000000000
99911  31.914  38.976  46.196 0.0000000000
99916  32.179  38.498  45.797 0.0000000000
99917  31.670  38.767  45.402 0.0000000000
99918  31.331  39.100  44.978 0.0000000000
99926  31.557  38.717  44.860 0.0000000000
99927  31.316  39.159  44.489 0.0000000000
99928  31.056  39.537  44.066 0.0000000000
99937  31.361  39.326  44.088 0.0000000000
99938  31.259  39.840  43.669 0.0000000000
99943  49.075  37.750  47.387 0.0000000000
99944  48.127  37.278  46.279 0.0000000000
99945  47.071  36.940  45.306 0.0000000000
99946  31.135  40.138  43.146 0.0000000000
99947  30.838  40.490  42.691 0.0000000000
99953  45.939  36.675  44.382 0.0000000000
99954  44.959  36.597  43.815 0.0000000000
99955  43.858  36.777  43.475 0.0000000000
99956  42.467  37.036  43.099 0.0000000000
99957  41.414  37.367  42.903 0.0000000000
99958  30.912  40.257  42.920 0.0000000000
99959  30.920  40.607  42.252 0.0000000000
99967  41.454  37.042  42.708 0.0000000000
99968  40.552  37.308  42.626 0.0000000000
99969  39.520  37.372  42.575 0.0000000000
99970  38.460  37.488  42.562 0.0000000000
99971  37.327  37.585  42.490 0.0000000000
99972  36.186  37.660  42.592 0.0000000000
99973  34.981  37.731  43.081 0.0000000000
99974  33.686  38.193  43.550 0.0000000000
99975  30.915  40.385  42.624 0.0000000000
99976  30.865  40.378  42.402 0.0000000000
99977  30.810  40.854  41.696 0.0000000000
99983  32.767  38.738  43.817 0.0000000000
99984  32.193  39.087  43.864 0.0000000000
99985  31.615  39.539  43.772 0.0000000000
99986  31.275  40.054  43.394 0.0000000000
99987  31.022  40.400  42.934 0.0000000000
99988  31.060  40.385  42.700 0.0000000000
99989  30.982  40.563  42.428 0.0000000000
99990  30.793  40.939  41.503 0.0000000000
99991  30.710  41.168  41.221 0.0000000000
99997  30.889  40.791  42.294 0.0000000000
99998  30.811  40.937  41.859 0.0000000000
99999  30.759  41.020  41.270 0.0000000000
100000  30.687  41.192  40.677 0.0000000000
100499  43.788  40.474  52.626 0.0000000000
100500  42.880  40.964  51.907 0.0000000000
100501  41.463  41.728  51.434 0.0000000000
100502  39.293  41.594  50.552 0.0000000000
100503  38.242  41.430  50.335 0.0000000000
100513  41.962  40.638  51.053 0.0000000000
100514  41.179  40.913  50.785 0.0000000000
100515  39.676  41.073  50.260 0.0000000000
100516  37.644  40.794  49.754 0.0000000000
100517  35.965  40.653  49.438 0.0000000000
100518  35.240  40.688  49.268 0.0000000000
100526  36.941  40.106  49.159 0.0000000000
100527  36.181  40.134  49.064 0.0000000000
100528  34.801  40.182  48.648 0.0000000000
100529  33.550  40.308  48.307 0.0000000000
100530  32.990  40.372  48.140 0.0000000000
100534  34.314  39.602  48.050 0.0000000000
100535  33.755  39.727  47.959 0.0000000000
100536  32.705  39.863  47.668 0.0000000000
100537  32.006  40.126  47.480 0.0000000000
100542  32.374  39.371  47.098 0.0000000000
100543  31.838  39.633  46.928 0.0000000000
100547  31.217  39.556  45.924 0.0000000000
100548  30.820  39.994  45.620 0.0000000000
100551  31.276  39.274  45.293 0.0000000000
100552  30.883  39.771  44.916 0.0000000000
100553  30.490  40.316  44.398 0.0000000000
100561  30.961  39.593  44.315 0.0000000000
100562  30.696  40.080  43.891 0.0000000000
100571  30.976  40.476  42.929 0.0000000000
100572  30.995  40.971  42.492 0.0000000000
100576  48.468  37.882  47.152 0.0000000000
100577  47.877  37.997  46.850 0.0000000000
100578  46.250  37.365  45.456 0.0000000000
100579  44.893  37.426  44.994 0.0000000000
100580  44.086  37.496  44.515 0.0000000000
100581  31.055  40.382  42.710 0.0000000000
100582  30.882  40.807  42.279 0.0000000000
100590  45.479  36.859  44.294 0.0000000000
100591  44.844  37.030  44.150 0.0000000000
100592  43.609  37.344  43.895 0.0000000000
100593  42.051  37.585  43.483 0.0000000000
100594  40.506  37.843  43.059 0.0000000000
100595  39.683  38.079  43.050 0.0000000000
100596  30.726  41.076  41.622 0.0000000000
100604  39.972  37.602  42.694 0.0000000000
100605  39.270  37.850  42.787 0.0000000000
100606  37.985  37.961  42.704 0.0000000000
100607  36.767  38.009  42.792 0.0000000000
100608  35.483  38.034  43.234 0.0000000000
100609  34.022  38.434  43.805 0.0000000000
100610  32.563  39.298  44.073 0.0000000000
100611  31.548  40.338  43.772 0.0000000000
100612  31.203  40.816  43.270 0.0000000000
100613  30.701  41.262  41.026 0.0000000000
100619  32.358  39.228  43.958 0.0000000000
100620  31.789  39.665  43.902 0.0000000000
100621  31.126  40.453  43.263 0.0000000000
100622  30.922  40.720  42.441 0.0000000000
100623  30.871  40.871  42.106 0.0000000000
100624  30.579  41.336  40.849 0.0000000000
100625  30.596  41.414  40.512 0.0000000000
100630  30.738  41.126  41.639 0.0000000000
100631  30.733  41.143  41.246 0.0000000000
100632  30.703  41.249  40.807 0.0000000000
100633  30.601  41.374  40.328 0.0000000000
100634  30.440  41.492  39.755 0.0000000000
100635  30.469  41.481  39.983 0.0000000000
100640  30.780  41.326  40.222 0.0000000000
100641  30.665  41.328  39.820 0.0000000000
100642  30.460  41.397  39.491 0.0000000000
100643  30.274  41.401  39.351 0.0000000000
101134  40.297  43.018  51.299 0.0000000000
101143  40.443  42.236  51.387 0.0000000000
101144  38.708  42.101  50.737 0.0000000000
101145  37.413  41.819  50.436 0.0000000000
101146  36.526  41.757  50.202 0.0000000000
101154  37.666  41.411  50.272 0.0000000000
101155  36.731  41.235  49.967 0.0000000000
101156  35.577  41.284  49.673 0.0000000000
101157  34.700  41.337  49.395 0.0000000000
101167  34.828  40.844  49.205 0.0000000000
101168  34.071  40.967  48.927 0.0000000000
101169  33.166  40.898  48.486 0.0000000000
101170  32.603  41.060  48.292 0.0000000000
101179  32.684  40.543  48.099 0.0000000000
101180  32.148  40.689  47.891 0.0000000000
101187  31.531  40.511  47.311 0.0000000000
101188  31.019  40.677  46.911 0.0000000000
101193  31.214  40.128  46.677 0.0000000000
101194  30.731  40.487  46.182 0.0000000000
101195  30.364  40.815  45.627 0.0000000000
101199  30.621  40.331  45.443 0.0000000000
101200  30.361  40.686  44.898 0.0000000000
101207  30.225  40.884  44.004 0.0000000000
101218  30.637  40.946  43.216 0.0000000000
101219  30.879  41.167  42.610 0.0000000000
101230  30.855  41.286  42.126 0.0000000000
101238  43.701  37.568  44.397 0.0000000000
101239  42.934  37.715  44.344 0.0000000000
101240  41.356  38.166  44.268 0.0000000000
101241  39.588  38.399  43.553 0.0000000000
101242  38.070  38.526  43.768 0.0000000000
101243  36.605  38.497  44.156 0.0000000000
101244  35.108  38.772  44.624 0.0000000000
101245  33.726  39.436  44.877 0.0000000000
101246  33.014  40.018  44.870 0.0000000000
101247  30.747  41.363  41.566 0.0000000000
101253  39.317  38.186  43.025 0.0000000000
101254  38.632  38.281  43.032 0.0000000000
101255  37.391  38.314  43.154 0.0000000000
101256  36.039  38.267  43.566 0.0000000000
101257  34.526  38.552  44.157 0.0000000000
101258  32.950  39.644  44.471 0.0000000000
101259  31.933  40.477  44.037 0.0000000000
101260  31.421  41.027  43.345 0.0000000000
101261  30.610  41.481  40.926 0.0000000000
101266  31.184  41.177  42.367 0.0000000000
101267  30.956  40.961  42.365 0.0000000000
101268  30.453  41.528  40.229 0.0000000000
101273  31.270  41.383  41.351 0.0000000000
101274  31.070  41.194  41.111 0.0000000000
101275  30.883  41.129  40.959 0.0000000000
101276  30.138  41.246  39.255 0.0000000000
101277  30.222  41.481  39.477 0.0000000000
101282  31.141  41.475  39.420 0.0000000000
101283  30.890  41.340  39.956 0.0000000000
101284  30.717  41.396  39.370 0.0000000000
101285  30.472  41.505  38.925 0.0000000000
101286  30.209  41.442  38.993 0.0000000000
101287  30.159  41.307  39.013 0.0000000000
101292  31.130  41.657  38.664 0.0000000000
101293  30.931  41.608  38.809 0.0000000000
101294  30.693  41.611  38.821 0.0000000000
101295  30.483  41.667  38.755 0.0000000000
101780  38.893  43.236  51.253 0.0000000000
101781  37.673  43.165  50.938 0.0000000000
101788  38.013  42.353  50.716 0.0000000000
101789  37.281  42.475  50.601 0.0000000000
101790  35.997  42.297  50.226 0.0000000000
101791  35.112  42.566  49.883 0.0000000000
101796  35.073  41.846  49.695 0.0000000000
101797  34.204  41.974  49.426 0.0000000000
101798  33.458  42.116  49.118 0.0000000000
101804  33.546  41.518  48.905 0.0000000000
101805  32.925  41.733  48.703 0.0000000000
101806  32.265  41.574  48.327 0.0000000000
101814  31.623  41.465  47.833 0.0000000000
101815  31.135  41.693  47.489 0.0000000000
101824  31.174  41.112  47.307 0.0000000000
101825  30.775  41.369  46.899 0.0000000000
101831  30.364  41.363  46.135 0.0000000000
101832  30.108  41.396  45.376 0.0000000000
101836  29.980  41.445  44.574 0.0000000000
101844  30.010  41.608  43.925 0.0000000000
101858  30.300  41.537  43.365 0.0000000000
101859  30.633  41.606  42.774 0.0000000000
101875  30.682  41.673  42.178 0.0000000000
101883  40.117  38.627  44.807 0.0000000000
101884  38.744  38.709  44.768 0.0000000000
101885  37.189  38.569  45.206 0.0000000000
101886  35.632  39.018  45.442 0.0000000000
101887  34.231  39.677  45.492 0.0000000000
101888  33.052  40.615  45.175 0.0000000000
101889  32.518  41.087  44.587 0.0000000000
101890  30.579  41.724  41.553 0.0000000000
101897  32.610  40.481  44.752 0.0000000000
101898  32.101  41.104  44.223 0.0000000000
101899  31.745  41.226  43.529 0.0000000000
101900  30.458  41.775  40.911 0.0000000000
101905  32.075  41.576  43.165 0.0000000000
101906  31.732  41.531  42.472 0.0000000000
101907  30.248  41.796  40.254 0.0000000000
101913  31.664  41.579  41.180 0.0000000000
101914  31.453  41.444  40.644 0.0000000000
101915  30.042  41.791  39.512 0.0000000000
101921  31.854  41.622  39.904 0.0000000000
101922  31.477  41.520  39.730 0.0000000000
101923  30.421  41.720  38.489 0.0000000000
101924  30.240  41.880  38.455 0.0000000000
101925  30.118  41.861  38.768 0.0000000000
101930  31.814  41.699  39.003 0.0000000000
101931  31.407  41.733  38.538 0.0000000000
101932  31.035  41.821  38.207 0.0000000000
101933  30.775  41.892  38.133 0.0000000000
101934  30.482  41.964  38.155 0.0000000000
101935  30.258  42.514  38.000 0.0000000000
101940  31.176  42.240  37.869 0.0000000000
101941  30.934  42.401  37.663 0.0000000000
101942  30.677  42.630  37.576 0.0000000000
101943  30.464  42.818  37.398 0.0000000000
102451  37.903  44.093  51.243 0.0000000000
102452  36.822  44.271  50.986 0.0000000000
102458  36.911  43.086  50.674 0.0000000000
102459  36.052  43.564  50.591 0.0000000000
102460  34.393  43.318  49.859 0.0000000000
102461  33.647  43.772  49.735 0.0000000000
102466  33.718  42.543  49.421 0.0000000000
102467  33.014  42.947  49.242 0.0000000000
102468  32.338  43.301  48.904 0.0000000000
102474  32.548  42.178  48.663 0.0000000000
102475  32.032  42.534  48.490 0.0000000000
102481  31.381  42.356  47.936 0.0000000000
102482  30.956  42.312  47.370 0.0000000000
102491  30.544  42.171  46.650 0.0000000000
102499  30.174  42.121  45.886 0.0000000000
102500  29.941  42.130  45.076 0.0000000000
102507  29.933  42.164  44.257 0.0000000000
102517  30.100  42.167  43.500 0.0000000000
102534  30.364  42.107  42.872 0.0000000000
102535  30.476  42.114  42.314 0.0000000000
102550  30.442  42.189  41.642 0.0000000000
102557  32.781  41.748  44.453 0.0000000000
102558  32.439  41.461  44.188 0.0000000000
102559  30.296  42.186  40.905 0.0000000000
102569  32.956  42.393  43.705 0.0000000000
102570  32.648  41.893  43.354 0.0000000000
102571  30.099  42.086  40.356 0.0000000000
102583  32.469  42.013  42.065 0.0000000000
102584  32.151  41.814  41.295 0.0000000000
102585  29.923  42.222  39.662 0.0000000000
102596  32.640  42.180  40.623 0.0000000000
102597  32.225  41.821  40.201 0.0000000000
102598  29.828  42.402  38.821 0.0000000000
102606  32.529  42.211  39.522 0.0000000000
102607  32.192  41.943  38.984 0.0000000000
102608  30.088  42.460  38.175 0.0000000000
102609  29.873  42.869  37.905 0.0000000000
102614  31.821  42.156  38.179 0.0000000000
102615  31.417  42.362  37.837 0.0000000000
102616  30.293  42.780  37.576 0.0000000000
102617  30.038  43.002  37.336 0.0000000000
102618  29.655  43.404  36.776 0.0000000000
102623  31.511  42.776  37.462 0.0000000000
102624  31.158  42.818  37.147 0.0000000000
102625  30.837  42.971  36.995 0.0000000000
102626  30.570  43.093  36.791 0.0000000000
102627  30.249  43.211  36.654 0.0000000000
102628  29.831  43.479  36.050 0.0000000000
102629  29.485  43.681  35.960 0.0000000000
102633  30.915  43.092  36.441 0.0000000000
102634  30.740  43.173  36.017 0.0000000000
102635  30.430  43.303  35.825 0.0000000000
102636  30.096  43.496  35.336 0.0000000000
102637  29.835  43.707  35.160 0.0000000000
102642  30.585  43.275  35.273 0.0000000000
102643  30.431  43.459  34.888 0.0000000000
102644  30.222  43.626  34.520 0.0000000000
103160  37.292  45.281  51.199 0.0000000000
103161  36.503  45.816  50.967 0.0000000000
103167  36.352  44.427  50.911 0.0000000000
103168  35.581  44.882  50.722 0.0000000000
103169  34.110  44.632  50.204 0.0000000000
103175  33.239  44.395  49.719 0.0000000000
103176  32.511  44.109  49.272 0.0000000000
103182  31.876  43.731  48.664 0.0000000000
103183  31.590  44.028  48.405 0.0000000000
103189  31.607  42.967  48.272 0.0000000000
103190  31.322  43.350  47.983 0.0000000000
103197  30.850  43.092  47.148 0.0000000000
103210  30.468  42.901  46.359 0.0000000000
103211  30.167  42.853  45.592 0.0000000000
103226  30.093  42.888  44.731 0.0000000000
103239  30.123  42.878  43.799 0.0000000000
103250  30.255  42.834  42.784 0.0000000000
103251  30.385  42.444  42.480 0.0000000000
103266  30.325  43.125  42.217 0.0000000000
103267  30.412  42.787  41.948 0.0000000000
103283  30.248  42.821  41.004 0.0000000000
103297  33.481  42.906  42.563 0.0000000000
103298  33.020  42.332  42.270 0.0000000000
103299  29.938  42.723  40.068 0.0000000000
103310  33.648  43.221  41.448 0.0000000000
103311  33.272  42.741  41.171 0.0000000000
103312  29.636  42.933  39.073 0.0000000000
103318  32.916  42.853  39.690 0.0000000000
103319  29.494  43.249  38.170 0.0000000000
103325  32.301  42.823  38.396 0.0000000000
103326  32.083  42.360  38.220 0.0000000000
103327  29.336  43.561  37.216 0.0000000000
103332  32.117  43.172  37.541 0.0000000000
103333  31.892  42.907  37.484 0.0000000000
103334  29.189  43.790  36.311 0.0000000000
103338  31.460  43.315  36.366 0.0000000000
103339  31.131  43.174  36.373 0.0000000000
103340  29.588  43.811  35.344 0.0000000000
103341  29.219  43.955  35.528 0.0000000000
103344  31.566  43.655  34.937 0.0000000000
103345  31.090  43.320  35.504 0.0000000000
103346  30.829  43.258  35.295 0.0000000000
103347  29.978  43.739  34.569 0.0000000000
103348  29.699  43.876  34.686 0.0000000000
103349  29.416  44.042  34.884 0.0000000000
103352  31.708  43.726  34.217 0.0000000000
103353  31.400  43.604  34.341 0.0000000000
103354  30.887  43.450  34.489 0.0000000000
103355  30.528  43.663  34.074 0.0000000000
103356  30.235  43.822  33.939 0.0000000000
103357  29.915  44.018  33.986 0.0000000000
103358  29.617  44.121  34.368 0.0000000000
103365  31.802  43.783  33.717 0.0000000000
103366  31.459  43.734  33.433 0.0000000000
103367  30.932  43.703  33.438 0.0000000000
103368  30.590  43.886  33.353 0.0000000000
103369  30.296  44.089  33.287 0.0000000000
103370  30.013  44.235  33.384 0.0000000000
103383  31.300  43.841  32.858 0.0000000000
103384  30.976  43.930  32.738 0.0000000000
103385  30.643  44.119  32.752 0.0000000000
103386  30.463  44.299  32.739 0.0000000000
103878  34.719  46.080  50.544 0.0000000000
103885  33.636  45.757  50.158 0.0000000000
103886  32.876  45.439  49.641 0.0000000000
103892  32.284  45.065  49.119 0.0000000000
103893  31.870  44.717  48.639 0.0000000000
103899  31.521  44.416  48.246 0.0000000000
103905  31.215  44.105  47.640 0.0000000000
103917  30.853  43.863  46.787 0.0000000000
103918  30.495  43.445  46.050 0.0000000000
103935  30.743  44.062  46.129 0.0000000000
103936  30.453  43.688  45.363 0.0000000000
103952  30.424  43.739  44.299 0.0000000000
103962  30.358  43.624  43.247 0.0000000000
103974  30.352  43.676  42.232 0.0000000000
103975  30.366  43.287  41.923 0.0000000000
103987  30.313  44.087  41.681 0.0000000000
103988  30.287  43.638  41.320 0.0000000000
103999  29.944  43.580  40.272 0.0000000000
104004  34.040  43.933  41.302 0.0000000000
104005  33.714  43.355  40.954 0.0000000000
104006  29.564  43.609  39.350 0.0000000000
104012  33.869  44.347  40.386 0.0000000000
104013  33.469  43.803  40.088 0.0000000000
104014  29.216  43.741  38.503 0.0000000000
104020  32.650  43.899  38.698 0.0000000000
104021  28.882  44.067  37.590 0.0000000000
104022  28.568  44.534  37.352 0.0000000000
104027  32.239  43.884  37.237 0.0000000000
104028  32.003  43.339  37.188 0.0000000000
104029  28.860  44.072  36.715 0.0000000000
104030  28.605  44.457  36.937 0.0000000000
104034  32.239  44.368  35.767 0.0000000000
104035  31.903  43.611  36.556 0.0000000000
104036  28.829  44.360  35.913 0.0000000000
104037  28.670  44.423  36.482 0.0000000000
104041  32.481  44.520  34.507 0.0000000000
104042  31.914  43.911  35.337 0.0000000000
104043  29.067  44.312  35.029 0.0000000000
104046  32.803  44.570  33.381 0.0000000000
104047  32.093  43.999  34.075 0.0000000000
104048  29.681  44.464  33.804 0.0000000000
104049  29.396  44.317  34.502 0.0000000000
104057  32.911  44.629  32.756 0.0000000000
104058  32.268  44.251  32.777 0.0000000000
104059  31.640  43.958  32.770 0.0000000000
104060  30.249  44.342  32.910 0.0000000000
104061  30.049  44.529  33.037 0.0000000000
104073  32.248  44.838  31.649 0.0000000000
104074  31.563  44.314  32.222 0.0000000000
104075  30.998  44.347  32.228 0.0000000000
104076  30.693  44.458  32.352 0.0000000000
104077  30.483  44.643  32.404 0.0000000000
104078  30.257  44.561  32.685 0.0000000000
104098  32.188  45.225  31.141 0.0000000000
104099  31.824  45.012  31.421 0.0000000000
104100  31.344  44.884  31.670 0.0000000000
104101  30.942  44.827  31.910 0.0000000000
104102  30.705  44.735  32.120 0.0000000000
104591  33.401  46.981  49.834 0.0000000000
104592  32.784  46.577  49.317 0.0000000000
104598  32.302  46.015  48.867 0.0000000000
104599  31.850  45.229  48.505 0.0000000000
104606  32.101  45.919  48.574 0.0000000000
104607  31.659  45.193  48.131 0.0000000000
104614  31.354  44.840  47.427 0.0000000000
104626  31.167  44.757  46.670 0.0000000000
104639  30.990  44.659  45.757 0.0000000000
104640  30.714  44.292  44.971 0.0000000000
104653  31.023  44.880  45.064 0.0000000000
104654  30.818  44.609  44.406 0.0000000000
104663  30.643  44.372  43.628 0.0000000000
104670  30.518  44.404  42.764 0.0000000000
104677  30.397  44.537  41.946 0.0000000000
104678  30.215  44.545  41.245 0.0000000000
104688  29.991  44.458  40.449 0.0000000000
104697  29.570  44.435  39.592 0.0000000000
104703  34.036  45.112  40.508 0.0000000000
104704  33.598  44.726  39.897 0.0000000000
104705  29.051  44.443  38.794 0.0000000000
104706  28.657  44.766  38.326 0.0000000000
104711  33.503  45.464  39.650 0.0000000000
104712  33.135  44.975  38.967 0.0000000000
104713  28.802  44.328  38.186 0.0000000000
104714  28.509  44.729  37.776 0.0000000000
104718  32.675  44.934  37.673 0.0000000000
104719  28.447  44.878  37.142 0.0000000000
104724  32.640  45.146  36.217 0.0000000000
104725  28.693  44.914  35.798 0.0000000000
104726  28.557  44.825  36.433 0.0000000000
104731  32.803  45.074  34.953 0.0000000000
104732  28.878  44.791  35.221 0.0000000000
104737  33.842  45.690  33.260 0.0000000000
104738  33.278  45.183  33.872 0.0000000000
104739  29.567  45.052  33.721 0.0000000000
104740  29.221  44.773  34.438 0.0000000000
104751  34.027  45.766  32.809 0.0000000000
104752  33.516  45.255  32.572 0.0000000000
104753  32.923  44.715  32.459 0.0000000000
104754  29.960  44.958  33.117 0.0000000000
104770  33.441  45.739  31.404 0.0000000000
104771  32.892  44.992  31.885 0.0000000000
104772  30.524  44.954  32.188 0.0000000000
104773  30.376  44.969  32.479 0.0000000000
104789  33.304  46.100  30.873 0.0000000000
104790  32.673  45.755  30.855 0.0000000000
104791  32.008  45.563  30.893 0.0000000000
104792  31.595  45.492  31.147 0.0000000000
104793  31.238  45.676  31.339 0.0000000000
104794  30.815  45.225  31.913 0.0000000000
104795  30.619  45.178  32.114 0.0000000000
104810  32.395  46.425  30.357 0.0000000000
104811  32.090  46.202  30.461 0.0000000000
104812  31.702  46.070  30.732 0.0000000000
104813  31.454  45.953  30.968 0.0000000000
105318  32.762  47.820  49.053 0.0000000000
105324  32.586  47.056  48.810 0.0000000000
105331  32.200  46.271  48.445 0.0000000000
105332  31.787  45.646  47.904 0.0000000000
105337  32.267  46.400  48.080 0.0000000000
105338  31.713  45.573  47.344 0.0000000000
105347  32.183  46.306  47.410 0.0000000000
105348  31.697  45.618  46.521 0.0000000000
105358  31.517  45.410  45.579 0.0000000000
105370  31.416  45.423  44.619 0.0000000000
105371  30.983  45.004  43.902 0.0000000000
105382  31.348  45.647  43.686 0.0000000000
105383  30.865  45.040  43.207 0.0000000000
105389  31.106  45.675  42.958 0.0000000000
105390  30.741  45.278  42.336 0.0000000000
105396  30.416  45.304  41.430 0.0000000000
105397  30.062  45.306  40.632 0.0000000000
105405  29.616  45.302  39.842 0.0000000000
105413  28.988  45.246  39.157 0.0000000000
105414  28.627  45.489  38.765 0.0000000000
105421  28.713  45.052  38.655 0.0000000000
105422  28.498  45.319  38.269 0.0000000000
105428  33.383  46.215  38.829 0.0000000000
105429  33.084  45.699  37.981 0.0000000000
105430  28.471  45.352  37.569 0.0000000000
105435  33.369  46.510  37.545 0.0000000000
105436  32.925  45.882  36.957 0.0000000000
105437  28.583  45.379  36.829 0.0000000000
105443  33.498  46.580  36.435 0.0000000000
105444  33.046  46.042  36.001 0.0000000000
105445  28.843  45.260  35.460 0.0000000000
105446  28.776  45.416  36.060 0.0000000000
105452  33.640  46.484  35.380 0.0000000000
105453  33.097  45.792  35.161 0.0000000000
105454  29.088  45.294  34.850 0.0000000000
105465  33.786  46.160  34.173 0.0000000000
105466  33.244  45.532  34.503 0.0000000000
105467  29.668  45.378  33.720 0.0000000000
105468  29.440  45.353  34.164 0.0000000000
105485  34.382  46.309  33.024 0.0000000000
105486  34.175  45.994  32.451 0.0000000000
105487  30.046  45.411  33.281 0.0000000000
105501  34.599  46.708  32.206 0.0000000000
105502  34.077  46.184  31.778 0.0000000000
105503  30.500  45.568  32.556 0.0000000000
105514  34.394  47.166  31.522 0.0000000000
105515  33.718  46.735  30.957 0.0000000000
105516  33.174  46.450  30.594 0.0000000000
105517  31.251  46.194  31.091 0.0000000000
105518  31.092  46.317  31.250 0.0000000000
105519  30.802  45.817  31.915 0.0000000000
105529  33.187  47.129  30.516 0.0000000000
105530  32.704  46.870  30.298 0.0000000000
105531  32.077  47.118  30.218 0.0000000000
105532  31.718  46.744  30.413 0.0000000000
105533  31.308  46.697  30.758 0.0000000000
105534  31.136  46.861  30.871 0.0000000000
105546  31.768  47.760  30.253 0.0000000000
105547  31.627  47.494  30.325 0.0000000000
105548  31.472  47.201  30.458 0.0000000000
106073  32.697  48.758  48.972 0.0000000000
106079  32.777  47.632  48.980 0.0000000000
106086  32.790  47.249  48.277 0.0000000000
106093  32.660  46.763  46.779 0.0000000000
106094  31.963  45.958  46.084 0.0000000000
106102  32.938  46.984  45.438 0.0000000000
106103  32.142  46.104  45.459 0.0000000000
106113  32.900  47.041  44.671 0.0000000000
106114  32.260  46.455  44.315 0.0000000000
106124  31.676  46.351  43.157 0.0000000000
106129  31.184  46.062  42.425 0.0000000000
106130  30.861  46.106  41.665 0.0000000000
106138  30.327  46.122  40.868 0.0000000000
106139  29.637  46.148  40.206 0.0000000000
106149  28.994  46.092  39.482 0.0000000000
106150  28.615  46.212  39.077 0.0000000000
106158  28.665  45.819  39.050 0.0000000000
106159  28.527  45.940  38.691 0.0000000000
106167  28.540  45.887  38.068 0.0000000000
106174  28.675  45.881  37.341 0.0000000000
106181  33.918  47.294  36.956 0.0000000000
106182  29.258  45.996  36.079 0.0000000000
106183  28.973  45.922  36.439 0.0000000000
106192  34.179  47.210  35.845 0.0000000000
106193  29.743  46.070  35.099 0.0000000000
106194  29.314  45.865  35.509 0.0000000000
106195  28.981  45.731  36.008 0.0000000000
106205  34.810  47.959  35.256 0.0000000000
106206  34.452  47.060  34.759 0.0000000000
106207  29.861  45.966  34.704 0.0000000000
106208  29.478  45.622  34.532 0.0000000000
106222  35.199  47.788  34.251 0.0000000000
106223  34.704  47.061  33.694 0.0000000000
106224  30.085  45.715  33.818 0.0000000000
106225  29.563  45.585  34.168 0.0000000000
106234  35.458  47.834  33.328 0.0000000000
106235  35.025  47.221  32.768 0.0000000000
106236  30.708  46.130  32.680 0.0000000000
106243  35.412  48.049  32.609 0.0000000000
106244  34.964  47.791  31.998 0.0000000000
106245  30.838  46.586  31.851 0.0000000000
106258  34.480  48.108  31.480 0.0000000000
106259  33.934  47.876  31.170 0.0000000000
106260  30.965  46.999  30.970 0.0000000000
106261  30.720  47.220  31.165 0.0000000000
106270  33.371  47.874  30.761 0.0000000000
106271  32.732  48.019  30.432 0.0000000000
106272  32.323  47.686  30.248 0.0000000000
106273  31.135  47.420  30.592 0.0000000000
106274  30.891  47.624  30.680 0.0000000000
106275  30.356  48.191  30.657 0.0000000000
106281  32.192  48.489  30.357 0.0000000000
106282  31.851  48.267  30.258 0.0000000000
106283  31.444  48.355  30.247 0.0000000000
106284  31.113  47.981  30.353 0.0000000000
106285  30.607  48.609  30.309 0.0000000000
106772  33.451  50.073  49.731 0.0000000000
106773  32.805  49.812  49.491 0.0000000000
106781  33.693  49.611  49.449 0.0000000000
106782  33.119  48.642  49.338 0.0000000000
106790  34.283  49.172  48.340 0.0000000000
106791  33.452  48.225  48.204 0.0000000000
106800  34.688  49.014  47.551 0.0000000000
106801  33.988  48.163  46.733 0.0000000000
106811  33.504  47.796  44.792 0.0000000000
106812  32.884  47.111  44.256 0.0000000000
106821  33.526  48.088  43.943 0.0000000000
106822  32.756  47.378  43.455 0.0000000000
106829  31.619  46.991  42.164 0.0000000000
106830  30.777  47.012  41.164 0.0000000000
106841  29.878  47.040  40.531 0.0000000000
106842  29.243  46.934  39.901 0.0000000000
106851  28.793  46.785  39.169 0.0000000000
106852  28.557  46.353  38.886 0.0000000000
106858  28.928  46.962  38.456 0.0000000000
106859  28.640  46.383  38.564 0.0000000000
106866  29.258  46.935  37.666 0.0000000000
106867  28.786  46.401  37.900 0.0000000000
106875  29.513  46.722  36.934 0.0000000000
106876  29.038  46.344  37.188 0.0000000000
106886  30.360  46.680  35.836 0.0000000000
106887  29.555  46.304  36.236 0.0000000000
106888  29.245  46.298  36.722 0.0000000000
106899  30.262  46.334  35.078 0.0000000000
106900  29.837  46.276  35.680 0.0000000000
106909  35.629  48.552  34.757 0.0000000000
106910  31.563  47.075  33.535 0.0000000000
106911  30.791  46.258  34.062 0.0000000000
106921  36.168  49.263  33.616 0.0000000000
106922  35.800  48.541  33.859 0.0000000000
106923  31.531  47.500  32.931 0.0000000000
106924  31.132  46.930  32.731 0.0000000000
106933  35.987  49.412  33.233 0.0000000000
106934  35.839  48.879  32.963 0.0000000000
106935  30.835  47.178  31.927 0.0000000000
106950  35.309  48.827  32.208 0.0000000000
106951  34.773  48.886  31.679 0.0000000000
106952  30.447  47.851  31.214 0.0000000000
106953  29.815  48.553  30.855 0.0000000000
106965  34.042  49.054  31.255 0.0000000000
106966  33.515  48.640  31.038 0.0000000000
106967  30.057  48.335  30.765 0.0000000000
106968  29.493  48.972  30.478 0.0000000000
106974  33.325  49.476  31.132 0.0000000000
106975  32.866  49.155  30.893 0.0000000000
106976  32.209  49.366  30.703 0.0000000000
106977  30.326  48.617  30.384 0.0000000000
106978  29.613  49.033  30.162 0.0000000000
106979  29.183  49.210  30.169 0.0000000000
106983  31.748  49.472  30.551 0.0000000000
106984  31.357  49.467  30.362 0.0000000000
106985  30.925  49.461  30.103 0.0000000000
106986  30.518  49.235  29.989 0.0000000000
106987  29.921  49.441  29.770 0.0000000000
106988  29.482  49.453  29.717 0.0000000000
106994  30.486  49.992  29.723 0.0000000000
106995  30.117  49.943  29.558 0.0000000000
106996  29.868  49.944  29.400 0.0000000000
107369  33.886  51.013  50.412 0.0000000000
107376  34.730  50.265  49.791 0.0000000000
107385  35.487  49.638  48.189 0.0000000000
107386  34.948  49.124  47.019 0.0000000000
107398  35.737  49.794  46.883 0.0000000000
107399  34.774  49.167  45.783 0.0000000000
107408  34.143  48.852  44.428 0.0000000000
107409  33.439  48.649  43.431 0.0000000000
107421  32.428  48.258  42.397 0.0000000000
107422  31.257  48.103  41.536 0.0000000000
107433  30.300  48.004  40.785 0.0000000000
107434  29.617  47.771  40.186 0.0000000000
107442  29.269  47.574  39.635 0.0000000000
107451  29.167  47.591  39.015 0.0000000000
107461  29.478  47.585  38.221 0.0000000000
107470  30.713  47.743  36.778 0.0000000000
107471  30.118  47.572  37.185 0.0000000000
107478  31.693  47.879  35.702 0.0000000000
107479  31.095  47.570  36.154 0.0000000000
107480  30.104  46.951  36.489 0.0000000000
107487  31.947  47.711  35.257 0.0000000000
107488  31.281  46.967  35.183 0.0000000000
107499  32.034  47.585  34.143 0.0000000000
107500  31.286  46.763  34.386 0.0000000000
107516  36.715  49.798  34.013 0.0000000000
107517  31.727  47.961  33.173 0.0000000000
107518  31.313  48.163  32.481 0.0000000000
107533  36.139  50.072  33.335 0.0000000000
107534  35.844  49.594  32.990 0.0000000000
107535  30.478  48.495  31.583 0.0000000000
107536  29.685  49.502  31.310 0.0000000000
107550  35.702  50.738  33.071 0.0000000000
107551  35.328  50.157  32.465 0.0000000000
107552  35.018  49.497  31.917 0.0000000000
107553  29.957  48.488  31.069 0.0000000000
107554  29.448  49.174  30.827 0.0000000000
107559  34.600  50.898  31.977 0.0000000000
107560  34.312  50.261  31.674 0.0000000000
107561  28.979  49.406  30.263 0.0000000000
107565  33.409  50.341  31.281 0.0000000000
107566  32.762  50.435  31.156 0.0000000000
107567  32.102  50.664  31.065 0.0000000000
107568  29.219  49.569  29.721 0.0000000000
107569  28.963  49.601  29.896 0.0000000000
107573  31.641  50.831  30.917 0.0000000000
107574  31.319  50.865  30.775 0.0000000000
107575  30.984  50.758  30.519 0.0000000000
107576  29.670  50.046  29.346 0.0000000000
107577  29.306  49.963  29.411 0.0000000000
107578  28.946  49.926  29.523 0.0000000000
107583  30.647  50.784  30.107 0.0000000000
107584  30.224  50.780  29.808 0.0000000000
107585  29.831  50.552  29.486 0.0000000000
107586  29.499  50.517  29.404 0.0000000000
107966  36.451  52.543  49.941 0.0000000000
107967  34.826  52.171  50.750 0.0000000000
107973  37.402  51.944  48.632 0.0000000000
107974  36.090  51.033  49.346 0.0000000000
107980  37.702  51.814  47.113 0.0000000000
107981  36.792  50.556  47.675 0.0000000000
107997  37.649  51.955  46.262 0.0000000000
107998  36.299  50.852  45.777 0.0000000000
107999  34.911  49.723  44.983 0.0000000000
108018  35.542  51.285  44.657 0.0000000000
108019  34.560  50.083  44.020 0.0000000000
108020  33.203  49.532  42.648 0.0000000000
108031  31.977  49.247  41.756 0.0000000000
108032  30.871  49.030  41.099 0.0000000000
108041  30.153  48.689  40.242 0.0000000000
108042  29.574  48.077  39.927 0.0000000000
108050  30.178  48.878  39.435 0.0000000000
108051  29.590  48.182  39.558 0.0000000000
108059  30.467  48.776  38.534 0.0000000000
108060  29.733  48.216  38.835 0.0000000000
108066  30.756  48.545  37.706 0.0000000000
108067  30.087  48.159  38.008 0.0000000000
108073  31.947  48.547  36.569 0.0000000000
108074  30.977  48.130  36.935 0.0000000000
108075  30.431  48.114  37.471 0.0000000000
108082  33.271  48.911  35.364 0.0000000000
108083  32.155  48.257  35.739 0.0000000000
108084  31.509  48.143  36.342 0.0000000000
108094  33.377  49.053  34.861 0.0000000000
108095  32.831  48.587  34.573 0.0000000000
108106  32.089  49.054  33.264 0.0000000000
108107  31.589  50.000  32.812 0.0000000000
108117  31.549  48.669  32.758 0.0000000000
108118  30.808  49.618  32.306 0.0000000000
108119  29.984  50.460  32.083 0.0000000000
108127  30.113  49.443  31.683 0.0000000000
108128  29.655  50.145  31.701 0.0000000000
108135  35.250  51.510  32.838 0.0000000000
108136  34.599  51.574  32.253 0.0000000000
108137  28.951  50.194  31.042 0.0000000000
108138  28.569  50.703  30.862 0.0000000000
108144  33.921  51.670  31.840 0.0000000000
108145  33.001  51.858  31.376 0.0000000000
108146  32.155  52.782  31.145 0.0000000000
108147  28.728  49.895  30.416 0.0000000000
108148  28.504  50.547  30.524 0.0000000000
108153  32.815  51.153  31.248 0.0000000000
108154  32.054  52.083  31.120 0.0000000000
108155  31.518  52.335  30.956 0.0000000000
108156  28.630  49.897  30.011 0.0000000000
108157  28.496  50.436  30.068 0.0000000000
108162  31.374  52.495  30.871 0.0000000000
108163  31.175  52.406  30.760 0.0000000000
108164  30.843  51.815  30.624 0.0000000000
108165  28.969  50.285  29.469 0.0000000000
108166  28.722  50.528  29.687 0.0000000000
108167  28.560  50.866  29.910 0.0000000000
108171  30.968  52.871  30.789 0.0000000000
108172  30.511  52.104  30.519 0.0000000000
108173  30.021  51.681  30.018 0.0000000000
108174  29.624  51.324  29.753 0.0000000000
108175  29.139  50.920  29.608 0.0000000000
108176  28.892  51.039  29.613 0.0000000000
108591  37.604  52.299  45.764 0.0000000000
108608  36.834  52.384  44.820 0.0000000000
108609  34.909  51.691  43.769 0.0000000000
108610  33.857  50.643  42.958 0.0000000000
108622  33.794  51.589  42.859 0.0000000000
108623  32.606  50.732  42.133 0.0000000000
108624  31.485  49.949  41.422 0.0000000000
108631  31.808  50.602  41.324 0.0000000000
108632  31.058  49.735  40.794 0.0000000000
108637  31.532  50.522  40.653 0.0000000000
108638  30.815  49.662  40.044 0.0000000000
108643  31.714  50.399  39.722 0.0000000000
108644  31.119  49.532  39.057 0.0000000000
108651  33.681  50.294  37.932 0.0000000000
108652  32.783  50.086  38.413 0.0000000000
108653  31.503  49.148  38.025 0.0000000000
108663  34.755  50.465  36.872 0.0000000000
108664  34.115  50.252  37.211 0.0000000000
108665  32.761  49.214  37.077 0.0000000000
108666  31.536  48.727  37.265 0.0000000000
108678  34.619  50.370  36.578 0.0000000000
108679  34.032  49.554  36.051 0.0000000000
108680  32.994  48.725  36.140 0.0000000000
108692  33.739  49.672  35.037 0.0000000000
108693  33.333  49.398  34.585 0.0000000000
108702  33.443  50.139  34.507 0.0000000000
108703  32.848  49.977  34.041 0.0000000000
108704  31.995  50.551  33.340 0.0000000000
108713  31.083  50.821  32.866 0.0000000000
108714  30.204  50.979  32.433 0.0000000000
108722  29.450  51.025  32.028 0.0000000000
108723  29.058  51.261  31.627 0.0000000000
108732  29.061  50.708  31.553 0.0000000000
108733  28.739  51.066  31.176 0.0000000000
108739  33.918  52.496  32.061 0.0000000000
108740  33.078  53.132  31.686 0.0000000000
108741  32.218  53.471  31.187 0.0000000000
108742  28.634  51.157  30.636 0.0000000000
108747  31.710  53.612  30.733 0.0000000000
108748  31.485  53.630  30.346 0.0000000000
108749  28.586  51.166  30.165 0.0000000000
108758  32.325  54.927  28.558 0.0000000000
108759  31.481  54.110  29.679 0.0000000000
108760  31.439  53.642  30.485 0.0000000000
108761  28.779  51.213  29.731 0.0000000000
108762  28.727  51.500  29.892 0.0000000000
108772  32.049  54.760  28.371 0.0000000000
108773  31.408  54.454  29.167 0.0000000000
108774  31.359  53.969  30.318 0.0000000000
108775  30.935  53.631  30.472 0.0000000000
108776  30.380  53.081  30.437 0.0000000000
108777  29.892  52.554  30.240 0.0000000000
108778  29.491  52.147  30.078 0.0000000000
108779  29.063  51.978  30.029 0.0000000000
108780  28.865  52.152  29.904 0.0000000000
108794  32.366  54.994  28.511 0.0000000000
108795  31.565  54.721  28.968 0.0000000000
108796  31.388  54.740  29.814 0.0000000000
108797  30.950  54.342  29.980 0.0000000000
108798  30.391  53.779  29.949 0.0000000000
108799  29.938  53.282  29.916 0.0000000000
108800  29.536  52.915  30.022 0.0000000000
109207  36.206  53.273  43.763 0.0000000000
109208  34.571  52.225  43.137 0.0000000000
109221  35.431  53.386  43.115 0.0000000000
109222  33.905  52.253  42.330 0.0000000000
109223  32.527  51.248  41.731 0.0000000000
109231  33.192  52.074  41.156 0.0000000000
109232  32.375  51.336  41.299 0.0000000000
109239  33.129  51.809  40.160 0.0000000000
109240  32.268  51.239  40.461 0.0000000000
109248  34.446  51.740  38.535 0.0000000000
109249  33.634  51.602  39.188 0.0000000000
109250  32.678  51.030  39.491 0.0000000000
109261  35.471  51.999  37.267 0.0000000000
109262  34.959  51.559  37.778 0.0000000000
109263  33.950  50.851  38.152 0.0000000000
109264  33.205  50.889  38.819 0.0000000000
109276  35.638  51.887  37.023 0.0000000000
109277  35.168  51.075  36.905 0.0000000000
109278  34.663  50.813  37.478 0.0000000000
109287  34.643  50.945  35.800 0.0000000000
109288  34.171  50.225  35.382 0.0000000000
109298  34.375  51.664  35.245 0.0000000000
109299  33.811  51.228  34.752 0.0000000000
109300  33.255  52.367  34.280 0.0000000000
109309  33.246  50.724  34.256 0.0000000000
109310  32.767  51.705  33.851 0.0000000000
109311  31.516  51.974  33.325 0.0000000000
109322  30.551  52.032  32.858 0.0000000000
109323  29.790  51.994  32.364 0.0000000000
109331  29.314  51.900  31.882 0.0000000000
109332  29.073  51.853  31.366 0.0000000000
109340  28.899  51.874  30.837 0.0000000000
109347  31.883  54.602  30.501 0.0000000000
109348  28.808  51.922  30.379 0.0000000000
109358  31.480  54.715  29.916 0.0000000000
109359  31.410  54.398  29.902 0.0000000000
109360  28.838  52.074  30.084 0.0000000000
109371  31.626  55.043  29.196 0.0000000000
109372  31.436  54.656  29.673 0.0000000000
109373  28.903  52.397  29.927 0.0000000000
109382  29.106  52.961  29.954 0.0000000000
109383  28.950  52.668  29.919 0.0000000000
109395  31.505  54.891  28.512 0.0000000000
109396  31.344  55.197  29.277 0.0000000000
109397  30.928  54.928  29.469 0.0000000000
109398  30.405  54.406  29.515 0.0000000000
109399  29.934  53.988  29.562 0.0000000000
109400  29.405  53.168  29.950 0.0000000000
109415  31.698  55.179  28.324 0.0000000000
109416  31.292  55.426  28.842 0.0000000000
109417  30.739  55.317  29.106 0.0000000000
109418  30.332  54.946  29.209 0.0000000000
109419  30.146  54.797  29.271 0.0000000000
109830  36.719  54.361  43.789 0.0000000000
109831  35.159  53.474  42.700 0.0000000000
109838  35.955  54.142  42.570 0.0000000000
109839  34.448  53.132  41.794 0.0000000000
109846  36.464  54.548  40.737 0.0000000000
109847  35.513  53.950  41.042 0.0000000000
109848  34.042  52.616  40.628 0.0000000000
109856  36.775  54.704  39.418 0.0000000000
109857  36.169  54.235  39.765 0.0000000000
109858  34.836  52.602  39.432 0.0000000000
109859  33.815  52.137  39.871 0.0000000000
109868  36.419  54.276  38.724 0.0000000000
109869  35.642  52.875  38.217 0.0000000000
109870  35.034  52.111  38.451 0.0000000000
109875  36.221  53.644  37.812 0.0000000000
109876  35.945  52.832  37.178 0.0000000000
109877  35.570  52.086  36.858 0.0000000000
109884  35.643  52.893  36.619 0.0000000000
109885  35.216  52.227  36.236 0.0000000000
109894  34.628  52.290  35.552 0.0000000000
109895  34.115  52.500  35.068 0.0000000000
109896  33.628  53.085  34.511 0.0000000000
109907  33.010  53.485  33.908 0.0000000000
109908  32.193  53.461  33.324 0.0000000000
109920  31.145  53.348  32.935 0.0000000000
109921  30.285  53.213  32.488 0.0000000000
109935  29.578  53.016  32.044 0.0000000000
109936  29.267  52.529  31.587 0.0000000000
109951  29.289  53.219  31.589 0.0000000000
109952  29.113  52.775  31.112 0.0000000000
109964  28.945  52.722  30.558 0.0000000000
109976  28.879  52.764  30.200 0.0000000000
109984  28.904  52.916  29.989 0.0000000000
109993  29.203  53.539  29.705 0.0000000000
109994  29.000  53.225  29.820 0.0000000000
110003  30.007  54.593  29.309 0.0000000000
110004  29.559  53.953  29.586 0.0000000000
110016  32.504  54.859  27.559 0.0000000000
110017  31.746  55.168  27.999 0.0000000000
110018  31.079  55.210  28.241 0.0000000000
110019  30.555  55.159  28.648 0.0000000000
110020  30.219  55.096  29.007 0.0000000000
110041  32.195  54.494  27.110 0.0000000000
110042  31.493  54.666  27.356 0.0000000000
110413  37.420  55.082  43.792 0.0000000000
110415  37.896  55.841  43.148 0.0000000000
110416  36.766  54.896  42.137 0.0000000000
110421  37.724  56.003  40.432 0.0000000000
110422  37.435  55.523  41.067 0.0000000000
110423  36.580  54.682  41.213 0.0000000000
110424  31.504  57.598  38.733 0.0000000000
110425  31.015  56.933  38.943 0.0000000000
110426  30.071  55.969  39.267 0.0000000000
110427  29.060  55.518  39.492 0.0000000000
110428  28.210  55.549  39.653 0.0000000000
110437  37.135  55.622  39.561 0.0000000000
110438  36.901  54.992  39.892 0.0000000000
110439  32.613  57.737  37.574 0.0000000000
110440  31.734  57.749  38.292 0.0000000000
110441  30.582  56.631  38.712 0.0000000000
110442  29.633  55.922  39.024 0.0000000000
110443  28.701  55.664  39.255 0.0000000000
110444  27.878  55.752  39.503 0.0000000000
110452  36.346  54.912  37.854 0.0000000000
110453  36.179  55.334  37.054 0.0000000000
110454  34.365  56.947  36.296 0.0000000000
110455  33.326  57.498  36.833 0.0000000000
110456  32.207  57.689  37.418 0.0000000000
110457  31.176  57.538  38.163 0.0000000000
110458  30.252  56.610  38.554 0.0000000000
110459  29.294  56.134  38.960 0.0000000000
110460  28.416  55.885  39.185 0.0000000000
110463  36.158  53.847  37.329 0.0000000000
110464  35.916  54.373  36.553 0.0000000000
110465  35.091  55.772  35.815 0.0000000000
110466  33.925  56.772  35.819 0.0000000000
110467  32.801  57.394  36.469 0.0000000000
110468  31.818  57.649  37.307 0.0000000000
110469  30.920  57.545  38.099 0.0000000000
110470  30.055  56.759  38.521 0.0000000000
110482  35.419  53.268  36.259 0.0000000000
110483  34.934  53.746  35.617 0.0000000000
110484  34.346  55.451  35.001 0.0000000000
110485  33.236  56.733  35.402 0.0000000000
110486  32.329  57.407  36.354 0.0000000000
110487  31.625  57.647  37.164 0.0000000000
110497  34.381  53.066  35.317 0.0000000000
110498  34.163  53.811  34.893 0.0000000000
110499  33.441  55.180  34.361 0.0000000000
110507  32.653  55.066  33.556 0.0000000000
110508  31.817  54.934  32.981 0.0000000000
110517  30.937  54.756  32.514 0.0000000000
110518  30.050  54.451  32.267 0.0000000000
110527  29.448  54.103  31.857 0.0000000000
110545  29.055  53.801  31.362 0.0000000000
110546  28.864  53.571  30.817 0.0000000000
110564  28.792  53.531  30.352 0.0000000000
110579  28.801  53.532  30.037 0.0000000000
110590  29.019  54.147  29.714 0.0000000000
110591  28.877  53.576  29.840 0.0000000000
110605  29.294  54.069  29.584 0.0000000000
110606  28.993  53.747  29.704 0.0000000000
110620  30.003  54.812  29.123 0.0000000000
110621  29.652  54.412  29.437 0.0000000000
110634  30.633  54.821  27.842 0.0000000000
110635  30.388  54.880  27.980 0.0000000000
110636  30.260  55.050  28.672 0.0000000000
110659  32.787  54.345  26.602 0.0000000000
110660  31.786  54.437  26.720 0.0000000000
110661  30.990  54.607  27.184 0.0000000000
110662  30.599  54.728  27.412 0.0000000000
111054  39.181  58.133  42.028 0.0000000000
111055  39.130  57.233  42.378 0.0000000000
111056  38.663  56.523  42.727 0.0000000000
111057  33.063  58.727  40.267 0.0000000000
111058  31.474  57.724  40.470 0.0000000000
111059  30.129  56.564  40.557 0.0000000000
111060  28.963  55.920  40.613 0.0000000000
111061  28.012  55.768  40.602 0.0000000000
111062  27.620  55.677  40.338 0.0000000000
111067  38.983  58.182  41.091 0.0000000000
111068  38.279  57.003  40.902 0.0000000000
111069  38.487  56.532  41.766 0.0000000000
111070  35.193  58.841  39.035 0.0000000000
111071  34.116  58.551  39.216 0.0000000000
111072  32.029  57.850  39.055 0.0000000000
111073  30.640  56.589  39.675 0.0000000000
111074  29.530  55.756  39.941 0.0000000000
111075  28.338  55.495  40.095 0.0000000000
111076  27.335  55.706  39.978 0.0000000000
111077  26.680  56.065  39.887 0.0000000000
111085  37.499  57.225  39.474 0.0000000000
111086  36.704  57.499  38.546 0.0000000000
111087  35.414  58.028  38.192 0.0000000000
111088  33.387  57.877  37.815 0.0000000000
111089  32.300  57.895  38.357 0.0000000000
111090  27.186  55.957  39.678 0.0000000000
111091  26.683  56.404  39.633 0.0000000000
111095  36.769  56.304  38.536 0.0000000000
111096  36.253  56.392  37.488 0.0000000000
111097  35.142  56.825  36.760 0.0000000000
111098  34.080  57.374  36.836 0.0000000000
111099  28.700  56.140  39.102 0.0000000000
111100  27.822  56.240  39.358 0.0000000000
111101  26.947  56.838  39.469 0.0000000000
111109  35.973  55.745  36.684 0.0000000000
111110  35.697  55.726  36.271 0.0000000000
111111  30.439  57.287  38.383 0.0000000000
111112  29.471  56.741  38.940 0.0000000000
111113  27.894  56.889  39.472 0.0000000000
111114  27.188  57.134  39.469 0.0000000000
111127  32.591  57.160  35.735 0.0000000000
111128  32.038  57.353  36.243 0.0000000000
111129  31.021  57.513  37.597 0.0000000000
111130  30.388  57.337  38.714 0.0000000000
111136  32.722  56.807  35.138 0.0000000000
111137  32.029  57.143  35.477 0.0000000000
111138  31.335  57.382  36.084 0.0000000000
111145  32.719  56.345  34.246 0.0000000000
111146  31.915  56.451  34.084 0.0000000000
111147  31.082  56.906  34.653 0.0000000000
111156  31.251  55.928  33.343 0.0000000000
111157  30.419  56.015  33.312 0.0000000000
111168  29.685  55.394  32.428 0.0000000000
111180  29.189  54.840  31.697 0.0000000000
111181  28.847  54.406  31.087 0.0000000000
111192  28.714  54.228  30.620 0.0000000000
111204  28.812  54.689  30.055 0.0000000000
111205  28.751  54.378  30.182 0.0000000000
111215  28.975  54.625  29.880 0.0000000000
111216  28.802  54.048  29.875 0.0000000000
111228  29.987  55.106  29.336 0.0000000000
111229  29.581  54.851  29.531 0.0000000000
111240  30.137  55.069  29.142 0.0000000000
111241  29.761  54.678  29.424 0.0000000000
111249  30.424  54.889  27.507 0.0000000000
111250  30.367  55.071  28.291 0.0000000000
111271  32.265  54.496  26.293 0.0000000000
111272  31.322  54.537  26.424 0.0000000000
111273  30.665  54.778  26.950 0.0000000000
111652  32.064  59.536  42.380 0.0000000000
111653  31.495  59.059  42.204 0.0000000000
111654  30.333  58.003  41.891 0.0000000000
111655  29.026  57.341  41.657 0.0000000000
111656  27.845  56.958  41.428 0.0000000000
111662  35.007  60.578  40.791 0.0000000000
111663  34.246  59.931  41.041 0.0000000000
111664  32.458  59.381  41.846 0.0000000000
111665  30.881  57.764  41.399 0.0000000000
111666  29.581  56.812  41.215 0.0000000000
111667  28.368  56.331  41.079 0.0000000000
111668  27.131  56.219  40.699 0.0000000000
111669  26.285  56.479  40.438 0.0000000000
111677  38.383  58.618  40.391 0.0000000000
111678  37.182  59.461  39.902 0.0000000000
111679  35.467  59.881  40.008 0.0000000000
111680  34.195  59.350  40.003 0.0000000000
111681  26.561  56.067  40.161 0.0000000000
111682  26.149  56.653  40.015 0.0000000000
111687  37.326  58.315  39.361 0.0000000000
111688  36.335  58.691  39.074 0.0000000000
111689  35.620  58.852  39.020 0.0000000000
111690  26.049  57.271  39.639 0.0000000000
111691  25.895  57.696  39.501 0.0000000000
111698  26.717  57.483  39.459 0.0000000000
111699  26.153  57.669  39.465 0.0000000000
111710  29.859  57.350  39.119 0.0000000000
111711  28.788  57.390  39.585 0.0000000000
111712  27.581  57.497  39.556 0.0000000000
111720  31.057  57.675  37.772 0.0000000000
111721  30.717  57.809  38.916 0.0000000000
111722  29.863  57.775  39.685 0.0000000000
111728  30.967  57.649  36.881 0.0000000000
111729  31.081  57.985  38.441 0.0000000000
111737  30.501  57.282  35.101 0.0000000000
111747  29.765  56.620  33.652 0.0000000000
111757  29.261  55.962  32.475 0.0000000000
111765  28.944  55.336  31.388 0.0000000000
111766  28.738  54.686  30.887 0.0000000000
111774  28.934  55.357  30.797 0.0000000000
111775  28.740  54.801  30.657 0.0000000000
111782  28.953  55.067  30.232 0.0000000000
111783  28.774  54.888  30.410 0.0000000000
111789  30.011  55.466  29.621 0.0000000000
111790  29.426  55.239  29.875 0.0000000000
111797  30.281  55.265  29.236 0.0000000000
111798  29.811  55.218  29.594 0.0000000000
111805  30.502  55.452  27.625 0.0000000000
111806  30.525  55.264  28.484 0.0000000000
111816  31.450  55.141  26.001 0.0000000000
111817  30.771  55.187  26.396 0.0000000000
111818  30.503  55.113  27.148 0.0000000000
111819  30.376  55.267  27.779 0.0000000000
111834  32.765  54.675  26.133 0.0000000000
111835  31.770  54.737  26.042 0.0000000000
111836  30.991  54.821  26.247 0.0000000000
111837  30.652  54.936  26.559 0.0000000000
112187  28.766  58.866  42.466 0.0000000000
112197  29.962  58.424  42.308 0.0000000000
112198  28.390  58.167  42.065 0.0000000000
112199  26.787  57.485  41.362 0.0000000000
112200  26.007  57.867  41.186 0.0000000000
112209  35.385  61.343  41.681 0.0000000000
112210  33.840  60.876  42.419 0.0000000000
112211  32.998  60.526  42.715 0.0000000000
112212  26.378  56.750  40.792 0.0000000000
112213  25.821  57.273  40.672 0.0000000000
112220  36.836  60.647  40.794 0.0000000000
112221  36.050  61.016  40.994 0.0000000000
112222  25.630  57.610  39.939 0.0000000000
112223  25.426  58.042  39.838 0.0000000000
112227  25.671  57.539  39.667 0.0000000000
112228  25.676  57.879  39.650 0.0000000000
112236  26.494  57.952  39.488 0.0000000000
112237  26.141  58.134  39.529 0.0000000000
112245  28.113  57.968  39.824 0.0000000000
112246  27.273  58.311  39.729 0.0000000000
112247  26.610  58.321  39.597 0.0000000000
112253  30.245  58.500  39.865 0.0000000000
112254  29.040  58.325  40.052 0.0000000000
112255  28.135  58.482  40.012 0.0000000000
112262  30.975  58.524  38.663 0.0000000000
112263  30.906  58.395  39.302 0.0000000000
112271  30.953  58.266  37.031 0.0000000000
112280  30.068  57.680  35.248 0.0000000000
112287  29.428  57.009  33.629 0.0000000000
112293  29.111  56.381  32.399 0.0000000000
112300  29.062  56.216  31.653 0.0000000000
112306  29.560  56.331  30.692 0.0000000000
112307  29.214  56.000  30.762 0.0000000000
112313  29.852  55.885  30.140 0.0000000000
112314  29.347  55.499  30.270 0.0000000000
112320  31.098  55.892  28.606 0.0000000000
112321  30.693  55.684  29.119 0.0000000000
112329  31.265  56.179  27.055 0.0000000000
112330  30.946  55.872  27.668 0.0000000000
112331  30.694  55.489  28.466 0.0000000000
112340  34.587  55.242  26.930 0.0000000000
112341  33.382  55.574  26.385 0.0000000000
112342  32.250  55.571  26.099 0.0000000000
112343  31.283  55.817  26.540 0.0000000000
112344  30.675  55.510  26.941 0.0000000000
112357  33.881  55.043  26.461 0.0000000000
112358  33.056  55.049  26.164 0.0000000000
112359  32.203  54.992  25.928 0.0000000000
112706  28.256  58.906  42.430 0.0000000000
112707  27.431  58.876  42.208 0.0000000000
112708  26.334  58.621  41.626 0.0000000000
112716  25.650  58.426  41.011 0.0000000000
112717  25.450  58.650  40.570 0.0000000000
112721  25.417  58.000  40.435 0.0000000000
112722  25.403  58.397  40.141 0.0000000000
112728  25.603  58.515  39.883 0.0000000000
112734  25.998  58.709  39.682 0.0000000000
112739  27.373  58.877  39.932 0.0000000000
112740  26.863  59.009  39.792 0.0000000000
112744  30.166  58.975  39.999 0.0000000000
112745  29.621  59.087  40.137 0.0000000000
112746  28.149  59.373  40.159 0.0000000000
112747  27.425  59.805  40.055 0.0000000000
112755  30.829  59.004  39.248 0.0000000000
112756  30.389  59.249  39.851 0.0000000000
112757  29.221  59.970  40.379 0.0000000000
112758  28.579  60.192  40.329 0.0000000000
112767  30.812  59.126  38.879 0.0000000000
112768  30.192  59.435  39.880 0.0000000000
112777  30.806  58.686  36.974 0.0000000000
112785  29.853  57.936  35.115 0.0000000000
112791  29.297  57.233  33.139 0.0000000000
112798  29.650  57.284  31.624 0.0000000000
112799  29.355  56.952  31.682 0.0000000000
112805  30.460  57.103  30.809 0.0000000000
112806  29.845  56.924  30.823 0.0000000000
112807  29.427  56.566  30.965 0.0000000000
112812  30.928  56.661  30.160 0.0000000000
112813  30.653  56.202  29.663 0.0000000000
112818  33.005  57.200  28.117 0.0000000000
112819  32.338  56.923  27.950 0.0000000000
112820  31.505  56.232  28.604 0.0000000000
112821  31.041  55.962  29.014 0.0000000000
112829  35.895  55.867  28.261 0.0000000000
112830  34.600  56.505  27.607 0.0000000000
112831  33.299  56.846  27.490 0.0000000000
112832  31.887  56.403  27.117 0.0000000000
112833  31.343  56.189  27.444 0.0000000000
112842  35.208  55.639  27.536 0.0000000000
112843  33.950  56.116  26.918 0.0000000000
112844  32.743  56.159  26.602 0.0000000000
112845  31.973  56.073  26.429 0.0000000000
113210  25.622  59.164  40.161 0.0000000000
113215  25.922  59.307  39.932 0.0000000000
113218  26.439  59.585  39.891 0.0000000000
113221  27.085  60.123  39.937 0.0000000000
113226  28.291  60.342  40.261 0.0000000000
113227  27.838  60.711  40.112 0.0000000000
113234  30.040  59.929  40.041 0.0000000000
113235  29.418  60.652  40.276 0.0000000000
113236  28.562  61.036  40.279 0.0000000000
113237  28.080  61.596  40.165 0.0000000000
113244  30.096  59.198  38.613 0.0000000000
113245  29.412  59.887  39.864 0.0000000000
113246  29.304  60.911  40.242 0.0000000000
113249  30.418  58.751  36.845 0.0000000000
113255  29.850  58.427  34.564 0.0000000000
113256  29.863  58.288  34.811 0.0000000000
113261  29.791  58.280  33.864 0.0000000000
113262  29.530  57.711  32.886 0.0000000000
113267  30.684  57.849  31.772 0.0000000000
113268  30.073  57.832  32.134 0.0000000000
113269  29.577  57.439  32.019 0.0000000000
113275  32.087  57.415  30.761 0.0000000000
113276  31.182  57.534  30.993 0.0000000000
113277  30.271  57.382  31.150 0.0000000000
113283  33.515  57.586  29.630 0.0000000000
113284  32.734  57.365  30.062 0.0000000000
113285  31.821  56.866  29.533 0.0000000000
113296  35.921  57.144  29.350 0.0000000000
113297  33.992  57.483  28.872 0.0000000000
113298  32.593  57.194  28.762 0.0000000000
113299  32.081  56.759  28.649 0.0000000000
113310  35.233  56.770  28.441 0.0000000000
113311  34.246  57.032  27.924 0.0000000000
113709  26.919  60.515  40.009 0.0000000000
113712  27.385  61.211  40.004 0.0000000000
113714  28.026  61.644  39.832 0.0000000000
113716  29.124  61.456  40.390 0.0000000000
113717  28.701  61.942  39.962 0.0000000000
113718  28.291  62.100  39.687 0.0000000000
113721  30.151  59.404  39.043 0.0000000000
113722  29.920  59.459  38.692 0.0000000000
113723  29.236  60.509  39.492 0.0000000000
113724  28.750  61.483  39.591 0.0000000000
113725  28.564  62.732  39.185 0.0000000000
113729  30.976  58.744  37.658 0.0000000000
113730  30.513  59.195  38.030 0.0000000000
113731  30.441  58.809  36.553 0.0000000000
113735  31.739  58.940  34.552 0.0000000000
113736  30.956  58.735  35.780 0.0000000000
113737  30.167  58.520  35.240 0.0000000000
113738  30.200  58.568  35.490 0.0000000000
113741  34.337  58.859  32.363 0.0000000000
113742  33.453  58.775  32.738 0.0000000000
113743  32.169  58.826  33.304 0.0000000000
113744  30.972  58.736  33.681 0.0000000000
113745  30.247  58.540  33.852 0.0000000000
113748  34.435  58.806  31.760 0.0000000000
113749  33.436  58.324  31.901 0.0000000000
113750  32.295  58.299  32.142 0.0000000000
113751  31.076  58.225  32.265 0.0000000000
113752  30.472  58.389  32.914 0.0000000000
113754  35.697  59.045  31.002 0.0000000000
113755  34.904  58.601  31.187 0.0000000000
113756  33.717  58.046  31.160 0.0000000000
113757  32.488  57.738  31.168 0.0000000000
113758  31.669  57.945  31.615 0.0000000000
113765  37.638  59.163  30.366 0.0000000000
113766  36.240  58.968  30.480 0.0000000000
113767  35.101  58.405  30.339 0.0000000000
113768  33.928  57.944  30.115 0.0000000000
113769  33.210  57.596  30.668 0.0000000000
113777  36.812  58.062  29.826 0.0000000000
113778  35.408  57.944  29.789 0.0000000000
113779  34.607  57.703  29.842 0.0000000000
114179  27.767  61.675  39.380 0.0000000000
114182  28.005  62.136  39.039 0.0000000000
114188  28.481  62.643  38.894 0.0000000000
114189  28.092  62.521  38.452 0.0000000000
114192  36.265  61.050  36.162 0.0000000000
114193  35.209  60.623  37.245 0.0000000000
114194  33.830  60.118  38.738 0.0000000000
114195  32.261  59.871  39.653 0.0000000000
114196  30.732  60.610  40.289 0.0000000000
114197  29.684  60.276  39.502 0.0000000000
114198  28.983  61.262  39.501 0.0000000000
114199  28.042  62.050  38.645 0.0000000000
114200  28.500  62.906  38.426 0.0000000000
114201  28.111  63.230  38.010 0.0000000000
114202  28.052  62.832  37.814 0.0000000000
114206  37.332  61.602  33.843 0.0000000000
114207  36.522  61.135  34.848 0.0000000000
114208  35.136  60.258  35.711 0.0000000000
114209  33.824  59.628  36.826 0.0000000000
114210  32.442  59.325  37.968 0.0000000000
114211  31.178  59.110  38.843 0.0000000000
114212  30.488  59.598  39.373 0.0000000000
114213  27.914  62.832  37.645 0.0000000000
114214  28.065  63.064  37.425 0.0000000000
114215  28.021  63.232  37.245 0.0000000000
114219  36.945  61.529  33.129 0.0000000000
114220  36.192  60.776  33.531 0.0000000000
114221  35.079  60.019  34.282 0.0000000000
114222  33.834  59.399  35.148 0.0000000000
114223  32.416  58.958  36.001 0.0000000000
114224  31.492  58.763  37.363 0.0000000000
114227  36.452  61.573  32.736 0.0000000000
114228  36.017  60.487  32.774 0.0000000000
114229  34.955  59.511  33.073 0.0000000000
114230  33.740  59.090  33.807 0.0000000000
114231  32.744  59.002  34.500 0.0000000000
114234  38.343  61.644  33.708 0.0000000000
114235  37.418  61.533  33.423 0.0000000000
114236  36.298  61.444  32.608 0.0000000000
114237  35.898  60.329  32.309 0.0000000000
114238  35.226  59.429  32.352 0.0000000000
114244  37.738  60.972  32.482 0.0000000000
114245  36.647  60.649  32.143 0.0000000000
114246  35.847  59.873  31.756 0.0000000000
114247  35.295  59.328  31.875 0.0000000000
114254  37.067  60.103  31.184 0.0000000000
114255  36.234  59.774  31.252 0.0000000000
114702  27.844  62.747  38.117 0.0000000000
114709  29.110  62.693  39.451 0.0000000000
114710  28.476  62.073  38.693 0.0000000000
114711  28.207  62.411  38.097 0.0000000000
114712  27.934  62.645  37.835 0.0000000000
114713  27.551  63.292  37.210 0.0000000000
114714  27.366  63.320  37.372 0.0000000000
114718  38.250  62.132  34.960 0.0000000000
114719  37.525  61.531  35.896 0.0000000000
114720  28.329  63.492  38.069 0.0000000000
114721  28.240  63.009  37.686 0.0000000000
114722  27.899  63.104  36.410 0.0000000000
114723  27.986  63.123  36.705 0.0000000000
114724  27.228  63.184  35.944 0.0000000000
114725  27.232  63.241  36.567 0.0000000000
114726  27.121  63.314  36.806 0.0000000000
114730  37.693  62.163  33.952 0.0000000000
114731  27.453  63.220  35.219 0.0000000000
114732  27.322  63.160  35.406 0.0000000000
114733  27.172  63.103  35.592 0.0000000000
114737  36.713  62.570  33.035 0.0000000000
114738  35.615  63.481  32.598 0.0000000000
114739  35.523  63.971  32.042 0.0000000000
114745  38.635  62.585  34.472 0.0000000000
114746  37.512  62.551  33.550 0.0000000000
114747  36.411  62.935  32.541 0.0000000000
114748  35.440  62.877  31.793 0.0000000000
114749  34.479  63.540  31.568 0.0000000000
114750  32.978  63.735  30.972 0.0000000000
114751  32.406  63.797  30.674 0.0000000000
114758  35.978  63.705  32.117 0.0000000000
114759  34.727  63.330  31.585 0.0000000000
114760  33.897  63.319  30.829 0.0000000000
114761  32.910  63.334  30.428 0.0000000000
114762  32.010  63.537  29.988 0.0000000000
114763  31.430  63.613  29.248 0.0000000000
114767  34.348  63.380  29.995 0.0000000000
114768  33.554  63.183  29.971 0.0000000000
114769  32.711  63.146  29.702 0.0000000000
114770  31.948  63.192  29.340 0.0000000000
114771  31.349  63.377  28.878 0.0000000000
114776  34.244  63.410  29.240 0.0000000000
114777  33.494  63.313  28.825 0.0000000000
114778  32.579  63.071  28.854 0.0000000000
114779  31.849  63.057  28.699 0.0000000000
114780  31.250  63.074  28.360 0.0000000000
114786  33.101  63.354  28.010 0.0000000000
114787  32.522  63.166  28.030 0.0000000000
114788  31.739  63.005  28.017 0.0000000000
114789  31.327  62.970  28.078 0.0000000000
115230  27.180  63.458  37.165 0.0000000000
115242  28.619  63.839  36.548 0.0000000000
115243  28.110  63.376  36.064 0.0000000000
115244  26.695  63.098  35.255 0.0000000000
115245  26.499  63.272  35.291 0.0000000000
115246  26.733  63.500  36.255 0.0000000000
115251  38.859  63.050  34.734 0.0000000000
115252  38.383  63.901  34.525 0.0000000000
115253  37.337  64.585  34.165 0.0000000000
115254  36.620  65.259  33.736 0.0000000000
115255  28.204  63.850  35.491 0.0000000000
115256  27.645  63.457  35.181 0.0000000000
115257  27.116  63.287  34.776 0.0000000000
115258  26.662  63.188  35.005 0.0000000000
115259  26.229  63.298  34.846 0.0000000000
115263  37.441  62.890  34.262 0.0000000000
115264  36.711  63.540  33.782 0.0000000000
115265  35.980  64.270  32.961 0.0000000000
115266  35.175  64.800  32.525 0.0000000000
115267  34.004  64.687  31.833 0.0000000000
115274  38.289  63.929  34.437 0.0000000000
115275  37.201  63.822  33.692 0.0000000000
115276  34.864  64.177  32.245 0.0000000000
115277  33.900  64.172  31.781 0.0000000000
115278  32.852  64.258  31.129 0.0000000000
115279  32.075  64.286  30.442 0.0000000000
115284  38.902  65.216  35.024 0.0000000000
115285  37.548  65.124  34.412 0.0000000000
115286  36.337  64.264  33.265 0.0000000000
115287  35.579  63.857  32.214 0.0000000000
115288  32.110  63.912  30.417 0.0000000000
115289  31.525  63.963  29.662 0.0000000000
115295  36.828  65.348  33.711 0.0000000000
115296  36.445  64.657  32.099 0.0000000000
115297  35.329  63.755  31.026 0.0000000000
115298  30.787  63.648  28.673 0.0000000000
115299  30.039  63.575  27.944 0.0000000000
115305  36.145  64.621  30.397 0.0000000000
115306  35.000  63.854  29.570 0.0000000000
115307  34.255  63.651  28.803 0.0000000000
115308  30.595  63.304  28.053 0.0000000000
115309  29.717  63.613  27.299 0.0000000000
115310  29.061  63.885  26.743 0.0000000000
115316  35.729  64.650  29.450 0.0000000000
115317  34.855  64.308  28.779 0.0000000000
115318  33.775  63.913  28.017 0.0000000000
115319  32.673  63.538  27.528 0.0000000000
115320  31.791  63.308  27.323 0.0000000000
115321  30.771  63.281  27.384 0.0000000000
115322  29.610  63.785  26.670 0.0000000000
115323  28.939  64.234  26.320 0.0000000000
115329  32.921  64.223  27.361 0.0000000000
115330  32.091  63.882  26.907 0.0000000000
115331  31.194  63.776  26.530 0.0000000000
115332  30.249  63.860  26.363 0.0000000000
115333  29.381  64.461  26.007 0.0000000000
115334  28.878  64.608  26.036 0.0000000000
115340  30.656  64.201  26.165 0.0000000000
115341  30.127  64.613  25.974 0.0000000000
115342  29.584  65.092  25.772 0.0000000000
115739  26.519  64.110  36.289 0.0000000000
115751  26.086  63.497  34.864 0.0000000000
115752  25.920  64.003  35.213 0.0000000000
115760  36.729  65.981  32.722 0.0000000000
115762  28.702  64.927  35.714 0.0000000000
115763  27.857  64.385  34.979 0.0000000000
115764  27.220  64.010  34.570 0.0000000000
115765  26.653  63.931  34.594 0.0000000000
115766  26.100  63.994  34.833 0.0000000000
115767  25.661  64.540  34.807 0.0000000000
115775  35.038  65.442  32.031 0.0000000000
115776  33.664  65.133  31.457 0.0000000000
115784  32.621  64.901  30.736 0.0000000000
115785  31.742  64.722  29.875 0.0000000000
115792  38.705  66.036  35.156 0.0000000000
115793  30.740  64.438  28.878 0.0000000000
115794  29.845  64.465  28.207 0.0000000000
115801  37.995  66.273  34.307 0.0000000000
115802  37.000  66.043  33.066 0.0000000000
115803  30.070  63.930  28.270 0.0000000000
115804  29.333  64.136  27.588 0.0000000000
115805  28.617  64.440  27.009 0.0000000000
115811  38.617  67.022  32.415 0.0000000000
115812  37.270  65.966  31.187 0.0000000000
115813  28.958  63.972  27.000 0.0000000000
115814  28.529  64.507  26.537 0.0000000000
115815  28.257  65.012  26.166 0.0000000000
115822  36.538  65.653  30.116 0.0000000000
115823  35.644  65.480  29.174 0.0000000000
115824  34.648  64.874  28.360 0.0000000000
115825  28.567  64.772  26.118 0.0000000000
115826  28.315  65.432  25.972 0.0000000000
115835  35.078  65.797  28.520 0.0000000000
115836  33.860  65.339  27.847 0.0000000000
115837  32.255  65.030  27.017 0.0000000000
115838  31.642  64.308  26.598 0.0000000000
115839  29.236  65.267  25.731 0.0000000000
115840  28.821  65.278  25.830 0.0000000000
115841  28.587  66.169  25.851 0.0000000000
115850  31.632  65.564  26.879 0.0000000000
115851  31.031  65.069  26.376 0.0000000000
115852  29.961  65.735  25.897 0.0000000000
115853  29.400  65.991  25.688 0.0000000000
115854  29.125  66.141  25.756 0.0000000000
115855  28.920  66.341  25.749 0.0000000000
116213  25.944  65.137  35.795 0.0000000000
116219  25.460  65.203  35.016 0.0000000000
116227  28.370  65.757  35.082 0.0000000000
116228  27.453  64.993  34.590 0.0000000000
116229  26.872  64.937  34.402 0.0000000000
116230  26.258  64.955  34.411 0.0000000000
116231  25.676  65.297  34.623 0.0000000000
116239  34.791  66.083  31.447 0.0000000000
116240  33.540  65.783  30.829 0.0000000000
116241  27.674  65.729  34.624 0.0000000000
116242  27.210  65.523  34.456 0.0000000000
116243  26.994  65.663  34.376 0.0000000000
116255  32.542  65.606  30.037 0.0000000000
116256  31.370  65.596  29.154 0.0000000000
116269  30.076  65.220  28.472 0.0000000000
116270  29.214  64.953  27.903 0.0000000000
116283  28.629  64.933  27.348 0.0000000000
116284  28.119  65.240  26.693 0.0000000000
116285  27.775  65.808  26.411 0.0000000000
116297  38.861  67.526  30.896 0.0000000000
116298  37.451  66.552  30.674 0.0000000000
116299  28.143  65.045  26.350 0.0000000000
116300  27.938  65.671  26.172 0.0000000000
116311  38.673  68.173  30.463 0.0000000000
116312  37.065  67.370  30.169 0.0000000000
116313  35.682  66.394  29.218 0.0000000000
116314  28.154  66.279  25.825 0.0000000000
116323  36.217  68.513  30.252 0.0000000000
116324  35.142  67.331  28.988 0.0000000000
116325  32.941  67.018  27.656 0.0000000000
116326  31.982  65.996  27.178 0.0000000000
116327  28.599  66.964  25.701 0.0000000000
116334  32.004  67.748  27.498 0.0000000000
116335  31.447  66.859  27.117 0.0000000000
116336  30.431  67.021  26.327 0.0000000000
116337  29.631  67.285  25.648 0.0000000000
116338  29.263  67.116  25.539 0.0000000000
116339  29.252  67.344  25.367 0.0000000000
116340  28.954  67.138  25.581 0.0000000000
116346  29.580  67.991  25.272 0.0000000000
116347  29.574  67.834  25.088 0.0000000000
116348  29.485  68.051  25.012 0.0000000000
116378  29.280  65.917  19.152 0.0000000000
116379  28.700  65.825  19.230 0.0000000000
116380  27.983  65.783  19.209 0.0000000000
116381  27.554  65.807  19.049 0.0000000000
116389  29.451  66.024  18.887 0.0000000000
116390  29.031  65.904  18.729 0.0000000000
116391  28.315  65.832  18.735 0.0000000000
116392  27.765  65.834  18.784 0.0000000000
116679  25.448  66.292  35.650 0.0000000000
116685  25.340  66.349  34.878 0.0000000000
116693  28.253  66.602  34.900 0.0000000000
116694  27.607  66.486  34.589 0.0000000000
116695  26.848  65.965  34.331 0.0000000000
116696  26.049  66.050  34.290 0.0000000000
116697  25.596  66.315  34.544 0.0000000000
116701  33.409  66.241  30.183 0.0000000000
116702  27.515  65.950  34.543 0.0000000000
116703  27.310  66.054  34.455 0.0000000000
116704  27.085  65.984  34.380 0.0000000000
116706  33.805  67.410  29.859 0.0000000000
116707  32.748  66.693  29.615 0.0000000000
116708  31.389  66.527  28.983 0.0000000000
116710  30.484  66.194  28.568 0.0000000000
116711  29.190  66.010  27.941 0.0000000000
116712  28.439  66.353  27.658 0.0000000000
116714  28.739  65.393  27.659 0.0000000000
116715  28.219  65.891  27.361 0.0000000000
116716  27.714  66.177  26.695 0.0000000000
116721  27.607  66.348  26.259 0.0000000000
116728  27.780  66.799  25.859 0.0000000000
116729  27.846  67.444  25.670 0.0000000000
116738  35.786  69.626  30.036 0.0000000000
116739  34.258  69.282  28.805 0.0000000000
116740  32.541  69.142  27.719 0.0000000000
116741  31.961  69.898  27.380 0.0000000000
116742  28.371  67.297  25.651 0.0000000000
116743  28.185  67.664  25.530 0.0000000000
116751  31.704  68.093  27.347 0.0000000000
116752  31.313  68.715  26.845 0.0000000000
116753  30.281  68.463  25.688 0.0000000000
116754  29.732  68.128  25.430 0.0000000000
116755  29.329  67.978  24.916 0.0000000000
116756  29.126  68.066  25.053 0.0000000000
116757  28.712  68.076  25.237 0.0000000000
116763  30.291  68.970  25.093 0.0000000000
116764  30.028  68.688  24.909 0.0000000000
116765  30.098  68.782  24.454 0.0000000000
116766  29.955  68.598  24.409 0.0000000000
116767  29.835  68.756  24.247 0.0000000000
116781  32.243  67.637  19.667 0.0000000000
116782  31.702  67.255  19.701 0.0000000000
116783  30.964  66.894  19.792 0.0000000000
116784  30.111  66.636  19.888 0.0000000000
116785  29.153  66.413  19.995 0.0000000000
116786  28.052  66.297  20.002 0.0000000000
116787  26.926  66.371  19.947 0.0000000000
116795  32.204  67.884  19.226 0.0000000000
116796  31.525  67.278  19.040 0.0000000000
116797  30.773  66.710  19.064 0.0000000000
116798  29.888  66.306  19.272 0.0000000000
116799  29.246  66.061  19.608 0.0000000000
116800  28.388  65.931  19.689 0.0000000000
116801  27.324  65.946  19.435 0.0000000000
116802  26.341  66.322  19.488 0.0000000000
116803  25.671  66.661  19.441 0.0000000000
116810  32.043  68.254  18.868 0.0000000000
116811  31.282  67.929  18.493 0.0000000000
116812  30.584  67.130  18.357 0.0000000000
116813  29.624  66.400  18.414 0.0000000000
116814  28.576  66.218  18.231 0.0000000000
116815  27.838  66.092  18.308 0.0000000000
116816  27.253  66.038  18.658 0.0000000000
116817  26.419  66.273  18.782 0.0000000000
116818  25.865  66.506  19.051 0.0000000000
116825  30.567  68.322  18.257 0.0000000000
116826  30.163  68.088  18.101 0.0000000000
116827  29.363  67.650  17.984 0.0000000000
116828  28.550  67.196  17.899 0.0000000000
116829  27.862  66.825  17.941 0.0000000000
116830  27.281  66.607  18.090 0.0000000000
116831  26.755  66.578  18.268 0.0000000000
117143  33.105  67.846  29.610 0.0000000000
117144  31.492  67.459  29.063 0.0000000000
117145  30.648  67.822  28.787 0.0000000000
117154  30.866  66.819  28.702 0.0000000000
117155  30.040  67.212  28.456 0.0000000000
117156  28.494  67.120  27.826 0.0000000000
117157  27.778  67.593  27.679 0.0000000000
117162  28.122  66.539  27.523 0.0000000000
117163  27.698  66.984  27.247 0.0000000000
117166  27.405  67.127  26.486 0.0000000000
117167  27.316  67.734  26.247 0.0000000000
117175  27.509  66.878  26.110 0.0000000000
117176  27.588  67.533  25.867 0.0000000000
117187  33.883  71.139  28.746 0.0000000000
117188  32.765  71.013  27.739 0.0000000000
117189  31.890  70.399  26.906 0.0000000000
117190  28.061  68.020  25.339 0.0000000000
117197  31.187  69.744  25.754 0.0000000000
117198  30.553  69.143  25.270 0.0000000000
117199  29.481  68.915  24.636 0.0000000000
117200  28.689  68.480  25.001 0.0000000000
117205  31.892  69.752  24.306 0.0000000000
117206  31.004  69.266  24.250 0.0000000000
117207  30.983  69.390  23.612 0.0000000000
117208  31.036  69.408  23.402 0.0000000000
117209  30.966  69.647  23.417 0.0000000000
117210  30.251  69.278  23.928 0.0000000000
117215  33.235  69.267  22.457 0.0000000000
117216  32.585  69.338  22.880 0.0000000000
117217  31.878  69.299  22.623 0.0000000000
117218  31.606  69.326  22.249 0.0000000000
117219  31.587  69.648  22.403 0.0000000000
117220  31.534  69.865  22.516 0.0000000000
117225  33.831  69.286  21.140 0.0000000000
117226  33.439  68.925  21.506 0.0000000000
117227  32.695  68.635  21.460 0.0000000000
117228  32.120  68.577  21.350 0.0000000000
117229  31.596  68.745  20.799 0.0000000000
117230  30.255  68.256  20.346 0.0000000000
117231  28.771  67.909  20.307 0.0000000000
117232  27.301  67.725  20.347 0.0000000000
117240  33.632  69.388  20.474 0.0000000000
117241  32.999  68.418  20.211 0.0000000000
117242  32.538  68.020  20.437 0.0000000000
117243  31.907  67.776  20.439 0.0000000000
117244  31.230  67.590  20.272 0.0000000000
117245  30.246  67.333  20.157 0.0000000000
117246  29.017  67.060  20.228 0.0000000000
117247  27.717  66.942  20.211 0.0000000000
117256  33.110  69.698  19.763 0.0000000000
117257  32.729  68.626  19.441 0.0000000000
117265  32.170  70.463  19.571 0.0000000000
117266  31.304  69.352  18.920 0.0000000000
117267  30.779  68.572  18.445 0.0000000000
117268  25.837  66.778  18.627 0.0000000000
117269  25.288  67.036  18.824 0.0000000000
117270  24.943  67.187  19.156 0.0000000000
117278  29.756  70.195  18.599 0.0000000000
117279  29.682  69.415  18.329 0.0000000000
117280  28.790  69.167  17.850 0.0000000000
117281  27.996  68.929  17.373 0.0000000000
117282  27.584  68.077  17.622 0.0000000000
117283  27.224  67.534  17.754 0.0000000000
117284  26.790  67.237  17.905 0.0000000000
117285  26.191  67.273  18.129 0.0000000000
117286  25.644  67.172  18.406 0.0000000000
117296  27.497  69.555  16.738 0.0000000000
117297  27.391  69.083  16.935 0.0000000000
117298  27.085  68.605  17.177 0.0000000000
117299  26.845  68.131  17.511 0.0000000000
117300  26.581  67.750  17.758 0.0000000000
117310  28.741  69.267  14.849 0.0000000000
117311  28.308  69.182  14.848 0.0000000000
117312  28.123  69.342  14.924 0.0000000000
117322  29.617  68.386  14.588 0.0000000000
117323  29.022  68.360  14.507 0.0000000000
117324  28.545  68.763  14.473 0.0000000000
117325  28.404  68.573  14.214 0.0000000000
117336  30.031  67.773  14.172 0.0000000000
117337  29.064  67.912  14.006 0.0000000000
117338  28.535  68.166  13.922 0.0000000000
117339  28.310  68.498  13.992 0.0000000000
117352  28.820  67.864  13.510 0.0000000000
117353  28.322  68.205  13.598 0.0000000000
117354  28.141  68.492  13.766 0.0000000000
117628  32.180  68.639  29.503 0.0000000000
117629  30.952  68.402  29.079 0.0000000000
117639  30.087  68.283  28.782 0.0000000000
117640  29.037  68.212  28.420 0.0000000000
117641  28.002  68.228  28.035 0.0000000000
117653  27.448  68.197  27.436 0.0000000000
117654  27.201  68.680  27.220 0.0000000000
117659  27.344  67.592  26.960 0.0000000000
117660  27.212  68.192  26.708 0.0000000000
117671  27.495  68.322  25.916 0.0000000000
117681  32.779  71.929  26.827 0.0000000000
117682  31.932  70.743  26.382 0.0000000000
117683  27.925  68.474  25.250 0.0000000000
117688  33.042  71.663  25.543 0.0000000000
117689  32.170  70.762  25.609 0.0000000000
117690  29.500  69.355  24.144 0.0000000000
117691  28.626  68.894  24.813 0.0000000000
117693  34.266  71.490  23.736 0.0000000000
117694  33.528  71.302  24.309 0.0000000000
117695  32.718  70.460  24.378 0.0000000000
117696  31.325  70.120  22.766 0.0000000000
117697  30.618  69.813  23.549 0.0000000000
117699  34.547  71.124  22.857 0.0000000000
117700  33.869  70.109  22.924 0.0000000000
117701  33.234  69.965  23.422 0.0000000000
117702  31.750  69.623  21.508 0.0000000000
117703  31.808  69.982  21.478 0.0000000000
117704  31.649  70.162  22.011 0.0000000000
117709  34.116  69.858  21.999 0.0000000000
117710  31.723  69.354  21.207 0.0000000000
117711  31.325  69.495  20.784 0.0000000000
117712  30.025  69.129  20.212 0.0000000000
117713  28.350  68.743  20.339 0.0000000000
117747  30.837  71.255  19.247 0.0000000000
117748  25.090  67.475  18.606 0.0000000000
117749  24.674  67.680  18.839 0.0000000000
117758  29.783  71.075  18.641 0.0000000000
117759  29.022  70.849  18.186 0.0000000000
117760  28.518  70.541  17.570 0.0000000000
117761  28.094  70.036  17.192 0.0000000000
117762  26.020  67.828  17.875 0.0000000000
117763  25.473  67.888  18.191 0.0000000000
117764  24.820  68.121  18.375 0.0000000000
117771  27.851  69.971  16.381 0.0000000000
117772  27.485  69.636  16.177 0.0000000000
117773  27.360  69.240  16.341 0.0000000000
117774  27.136  68.923  16.716 0.0000000000
117775  26.569  68.516  17.404 0.0000000000
117776  25.878  68.571  17.634 0.0000000000
117786  28.586  70.063  15.499 0.0000000000
117787  27.956  69.745  15.446 0.0000000000
117788  27.894  69.476  15.541 0.0000000000
117789  27.735  69.216  15.786 0.0000000000
117790  27.554  69.189  15.990 0.0000000000
117791  27.209  69.166  16.597 0.0000000000
117797  28.225  69.223  15.112 0.0000000000
117798  28.314  69.051  14.849 0.0000000000
117799  28.018  69.246  15.095 0.0000000000
117807  28.124  68.846  14.191 0.0000000000
117808  27.882  69.184  14.366 0.0000000000
117823  28.409  68.095  13.204 0.0000000000
117824  27.885  68.727  13.551 0.0000000000
117825  27.642  69.205  13.965 0.0000000000
117837  28.031  68.634  13.057 0.0000000000
117838  27.733  68.865  13.136 0.0000000000
118068  31.003  69.519  29.379 0.0000000000
118069  30.108  69.922  29.270 0.0000000000
118073  30.384  68.856  29.046 0.0000000000
118074  29.618  69.312  28.963 0.0000000000
118075  28.363  69.202  28.571 0.0000000000
118087  27.636  69.167  28.110 0.0000000000
118088  27.334  69.212  27.615 0.0000000000
118097  27.243  69.197  27.046 0.0000000000
118106  27.487  69.123  26.215 0.0000000000
118112  33.289  72.758  26.267 0.0000000000
118113  28.780  69.869  24.388 0.0000000000
118114  27.978  69.299  25.204 0.0000000000
118118  33.734  72.794  25.526 0.0000000000
118119  29.394  69.846  23.947 0.0000000000
118120  28.455  69.211  24.673 0.0000000000
118123  34.253  72.398  24.545 0.0000000000
118124  31.462  70.596  22.298 0.0000000000
118125  30.778  70.244  23.246 0.0000000000
118127  31.826  70.336  21.075 0.0000000000
118128  31.620  70.573  21.320 0.0000000000
118137  31.586  70.136  20.901 0.0000000000
118138  31.057  70.211  20.589 0.0000000000
118139  29.527  69.824  20.151 0.0000000000
118140  27.766  69.470  20.429 0.0000000000
118174  24.553  68.260  18.539 0.0000000000
118183  25.554  68.650  17.784 0.0000000000
118184  24.921  68.918  18.147 0.0000000000
118193  26.798  69.189  16.822 0.0000000000
118194  26.167  69.375  17.259 0.0000000000
118195  25.508  69.656  17.715 0.0000000000
118205  27.751  69.508  15.588 0.0000000000
118206  27.485  69.732  16.191 0.0000000000
118207  26.930  70.055  16.634 0.0000000000
118215  28.055  69.623  15.259 0.0000000000
118216  27.687  69.998  15.223 0.0000000000
118223  27.587  69.572  14.436 0.0000000000
118224  27.232  70.041  14.455 0.0000000000
118238  27.626  69.063  13.271 0.0000000000
118239  27.333  69.485  13.686 0.0000000000
118240  26.806  70.243  13.885 0.0000000000
118258  27.523  69.368  13.061 0.0000000000
118259  26.929  70.102  13.367 0.0000000000
118488  29.619  70.401  29.257 0.0000000000
118489  28.782  70.276  28.994 0.0000000000
118499  28.005  70.142  28.594 0.0000000000
118500  27.634  70.086  28.142 0.0000000000
118511  27.510  70.059  27.578 0.0000000000
118520  28.379  70.725  25.790 0.0000000000
118521  27.754  70.148  26.659 0.0000000000
118528  28.731  70.523  24.787 0.0000000000
118529  27.981  69.914  25.727 0.0000000000
118533  31.247  71.265  22.859 0.0000000000
118534  29.863  70.778  23.710 0.0000000000
118536  31.456  71.149  22.174 0.0000000000
118537  30.792  70.612  23.141 0.0000000000
118539  31.121  71.191  20.888 0.0000000000
118540  29.533  71.181  20.351 0.0000000000
118547  31.248  70.753  20.580 0.0000000000
118548  30.360  70.648  20.353 0.0000000000
118549  28.746  70.381  20.272 0.0000000000
118600  26.653  70.523  16.961 0.0000000000
118601  25.873  70.366  17.452 0.0000000000
118611  27.525  70.191  15.749 0.0000000000
118612  27.236  70.650  16.162 0.0000000000
118620  27.555  70.450  15.331 0.0000000000
118884  28.100  70.936  28.584 0.0000000000
118895  28.470  71.701  27.733 0.0000000000
118896  28.018  71.089  28.167 0.0000000000
118907  28.684  71.401  26.691 0.0000000000
118908  27.941  70.851  27.420 0.0000000000
118913  30.664  72.230  24.303 0.0000000000
118914  29.446  71.671  25.257 0.0000000000
118917  31.137  72.008  23.235 0.0000000000
118918  29.873  71.397  24.186 0.0000000000
118921  31.448  72.098  22.049 0.0000000000
118925  31.277  72.066  21.034 0.0000000000
118926  30.015  71.972  20.476 0.0000000000
119276  29.835  72.329  26.304 0.0000000000
