#!ascii label  , from subject Yale_0050556 vox2ras=TkReg
425
53473  36.125  -37.216  3.498 0.0000000000
53499  36.423  -37.430  3.072 0.0000000000
53519  37.162  -37.449  1.781 0.0000000000
53520  36.713  -37.667  2.196 0.0000000000
54672  35.903  -36.810  3.879 0.0000000000
54673  35.218  -36.494  4.141 0.0000000000
54697  37.300  -36.855  3.817 0.0000000000
54698  36.795  -37.024  3.938 0.0000000000
54711  37.705  -36.620  2.451 0.0000000000
54712  37.338  -36.901  2.837 0.0000000000
54713  36.792  -37.232  3.032 0.0000000000
54721  37.866  -36.822  1.661 0.0000000000
54722  37.415  -37.179  1.766 0.0000000000
55849  35.879  -36.181  4.340 0.0000000000
55850  34.879  -35.476  4.398 0.0000000000
55851  33.856  -34.983  3.973 0.0000000000
55871  38.161  -36.438  4.195 0.0000000000
55872  37.693  -36.575  4.175 0.0000000000
55873  36.668  -35.876  4.641 0.0000000000
55874  34.296  -34.599  4.121 0.0000000000
55875  33.538  -34.250  2.897 0.0000000000
55889  38.022  -36.235  3.037 0.0000000000
55890  37.728  -36.729  3.512 0.0000000000
55911  38.884  -36.293  1.564 0.0000000000
57027  35.711  -35.331  4.598 0.0000000000
57028  35.030  -34.705  4.533 0.0000000000
57040  38.541  -36.137  4.472 0.0000000000
57041  37.626  -35.434  5.051 0.0000000000
57042  35.949  -34.459  4.674 0.0000000000
57043  34.510  -34.001  3.677 0.0000000000
57044  33.932  -33.825  2.465 0.0000000000
57054  40.294  -35.710  3.281 0.0000000000
57055  39.650  -35.903  3.510 0.0000000000
57056  35.224  -33.452  3.116 0.0000000000
57057  34.254  -33.244  1.930 0.0000000000
57058  33.334  -33.599  1.362 0.0000000000
57078  33.574  -32.718  0.183 0.0000000000
58160  39.804  -34.654  4.668 0.0000000000
58161  39.228  -34.983  5.065 0.0000000000
58162  37.151  -33.792  5.005 0.0000000000
58163  35.906  -33.089  3.482 0.0000000000
58174  41.119  -34.592  3.413 0.0000000000
58175  40.404  -34.925  3.836 0.0000000000
58176  39.956  -35.437  4.427 0.0000000000
58177  35.003  -32.508  1.926 0.0000000000
58178  34.378  -32.546  0.748 0.0000000000
58194  34.691  -31.638  0.404 0.0000000000
58195  34.009  -32.034  -0.277 0.0000000000
58225  34.672  -31.370  -1.195 0.0000000000
58226  33.715  -31.820  -1.265 0.0000000000
58250  34.469  -31.021  -2.525 0.0000000000
59326  39.804  -33.839  4.798 0.0000000000
59327  38.158  -32.895  4.994 0.0000000000
59328  36.211  -31.943  3.640 0.0000000000
59329  35.721  -32.340  2.485 0.0000000000
59341  41.846  -33.273  2.733 0.0000000000
59342  41.387  -33.873  3.543 0.0000000000
59343  40.684  -33.819  4.609 0.0000000000
59344  35.973  -31.302  1.555 0.0000000000
59345  35.017  -31.454  1.591 0.0000000000
59362  35.455  -30.933  0.165 0.0000000000
59363  34.499  -30.819  -0.321 0.0000000000
59390  35.026  -30.363  -1.422 0.0000000000
59391  34.752  -30.622  -2.040 0.0000000000
59409  34.417  -29.487  -2.886 0.0000000000
60555  41.166  -31.393  3.782 0.0000000000
60556  40.677  -31.481  4.581 0.0000000000
60557  39.275  -31.931  4.790 0.0000000000
60558  37.225  -31.152  4.001 0.0000000000
60559  36.450  -31.080  2.143 0.0000000000
60570  42.068  -31.530  2.709 0.0000000000
60571  41.929  -32.113  3.517 0.0000000000
60572  40.835  -32.785  4.662 0.0000000000
60573  40.265  -33.165  4.967 0.0000000000
60574  36.091  -30.770  0.800 0.0000000000
60590  42.410  -31.887  2.108 0.0000000000
60592  35.858  -30.361  -0.604 0.0000000000
60612  35.501  -29.146  -2.829 0.0000000000
60613  35.426  -29.570  -2.322 0.0000000000
60629  34.962  -28.617  -3.299 0.0000000000
60630  34.456  -28.757  -3.381 0.0000000000
61674  43.380  -29.214  4.459 0.0000000000
61675  42.423  -29.667  4.495 0.0000000000
61676  41.444  -30.129  4.548 0.0000000000
61677  40.727  -30.687  3.671 0.0000000000
61678  39.328  -30.494  3.659 0.0000000000
61679  37.627  -29.990  2.984 0.0000000000
61680  36.756  -30.448  1.937 0.0000000000
61681  36.455  -30.688  1.297 0.0000000000
61694  44.219  -29.811  3.414 0.0000000000
61695  43.269  -30.401  3.100 0.0000000000
61696  42.149  -30.910  2.975 0.0000000000
61697  41.479  -30.914  3.453 0.0000000000
61698  36.845  -28.962  1.973 0.0000000000
61699  36.732  -29.653  0.772 0.0000000000
61700  36.399  -30.301  0.507 0.0000000000
61714  44.523  -30.037  2.506 0.0000000000
61715  44.500  -31.036  2.023 0.0000000000
61716  43.395  -31.650  1.990 0.0000000000
61717  36.408  -29.369  -1.119 0.0000000000
61718  36.273  -29.832  -0.821 0.0000000000
61736  36.083  -29.159  -2.588 0.0000000000
61737  36.211  -29.567  -1.784 0.0000000000
61752  35.873  -27.865  -3.866 0.0000000000
61753  35.327  -28.124  -3.674 0.0000000000
62733  43.388  -28.893  4.843 0.0000000000
62734  42.749  -28.933  4.783 0.0000000000
62735  41.774  -29.119  4.409 0.0000000000
62736  40.709  -29.407  3.214 0.0000000000
62737  39.410  -29.358  3.221 0.0000000000
62738  38.173  -29.252  2.936 0.0000000000
62755  43.947  -28.964  4.262 0.0000000000
62756  39.615  -28.722  2.525 0.0000000000
62757  38.144  -28.334  2.285 0.0000000000
62758  37.148  -28.557  2.111 0.0000000000
62759  36.462  -28.558  1.339 0.0000000000
62772  44.834  -29.311  3.137 0.0000000000
62773  44.954  -30.238  2.174 0.0000000000
62774  37.310  -27.611  1.419 0.0000000000
62775  37.097  -28.210  0.734 0.0000000000
62776  36.247  -28.475  0.002 0.0000000000
62790  45.141  -29.696  1.493 0.0000000000
62791  44.953  -30.704  0.937 0.0000000000
62792  37.117  -27.279  0.359 0.0000000000
62793  36.767  -27.825  -0.758 0.0000000000
62794  36.732  -28.846  -1.808 0.0000000000
62809  45.709  -30.341  0.137 0.0000000000
62811  37.487  -27.843  -3.624 0.0000000000
62812  37.236  -28.387  -2.835 0.0000000000
62813  36.372  -28.626  -3.116 0.0000000000
63899  43.121  -28.592  4.398 0.0000000000
63900  41.951  -28.251  4.062 0.0000000000
63901  40.764  -28.318  3.351 0.0000000000
63902  40.118  -28.641  2.641 0.0000000000
63917  45.200  -27.625  2.700 0.0000000000
63918  44.072  -27.992  3.324 0.0000000000
63919  42.234  -27.334  3.271 0.0000000000
63920  40.668  -27.052  1.933 0.0000000000
63921  39.223  -27.777  1.832 0.0000000000
63922  37.681  -27.490  1.663 0.0000000000
63935  45.334  -27.998  1.964 0.0000000000
63936  45.125  -28.536  2.213 0.0000000000
63937  39.933  -26.221  0.978 0.0000000000
63938  39.211  -26.435  0.552 0.0000000000
63939  37.458  -26.801  0.797 0.0000000000
63950  46.132  -28.167  1.773 0.0000000000
63951  45.736  -29.084  0.948 0.0000000000
63952  37.861  -26.249  -0.112 0.0000000000
63953  37.263  -27.033  -0.638 0.0000000000
63954  37.318  -27.889  -2.034 0.0000000000
63970  46.411  -28.381  0.783 0.0000000000
63971  46.525  -29.315  -0.103 0.0000000000
63972  38.646  -27.189  -1.390 0.0000000000
63973  38.190  -27.128  -1.157 0.0000000000
63974  37.806  -27.915  -2.480 0.0000000000
63975  37.537  -28.096  -2.587 0.0000000000
63993  38.711  -27.114  -2.245 0.0000000000
63994  38.518  -27.721  -2.985 0.0000000000
65095  43.978  -26.858  1.709 0.0000000000
65096  42.514  -26.611  1.938 0.0000000000
65097  40.825  -25.564  1.854 0.0000000000
65098  40.095  -25.652  1.698 0.0000000000
65110  45.556  -27.199  1.800 0.0000000000
65111  39.990  -24.497  1.263 0.0000000000
65112  39.354  -24.828  1.058 0.0000000000
65113  38.424  -25.060  0.103 0.0000000000
65122  46.954  -27.632  1.422 0.0000000000
65123  38.967  -26.437  -0.575 0.0000000000
65124  38.664  -26.338  -0.219 0.0000000000
65138  46.973  -28.156  -0.044 0.0000000000
65139  46.819  -28.830  -0.557 0.0000000000
65140  39.040  -27.014  -1.201 0.0000000000
65141  38.593  -26.715  -0.734 0.0000000000
65157  39.168  -26.581  -2.701 0.0000000000
66319  43.599  -25.859  1.569 0.0000000000
66320  42.558  -25.607  1.721 0.0000000000
66321  41.596  -25.307  1.918 0.0000000000
66335  46.503  -25.094  1.803 0.0000000000
66336  44.888  -25.551  1.866 0.0000000000
66337  42.997  -25.244  1.110 0.0000000000
66338  40.943  -24.524  1.262 0.0000000000
66339  39.391  -23.765  0.594 0.0000000000
66340  38.677  -23.820  -0.097 0.0000000000
66341  38.308  -23.322  -0.687 0.0000000000
66342  38.223  -23.141  -1.066 0.0000000000
66353  46.981  -25.859  0.524 0.0000000000
66354  46.264  -26.322  1.328 0.0000000000
66355  39.448  -26.360  -1.031 0.0000000000
66356  38.669  -24.770  -0.814 0.0000000000
66357  38.339  -23.540  -0.569 0.0000000000
66358  38.532  -23.358  -0.672 0.0000000000
66372  47.499  -26.360  -0.399 0.0000000000
66373  47.533  -27.080  0.705 0.0000000000
66374  38.654  -23.791  -1.059 0.0000000000
66391  47.809  -27.392  -0.160 0.0000000000
66392  40.977  -25.413  -3.881 0.0000000000
67467  38.665  -23.141  -0.905 0.0000000000
67480  47.663  -24.058  1.831 0.0000000000
67481  47.118  -24.265  1.731 0.0000000000
67482  45.598  -24.376  1.656 0.0000000000
67483  43.844  -24.407  1.003 0.0000000000
67484  42.053  -24.501  0.049 0.0000000000
67485  39.877  -23.204  -0.335 0.0000000000
67486  38.762  -23.385  -0.514 0.0000000000
67487  38.463  -23.213  -0.878 0.0000000000
67499  47.678  -24.148  1.478 0.0000000000
67500  47.534  -24.824  1.397 0.0000000000
67501  42.696  -23.951  -0.480 0.0000000000
67502  39.015  -23.475  -0.533 0.0000000000
67512  47.779  -24.304  0.489 0.0000000000
67513  48.138  -25.338  0.278 0.0000000000
67514  41.796  -23.337  -1.722 0.0000000000
67528  48.261  -25.940  -0.801 0.0000000000
67544  41.246  -24.413  -4.730 0.0000000000
68616  38.721  -23.319  -0.724 0.0000000000
68625  48.167  -23.522  0.380 0.0000000000
68626  47.520  -23.702  1.277 0.0000000000
68627  46.055  -23.556  1.180 0.0000000000
68628  44.372  -23.580  0.297 0.0000000000
68629  43.568  -23.939  -0.128 0.0000000000
68630  39.095  -23.257  -0.721 0.0000000000
68643  48.685  -23.852  0.264 0.0000000000
68644  48.319  -24.012  0.863 0.0000000000
68645  43.680  -23.123  -0.530 0.0000000000
68646  43.014  -23.337  -0.882 0.0000000000
68658  49.026  -23.752  -0.028 0.0000000000
68659  48.892  -24.378  0.022 0.0000000000
68660  48.794  -25.217  -0.443 0.0000000000
68661  41.728  -22.386  -1.359 0.0000000000
68673  49.231  -24.783  -0.780 0.0000000000
68674  48.916  -25.383  -1.124 0.0000000000
68690  49.411  -24.940  -1.199 0.0000000000
68692  41.367  -23.548  -4.698 0.0000000000
69811  47.547  -22.716  0.203 0.0000000000
69812  46.043  -22.490  0.095 0.0000000000
69813  44.681  -22.771  -0.035 0.0000000000
69814  43.996  -22.937  -0.327 0.0000000000
69826  49.185  -22.286  -0.146 0.0000000000
69827  48.605  -23.121  -0.075 0.0000000000
69828  45.152  -21.565  -0.252 0.0000000000
69829  44.390  -21.769  -0.358 0.0000000000
69830  43.017  -22.004  -0.790 0.0000000000
69831  42.171  -22.254  -1.122 0.0000000000
69844  49.636  -22.501  -0.506 0.0000000000
69845  49.497  -23.460  -0.517 0.0000000000
69846  49.335  -24.241  -0.659 0.0000000000
69847  41.888  -21.008  -1.401 0.0000000000
69848  41.668  -21.656  -1.314 0.0000000000
69857  49.644  -23.796  -1.040 0.0000000000
69858  49.555  -24.215  -1.148 0.0000000000
69859  41.921  -20.722  -1.689 0.0000000000
69873  49.722  -24.737  -1.424 0.0000000000
70954  47.443  -22.259  -0.024 0.0000000000
70955  46.973  -22.119  0.108 0.0000000000
70964  48.923  -20.963  -0.248 0.0000000000
70965  47.682  -21.713  -0.023 0.0000000000
70966  45.886  -21.216  -0.164 0.0000000000
70967  44.339  -20.827  -0.619 0.0000000000
70968  43.421  -21.112  -0.753 0.0000000000
70979  43.311  -20.483  -1.107 0.0000000000
70980  42.502  -20.701  -1.265 0.0000000000
70991  49.860  -23.580  -1.165 0.0000000000
70992  41.829  -20.456  -1.716 0.0000000000
71005  49.899  -24.055  -1.453 0.0000000000
71020  49.987  -24.247  -1.594 0.0000000000
72023  44.762  -19.865  -1.022 0.0000000000
72024  43.826  -20.032  -1.557 0.0000000000
72034  42.966  -20.021  -1.997 0.0000000000
72035  42.210  -20.264  -1.763 0.0000000000
72045  42.792  -19.646  -2.870 0.0000000000
72046  42.111  -20.110  -2.296 0.0000000000
72954  43.897  -19.343  -2.133 0.0000000000
72955  43.435  -19.691  -2.175 0.0000000000
72965  43.025  -19.234  -2.504 0.0000000000
72999  51.216  -21.543  -2.443 0.0000000000
73013  43.767  -20.024  -7.098 0.0000000000
73022  44.113  -19.218  -7.568 0.0000000000
73894  48.749  -18.414  -0.574 0.0000000000
73918  51.169  -20.238  -1.309 0.0000000000
73931  53.606  -19.838  -3.333 0.0000000000
73932  52.490  -20.195  -2.721 0.0000000000
73933  51.493  -20.646  -2.373 0.0000000000
73934  50.626  -21.392  -1.723 0.0000000000
73935  46.176  -15.500  -5.552 0.0000000000
73944  45.954  -15.908  -6.045 0.0000000000
73945  45.285  -16.227  -5.320 0.0000000000
73955  46.045  -16.575  -6.405 0.0000000000
73967  44.658  -18.691  -7.103 0.0000000000
74947  49.156  -16.458  0.307 0.0000000000
74948  48.783  -16.816  0.073 0.0000000000
74949  47.580  -16.873  -0.407 0.0000000000
74961  50.806  -16.631  -0.266 0.0000000000
74962  49.914  -16.684  0.125 0.0000000000
74963  49.846  -18.492  -0.567 0.0000000000
74964  46.916  -16.294  -1.153 0.0000000000
74965  46.056  -16.153  -1.835 0.0000000000
74979  51.502  -17.452  -0.216 0.0000000000
74980  51.169  -18.888  -0.743 0.0000000000
74981  50.573  -19.699  -0.837 0.0000000000
74982  45.353  -15.986  -3.474 0.0000000000
74993  54.491  -18.979  -2.672 0.0000000000
74994  53.101  -19.209  -0.993 0.0000000000
74995  51.911  -19.949  -1.733 0.0000000000
74996  46.894  -14.896  -5.911 0.0000000000
74997  46.586  -15.051  -5.615 0.0000000000
74998  45.946  -15.187  -4.516 0.0000000000
75006  46.878  -15.040  -6.224 0.0000000000
75007  46.608  -15.574  -6.283 0.0000000000
75017  46.800  -15.332  -6.950 0.0000000000
75018  46.778  -16.312  -6.938 0.0000000000
75030  46.600  -15.621  -7.943 0.0000000000
75031  47.066  -16.840  -8.030 0.0000000000
76044  48.922  -16.142  -0.181 0.0000000000
76045  47.943  -16.121  -0.634 0.0000000000
76046  47.348  -16.173  -0.943 0.0000000000
76055  52.670  -15.501  -0.532 0.0000000000
76056  51.035  -15.768  -0.471 0.0000000000
76057  49.307  -15.138  -0.541 0.0000000000
76058  48.370  -15.447  -1.493 0.0000000000
76059  46.983  -15.423  -1.957 0.0000000000
76060  46.031  -15.579  -2.528 0.0000000000
76077  53.824  -17.016  -0.329 0.0000000000
76078  52.627  -17.227  -0.406 0.0000000000
76079  46.500  -14.592  -3.478 0.0000000000
76080  46.115  -15.217  -3.285 0.0000000000
76096  54.312  -18.160  -0.964 0.0000000000
76097  53.580  -18.075  -0.385 0.0000000000
76098  47.011  -14.506  -5.672 0.0000000000
76099  46.456  -14.691  -4.567 0.0000000000
76100  46.126  -14.797  -3.952 0.0000000000
76107  46.497  -14.188  -6.931 0.0000000000
76116  46.623  -14.421  -7.781 0.0000000000
77153  49.888  -13.983  -1.335 0.0000000000
77154  48.390  -13.977  -2.135 0.0000000000
77155  47.674  -14.623  -2.058 0.0000000000
77171  47.884  -13.473  -3.646 0.0000000000
77172  47.361  -14.192  -3.197 0.0000000000
77191  46.968  -14.282  -4.371 0.0000000000
123921  41.815  -22.387  -4.733 0.0000000000
123922  42.050  -22.293  -4.665 0.0000000000
123923  41.903  -23.358  -3.896 0.0000000000
123924  41.993  -22.349  -4.898 0.0000000000
123925  41.834  -23.584  -3.531 0.0000000000
123926  39.908  -25.837  -1.562 0.0000000000
123927  39.692  -26.572  -1.639 0.0000000000
123928  39.723  -25.696  -3.058 0.0000000000
123929  42.385  -21.676  -4.813 0.0000000000
123930  39.742  -23.247  -1.012 0.0000000000
123931  40.742  -24.234  -2.181 0.0000000000
123932  40.685  -23.458  -1.606 0.0000000000
123933  40.289  -23.344  -1.105 0.0000000000
123934  41.817  -20.792  -3.191 0.0000000000
123935  42.311  -21.941  -5.061 0.0000000000
123936  41.997  -22.713  -3.884 0.0000000000
123937  41.409  -23.857  -2.014 0.0000000000
123938  41.972  -23.457  -4.109 0.0000000000
123939  40.562  -23.239  -1.222 0.0000000000
123940  42.004  -20.247  -3.344 0.0000000000
123941  38.851  -23.286  -0.719 0.0000000000
123942  41.453  -21.874  -2.144 0.0000000000
123943  41.536  -23.855  -1.110 0.0000000000
123944  41.497  -22.882  -5.141 0.0000000000
123945  43.324  -20.684  -6.968 0.0000000000
123946  42.482  -20.053  -3.451 0.0000000000
123947  41.686  -20.981  -1.965 0.0000000000
123948  42.045  -22.797  -5.574 0.0000000000
123949  43.448  -20.134  -6.372 0.0000000000
123950  41.963  -20.622  -1.916 0.0000000000
123951  41.932  -22.413  -5.250 0.0000000000
123952  42.795  -19.995  -3.692 0.0000000000
123953  43.621  -20.139  -6.043 0.0000000000
123954  41.854  -20.450  -2.329 0.0000000000
123955  42.573  -21.561  -6.241 0.0000000000
123956  42.646  -19.404  -3.847 0.0000000000
123957  43.715  -20.062  -6.070 0.0000000000
123958  41.992  -20.005  -3.022 0.0000000000
123960  43.789  -19.659  -5.813 0.0000000000
123961  42.721  -19.589  -3.514 0.0000000000
123963  42.969  -19.163  -3.310 0.0000000000
123965  42.917  -19.180  -3.593 0.0000000000
123966  42.805  -19.318  -3.762 0.0000000000
123967  43.043  -19.023  -2.938 0.0000000000
123968  43.095  -18.534  -3.051 0.0000000000
123970  42.576  -20.301  -3.808 0.0000000000
123971  44.072  -18.503  -5.581 0.0000000000
123972  43.383  -18.726  -2.715 0.0000000000
123973  45.394  -17.267  -2.478 0.0000000000
123974  50.300  -23.367  -1.611 0.0000000000
123975  43.492  -20.506  -7.557 0.0000000000
123976  43.100  -19.016  -3.836 0.0000000000
123977  42.998  -19.841  -3.943 0.0000000000
123978  43.910  -19.862  -6.456 0.0000000000
123979  47.720  -19.090  -0.511 0.0000000000
123980  45.507  -17.588  -2.058 0.0000000000
123981  44.588  -18.135  -2.152 0.0000000000
123982  45.734  -17.297  -2.095 0.0000000000
123983  45.710  -15.736  -5.028 0.0000000000
123984  45.256  -16.678  -2.814 0.0000000000
123985  45.590  -16.828  -2.365 0.0000000000
123987  44.841  -16.863  -3.080 0.0000000000
123988  44.557  -16.914  -4.325 0.0000000000
123989  43.088  -20.442  -5.344 0.0000000000
123990  43.927  -19.651  -6.169 0.0000000000
123992  45.621  -17.173  -2.342 0.0000000000
123993  46.058  -17.721  -1.348 0.0000000000
123994  46.891  -18.989  -0.521 0.0000000000
123995  46.241  -19.966  -0.339 0.0000000000
123996  46.023  -18.251  -1.095 0.0000000000
123997  46.039  -17.055  -1.765 0.0000000000
123998  49.989  -22.365  -0.903 0.0000000000
123999  49.131  -20.373  -0.400 0.0000000000
124000  45.274  -17.103  -6.126 0.0000000000
124001  45.828  -17.681  -7.337 0.0000000000
124002  50.705  -22.330  -2.169 0.0000000000
124003  47.523  -18.393  -0.567 0.0000000000
124004  46.627  -18.287  -0.755 0.0000000000
124005  46.628  -17.033  -1.036 0.0000000000
124006  47.738  -20.307  -0.231 0.0000000000
124007  48.486  -19.752  -0.426 0.0000000000
124008  48.785  -19.348  -0.595 0.0000000000
124009  49.093  -19.819  -0.507 0.0000000000
124010  50.560  -20.409  -1.115 0.0000000000
124011  49.644  -20.274  -0.644 0.0000000000
124012  49.525  -21.732  -0.522 0.0000000000
124013  46.379  -16.983  -7.068 0.0000000000
