#!ascii label  , from subject Yale_0050556 vox2ras=TkReg
376
103620  34.682  16.134  4.576 0.0000000000
103621  33.956  15.772  4.753 0.0000000000
103632  37.375  16.368  3.290 0.0000000000
103633  36.566  16.334  3.441 0.0000000000
103635  34.844  16.035  3.661 0.0000000000
103649  41.563  16.262  1.301 0.0000000000
103650  40.666  16.428  1.464 0.0000000000
103651  39.635  16.464  1.626 0.0000000000
103652  38.590  16.320  1.772 0.0000000000
104294  34.923  16.524  4.851 0.0000000000
104295  34.473  16.424  5.056 0.0000000000
104296  33.712  16.297  5.351 0.0000000000
104304  37.788  16.490  3.981 0.0000000000
104305  37.284  16.542  4.133 0.0000000000
104306  36.498  16.588  4.268 0.0000000000
104307  35.504  16.547  4.541 0.0000000000
104313  42.064  16.288  2.139 0.0000000000
104314  41.484  16.311  2.396 0.0000000000
104315  40.662  16.384  2.681 0.0000000000
104316  39.633  16.476  2.976 0.0000000000
104317  38.411  16.484  3.428 0.0000000000
104327  43.475  15.897  0.963 0.0000000000
104328  42.423  16.124  1.140 0.0000000000
104982  34.914  16.864  4.928 0.0000000000
104983  34.282  16.918  5.199 0.0000000000
104984  33.418  16.989  5.507 0.0000000000
104995  37.869  16.859  4.212 0.0000000000
104996  37.224  17.100  4.419 0.0000000000
104997  36.390  17.237  4.506 0.0000000000
104998  35.445  17.258  4.584 0.0000000000
105005  41.951  16.434  2.506 0.0000000000
105006  41.522  16.580  2.826 0.0000000000
105007  40.547  16.780  3.209 0.0000000000
105008  39.538  17.020  3.588 0.0000000000
105009  38.494  17.296  3.882 0.0000000000
105015  44.628  16.260  0.966 0.0000000000
105016  44.033  16.301  1.399 0.0000000000
105017  42.693  16.498  2.134 0.0000000000
105018  41.921  16.936  2.797 0.0000000000
105028  29.789  16.037  4.305 0.0000000000
105036  29.704  16.055  3.702 0.0000000000
105046  30.068  16.962  1.086 0.0000000000
105047  29.931  16.905  1.311 0.0000000000
105048  29.435  16.833  1.617 0.0000000000
105049  28.911  16.569  2.038 0.0000000000
105059  29.877  16.771  0.788 0.0000000000
105060  29.392  16.505  0.479 0.0000000000
105061  28.712  16.355  0.198 0.0000000000
105074  33.171  13.499  0.249 0.0000000000
105075  32.303  13.216  -0.282 0.0000000000
105088  35.386  13.231  -0.215 0.0000000000
105089  34.334  12.778  -0.411 0.0000000000
105103  37.212  13.289  -1.505 0.0000000000
105104  35.943  12.524  -1.591 0.0000000000
105115  41.924  15.388  -4.260 0.0000000000
105116  40.579  14.874  -3.633 0.0000000000
105117  39.542  14.056  -2.766 0.0000000000
105734  34.791  17.256  4.963 0.0000000000
105735  34.149  17.369  5.100 0.0000000000
105736  33.096  17.626  5.330 0.0000000000
105737  32.023  17.956  5.709 0.0000000000
105753  37.796  17.427  4.301 0.0000000000
105754  37.170  17.811  4.391 0.0000000000
105755  36.179  17.755  4.368 0.0000000000
105756  35.060  17.550  4.596 0.0000000000
105757  34.026  17.639  4.817 0.0000000000
105758  33.174  17.832  4.924 0.0000000000
105765  41.221  16.992  3.175 0.0000000000
105766  40.450  17.356  3.372 0.0000000000
105767  39.387  17.798  3.618 0.0000000000
105768  38.124  17.932  3.896 0.0000000000
105769  37.430  18.208  4.056 0.0000000000
105775  44.615  16.532  1.094 0.0000000000
105776  43.922  16.840  1.675 0.0000000000
105777  42.743  17.298  2.270 0.0000000000
105778  41.496  17.537  2.963 0.0000000000
105779  40.431  18.017  3.203 0.0000000000
105780  39.619  18.226  3.242 0.0000000000
105789  45.093  17.313  0.488 0.0000000000
105790  43.962  17.635  1.513 0.0000000000
105791  43.088  17.967  1.845 0.0000000000
105792  30.391  16.505  4.418 0.0000000000
105793  30.079  16.287  4.393 0.0000000000
105794  30.057  16.012  4.363 0.0000000000
105799  45.562  18.182  -0.066 0.0000000000
105800  30.935  16.588  4.020 0.0000000000
105801  30.556  16.566  4.088 0.0000000000
105802  29.896  16.284  3.484 0.0000000000
105808  31.025  16.731  1.409 0.0000000000
105809  30.579  16.955  1.408 0.0000000000
105810  30.662  16.776  3.129 0.0000000000
105811  29.866  16.563  2.939 0.0000000000
105812  29.526  16.537  2.853 0.0000000000
105815  32.900  14.958  1.346 0.0000000000
105816  32.334  15.128  1.203 0.0000000000
105817  31.149  16.016  0.919 0.0000000000
105818  29.874  16.037  0.046 0.0000000000
105819  29.041  15.990  -0.588 0.0000000000
105824  35.000  14.741  0.418 0.0000000000
105825  34.187  14.310  0.316 0.0000000000
105826  33.040  14.405  1.004 0.0000000000
105827  31.472  13.977  -0.021 0.0000000000
105828  30.158  14.551  -0.677 0.0000000000
105829  29.206  15.160  -1.303 0.0000000000
105837  36.971  15.075  -0.303 0.0000000000
105838  36.446  14.581  0.011 0.0000000000
105839  35.228  14.412  0.128 0.0000000000
105840  34.266  13.533  -0.281 0.0000000000
105851  39.880  16.633  -2.705 0.0000000000
105852  39.396  16.306  -2.283 0.0000000000
105853  38.390  15.240  -1.365 0.0000000000
105854  37.279  14.592  -0.500 0.0000000000
105855  36.026  13.232  -0.513 0.0000000000
105864  45.307  17.018  -3.549 0.0000000000
105865  43.106  16.652  -4.049 0.0000000000
105866  41.344  16.217  -3.534 0.0000000000
105867  40.135  15.917  -2.790 0.0000000000
105868  39.080  14.755  -2.078 0.0000000000
105869  38.220  13.742  -1.682 0.0000000000
106469  32.339  18.087  5.184 0.0000000000
106470  31.538  18.590  5.371 0.0000000000
106471  30.672  18.903  5.482 0.0000000000
106472  29.735  19.046  5.514 0.0000000000
106484  36.769  18.145  4.255 0.0000000000
106485  35.923  18.033  4.198 0.0000000000
106486  34.806  17.739  4.212 0.0000000000
106487  33.595  17.624  4.310 0.0000000000
106488  32.562  17.972  4.691 0.0000000000
106489  31.728  18.556  4.895 0.0000000000
106490  31.138  19.182  4.875 0.0000000000
106491  30.418  19.465  4.890 0.0000000000
106492  29.526  19.448  4.905 0.0000000000
106493  28.762  19.217  4.857 0.0000000000
106503  38.856  18.191  3.455 0.0000000000
106504  38.104  18.428  3.520 0.0000000000
106505  36.914  18.173  3.493 0.0000000000
106506  35.564  17.448  3.079 0.0000000000
106507  34.333  17.304  3.402 0.0000000000
106508  33.404  17.341  3.522 0.0000000000
106509  28.380  18.581  4.369 0.0000000000
106517  42.240  17.917  2.319 0.0000000000
106518  41.327  18.186  2.486 0.0000000000
106519  40.256  18.402  2.680 0.0000000000
106520  39.113  18.495  2.746 0.0000000000
106521  37.961  17.269  1.828 0.0000000000
106522  36.550  17.213  1.945 0.0000000000
106523  35.649  17.152  1.927 0.0000000000
106524  29.095  18.150  4.095 0.0000000000
106525  29.645  17.011  4.313 0.0000000000
106531  44.757  18.078  0.705 0.0000000000
106532  43.906  18.438  1.087 0.0000000000
106533  42.566  18.576  1.456 0.0000000000
106534  41.168  18.638  1.833 0.0000000000
106535  39.966  18.559  1.787 0.0000000000
106536  39.016  17.239  1.032 0.0000000000
106537  38.150  16.577  0.514 0.0000000000
106538  30.947  17.110  4.366 0.0000000000
106539  30.403  17.075  4.284 0.0000000000
106540  30.158  16.655  4.443 0.0000000000
106545  45.153  19.003  0.067 0.0000000000
106546  43.940  19.295  0.534 0.0000000000
106547  43.028  19.348  0.583 0.0000000000
106548  31.457  16.942  4.019 0.0000000000
106549  31.217  16.810  4.249 0.0000000000
106550  30.868  16.725  4.320 0.0000000000
106555  32.073  17.012  1.927 0.0000000000
106556  31.591  16.938  1.869 0.0000000000
106557  31.475  16.933  3.416 0.0000000000
106558  31.244  16.767  3.783 0.0000000000
106560  34.070  15.974  1.581 0.0000000000
106561  33.350  15.599  1.674 0.0000000000
106562  32.246  16.562  1.751 0.0000000000
106563  31.638  16.530  1.534 0.0000000000
106565  35.986  16.228  0.319 0.0000000000
106566  35.438  15.579  0.594 0.0000000000
106567  34.316  15.574  1.317 0.0000000000
106568  33.564  15.141  1.405 0.0000000000
106574  38.158  18.260  -2.126 0.0000000000
106575  37.776  17.734  -1.748 0.0000000000
106576  37.170  16.205  -0.556 0.0000000000
106577  36.191  15.972  0.150 0.0000000000
106578  35.633  15.351  0.347 0.0000000000
106587  44.850  19.056  -3.092 0.0000000000
106588  44.015  18.874  -3.007 0.0000000000
106589  42.298  18.258  -2.664 0.0000000000
106590  40.302  17.455  -2.804 0.0000000000
106591  38.624  17.640  -2.123 0.0000000000
106592  37.756  16.299  -1.221 0.0000000000
106593  37.396  15.763  -0.816 0.0000000000
106607  45.662  18.347  -3.055 0.0000000000
106608  43.739  17.657  -3.057 0.0000000000
106609  41.954  17.129  -3.006 0.0000000000
106610  40.883  16.746  -3.076 0.0000000000
107195  32.418  17.347  3.922 0.0000000000
107196  31.460  17.654  4.283 0.0000000000
107197  31.243  19.003  4.404 0.0000000000
107198  30.870  19.650  4.377 0.0000000000
107199  30.199  19.658  4.348 0.0000000000
107200  29.411  19.480  4.301 0.0000000000
107201  28.813  19.163  4.304 0.0000000000
107202  28.555  18.931  4.338 0.0000000000
107209  34.822  17.185  2.425 0.0000000000
107210  33.842  17.203  2.855 0.0000000000
107211  32.928  17.270  3.215 0.0000000000
107212  31.918  17.174  3.611 0.0000000000
107213  31.062  17.993  3.873 0.0000000000
107214  30.972  19.374  3.946 0.0000000000
107215  30.625  19.676  3.966 0.0000000000
107216  30.176  19.467  3.870 0.0000000000
107217  29.309  19.344  3.824 0.0000000000
107218  28.781  18.994  3.970 0.0000000000
107225  37.187  16.555  0.708 0.0000000000
107226  36.129  16.542  1.009 0.0000000000
107227  35.278  17.088  1.487 0.0000000000
107228  34.336  17.181  2.020 0.0000000000
107229  33.309  17.221  2.685 0.0000000000
107230  32.705  17.231  3.044 0.0000000000
107231  30.484  19.046  3.557 0.0000000000
107232  29.958  18.988  3.657 0.0000000000
107233  29.487  18.683  3.861 0.0000000000
107240  42.005  19.112  0.940 0.0000000000
107241  40.833  18.570  0.776 0.0000000000
107242  39.555  17.790  0.435 0.0000000000
107243  38.573  16.867  0.086 0.0000000000
107244  37.632  16.366  -0.074 0.0000000000
107245  36.640  16.331  0.118 0.0000000000
107246  35.669  16.729  0.652 0.0000000000
107247  35.011  17.057  1.330 0.0000000000
107248  30.979  17.393  3.314 0.0000000000
107249  31.104  17.842  4.022 0.0000000000
107250  30.844  17.712  4.135 0.0000000000
107251  30.219  18.233  4.219 0.0000000000
107257  46.299  19.870  -0.768 0.0000000000
107258  45.239  20.179  -0.030 0.0000000000
107259  43.978  20.210  0.242 0.0000000000
107260  42.757  19.886  0.265 0.0000000000
107261  41.500  19.339  0.347 0.0000000000
107262  40.202  18.582  0.210 0.0000000000
107263  39.007  17.691  -0.138 0.0000000000
107264  37.946  16.954  -0.421 0.0000000000
107265  37.007  16.531  -0.454 0.0000000000
107266  36.283  16.508  -0.122 0.0000000000
107267  32.137  17.205  2.918 0.0000000000
107268  31.768  17.200  3.326 0.0000000000
107269  31.543  17.086  3.836 0.0000000000
107270  31.286  17.292  4.198 0.0000000000
107276  32.973  17.163  1.947 0.0000000000
107277  32.412  17.158  2.271 0.0000000000
107278  31.801  17.160  3.068 0.0000000000
107279  31.760  17.053  3.607 0.0000000000
107282  34.907  16.960  0.787 0.0000000000
107283  34.371  16.671  1.181 0.0000000000
107284  33.252  16.962  1.681 0.0000000000
107285  32.672  17.035  1.810 0.0000000000
107288  37.819  19.116  -1.953 0.0000000000
107289  37.326  19.013  -1.901 0.0000000000
107290  36.541  18.329  -1.320 0.0000000000
107291  36.008  17.106  -0.177 0.0000000000
107292  35.260  16.751  0.755 0.0000000000
107293  34.685  16.513  1.107 0.0000000000
107296  42.171  20.043  -2.080 0.0000000000
107297  41.515  19.820  -2.062 0.0000000000
107298  40.058  19.484  -2.219 0.0000000000
107299  38.311  18.965  -2.202 0.0000000000
107300  37.126  18.114  -1.562 0.0000000000
107301  36.422  17.220  -0.765 0.0000000000
107302  36.175  16.881  -0.320 0.0000000000
107308  46.994  20.286  -3.362 0.0000000000
107309  45.154  19.650  -3.090 0.0000000000
107310  42.823  19.729  -2.386 0.0000000000
107311  40.993  18.958  -2.439 0.0000000000
107312  39.414  18.626  -2.467 0.0000000000
107313  38.717  18.570  -2.313 0.0000000000
107323  46.929  19.062  -2.943 0.0000000000
107324  45.982  18.986  -2.883 0.0000000000
107935  31.831  17.129  3.382 0.0000000000
107936  31.218  17.446  3.708 0.0000000000
107937  30.955  18.406  3.757 0.0000000000
107938  30.753  19.576  3.625 0.0000000000
107939  30.551  19.632  3.739 0.0000000000
107948  34.125  17.162  1.890 0.0000000000
107949  33.564  17.185  2.303 0.0000000000
107950  32.581  17.218  2.838 0.0000000000
107951  31.647  17.229  3.468 0.0000000000
107952  31.184  17.752  3.745 0.0000000000
107953  30.885  18.727  3.474 0.0000000000
107954  30.542  19.539  3.513 0.0000000000
107959  35.355  16.846  0.791 0.0000000000
107960  34.755  17.082  1.375 0.0000000000
107961  33.915  17.173  1.943 0.0000000000
107962  33.174  17.209  2.474 0.0000000000
107963  32.425  17.259  3.026 0.0000000000
107964  31.728  17.435  3.678 0.0000000000
107965  31.034  17.681  3.563 0.0000000000
107966  30.746  18.964  3.544 0.0000000000
107974  45.272  21.287  0.008 0.0000000000
107975  43.819  21.182  -0.083 0.0000000000
107976  42.205  20.416  -0.066 0.0000000000
107977  40.847  19.760  -0.224 0.0000000000
107978  39.267  19.279  -0.287 0.0000000000
107979  38.166  18.212  -0.727 0.0000000000
107980  37.234  17.329  -0.893 0.0000000000
107981  36.416  16.877  -0.544 0.0000000000
107982  35.857  16.880  0.298 0.0000000000
107983  35.169  17.060  0.995 0.0000000000
107984  34.360  17.128  1.527 0.0000000000
107985  33.598  17.182  2.031 0.0000000000
107986  32.949  17.219  2.556 0.0000000000
107987  32.210  17.275  3.143 0.0000000000
107988  31.688  17.324  3.531 0.0000000000
107995  43.717  21.773  -0.306 0.0000000000
107996  42.924  21.221  -0.428 0.0000000000
107997  41.666  20.761  -0.475 0.0000000000
107998  40.235  20.254  -0.780 0.0000000000
107999  38.441  19.496  -0.905 0.0000000000
108000  37.423  18.383  -1.309 0.0000000000
108001  36.614  17.779  -0.867 0.0000000000
108002  35.996  17.298  -0.240 0.0000000000
108003  35.534  17.149  0.587 0.0000000000
108004  34.801  17.073  1.197 0.0000000000
108005  33.972  17.157  1.594 0.0000000000
108006  33.217  17.163  2.008 0.0000000000
108007  32.711  17.224  2.489 0.0000000000
108011  40.223  20.345  -1.162 0.0000000000
108012  38.919  19.859  -1.257 0.0000000000
108013  37.634  19.264  -1.479 0.0000000000
108014  36.651  18.547  -1.340 0.0000000000
108015  36.063  17.982  -0.574 0.0000000000
108016  35.686  17.441  0.112 0.0000000000
108017  35.191  17.153  0.876 0.0000000000
108018  34.225  17.050  1.350 0.0000000000
108019  33.672  17.110  1.615 0.0000000000
108022  41.652  20.738  -1.493 0.0000000000
108023  40.461  20.298  -1.445 0.0000000000
108024  39.303  19.928  -1.564 0.0000000000
108025  38.077  19.358  -1.744 0.0000000000
108026  37.002  18.851  -1.643 0.0000000000
108027  36.259  18.174  -1.041 0.0000000000
108028  35.778  17.549  -0.105 0.0000000000
108029  35.425  17.362  0.501 0.0000000000
108032  45.121  21.720  -2.521 0.0000000000
108033  43.548  21.263  -2.172 0.0000000000
108034  42.271  20.497  -1.976 0.0000000000
108035  40.905  20.110  -1.765 0.0000000000
108036  39.570  19.817  -1.882 0.0000000000
108037  38.750  19.620  -1.910 0.0000000000
108042  45.931  20.951  -3.035 0.0000000000
108043  44.198  20.721  -2.637 0.0000000000
108044  43.157  20.587  -2.240 0.0000000000
108630  46.341  22.069  -0.931 0.0000000000
108631  45.248  22.063  -0.202 0.0000000000
108638  46.129  22.706  -1.027 0.0000000000
108639  44.696  22.391  -0.427 0.0000000000
108640  43.604  22.075  -0.582 0.0000000000
108641  42.613  21.349  -0.734 0.0000000000
108642  41.597  21.012  -0.776 0.0000000000
108645  43.320  22.076  -0.904 0.0000000000
108646  42.465  21.427  -0.988 0.0000000000
108647  41.294  20.943  -1.007 0.0000000000
108650  43.467  22.193  -1.284 0.0000000000
108651  42.450  21.338  -1.327 0.0000000000
108652  41.160  20.820  -1.221 0.0000000000
108655  46.673  22.659  -2.387 0.0000000000
108656  44.235  22.388  -1.954 0.0000000000
108657  42.804  21.247  -1.729 0.0000000000
109244  46.089  23.210  -1.411 0.0000000000
109245  44.529  22.798  -0.896 0.0000000000
109246  43.816  22.475  -0.848 0.0000000000
109248  46.259  23.492  -1.755 0.0000000000
109249  45.431  23.307  -1.545 0.0000000000
109250  44.092  22.731  -1.128 0.0000000000
109253  45.741  23.449  -1.891 0.0000000000
109254  44.564  22.946  -1.580 0.0000000000
109258  46.012  23.335  -2.192 0.0000000000
109259  44.991  23.141  -1.893 0.0000000000
109942  46.438  23.607  -1.862 0.0000000000
