#!ascii label  , from subject Yale_0050570 vox2ras=TkReg
667
99750  -10.014  22.149  -29.919 0.0000000000
100562  -13.554  22.643  -31.101 0.0000000000
100563  -13.852  22.499  -31.140 0.0000000000
100564  -14.607  22.148  -31.026 0.0000000000
100572  -11.078  22.622  -30.163 0.0000000000
100573  -11.750  22.045  -30.388 0.0000000000
100574  -12.500  21.698  -30.823 0.0000000000
100575  -13.324  21.899  -31.050 0.0000000000
100577  -15.309  21.196  -31.241 0.0000000000
101371  -10.273  26.001  -27.942 0.0000000000
101372  -11.092  25.038  -27.587 0.0000000000
101373  -11.685  24.814  -28.302 0.0000000000
101384  -11.109  24.481  -29.030 0.0000000000
101385  -12.024  24.143  -29.508 0.0000000000
101386  -12.646  23.660  -30.224 0.0000000000
101387  -13.371  23.153  -30.811 0.0000000000
101388  -14.304  22.953  -30.549 0.0000000000
101389  -15.446  22.329  -30.477 0.0000000000
101390  -16.557  22.082  -30.759 0.0000000000
101391  -17.498  21.878  -31.540 0.0000000000
101398  -7.949  23.125  -30.172 0.0000000000
101399  -8.398  24.491  -29.591 0.0000000000
101400  -10.885  23.655  -29.984 0.0000000000
101401  -11.527  23.470  -30.078 0.0000000000
101402  -12.211  23.102  -30.492 0.0000000000
101403  -12.894  22.800  -30.849 0.0000000000
101404  -13.167  22.744  -31.056 0.0000000000
101405  -16.151  21.486  -31.041 0.0000000000
102145  -6.621  25.307  -29.674 0.0000000000
102146  -11.421  25.898  -26.659 0.0000000000
102147  -11.753  25.081  -27.227 0.0000000000
102148  -12.472  24.630  -28.144 0.0000000000
102149  -13.480  24.462  -28.231 0.0000000000
102150  -14.420  24.262  -28.494 0.0000000000
102151  -15.367  23.959  -28.846 0.0000000000
102152  -16.356  23.543  -29.216 0.0000000000
102153  -16.959  23.345  -29.567 0.0000000000
102162  -7.891  24.800  -29.464 0.0000000000
102163  -12.523  24.161  -29.402 0.0000000000
102164  -13.043  24.029  -29.454 0.0000000000
102165  -13.957  23.728  -29.427 0.0000000000
102166  -14.953  23.377  -29.476 0.0000000000
102167  -16.015  22.923  -29.661 0.0000000000
102168  -17.290  22.670  -30.362 0.0000000000
102169  -18.703  21.726  -31.515 0.0000000000
102170  -19.924  21.585  -31.356 0.0000000000
102171  -20.454  21.990  -31.287 0.0000000000
102172  -20.959  22.764  -31.485 0.0000000000
102173  -22.250  23.286  -31.598 0.0000000000
102174  -23.243  23.432  -32.092 0.0000000000
102178  -19.134  21.311  -32.017 0.0000000000
102179  -19.981  21.098  -31.801 0.0000000000
102180  -20.841  21.321  -31.529 0.0000000000
102181  -21.696  21.887  -31.801 0.0000000000
102955  -12.107  25.710  -26.429 0.0000000000
102956  -12.636  25.569  -26.510 0.0000000000
102957  -12.899  25.533  -26.549 0.0000000000
102964  -11.833  25.350  -26.660 0.0000000000
102965  -12.263  25.128  -26.867 0.0000000000
102966  -13.028  25.094  -27.010 0.0000000000
102967  -13.914  25.017  -27.478 0.0000000000
102968  -14.786  24.885  -27.984 0.0000000000
102969  -15.678  24.510  -28.584 0.0000000000
102970  -16.625  23.941  -29.131 0.0000000000
102978  -17.447  23.265  -30.133 0.0000000000
102979  -18.651  22.418  -31.184 0.0000000000
102980  -20.106  21.995  -31.198 0.0000000000
102981  -20.818  22.463  -31.240 0.0000000000
102982  -20.849  23.629  -31.353 0.0000000000
102983  -21.323  24.300  -31.597 0.0000000000
102984  -22.857  24.144  -32.059 0.0000000000
102987  -20.219  22.335  -30.861 0.0000000000
102988  -21.435  22.818  -31.261 0.0000000000
102989  -20.985  24.444  -31.365 0.0000000000
102990  -21.366  24.532  -31.533 0.0000000000
102991  -21.120  24.645  -31.267 0.0000000000
102992  -21.178  24.821  -31.353 0.0000000000
102993  -21.375  24.766  -31.400 0.0000000000
103730  -12.359  26.426  -26.043 0.0000000000
103731  -12.681  26.490  -26.002 0.0000000000
103732  -13.153  26.627  -26.053 0.0000000000
103733  -13.406  26.731  -26.100 0.0000000000
103741  -12.048  26.297  -26.167 0.0000000000
103742  -12.475  26.086  -26.216 0.0000000000
103743  -13.039  25.968  -26.296 0.0000000000
103744  -13.615  26.396  -26.393 0.0000000000
103745  -13.971  26.397  -26.545 0.0000000000
103753  -13.130  25.552  -26.602 0.0000000000
103754  -13.505  25.634  -26.729 0.0000000000
103755  -14.205  25.844  -27.028 0.0000000000
103756  -15.050  25.443  -27.839 0.0000000000
103757  -15.940  24.863  -28.567 0.0000000000
103765  -16.966  24.105  -29.513 0.0000000000
103766  -18.407  23.100  -31.244 0.0000000000
103767  -19.511  22.490  -31.411 0.0000000000
103772  -19.146  22.940  -31.362 0.0000000000
103773  -20.479  22.653  -31.610 0.0000000000
103774  -20.327  22.830  -30.728 0.0000000000
103776  -20.607  22.791  -31.565 0.0000000000
103777  -20.931  23.844  -30.765 0.0000000000
103778  -21.335  24.887  -31.428 0.0000000000
103780  -20.622  21.696  -31.443 0.0000000000
103781  -21.608  21.389  -31.945 0.0000000000
103782  -18.730  22.149  -31.783 0.0000000000
103783  -20.219  21.941  -31.679 0.0000000000
103784  -22.688  21.467  -32.222 0.0000000000
103790  -17.930  22.310  -32.295 0.0000000000
104498  -12.240  26.789  -25.892 0.0000000000
104499  -12.731  26.988  -25.839 0.0000000000
104500  -13.276  27.044  -26.021 0.0000000000
104501  -13.383  27.202  -26.181 0.0000000000
104510  -13.604  26.798  -26.217 0.0000000000
104511  -13.843  26.843  -26.439 0.0000000000
104512  -14.173  26.852  -26.830 0.0000000000
104518  -14.124  26.391  -26.722 0.0000000000
104519  -14.415  26.348  -27.124 0.0000000000
104520  -15.194  25.819  -27.904 0.0000000000
104525  -16.019  25.095  -28.744 0.0000000000
104526  -17.123  24.406  -29.783 0.0000000000
104530  -18.142  23.779  -30.850 0.0000000000
104531  -19.446  23.006  -31.517 0.0000000000
104534  -17.331  24.448  -30.954 0.0000000000
104535  -18.244  23.759  -31.241 0.0000000000
104536  -21.127  22.339  -32.013 0.0000000000
104537  -20.380  24.451  -31.154 0.0000000000
104538  -22.075  25.278  -31.586 0.0000000000
104540  -15.788  24.697  -31.042 0.0000000000
104541  -17.010  24.296  -31.127 0.0000000000
104542  -20.013  22.117  -31.508 0.0000000000
104543  -21.309  22.610  -31.963 0.0000000000
104544  -21.152  25.048  -31.311 0.0000000000
104549  -15.272  24.268  -31.391 0.0000000000
104550  -18.050  22.735  -31.667 0.0000000000
104551  -19.670  21.963  -31.509 0.0000000000
104562  -16.180  23.026  -32.026 0.0000000000
104563  -17.288  22.817  -32.007 0.0000000000
105302  -11.946  27.120  -25.818 0.0000000000
105303  -12.216  27.323  -25.795 0.0000000000
105304  -12.659  27.545  -25.880 0.0000000000
105305  -13.110  27.434  -26.030 0.0000000000
105313  -12.808  27.781  -26.037 0.0000000000
105314  -13.270  27.484  -26.354 0.0000000000
105315  -13.947  27.135  -26.662 0.0000000000
105319  -13.610  27.436  -26.758 0.0000000000
105320  -14.366  26.845  -27.286 0.0000000000
105321  -15.229  25.985  -28.122 0.0000000000
105326  -14.740  26.519  -28.054 0.0000000000
105327  -15.761  25.421  -28.917 0.0000000000
105328  -16.940  24.744  -29.823 0.0000000000
105332  -14.798  26.241  -28.752 0.0000000000
105333  -15.907  25.297  -29.600 0.0000000000
105334  -17.263  24.528  -30.409 0.0000000000
105337  -13.196  26.214  -29.585 0.0000000000
105338  -14.363  26.098  -29.593 0.0000000000
105339  -16.578  24.845  -30.511 0.0000000000
105340  -17.418  24.460  -30.676 0.0000000000
105343  -12.365  26.197  -30.406 0.0000000000
105344  -13.118  25.857  -30.156 0.0000000000
105345  -15.170  25.055  -30.643 0.0000000000
105346  -16.244  24.850  -30.705 0.0000000000
105354  -14.675  24.812  -30.917 0.0000000000
106061  -11.722  27.506  -25.892 0.0000000000
106062  -11.988  27.892  -25.925 0.0000000000
106063  -12.251  28.100  -26.068 0.0000000000
106070  -12.515  28.116  -26.275 0.0000000000
106071  -12.899  27.952  -26.613 0.0000000000
106079  -13.364  27.694  -27.116 0.0000000000
106080  -14.048  27.235  -27.600 0.0000000000
106089  -13.248  27.614  -27.704 0.0000000000
106090  -14.054  27.071  -28.142 0.0000000000
106097  -13.025  27.300  -28.356 0.0000000000
106098  -13.790  26.749  -28.800 0.0000000000
106104  -11.983  27.112  -29.439 0.0000000000
106105  -12.624  26.573  -29.216 0.0000000000
106106  -13.407  26.450  -29.108 0.0000000000
106112  -11.945  26.794  -30.249 0.0000000000
106113  -12.327  26.275  -29.874 0.0000000000
106793  -11.450  28.281  -26.044 0.0000000000
106794  -11.626  28.514  -26.200 0.0000000000
106795  -11.731  28.607  -26.404 0.0000000000
106803  -11.837  28.522  -26.668 0.0000000000
106804  -12.434  28.195  -26.918 0.0000000000
106812  -11.568  28.572  -27.213 0.0000000000
106813  -12.315  28.058  -27.400 0.0000000000
106819  -11.600  28.583  -27.834 0.0000000000
106820  -12.149  27.806  -27.978 0.0000000000
106826  -11.685  28.459  -28.528 0.0000000000
106827  -12.051  27.515  -28.694 0.0000000000
106834  -11.696  28.228  -29.625 0.0000000000
106835  -12.113  27.325  -29.155 0.0000000000
106841  -11.188  28.084  -30.944 0.0000000000
107555  -11.162  28.917  -26.571 0.0000000000
107556  -11.330  29.090  -26.348 0.0000000000
107557  -11.282  29.290  -26.466 0.0000000000
107558  -11.225  29.336  -26.707 0.0000000000
107566  -11.109  29.320  -27.137 0.0000000000
107573  -11.082  29.318  -27.732 0.0000000000
107578  -11.175  29.305  -28.414 0.0000000000
107584  -11.343  29.363  -29.106 0.0000000000
107590  -10.486  29.460  -29.719 0.0000000000
107596  -10.339  29.247  -30.587 0.0000000000
108275  -11.030  29.895  -26.860 0.0000000000
108276  -11.217  29.970  -26.683 0.0000000000
108277  -11.110  30.118  -26.849 0.0000000000
108288  -11.006  30.198  -27.192 0.0000000000
108301  -10.952  30.199  -27.678 0.0000000000
108314  -11.135  30.280  -28.328 0.0000000000
108323  -11.248  30.353  -28.936 0.0000000000
108331  -10.648  30.314  -29.496 0.0000000000
108340  -10.491  30.096  -30.633 0.0000000000
108963  -11.042  30.935  -27.019 0.0000000000
108964  -11.049  30.564  -26.952 0.0000000000
108976  -11.036  31.842  -27.467 0.0000000000
108977  -10.978  31.140  -27.357 0.0000000000
108990  -11.023  30.966  -27.681 0.0000000000
109001  -11.196  31.136  -28.214 0.0000000000
109014  -11.381  31.351  -28.911 0.0000000000
109015  -11.523  31.856  -29.152 0.0000000000
109030  -11.337  31.162  -29.404 0.0000000000
109031  -11.484  31.689  -29.332 0.0000000000
109053  -10.923  31.377  -30.246 0.0000000000
109054  -11.333  31.565  -29.598 0.0000000000
109680  -11.222  33.277  -28.443 0.0000000000
109681  -10.934  31.960  -27.834 0.0000000000
109714  -11.382  31.837  -28.663 0.0000000000
109715  -11.450  32.091  -29.149 0.0000000000
109728  -11.379  32.086  -29.408 0.0000000000
109748  -11.002  32.741  -29.975 0.0000000000
109749  -11.291  31.902  -29.663 0.0000000000
110392  -11.325  33.889  -28.401 0.0000000000
110393  -11.395  34.045  -28.261 0.0000000000
110394  -11.037  32.796  -27.964 0.0000000000
110395  -10.895  31.819  -27.634 0.0000000000
110407  -11.343  33.900  -28.633 0.0000000000
110408  -11.681  34.274  -28.620 0.0000000000
110409  -11.217  33.416  -28.109 0.0000000000
110421  -11.334  33.714  -28.876 0.0000000000
110422  -11.669  34.106  -28.763 0.0000000000
110434  -11.176  33.574  -29.337 0.0000000000
110435  -11.394  33.841  -29.648 0.0000000000
110450  -10.790  32.684  -30.008 0.0000000000
110451  -11.383  33.492  -29.756 0.0000000000
111151  -11.699  34.437  -28.276 0.0000000000
111152  -11.449  33.958  -28.026 0.0000000000
111153  -11.207  33.147  -27.787 0.0000000000
111154  -11.040  32.057  -27.427 0.0000000000
111164  -11.917  34.927  -28.611 0.0000000000
111165  -11.801  34.814  -28.324 0.0000000000
111166  -11.536  34.370  -28.082 0.0000000000
111167  -11.416  33.722  -27.991 0.0000000000
111168  -11.567  33.985  -28.408 0.0000000000
111177  -11.708  34.191  -29.153 0.0000000000
111178  -11.831  34.598  -29.002 0.0000000000
111179  -11.641  33.862  -28.978 0.0000000000
111183  -11.625  33.970  -29.206 0.0000000000
111184  -11.679  34.333  -29.454 0.0000000000
111200  -11.342  34.413  -30.489 0.0000000000
111201  -11.419  33.967  -29.868 0.0000000000
111217  -9.954  34.190  -31.897 0.0000000000
111218  -10.257  33.924  -31.244 0.0000000000
111227  -10.135  34.970  -32.275 0.0000000000
111228  -10.247  34.584  -31.781 0.0000000000
111239  -9.686  34.312  -32.405 0.0000000000
111899  -12.116  35.633  -28.749 0.0000000000
111900  -12.050  35.819  -28.593 0.0000000000
111901  -11.917  35.373  -28.354 0.0000000000
111902  -11.766  34.991  -28.226 0.0000000000
111903  -11.892  34.888  -28.433 0.0000000000
111907  -12.157  35.840  -29.013 0.0000000000
111908  -11.970  36.061  -28.784 0.0000000000
111909  -11.962  34.932  -29.056 0.0000000000
111910  -11.505  34.291  -30.284 0.0000000000
111922  -11.925  35.429  -29.482 0.0000000000
111923  -10.376  35.292  -32.057 0.0000000000
111941  -11.460  35.692  -30.585 0.0000000000
111942  -11.723  34.990  -30.008 0.0000000000
111943  -10.558  36.318  -32.150 0.0000000000
111952  -10.523  35.344  -31.071 0.0000000000
111953  -10.410  36.713  -32.344 0.0000000000
111964  -10.306  35.861  -32.551 0.0000000000
111965  -10.091  35.201  -31.672 0.0000000000
111966  -9.539  36.946  -33.531 0.0000000000
111967  -10.072  35.982  -33.236 0.0000000000
111976  -9.894  35.314  -33.214 0.0000000000
111981  -9.644  34.929  -34.116 0.0000000000
112719  -12.023  36.564  -28.732 0.0000000000
112720  -12.012  36.302  -28.604 0.0000000000
112721  -11.930  35.962  -28.400 0.0000000000
112722  -11.973  35.543  -28.359 0.0000000000
112727  -11.960  36.660  -29.074 0.0000000000
112728  -11.968  36.949  -28.913 0.0000000000
112729  -12.056  37.166  -28.976 0.0000000000
112730  -12.053  36.873  -28.827 0.0000000000
112731  -12.282  36.183  -28.842 0.0000000000
112732  -12.014  36.101  -29.813 0.0000000000
112747  -11.818  36.811  -29.426 0.0000000000
112748  -11.907  37.044  -29.138 0.0000000000
112749  -11.790  36.248  -30.767 0.0000000000
112765  -10.727  37.028  -30.422 0.0000000000
112766  -11.741  36.173  -30.039 0.0000000000
112767  -11.436  36.761  -31.509 0.0000000000
112776  -10.386  36.634  -31.032 0.0000000000
112777  -11.281  37.133  -32.066 0.0000000000
112785  -9.994  36.734  -32.479 0.0000000000
112786  -10.415  36.205  -31.865 0.0000000000
112787  -10.350  37.671  -32.967 0.0000000000
112788  -10.671  37.255  -32.623 0.0000000000
112792  -9.847  36.585  -33.238 0.0000000000
112793  -9.461  37.589  -33.330 0.0000000000
112799  -9.245  36.194  -34.233 0.0000000000
112802  -9.285  37.609  -33.900 0.0000000000
113565  -11.715  38.458  -29.142 0.0000000000
113566  -11.963  38.128  -29.062 0.0000000000
113567  -12.102  37.920  -29.106 0.0000000000
113568  -12.148  37.560  -29.213 0.0000000000
113569  -12.296  37.365  -29.520 0.0000000000
113588  -11.089  38.256  -29.566 0.0000000000
113589  -11.700  37.754  -29.241 0.0000000000
113590  -12.397  37.418  -30.160 0.0000000000
113604  -10.459  38.143  -30.469 0.0000000000
113605  -10.935  37.546  -29.915 0.0000000000
113606  -12.187  37.565  -30.800 0.0000000000
113615  -10.227  37.943  -31.083 0.0000000000
113616  -11.969  37.771  -31.442 0.0000000000
113621  -9.658  37.727  -32.908 0.0000000000
113622  -9.893  37.533  -31.867 0.0000000000
113623  -11.129  38.187  -32.558 0.0000000000
113624  -11.584  37.966  -32.011 0.0000000000
113629  -9.174  37.761  -33.672 0.0000000000
113630  -10.128  38.690  -33.263 0.0000000000
113631  -10.512  38.359  -33.040 0.0000000000
113639  -8.776  37.842  -34.671 0.0000000000
113641  -9.317  38.383  -33.661 0.0000000000
113642  -9.551  38.010  -33.163 0.0000000000
114445  -11.414  39.617  -29.201 0.0000000000
114446  -11.788  39.266  -29.128 0.0000000000
114447  -12.056  39.012  -29.170 0.0000000000
114448  -12.333  38.786  -29.384 0.0000000000
114449  -12.406  38.099  -29.454 0.0000000000
114464  -10.735  39.522  -29.679 0.0000000000
114465  -11.220  38.969  -29.315 0.0000000000
114466  -12.528  39.260  -29.594 0.0000000000
114467  -12.538  38.613  -29.760 0.0000000000
114477  -10.452  39.353  -31.165 0.0000000000
114478  -10.515  38.840  -30.089 0.0000000000
114479  -12.517  38.543  -30.280 0.0000000000
114484  -9.930  38.932  -31.860 0.0000000000
114485  -12.237  38.570  -30.733 0.0000000000
114489  -9.577  38.971  -33.427 0.0000000000
114490  -9.744  38.609  -32.575 0.0000000000
114491  -11.461  38.883  -31.726 0.0000000000
114492  -11.874  38.721  -31.203 0.0000000000
114497  -8.891  39.110  -34.140 0.0000000000
114498  -10.686  39.216  -33.042 0.0000000000
114499  -11.152  39.063  -32.454 0.0000000000
114509  -9.229  39.117  -33.836 0.0000000000
114510  -9.984  39.229  -33.413 0.0000000000
115234  -11.265  40.525  -29.210 0.0000000000
115235  -11.582  40.259  -29.133 0.0000000000
115236  -11.905  40.030  -29.140 0.0000000000
115237  -12.167  39.875  -29.274 0.0000000000
115247  -10.807  40.735  -29.956 0.0000000000
115248  -11.004  40.105  -29.367 0.0000000000
115249  -12.365  39.858  -29.542 0.0000000000
115250  -12.554  39.736  -29.771 0.0000000000
115254  -10.596  40.858  -31.532 0.0000000000
115255  -10.574  40.158  -30.491 0.0000000000
115256  -12.607  39.536  -30.041 0.0000000000
115260  -10.015  40.353  -32.038 0.0000000000
115261  -12.208  40.157  -30.534 0.0000000000
115262  -12.463  39.427  -30.369 0.0000000000
115265  -8.954  40.466  -33.651 0.0000000000
115266  -9.666  39.791  -32.748 0.0000000000
115267  -11.669  39.715  -31.020 0.0000000000
115268  -12.170  39.336  -30.725 0.0000000000
115274  -8.353  40.287  -34.458 0.0000000000
115275  -10.805  39.972  -32.293 0.0000000000
115276  -11.251  39.623  -31.655 0.0000000000
115286  -9.582  40.106  -33.690 0.0000000000
115287  -10.336  39.823  -33.016 0.0000000000
115299  -8.798  40.182  -34.208 0.0000000000
115981  -11.248  40.895  -29.246 0.0000000000
115982  -11.469  40.992  -29.210 0.0000000000
115983  -11.714  41.016  -29.256 0.0000000000
115984  -12.021  40.628  -29.229 0.0000000000
115993  -10.850  41.828  -30.163 0.0000000000
115994  -11.114  41.176  -29.505 0.0000000000
115995  -11.338  41.344  -29.417 0.0000000000
115996  -11.948  41.283  -29.405 0.0000000000
115997  -12.221  40.828  -29.441 0.0000000000
115998  -12.444  40.616  -29.716 0.0000000000
116003  -10.286  41.575  -31.329 0.0000000000
116004  -10.800  41.611  -31.118 0.0000000000
116005  -12.568  40.451  -29.958 0.0000000000
116010  -9.994  41.867  -32.023 0.0000000000
116011  -10.379  42.012  -31.494 0.0000000000
116012  -12.209  41.146  -30.360 0.0000000000
116013  -12.504  40.316  -30.187 0.0000000000
116018  -8.739  42.134  -33.665 0.0000000000
116019  -9.527  41.303  -32.947 0.0000000000
116020  -11.047  41.535  -31.062 0.0000000000
116021  -11.767  40.906  -30.793 0.0000000000
116030  -7.733  41.556  -34.064 0.0000000000
116031  -9.918  41.709  -32.231 0.0000000000
116032  -10.463  41.074  -31.664 0.0000000000
116033  -11.078  40.438  -31.251 0.0000000000
116042  -9.444  41.251  -33.151 0.0000000000
116043  -10.206  40.692  -32.707 0.0000000000
116052  -8.857  40.816  -34.086 0.0000000000
116712  -11.522  41.341  -29.354 0.0000000000
116713  -11.551  41.569  -29.434 0.0000000000
116719  -10.794  42.447  -30.218 0.0000000000
116720  -10.964  42.257  -29.918 0.0000000000
116721  -11.292  41.957  -29.638 0.0000000000
116722  -11.640  41.974  -29.582 0.0000000000
116723  -11.997  41.962  -29.660 0.0000000000
116724  -12.285  41.390  -29.698 0.0000000000
116728  -10.732  42.617  -30.875 0.0000000000
116729  -12.081  42.139  -29.879 0.0000000000
116730  -12.388  41.299  -29.910 0.0000000000
116734  -9.717  42.939  -32.201 0.0000000000
116735  -10.189  42.819  -31.605 0.0000000000
116736  -12.096  42.045  -30.125 0.0000000000
116737  -12.430  41.063  -30.072 0.0000000000
116744  -8.322  43.048  -33.487 0.0000000000
116745  -9.133  42.909  -32.861 0.0000000000
116746  -11.029  42.311  -31.068 0.0000000000
116747  -11.596  42.265  -30.638 0.0000000000
116757  -7.360  43.150  -34.230 0.0000000000
116758  -9.900  42.394  -32.089 0.0000000000
116759  -10.414  42.257  -31.527 0.0000000000
116767  -8.615  42.920  -33.613 0.0000000000
116768  -9.192  42.578  -32.996 0.0000000000
116778  -8.713  41.721  -33.827 0.0000000000
117498  -10.731  43.032  -30.295 0.0000000000
117499  -10.950  43.091  -29.924 0.0000000000
117500  -11.251  43.067  -29.752 0.0000000000
117501  -11.625  43.039  -29.746 0.0000000000
117502  -11.852  43.051  -29.833 0.0000000000
117508  -9.905  44.108  -31.694 0.0000000000
117509  -10.393  43.786  -31.318 0.0000000000
117510  -11.923  43.123  -30.037 0.0000000000
117516  -8.680  44.405  -32.805 0.0000000000
117517  -9.498  43.988  -32.329 0.0000000000
117518  -9.976  43.581  -31.622 0.0000000000
117519  -11.809  43.247  -30.307 0.0000000000
117528  -6.640  44.769  -34.320 0.0000000000
117529  -7.827  44.225  -33.438 0.0000000000
117530  -8.897  43.705  -32.779 0.0000000000
117531  -10.347  43.391  -31.414 0.0000000000
117532  -10.596  43.104  -31.082 0.0000000000
117533  -11.449  43.659  -30.699 0.0000000000
117542  -7.126  44.041  -34.128 0.0000000000
117543  -10.066  43.158  -31.859 0.0000000000
117544  -10.351  42.808  -31.388 0.0000000000
117550  -8.379  43.372  -33.403 0.0000000000
117551  -9.196  43.738  -32.679 0.0000000000
118287  -10.496  43.957  -30.166 0.0000000000
118288  -10.767  44.250  -29.872 0.0000000000
118289  -11.255  44.109  -29.753 0.0000000000
118290  -11.610  44.045  -29.817 0.0000000000
118291  -11.788  44.047  -29.973 0.0000000000
118297  -9.555  44.787  -31.324 0.0000000000
118298  -9.985  44.735  -30.430 0.0000000000
118299  -10.258  44.776  -30.002 0.0000000000
118300  -11.821  44.095  -30.209 0.0000000000
118306  -8.351  45.085  -32.735 0.0000000000
118307  -8.989  45.177  -32.053 0.0000000000
118308  -11.705  44.131  -30.472 0.0000000000
118317  -7.125  45.692  -33.606 0.0000000000
118318  -10.303  43.942  -31.494 0.0000000000
118319  -11.062  44.367  -31.220 0.0000000000
118320  -11.515  44.612  -30.789 0.0000000000
118329  -9.613  44.425  -32.149 0.0000000000
118337  -8.144  44.379  -33.327 0.0000000000
118338  -8.771  44.868  -32.834 0.0000000000
119073  -10.271  45.446  -29.886 0.0000000000
119074  -10.863  45.169  -29.741 0.0000000000
119075  -11.340  44.982  -29.738 0.0000000000
119076  -11.580  44.916  -29.891 0.0000000000
119083  -9.010  46.075  -31.671 0.0000000000
119084  -9.594  45.614  -30.688 0.0000000000
119085  -9.877  45.321  -30.076 0.0000000000
119086  -11.693  44.951  -30.148 0.0000000000
119096  -7.441  46.392  -32.993 0.0000000000
119097  -8.609  45.955  -32.580 0.0000000000
119098  -11.363  45.644  -30.819 0.0000000000
119099  -11.674  44.924  -30.526 0.0000000000
119109  -6.749  46.445  -33.630 0.0000000000
119110  -10.274  45.450  -31.772 0.0000000000
119111  -11.204  45.269  -31.102 0.0000000000
119112  -11.566  45.138  -30.831 0.0000000000
119120  -9.127  45.526  -32.450 0.0000000000
119128  -7.754  45.576  -33.305 0.0000000000
119129  -8.491  45.548  -32.838 0.0000000000
119830  -10.120  46.388  -30.130 0.0000000000
119831  -10.508  46.092  -29.872 0.0000000000
119832  -11.013  45.998  -29.927 0.0000000000
119833  -11.384  45.458  -29.848 0.0000000000
119842  -8.869  47.334  -32.192 0.0000000000
119843  -9.419  46.655  -31.175 0.0000000000
119844  -9.838  46.086  -30.339 0.0000000000
119845  -11.070  46.420  -30.149 0.0000000000
119846  -11.365  45.841  -30.081 0.0000000000
119855  -7.171  47.715  -33.263 0.0000000000
119856  -8.239  46.991  -32.561 0.0000000000
119857  -10.962  46.500  -30.805 0.0000000000
119858  -11.469  45.737  -30.446 0.0000000000
119864  -6.252  47.240  -33.723 0.0000000000
119865  -9.834  46.985  -31.769 0.0000000000
119866  -10.705  46.253  -31.227 0.0000000000
119872  -7.972  47.396  -32.742 0.0000000000
119873  -9.104  46.620  -32.299 0.0000000000
119878  -7.351  46.871  -33.309 0.0000000000
119879  -8.231  46.237  -32.735 0.0000000000
120587  -10.041  46.740  -30.314 0.0000000000
120588  -10.282  46.728  -30.254 0.0000000000
120589  -10.551  46.680  -30.186 0.0000000000
120597  -8.629  48.096  -32.251 0.0000000000
120598  -9.195  47.798  -31.858 0.0000000000
120599  -9.822  47.205  -30.862 0.0000000000
120600  -10.237  47.476  -30.775 0.0000000000
120601  -10.563  47.121  -30.547 0.0000000000
120602  -10.988  46.629  -30.299 0.0000000000
120609  -6.652  48.547  -33.341 0.0000000000
120610  -7.828  48.321  -32.787 0.0000000000
120611  -10.472  47.299  -30.731 0.0000000000
120612  -11.133  46.411  -30.422 0.0000000000
120618  -5.875  48.698  -34.309 0.0000000000
120619  -9.441  47.784  -31.645 0.0000000000
120620  -10.028  47.637  -31.331 0.0000000000
120626  -7.810  48.274  -32.818 0.0000000000
120627  -8.715  48.062  -32.269 0.0000000000
120631  -7.027  48.369  -33.435 0.0000000000
121334  -8.408  48.925  -32.479 0.0000000000
121335  -9.169  48.706  -31.870 0.0000000000
121336  -9.764  48.579  -31.564 0.0000000000
121337  -9.980  48.532  -31.260 0.0000000000
121338  -10.121  48.423  -31.115 0.0000000000
121343  -6.247  49.445  -33.606 0.0000000000
121344  -7.237  49.575  -32.987 0.0000000000
121345  -9.894  48.568  -31.404 0.0000000000
121350  -6.143  49.878  -35.298 0.0000000000
121351  -9.224  48.445  -31.828 0.0000000000
121352  -9.407  49.222  -31.981 0.0000000000
121357  -7.681  49.297  -32.913 0.0000000000
121358  -8.640  49.654  -32.421 0.0000000000
121359  -8.900  50.225  -32.231 0.0000000000
121363  -6.913  50.101  -33.709 0.0000000000
121991  -8.215  49.941  -32.230 0.0000000000
121992  -9.093  49.819  -32.080 0.0000000000
121993  -9.436  49.800  -31.872 0.0000000000
121994  -9.611  49.863  -31.723 0.0000000000
121995  -9.824  49.162  -31.527 0.0000000000
122000  -6.359  50.685  -33.978 0.0000000000
122001  -7.407  50.313  -32.852 0.0000000000
122002  -9.338  50.636  -31.986 0.0000000000
122003  -9.562  50.026  -31.914 0.0000000000
122010  -6.282  50.329  -35.241 0.0000000000
122011  -8.477  51.489  -32.179 0.0000000000
122012  -9.110  50.449  -32.167 0.0000000000
122018  -7.534  51.320  -33.233 0.0000000000
122019  -8.347  51.102  -32.352 0.0000000000
122020  -8.795  50.788  -32.263 0.0000000000
122631  -7.619  50.976  -32.796 0.0000000000
122632  -8.090  51.006  -32.353 0.0000000000
122633  -8.546  51.105  -31.903 0.0000000000
122634  -8.842  51.289  -31.863 0.0000000000
122640  -5.312  52.123  -34.893 0.0000000000
122641  -6.816  51.593  -33.750 0.0000000000
122642  -8.829  51.696  -31.919 0.0000000000
122643  -9.157  51.184  -32.033 0.0000000000
122649  -8.469  52.390  -32.301 0.0000000000
122650  -9.019  51.059  -32.197 0.0000000000
122654  -7.353  53.030  -33.549 0.0000000000
122655  -7.862  52.971  -32.900 0.0000000000
123266  -6.958  52.866  -34.428 0.0000000000
123267  -7.265  52.227  -33.291 0.0000000000
123268  -7.936  52.321  -32.565 0.0000000000
123269  -8.376  52.528  -32.291 0.0000000000
123270  -8.581  52.989  -32.242 0.0000000000
123277  -5.760  52.933  -34.631 0.0000000000
123278  -6.898  52.360  -34.129 0.0000000000
123279  -8.363  53.638  -32.516 0.0000000000
123284  -8.023  54.336  -32.918 0.0000000000
123288  -7.733  54.730  -33.282 0.0000000000
123868  -5.915  53.785  -34.508 0.0000000000
123869  -6.990  53.472  -34.176 0.0000000000
123870  -7.386  53.509  -33.374 0.0000000000
123871  -7.862  53.728  -32.808 0.0000000000
123872  -8.237  54.091  -32.647 0.0000000000
123878  -4.167  54.420  -35.333 0.0000000000
123879  -8.239  54.667  -32.850 0.0000000000
123882  -8.382  55.427  -33.346 0.0000000000
124464  -6.443  54.185  -34.380 0.0000000000
124465  -7.160  54.462  -34.527 0.0000000000
124466  -7.464  54.894  -33.268 0.0000000000
124467  -8.012  55.251  -33.000 0.0000000000
124468  -8.229  55.363  -32.815 0.0000000000
124474  -5.098  55.051  -34.731 0.0000000000
124475  -6.166  55.454  -34.101 0.0000000000
124476  -8.290  56.095  -33.245 0.0000000000
124477  -8.325  56.210  -33.809 0.0000000000
125109  -7.316  55.526  -34.103 0.0000000000
125110  -7.727  56.209  -33.172 0.0000000000
125111  -8.206  56.330  -33.096 0.0000000000
125115  -4.805  56.165  -34.399 0.0000000000
125116  -6.492  56.242  -34.052 0.0000000000
125117  -7.658  56.760  -33.970 0.0000000000
125118  -8.826  57.072  -34.079 0.0000000000
125119  -9.276  57.095  -34.346 0.0000000000
125121  -10.403  57.623  -34.933 0.0000000000
125760  -5.801  56.708  -34.056 0.0000000000
125761  -7.371  56.789  -34.915 0.0000000000
125762  -8.562  57.734  -34.707 0.0000000000
125765  -9.959  58.062  -35.069 0.0000000000
126317  -7.163  57.116  -34.814 0.0000000000
126318  -8.222  57.833  -35.566 0.0000000000
126319  -9.480  58.634  -35.519 0.0000000000
138322  -9.104  23.078  -30.194 0.0000000000
138324  -9.134  24.746  -29.362 0.0000000000
138325  -9.819  24.077  -29.854 0.0000000000
138326  -9.633  25.197  -29.418 0.0000000000
138327  -9.868  25.210  -29.418 0.0000000000
138328  -8.570  24.790  -29.300 0.0000000000
138329  -10.414  24.600  -29.527 0.0000000000
138330  -8.884  25.187  -29.298 0.0000000000
138331  -10.031  25.665  -29.087 0.0000000000
138332  -8.004  25.940  -29.401 0.0000000000
138333  -9.319  25.474  -29.347 0.0000000000
138335  -9.633  25.441  -29.390 0.0000000000
138337  -9.734  25.925  -28.732 0.0000000000
138339  -8.694  26.520  -29.369 0.0000000000
138340  -9.067  27.017  -29.342 0.0000000000
138341  -9.632  26.478  -29.181 0.0000000000
138342  -9.532  27.402  -29.377 0.0000000000
138343  -11.692  26.838  -26.005 0.0000000000
138345  -9.823  28.232  -29.186 0.0000000000
138346  -10.268  29.916  -29.495 0.0000000000
138347  -10.373  29.326  -28.631 0.0000000000
138348  -11.015  30.499  -28.765 0.0000000000
138349  -11.196  27.574  -26.549 0.0000000000
138350  -10.921  30.200  -28.335 0.0000000000
138351  -10.713  29.815  -28.228 0.0000000000
138352  -10.798  29.699  -27.725 0.0000000000
138353  -11.057  31.689  -28.316 0.0000000000
138354  -10.953  30.662  -27.222 0.0000000000
138355  -11.045  31.374  -27.854 0.0000000000
138356  -11.032  31.674  -27.931 0.0000000000
138357  -10.955  32.184  -27.946 0.0000000000
138358  -11.211  32.830  -28.661 0.0000000000
138359  -11.307  31.409  -29.113 0.0000000000
138360  -11.244  32.610  -29.007 0.0000000000
138362  -11.094  32.756  -27.823 0.0000000000
138363  -11.021  32.212  -27.791 0.0000000000
138365  -11.178  33.098  -28.278 0.0000000000
138366  -11.091  32.035  -28.200 0.0000000000
138368  -10.321  32.441  -31.359 0.0000000000
138369  -11.452  32.403  -28.954 0.0000000000
138370  -10.120  33.189  -31.536 0.0000000000
138371  -11.390  33.705  -29.472 0.0000000000
138372  -11.301  33.074  -29.026 0.0000000000
138377  -11.391  33.428  -29.683 0.0000000000
138386  -11.019  33.525  -30.654 0.0000000000
138398  -9.894  35.181  -33.139 0.0000000000
138404  -10.314  32.086  -31.569 0.0000000000
138407  -10.101  33.469  -31.720 0.0000000000
