#!ascii label  , from subject Yale_0050570 vox2ras=TkReg
385
121377  45.491  48.292  -21.818 0.0000000000
121967  35.822  49.280  -5.667 0.0000000000
121968  34.941  49.435  -5.229 0.0000000000
121969  34.451  49.500  -5.016 0.0000000000
121975  36.986  49.391  -6.182 0.0000000000
121976  36.386  49.246  -6.012 0.0000000000
122077  45.343  49.015  -21.278 0.0000000000
122078  44.645  49.744  -21.282 0.0000000000
122086  45.364  48.574  -21.580 0.0000000000
122087  44.693  49.316  -21.774 0.0000000000
122088  44.159  49.960  -22.005 0.0000000000
122096  45.154  49.254  -22.491 0.0000000000
122097  44.798  49.844  -22.420 0.0000000000
122607  33.996  49.750  -4.929 0.0000000000
122608  33.761  50.009  -4.694 0.0000000000
122612  35.707  49.421  -5.977 0.0000000000
122613  35.293  49.596  -5.817 0.0000000000
122614  34.341  49.791  -5.217 0.0000000000
122615  33.849  50.203  -5.054 0.0000000000
122620  37.290  49.830  -6.654 0.0000000000
122621  36.139  49.622  -6.212 0.0000000000
122622  35.444  49.932  -6.150 0.0000000000
122630  38.484  50.392  -7.140 0.0000000000
122661  45.403  51.069  -14.590 0.0000000000
122670  44.937  51.091  -15.458 0.0000000000
122671  44.143  51.139  -15.917 0.0000000000
122679  44.912  51.445  -16.651 0.0000000000
122680  43.915  51.402  -16.790 0.0000000000
122688  44.789  51.523  -17.824 0.0000000000
122689  43.727  51.441  -17.935 0.0000000000
122701  44.595  51.344  -18.934 0.0000000000
122702  43.614  51.326  -18.989 0.0000000000
122718  44.448  50.963  -19.912 0.0000000000
122719  43.688  51.203  -19.988 0.0000000000
122729  45.370  50.087  -20.656 0.0000000000
122730  44.431  50.344  -20.782 0.0000000000
122731  43.628  50.892  -20.819 0.0000000000
122732  43.407  51.163  -21.180 0.0000000000
122741  44.180  50.151  -21.256 0.0000000000
122742  43.862  50.428  -21.569 0.0000000000
122743  43.736  51.227  -21.749 0.0000000000
122752  44.270  50.575  -22.265 0.0000000000
123220  33.512  50.542  -4.621 0.0000000000
123221  33.076  50.837  -4.111 0.0000000000
123224  34.822  50.147  -5.898 0.0000000000
123225  34.200  50.422  -5.362 0.0000000000
123226  33.755  50.593  -5.061 0.0000000000
123229  37.756  50.417  -7.019 0.0000000000
123230  36.740  50.304  -6.677 0.0000000000
123231  35.863  50.263  -6.353 0.0000000000
123232  35.297  50.299  -6.151 0.0000000000
123246  38.839  50.885  -7.232 0.0000000000
123247  38.253  50.620  -7.193 0.0000000000
123270  45.923  52.310  -12.220 0.0000000000
123271  44.639  52.110  -12.250 0.0000000000
123272  43.904  52.122  -12.286 0.0000000000
123280  45.061  51.415  -12.952 0.0000000000
123281  43.564  51.640  -12.932 0.0000000000
123282  42.444  51.896  -13.231 0.0000000000
123283  42.064  51.999  -13.246 0.0000000000
123298  45.692  51.158  -13.731 0.0000000000
123299  44.278  51.010  -14.279 0.0000000000
123300  42.889  51.447  -14.150 0.0000000000
123301  42.177  51.968  -13.902 0.0000000000
123302  42.115  52.175  -14.157 0.0000000000
123315  44.070  50.999  -15.286 0.0000000000
123316  43.315  51.233  -15.584 0.0000000000
123317  42.542  51.735  -15.089 0.0000000000
123318  42.281  52.075  -14.808 0.0000000000
123330  43.129  51.576  -17.029 0.0000000000
123331  42.704  51.769  -16.348 0.0000000000
123332  42.486  52.061  -15.911 0.0000000000
123343  43.036  51.662  -18.195 0.0000000000
123344  42.701  51.938  -17.567 0.0000000000
123345  42.582  52.205  -17.118 0.0000000000
123360  43.053  51.694  -19.239 0.0000000000
123361  42.630  52.042  -18.622 0.0000000000
123362  42.514  52.341  -18.240 0.0000000000
123379  43.185  51.594  -20.240 0.0000000000
123380  42.752  52.209  -19.641 0.0000000000
123381  42.521  52.326  -18.933 0.0000000000
123390  43.278  51.397  -20.807 0.0000000000
123391  43.180  51.840  -20.981 0.0000000000
123404  43.914  51.830  -21.773 0.0000000000
123862  34.043  51.654  -4.346 0.0000000000
123863  33.576  51.248  -4.346 0.0000000000
123866  35.319  51.395  -5.353 0.0000000000
123867  34.842  50.984  -5.420 0.0000000000
123868  34.106  51.155  -4.846 0.0000000000
123869  33.649  50.849  -4.831 0.0000000000
123871  37.744  51.760  -6.600 0.0000000000
123872  37.334  51.152  -6.758 0.0000000000
123873  36.338  50.877  -6.384 0.0000000000
123874  35.532  50.900  -5.920 0.0000000000
123875  35.084  50.520  -5.937 0.0000000000
123887  39.594  51.676  -7.152 0.0000000000
123888  38.412  51.669  -6.892 0.0000000000
123889  38.071  50.927  -7.128 0.0000000000
123901  46.421  53.948  -10.565 0.0000000000
123902  45.104  53.433  -10.725 0.0000000000
123903  44.057  53.219  -10.920 0.0000000000
123915  46.843  53.488  -11.448 0.0000000000
123916  45.496  52.879  -11.455 0.0000000000
123917  44.210  52.640  -11.661 0.0000000000
123918  43.193  52.762  -11.608 0.0000000000
123919  42.391  52.647  -11.905 0.0000000000
123920  42.002  52.800  -12.024 0.0000000000
123933  43.449  52.225  -12.201 0.0000000000
123934  42.739  52.186  -12.437 0.0000000000
123935  42.086  52.281  -12.662 0.0000000000
123936  41.899  52.691  -12.597 0.0000000000
123946  41.981  52.205  -13.169 0.0000000000
123947  41.986  52.461  -13.537 0.0000000000
123950  42.224  52.411  -14.506 0.0000000000
123953  42.479  52.406  -15.569 0.0000000000
123956  42.618  52.560  -16.754 0.0000000000
123965  42.589  52.862  -17.982 0.0000000000
123982  42.767  52.606  -19.708 0.0000000000
123983  42.879  52.864  -19.241 0.0000000000
123993  43.425  52.758  -20.232 0.0000000000
123994  43.931  53.474  -19.928 0.0000000000
124524  34.508  52.200  -4.176 0.0000000000
124525  34.062  52.272  -3.913 0.0000000000
124526  33.558  51.841  -3.810 0.0000000000
124528  36.435  52.089  -5.233 0.0000000000
124529  35.788  51.934  -5.094 0.0000000000
124530  35.257  52.024  -4.736 0.0000000000
124531  34.766  51.853  -4.639 0.0000000000
124541  40.171  52.824  -5.501 0.0000000000
124542  39.076  52.648  -5.660 0.0000000000
124543  38.150  52.253  -6.019 0.0000000000
124544  37.356  51.897  -6.075 0.0000000000
124545  36.713  51.558  -6.030 0.0000000000
124546  36.122  51.412  -5.814 0.0000000000
124559  40.473  52.401  -6.547 0.0000000000
124560  39.356  52.322  -6.523 0.0000000000
124561  38.704  52.263  -6.392 0.0000000000
124569  45.707  54.905  -8.846 0.0000000000
124570  44.476  54.621  -9.221 0.0000000000
124571  43.483  54.583  -9.454 0.0000000000
124572  43.005  54.653  -9.495 0.0000000000
124587  46.021  54.459  -9.746 0.0000000000
124588  44.725  53.989  -10.029 0.0000000000
124589  43.356  53.655  -10.565 0.0000000000
124590  42.524  54.111  -10.324 0.0000000000
124591  41.944  54.237  -10.702 0.0000000000
124592  41.833  54.397  -10.801 0.0000000000
124603  42.711  53.017  -11.365 0.0000000000
124604  42.358  53.230  -11.323 0.0000000000
124605  41.861  53.463  -11.592 0.0000000000
124606  41.747  54.057  -11.288 0.0000000000
124613  41.836  53.291  -12.624 0.0000000000
124614  41.738  53.712  -11.828 0.0000000000
124617  42.191  52.970  -13.984 0.0000000000
124620  42.631  52.909  -15.207 0.0000000000
124622  42.873  53.084  -16.429 0.0000000000
124624  43.161  53.308  -17.649 0.0000000000
124627  43.606  53.518  -18.745 0.0000000000
124644  44.156  53.796  -19.553 0.0000000000
125194  34.590  53.380  -3.816 0.0000000000
125208  40.776  54.004  -2.924 0.0000000000
125209  39.266  53.804  -3.449 0.0000000000
125210  37.929  53.401  -4.068 0.0000000000
125211  36.959  52.803  -4.596 0.0000000000
125212  36.268  53.085  -4.646 0.0000000000
125213  35.655  53.159  -4.247 0.0000000000
125214  35.050  53.308  -4.113 0.0000000000
125224  41.098  53.305  -3.851 0.0000000000
125225  39.728  53.086  -4.101 0.0000000000
125226  38.521  52.810  -4.508 0.0000000000
125227  37.581  52.560  -5.131 0.0000000000
125228  36.961  52.164  -5.451 0.0000000000
125237  45.632  56.256  -6.950 0.0000000000
125238  44.737  55.959  -7.408 0.0000000000
125251  45.554  55.513  -7.933 0.0000000000
125252  44.459  55.281  -8.252 0.0000000000
125253  43.515  55.228  -8.555 0.0000000000
125254  42.805  55.108  -8.958 0.0000000000
125255  42.472  55.173  -9.319 0.0000000000
125265  42.770  54.752  -9.482 0.0000000000
125266  42.375  54.717  -9.883 0.0000000000
125267  42.052  54.840  -10.161 0.0000000000
125270  41.787  54.587  -10.935 0.0000000000
125272  41.946  53.768  -12.497 0.0000000000
125273  41.767  54.097  -11.773 0.0000000000
125275  42.363  53.545  -13.285 0.0000000000
125278  43.989  53.802  -15.246 0.0000000000
125279  43.322  53.517  -14.752 0.0000000000
125281  44.268  53.862  -15.800 0.0000000000
125282  43.551  53.473  -16.089 0.0000000000
125284  44.898  54.084  -17.019 0.0000000000
125285  43.993  53.704  -17.364 0.0000000000
125287  45.672  54.610  -18.355 0.0000000000
125288  44.566  54.089  -18.543 0.0000000000
125815  34.743  54.387  -4.018 0.0000000000
125834  40.351  55.226  -2.320 0.0000000000
125835  38.512  54.635  -3.259 0.0000000000
125836  37.064  54.149  -4.002 0.0000000000
125837  36.006  54.412  -4.086 0.0000000000
125838  35.362  54.692  -4.170 0.0000000000
125839  34.890  55.054  -4.348 0.0000000000
125846  46.787  57.568  -3.871 0.0000000000
125847  45.406  57.298  -5.904 0.0000000000
125848  44.568  57.104  -6.855 0.0000000000
125854  45.907  56.842  -5.775 0.0000000000
125855  44.557  56.361  -7.186 0.0000000000
125856  43.662  56.433  -7.823 0.0000000000
125857  42.838  56.159  -8.405 0.0000000000
125867  43.359  55.538  -8.301 0.0000000000
125868  43.091  55.645  -8.434 0.0000000000
125869  42.482  55.694  -9.047 0.0000000000
125874  42.000  55.204  -10.199 0.0000000000
125877  42.079  54.802  -11.519 0.0000000000
125878  41.848  54.847  -11.055 0.0000000000
125881  44.919  54.629  -13.711 0.0000000000
125882  43.867  54.510  -13.155 0.0000000000
125883  42.427  54.346  -12.386 0.0000000000
125884  41.908  54.491  -11.669 0.0000000000
125887  46.864  55.228  -15.194 0.0000000000
125888  45.680  54.644  -14.567 0.0000000000
125889  44.280  54.242  -14.124 0.0000000000
125890  43.216  53.958  -13.686 0.0000000000
125894  47.765  55.731  -16.119 0.0000000000
125895  46.363  54.784  -15.796 0.0000000000
125896  44.641  54.063  -15.157 0.0000000000
125897  43.766  53.908  -14.435 0.0000000000
125901  47.078  55.416  -17.104 0.0000000000
125902  45.707  54.340  -16.495 0.0000000000
125906  46.351  55.083  -17.852 0.0000000000
126398  40.355  56.507  -1.989 0.0000000000
126412  39.006  56.012  -2.630 0.0000000000
126413  37.607  55.622  -3.433 0.0000000000
126414  36.493  55.571  -4.031 0.0000000000
126415  35.662  56.173  -4.531 0.0000000000
126416  35.134  56.050  -4.572 0.0000000000
126427  46.751  58.426  -3.253 0.0000000000
126428  45.401  57.772  -5.799 0.0000000000
126429  35.505  57.175  -4.973 0.0000000000
126430  35.289  57.005  -4.883 0.0000000000
126431  35.055  56.843  -4.828 0.0000000000
126439  43.938  56.881  -7.632 0.0000000000
126440  43.140  56.370  -8.176 0.0000000000
126451  42.994  56.488  -8.914 0.0000000000
126452  42.773  56.213  -8.642 0.0000000000
126456  42.422  56.071  -9.961 0.0000000000
126457  42.293  55.894  -9.528 0.0000000000
126460  44.434  55.834  -11.636 0.0000000000
126461  43.101  55.628  -11.218 0.0000000000
126462  42.265  55.434  -10.903 0.0000000000
126463  42.101  55.459  -10.337 0.0000000000
126465  47.835  56.402  -12.758 0.0000000000
126466  46.956  55.886  -12.903 0.0000000000
126467  45.276  55.128  -12.895 0.0000000000
126468  43.482  55.079  -12.171 0.0000000000
126469  42.533  55.059  -11.657 0.0000000000
126472  48.162  56.317  -13.584 0.0000000000
126473  46.907  55.390  -14.157 0.0000000000
126474  45.658  54.930  -13.842 0.0000000000
126480  48.506  56.393  -15.217 0.0000000000
126481  47.585  55.649  -15.200 0.0000000000
126977  40.905  57.628  -1.933 0.0000000000
126988  39.607  57.345  -2.528 0.0000000000
126989  38.117  57.225  -3.390 0.0000000000
126990  37.024  56.752  -4.263 0.0000000000
126991  36.247  56.779  -4.675 0.0000000000
127004  46.149  59.423  -2.459 0.0000000000
127005  46.051  58.822  -4.419 0.0000000000
127006  37.374  57.823  -4.574 0.0000000000
127007  36.521  57.967  -5.136 0.0000000000
127008  35.808  57.650  -5.170 0.0000000000
127009  35.460  57.857  -5.336 0.0000000000
127010  35.127  57.789  -5.248 0.0000000000
127023  45.253  57.982  -6.303 0.0000000000
127024  36.078  58.561  -5.905 0.0000000000
127025  35.730  58.565  -6.029 0.0000000000
127026  35.481  58.597  -6.028 0.0000000000
127027  35.337  58.521  -5.964 0.0000000000
127035  44.817  57.690  -8.189 0.0000000000
127036  44.327  57.355  -8.048 0.0000000000
127040  46.229  57.691  -9.702 0.0000000000
127041  44.798  57.359  -9.205 0.0000000000
127042  43.324  56.640  -9.529 0.0000000000
127047  45.714  56.714  -10.837 0.0000000000
127048  43.848  56.405  -10.492 0.0000000000
127049  42.787  56.099  -10.441 0.0000000000
127053  47.236  56.575  -12.016 0.0000000000
127054  45.884  56.039  -12.102 0.0000000000
127062  49.027  57.370  -14.071 0.0000000000
127524  42.705  58.787  -1.953 0.0000000000
127525  41.560  58.564  -1.983 0.0000000000
127533  44.987  59.792  -2.096 0.0000000000
127534  43.343  59.641  -2.438 0.0000000000
127535  41.816  59.581  -2.549 0.0000000000
127536  40.526  58.666  -2.800 0.0000000000
127537  39.200  58.265  -3.407 0.0000000000
127548  45.658  59.858  -3.654 0.0000000000
127549  46.185  58.914  -5.195 0.0000000000
127550  40.854  59.939  -3.327 0.0000000000
127551  39.591  59.489  -3.827 0.0000000000
127552  38.152  58.846  -4.401 0.0000000000
127553  37.187  58.697  -5.274 0.0000000000
127554  35.177  58.647  -5.893 0.0000000000
127566  46.475  59.506  -5.362 0.0000000000
127567  45.564  58.264  -6.671 0.0000000000
127568  40.231  60.415  -4.208 0.0000000000
127569  39.073  60.049  -5.217 0.0000000000
127570  37.676  59.567  -5.806 0.0000000000
127571  36.675  59.111  -6.280 0.0000000000
127572  36.060  59.082  -6.836 0.0000000000
127573  35.692  59.140  -6.892 0.0000000000
127574  35.333  59.113  -6.664 0.0000000000
127580  45.757  58.165  -7.715 0.0000000000
127581  44.987  57.854  -7.687 0.0000000000
127582  38.294  60.274  -6.425 0.0000000000
127583  37.512  59.728  -7.140 0.0000000000
127584  36.544  59.495  -7.570 0.0000000000
127585  35.981  59.398  -7.747 0.0000000000
127586  35.603  59.433  -7.691 0.0000000000
127587  35.235  59.484  -7.676 0.0000000000
127593  45.745  57.875  -8.860 0.0000000000
128125  44.050  60.490  -3.092 0.0000000000
128126  42.482  60.408  -3.073 0.0000000000
128127  41.609  60.257  -3.099 0.0000000000
128130  44.754  60.943  -4.150 0.0000000000
128131  42.725  61.118  -3.974 0.0000000000
128132  41.399  60.649  -3.765 0.0000000000
128139  45.565  61.023  -5.026 0.0000000000
128140  43.091  61.699  -5.321 0.0000000000
128141  40.626  61.047  -5.315 0.0000000000
128142  39.120  60.608  -6.159 0.0000000000
128148  42.340  61.645  -6.714 0.0000000000
128149  41.161  61.387  -6.859 0.0000000000
128150  38.980  60.436  -7.583 0.0000000000
128151  37.234  59.921  -8.122 0.0000000000
128152  36.355  59.630  -8.281 0.0000000000
128153  35.876  59.570  -8.249 0.0000000000
128154  35.555  59.570  -8.195 0.0000000000
128155  35.099  59.637  -8.030 0.0000000000
128161  38.592  60.591  -8.464 0.0000000000
128162  37.825  60.310  -8.589 0.0000000000
128163  36.746  59.942  -8.595 0.0000000000
128164  36.116  59.720  -8.459 0.0000000000
128165  35.781  59.452  -8.457 0.0000000000
128710  44.573  61.864  -5.544 0.0000000000
128711  43.129  61.809  -6.517 0.0000000000
128717  43.686  62.050  -6.699 0.0000000000
128718  42.062  61.708  -7.502 0.0000000000
128719  40.339  61.073  -8.107 0.0000000000
128720  39.222  60.776  -8.445 0.0000000000
128721  35.813  60.215  -8.751 0.0000000000
128722  35.435  59.922  -8.411 0.0000000000
128728  40.993  61.484  -8.320 0.0000000000
128729  39.871  61.163  -8.609 0.0000000000
128730  38.698  60.811  -8.706 0.0000000000
128731  37.864  60.522  -8.890 0.0000000000
128732  37.117  60.157  -8.963 0.0000000000
128733  36.249  59.973  -8.782 0.0000000000
128734  35.864  59.709  -8.406 0.0000000000
129272  34.821  60.954  -8.159 0.0000000000
129281  43.083  62.159  -7.382 0.0000000000
129282  36.889  60.916  -9.018 0.0000000000
129283  36.402  60.659  -8.888 0.0000000000
129284  35.363  60.692  -8.461 0.0000000000
129285  34.937  60.157  -8.319 0.0000000000
129290  42.223  62.126  -7.880 0.0000000000
129291  40.810  61.720  -8.575 0.0000000000
129292  39.576  61.394  -8.837 0.0000000000
129293  38.492  61.057  -8.984 0.0000000000
129294  37.349  60.809  -9.007 0.0000000000
129295  36.754  60.290  -8.995 0.0000000000
129841  35.628  61.746  -8.275 0.0000000000
129842  35.127  61.482  -8.132 0.0000000000
129854  37.744  61.831  -8.900 0.0000000000
129855  37.032  61.456  -8.862 0.0000000000
129856  36.064  61.457  -8.576 0.0000000000
129857  35.508  61.324  -8.408 0.0000000000
129869  40.498  62.248  -8.705 0.0000000000
129870  39.308  61.874  -8.953 0.0000000000
129871  38.231  61.615  -8.990 0.0000000000
129872  37.562  61.374  -9.009 0.0000000000
130437  37.737  62.630  -8.608 0.0000000000
130438  36.751  62.347  -8.401 0.0000000000
130439  36.043  62.168  -8.247 0.0000000000
130455  39.031  62.516  -8.841 0.0000000000
130456  38.276  62.307  -8.818 0.0000000000
