#!ascii label  , from subject Yale_0050552 vox2ras=TkReg
1831
347  19.330  -98.306  -2.141 0.0000000000
348  17.958  -98.185  -2.222 0.0000000000
349  16.677  -98.098  -2.266 0.0000000000
350  16.012  -98.061  -2.240 0.0000000000
351  20.682  -98.504  -2.983 0.0000000000
352  19.693  -98.613  -2.759 0.0000000000
353  18.505  -98.609  -2.691 0.0000000000
354  17.140  -98.497  -2.638 0.0000000000
355  15.736  -98.199  -2.560 0.0000000000
356  14.843  -98.179  -2.759 0.0000000000
357  20.756  -98.296  -3.928 0.0000000000
358  20.065  -98.538  -3.527 0.0000000000
359  19.131  -98.694  -3.556 0.0000000000
360  17.814  -98.776  -3.462 0.0000000000
361  16.359  -98.715  -3.325 0.0000000000
362  14.859  -98.537  -3.215 0.0000000000
363  13.738  -98.276  -3.407 0.0000000000
364  22.159  -98.028  -5.449 0.0000000000
365  21.533  -98.114  -4.940 0.0000000000
366  20.073  -98.450  -4.672 0.0000000000
367  18.654  -98.699  -4.650 0.0000000000
368  17.227  -98.813  -4.515 0.0000000000
369  15.700  -98.930  -4.327 0.0000000000
370  14.040  -98.758  -4.290 0.0000000000
371  12.737  -98.163  -3.936 0.0000000000
372  12.271  -97.948  -4.088 0.0000000000
373  23.285  -98.201  -7.306 0.0000000000
374  22.252  -98.184  -6.325 0.0000000000
375  20.876  -98.382  -6.140 0.0000000000
376  19.537  -98.595  -5.963 0.0000000000
377  18.185  -98.831  -5.830 0.0000000000
384  23.218  -98.429  -8.042 0.0000000000
385  22.582  -98.438  -7.778 0.0000000000
386  21.549  -98.509  -7.478 0.0000000000
571  22.926  -96.927  -0.580 0.0000000000
572  22.403  -97.040  -0.680 0.0000000000
573  21.124  -97.271  -0.921 0.0000000000
574  19.958  -97.327  -1.257 0.0000000000
575  22.954  -97.181  -0.860 0.0000000000
576  22.010  -97.687  -1.262 0.0000000000
577  20.496  -97.977  -1.597 0.0000000000
578  18.779  -97.622  -1.629 0.0000000000
579  17.294  -97.804  -2.058 0.0000000000
580  16.231  -97.940  -2.211 0.0000000000
581  15.653  -97.780  -2.398 0.0000000000
582  23.925  -96.879  -2.496 0.0000000000
583  23.030  -97.391  -1.970 0.0000000000
584  21.541  -98.146  -2.321 0.0000000000
585  20.373  -98.434  -2.253 0.0000000000
586  15.678  -98.017  -2.366 0.0000000000
587  14.829  -97.884  -2.725 0.0000000000
588  14.156  -97.642  -3.213 0.0000000000
589  24.879  -96.718  -4.667 0.0000000000
590  23.630  -97.156  -3.745 0.0000000000
591  22.397  -97.748  -3.443 0.0000000000
592  21.495  -98.146  -3.608 0.0000000000
593  14.271  -98.098  -3.026 0.0000000000
594  13.390  -97.901  -3.421 0.0000000000
595  13.047  -97.553  -3.836 0.0000000000
596  25.046  -97.173  -5.879 0.0000000000
597  24.023  -97.415  -5.411 0.0000000000
598  22.692  -97.818  -4.985 0.0000000000
599  22.026  -97.933  -4.249 0.0000000000
600  12.598  -97.901  -3.842 0.0000000000
601  12.326  -97.675  -4.109 0.0000000000
602  26.212  -97.010  -7.165 0.0000000000
603  25.766  -97.209  -6.833 0.0000000000
604  24.381  -97.761  -6.896 0.0000000000
605  23.334  -97.858  -6.220 0.0000000000
608  26.798  -97.013  -7.962 0.0000000000
609  26.253  -97.257  -7.858 0.0000000000
610  25.128  -97.861  -8.168 0.0000000000
611  23.912  -98.275  -8.303 0.0000000000
613  26.903  -97.331  -8.783 0.0000000000
614  25.730  -97.888  -9.564 0.0000000000
615  24.543  -98.124  -9.437 0.0000000000
807  24.003  -95.767  -0.414 0.0000000000
808  23.196  -96.504  -0.354 0.0000000000
809  21.659  -96.480  -0.362 0.0000000000
810  19.850  -96.457  -0.897 0.0000000000
811  19.258  -96.944  -1.290 0.0000000000
812  24.677  -95.510  -1.935 0.0000000000
813  24.136  -96.242  -1.073 0.0000000000
814  23.554  -96.966  -1.024 0.0000000000
815  18.858  -95.918  -1.264 0.0000000000
816  18.303  -96.178  -1.611 0.0000000000
817  17.481  -96.828  -2.076 0.0000000000
818  16.615  -97.274  -2.417 0.0000000000
819  16.078  -97.567  -2.482 0.0000000000
820  25.063  -95.648  -2.905 0.0000000000
821  24.340  -96.241  -2.189 0.0000000000
822  23.902  -96.891  -1.608 0.0000000000
823  17.652  -95.517  -2.048 0.0000000000
824  17.141  -95.538  -2.445 0.0000000000
825  16.584  -96.364  -2.515 0.0000000000
826  15.770  -96.966  -2.961 0.0000000000
827  14.818  -97.158  -3.428 0.0000000000
828  26.474  -95.387  -4.218 0.0000000000
829  25.838  -95.788  -4.042 0.0000000000
830  24.605  -96.387  -3.330 0.0000000000
831  16.731  -94.988  -3.325 0.0000000000
832  16.101  -95.408  -3.248 0.0000000000
833  14.966  -95.867  -3.785 0.0000000000
834  14.041  -96.953  -4.135 0.0000000000
835  13.254  -97.064  -4.631 0.0000000000
836  27.580  -95.014  -5.526 0.0000000000
837  26.982  -95.414  -5.017 0.0000000000
838  25.983  -96.587  -5.602 0.0000000000
839  14.190  -95.642  -4.518 0.0000000000
840  13.445  -95.923  -5.021 0.0000000000
841  12.713  -96.776  -5.272 0.0000000000
842  28.352  -94.950  -6.629 0.0000000000
843  27.679  -95.359  -6.312 0.0000000000
844  26.615  -96.603  -6.696 0.0000000000
845  26.144  -96.810  -6.389 0.0000000000
846  12.954  -95.728  -5.876 0.0000000000
849  28.142  -95.810  -7.494 0.0000000000
850  27.258  -96.569  -7.605 0.0000000000
851  26.729  -96.845  -7.559 0.0000000000
854  28.974  -96.535  -9.208 0.0000000000
855  28.327  -96.666  -8.777 0.0000000000
856  27.699  -96.808  -8.429 0.0000000000
862  27.610  -97.299  -9.583 0.0000000000
1089  24.089  -95.395  -0.388 0.0000000000
1090  23.487  -95.428  -0.067 0.0000000000
1091  22.293  -95.646  -0.021 0.0000000000
1092  20.578  -95.644  -0.246 0.0000000000
1093  24.873  -95.139  -1.860 0.0000000000
1094  24.468  -95.186  -1.276 0.0000000000
1095  23.980  -94.961  -0.573 0.0000000000
1096  18.904  -95.507  -1.025 0.0000000000
1097  18.259  -95.514  -1.605 0.0000000000
1098  25.905  -94.811  -3.250 0.0000000000
1099  25.302  -94.928  -2.671 0.0000000000
1100  24.899  -94.409  -2.078 0.0000000000
1101  17.867  -94.951  -2.125 0.0000000000
1102  17.602  -95.009  -2.484 0.0000000000
1103  16.913  -94.648  -3.145 0.0000000000
1104  26.287  -94.920  -3.795 0.0000000000
1105  25.722  -95.313  -3.279 0.0000000000
1106  17.400  -94.139  -3.003 0.0000000000
1107  16.771  -94.118  -3.618 0.0000000000
1108  16.111  -94.120  -3.713 0.0000000000
1109  15.458  -94.664  -4.238 0.0000000000
1110  14.763  -95.058  -4.664 0.0000000000
1111  27.846  -94.373  -5.340 0.0000000000
1112  27.131  -94.394  -4.602 0.0000000000
1113  16.282  -93.773  -4.777 0.0000000000
1114  15.745  -93.834  -4.891 0.0000000000
1115  14.984  -94.251  -5.307 0.0000000000
1116  14.083  -94.956  -5.466 0.0000000000
1117  13.392  -95.254  -5.657 0.0000000000
1118  28.684  -94.614  -6.401 0.0000000000
1119  28.501  -94.408  -6.035 0.0000000000
1120  16.325  -93.380  -5.649 0.0000000000
1121  16.081  -93.371  -5.697 0.0000000000
1122  15.516  -93.789  -6.161 0.0000000000
1123  14.463  -94.047  -6.744 0.0000000000
1124  13.294  -94.792  -6.358 0.0000000000
1126  28.755  -94.767  -6.738 0.0000000000
1127  28.876  -94.412  -6.246 0.0000000000
1128  14.212  -93.781  -7.530 0.0000000000
1129  13.559  -93.934  -7.627 0.0000000000
1131  29.180  -95.812  -8.418 0.0000000000
1132  28.794  -95.666  -7.872 0.0000000000
1133  13.445  -93.671  -8.608 0.0000000000
1362  21.660  -94.372  10.189 0.0000000000
1363  21.165  -94.545  10.255 0.0000000000
1364  20.148  -94.973  10.483 0.0000000000
1365  19.078  -95.068  10.588 0.0000000000
1366  23.539  -94.794  9.597 0.0000000000
1367  23.010  -94.706  9.553 0.0000000000
1368  21.862  -94.580  9.736 0.0000000000
1369  20.610  -94.807  9.509 0.0000000000
1370  19.392  -95.079  9.586 0.0000000000
1371  17.959  -95.132  9.795 0.0000000000
1372  16.592  -95.173  9.516 0.0000000000
1373  25.833  -94.958  8.627 0.0000000000
1374  25.184  -95.154  8.813 0.0000000000
1375  23.809  -95.102  8.943 0.0000000000
1376  22.380  -94.920  8.613 0.0000000000
1377  21.120  -94.735  8.471 0.0000000000
1378  19.819  -94.830  8.390 0.0000000000
1379  18.478  -95.169  8.435 0.0000000000
1380  17.062  -95.329  8.473 0.0000000000
1381  15.619  -95.362  8.639 0.0000000000
1382  25.637  -95.309  7.640 0.0000000000
1383  24.616  -95.464  7.652 0.0000000000
1384  23.700  -95.429  7.376 0.0000000000
1385  22.769  -95.206  7.471 0.0000000000
1386  21.587  -94.822  7.298 0.0000000000
1387  20.303  -94.668  7.163 0.0000000000
1388  18.929  -94.908  7.105 0.0000000000
1389  17.557  -95.471  7.198 0.0000000000
1390  16.098  -95.755  7.261 0.0000000000
1391  25.826  -95.437  6.324 0.0000000000
1392  25.069  -95.579  6.507 0.0000000000
1393  24.126  -95.567  6.407 0.0000000000
1394  23.130  -95.342  6.261 0.0000000000
1395  22.039  -94.998  6.126 0.0000000000
1396  20.829  -94.737  5.934 0.0000000000
1397  19.483  -94.808  5.820 0.0000000000
1398  17.954  -95.418  5.720 0.0000000000
1399  16.721  -95.849  6.216 0.0000000000
1400  25.873  -95.429  5.744 0.0000000000
1401  25.485  -95.520  5.530 0.0000000000
1402  24.583  -95.622  5.404 0.0000000000
1403  23.585  -95.525  5.193 0.0000000000
1404  22.521  -95.282  5.007 0.0000000000
1405  21.419  -95.011  4.818 0.0000000000
1406  20.125  -95.121  4.471 0.0000000000
1407  18.867  -95.375  4.664 0.0000000000
1408  25.045  -95.505  4.564 0.0000000000
1409  24.147  -95.436  4.285 0.0000000000
1410  23.069  -95.187  3.878 0.0000000000
1411  21.994  -94.949  3.840 0.0000000000
1412  21.005  -94.875  3.604 0.0000000000
1413  20.120  -94.997  3.278 0.0000000000
1414  24.719  -95.279  3.636 0.0000000000
1415  23.888  -95.113  3.131 0.0000000000
1416  23.047  -94.841  2.780 0.0000000000
1417  22.656  -95.059  0.069 0.0000000000
1418  21.412  -94.622  -0.018 0.0000000000
1419  19.308  -94.837  -0.422 0.0000000000
1420  18.148  -94.691  -1.283 0.0000000000
1421  24.271  -94.032  -1.510 0.0000000000
1422  22.967  -94.285  -0.527 0.0000000000
1423  21.991  -93.927  -0.407 0.0000000000
1424  18.044  -94.892  -1.723 0.0000000000
1425  17.619  -94.714  -2.058 0.0000000000
1426  25.886  -94.416  -3.426 0.0000000000
1427  25.209  -93.907  -3.056 0.0000000000
1428  24.757  -93.867  -2.349 0.0000000000
1429  17.220  -94.417  -2.757 0.0000000000
1430  17.451  -94.693  -2.397 0.0000000000
1431  26.478  -93.790  -4.171 0.0000000000
1432  25.825  -93.798  -3.632 0.0000000000
1433  17.086  -93.675  -3.483 0.0000000000
1434  17.045  -93.879  -3.622 0.0000000000
1435  28.156  -93.756  -5.151 0.0000000000
1436  27.596  -93.587  -4.926 0.0000000000
1437  17.116  -93.669  -4.563 0.0000000000
1438  16.839  -93.770  -4.211 0.0000000000
1439  28.485  -93.799  -5.418 0.0000000000
1440  28.008  -93.557  -5.143 0.0000000000
1441  17.325  -93.349  -5.539 0.0000000000
1442  16.926  -93.450  -5.748 0.0000000000
1443  16.686  -93.310  -6.526 0.0000000000
1444  16.130  -93.463  -6.971 0.0000000000
1445  15.340  -93.507  -7.234 0.0000000000
1446  29.022  -94.423  -6.450 0.0000000000
1447  28.890  -94.161  -6.060 0.0000000000
1448  17.380  -93.074  -7.220 0.0000000000
1449  16.758  -93.047  -7.658 0.0000000000
1450  15.773  -92.899  -8.113 0.0000000000
1451  14.504  -93.230  -8.030 0.0000000000
1452  13.903  -93.211  -8.543 0.0000000000
1455  29.058  -95.348  -7.726 0.0000000000
1456  28.952  -94.632  -6.764 0.0000000000
1457  28.822  -93.919  -6.040 0.0000000000
1458  15.006  -92.453  -8.837 0.0000000000
1459  14.321  -92.476  -9.125 0.0000000000
1460  14.009  -93.253  -9.248 0.0000000000
1465  29.290  -95.322  -7.824 0.0000000000
1466  29.165  -94.673  -6.843 0.0000000000
1467  14.156  -92.644  -9.905 0.0000000000
1477  14.350  -92.422  -10.685 0.0000000000
1490  14.625  -92.197  -11.535 0.0000000000
1687  12.818  -94.085  12.329 0.0000000000
1688  23.431  -93.516  10.431 0.0000000000
1689  22.903  -93.523  10.437 0.0000000000
1690  21.837  -93.923  10.484 0.0000000000
1691  20.711  -94.358  11.105 0.0000000000
1692  19.535  -94.798  11.405 0.0000000000
1693  18.064  -94.961  11.337 0.0000000000
1694  16.368  -94.829  11.536 0.0000000000
1695  14.637  -94.618  11.501 0.0000000000
1696  12.990  -94.292  11.299 0.0000000000
1697  25.626  -93.518  10.326 0.0000000000
1698  25.025  -93.809  10.373 0.0000000000
1699  23.745  -94.251  10.158 0.0000000000
1700  22.601  -94.222  10.090 0.0000000000
1701  22.115  -94.281  10.142 0.0000000000
1702  16.888  -95.091  10.505 0.0000000000
1703  15.397  -95.135  10.159 0.0000000000
1704  13.555  -95.041  10.134 0.0000000000
1705  11.993  -94.853  9.894 0.0000000000
1706  11.626  -94.548  9.063 0.0000000000
1707  27.626  -92.921  8.628 0.0000000000
1708  27.094  -93.273  8.843 0.0000000000
1709  26.032  -94.145  9.525 0.0000000000
1710  24.727  -94.697  9.718 0.0000000000
1711  24.127  -94.803  9.668 0.0000000000
1712  14.307  -95.341  8.992 0.0000000000
1713  12.879  -95.295  8.512 0.0000000000
1714  11.709  -95.007  8.626 0.0000000000
1715  11.504  -94.563  8.554 0.0000000000
1716  28.671  -93.760  6.439 0.0000000000
1717  28.076  -93.785  7.644 0.0000000000
1718  26.986  -94.470  8.098 0.0000000000
1719  26.248  -94.891  8.260 0.0000000000
1720  14.312  -95.840  7.452 0.0000000000
1721  12.735  -96.030  7.017 0.0000000000
1722  11.865  -95.283  7.472 0.0000000000
1723  11.017  -94.880  8.027 0.0000000000
1724  28.683  -93.796  5.876 0.0000000000
1725  28.294  -94.149  5.793 0.0000000000
1726  27.316  -94.691  6.501 0.0000000000
1727  26.444  -95.126  7.082 0.0000000000
1728  16.752  -96.054  5.283 0.0000000000
1729  15.377  -96.344  5.875 0.0000000000
1730  13.419  -96.399  5.982 0.0000000000
1731  11.719  -96.074  6.072 0.0000000000
1732  11.011  -95.092  6.935 0.0000000000
1733  28.247  -94.284  4.436 0.0000000000
1734  27.459  -94.706  4.915 0.0000000000
1735  26.300  -95.262  5.383 0.0000000000
1736  25.628  -95.439  4.815 0.0000000000
1737  19.132  -95.283  3.634 0.0000000000
1738  17.764  -95.584  4.348 0.0000000000
1739  16.180  -95.803  4.822 0.0000000000
1740  14.411  -95.969  5.061 0.0000000000
1741  12.604  -95.997  4.989 0.0000000000
1742  28.248  -94.225  3.671 0.0000000000
1743  27.738  -94.549  3.690 0.0000000000
1744  26.812  -94.969  3.784 0.0000000000
1745  25.661  -95.278  3.838 0.0000000000
1746  22.409  -94.794  3.028 0.0000000000
1747  21.619  -94.640  2.738 0.0000000000
1748  20.674  -94.626  2.513 0.0000000000
1749  19.588  -94.707  2.337 0.0000000000
1750  18.349  -95.000  3.030 0.0000000000
1751  17.048  -94.874  3.712 0.0000000000
1752  28.212  -94.092  2.899 0.0000000000
1753  27.323  -94.433  2.575 0.0000000000
1754  26.151  -94.652  2.499 0.0000000000
1755  24.820  -94.862  2.412 0.0000000000
1756  23.540  -94.704  1.944 0.0000000000
1757  22.365  -94.460  1.949 0.0000000000
1758  21.291  -93.988  1.667 0.0000000000
1759  20.402  -94.134  1.739 0.0000000000
1760  19.913  -94.076  1.660 0.0000000000
1761  28.988  -93.339  0.672 0.0000000000
1762  28.251  -94.040  1.388 0.0000000000
1763  26.855  -94.491  1.199 0.0000000000
1764  25.566  -94.660  1.034 0.0000000000
1765  24.267  -94.621  0.795 0.0000000000
1766  22.966  -93.884  0.789 0.0000000000
1767  21.917  -93.659  1.142 0.0000000000
1768  21.455  -93.588  1.207 0.0000000000
1769  28.373  -93.410  0.267 0.0000000000
1770  27.492  -93.859  0.199 0.0000000000
1771  26.306  -94.267  0.022 0.0000000000
1772  25.095  -94.396  -0.097 0.0000000000
1773  24.160  -93.959  -0.012 0.0000000000
1774  23.643  -93.927  0.319 0.0000000000
1775  21.431  -93.696  -0.189 0.0000000000
1776  20.192  -93.763  0.069 0.0000000000
1777  18.437  -94.264  -0.639 0.0000000000
1778  17.959  -94.141  -0.876 0.0000000000
1779  23.938  -93.287  -2.126 0.0000000000
1780  23.325  -93.134  -1.668 0.0000000000
1781  22.166  -93.199  -0.850 0.0000000000
1782  21.252  -92.958  -0.085 0.0000000000
1783  17.538  -94.492  -1.934 0.0000000000
1784  17.418  -94.274  -1.797 0.0000000000
1785  16.908  -94.194  -2.306 0.0000000000
1789  25.025  -93.374  -3.340 0.0000000000
1790  24.419  -93.163  -2.910 0.0000000000
1791  23.786  -92.877  -2.360 0.0000000000
1792  17.165  -94.321  -3.160 0.0000000000
1793  17.133  -94.223  -2.892 0.0000000000
1794  16.884  -94.259  -3.165 0.0000000000
1795  16.557  -94.110  -3.584 0.0000000000
1799  26.228  -93.262  -4.381 0.0000000000
1800  25.440  -93.049  -4.003 0.0000000000
1801  24.635  -92.594  -3.634 0.0000000000
1802  16.897  -93.659  -3.647 0.0000000000
1803  16.775  -93.595  -4.493 0.0000000000
1804  16.496  -93.807  -4.281 0.0000000000
1805  16.279  -93.798  -4.487 0.0000000000
1812  26.711  -92.916  -4.856 0.0000000000
1813  25.765  -92.400  -4.812 0.0000000000
1814  17.642  -93.406  -5.257 0.0000000000
1815  17.463  -93.337  -5.492 0.0000000000
1822  27.968  -93.431  -5.390 0.0000000000
1823  27.827  -92.828  -5.135 0.0000000000
1824  17.873  -93.018  -6.614 0.0000000000
1825  17.697  -93.088  -6.922 0.0000000000
1834  28.253  -93.402  -5.799 0.0000000000
1835  27.912  -92.962  -5.489 0.0000000000
1836  18.341  -92.342  -7.560 0.0000000000
1837  17.980  -92.539  -7.842 0.0000000000
1838  17.299  -92.555  -8.229 0.0000000000
1839  16.582  -92.510  -8.524 0.0000000000
1849  28.644  -94.019  -6.292 0.0000000000
1850  28.692  -93.703  -6.067 0.0000000000
1851  17.563  -92.044  -8.676 0.0000000000
1852  16.799  -91.878  -9.139 0.0000000000
1853  15.891  -92.164  -9.262 0.0000000000
1854  15.024  -92.073  -9.512 0.0000000000
1866  16.017  -91.395  -9.739 0.0000000000
1867  15.397  -91.361  -9.969 0.0000000000
1868  14.836  -92.147  -9.989 0.0000000000
1875  15.512  -91.290  -10.649 0.0000000000
1876  15.019  -91.771  -10.672 0.0000000000
1888  15.543  -91.161  -11.110 0.0000000000
1889  15.200  -91.549  -11.326 0.0000000000
1903  15.272  -91.269  -11.799 0.0000000000
1904  15.029  -92.114  -12.281 0.0000000000
2119  23.669  -93.384  10.510 0.0000000000
2120  23.312  -92.904  10.582 0.0000000000
2124  12.344  -93.996  11.710 0.0000000000
2125  25.832  -93.015  10.214 0.0000000000
2126  25.204  -92.848  10.458 0.0000000000
2127  24.089  -92.790  10.620 0.0000000000
2130  11.794  -94.277  10.716 0.0000000000
2131  11.241  -94.332  9.838 0.0000000000
2132  31.062  -92.500  7.643 0.0000000000
2133  30.521  -92.676  7.737 0.0000000000
2134  29.247  -92.958  8.083 0.0000000000
2135  28.116  -92.726  8.545 0.0000000000
2136  27.211  -91.948  9.318 0.0000000000
2137  26.356  -92.266  9.718 0.0000000000
2138  11.139  -94.254  8.675 0.0000000000
2139  31.154  -92.455  7.136 0.0000000000
2140  30.237  -92.850  6.889 0.0000000000
2141  29.047  -93.349  7.136 0.0000000000
2142  28.487  -93.350  7.855 0.0000000000
2143  10.583  -94.157  7.352 0.0000000000
2144  10.214  -93.508  6.322 0.0000000000
2145  31.252  -92.221  5.668 0.0000000000
2146  29.953  -92.934  5.665 0.0000000000
2147  29.055  -93.525  5.735 0.0000000000
2148  28.703  -93.810  5.578 0.0000000000
2149  11.293  -95.913  4.805 0.0000000000
2150  10.522  -94.723  5.667 0.0000000000
2151  9.995  -93.257  5.446 0.0000000000
2152  31.413  -92.074  4.577 0.0000000000
2153  30.656  -92.456  4.111 0.0000000000
2154  29.463  -93.223  4.547 0.0000000000
2155  28.757  -93.794  4.953 0.0000000000
2156  15.466  -94.635  4.086 0.0000000000
2157  13.848  -94.906  4.020 0.0000000000
2158  12.065  -95.377  3.875 0.0000000000
2159  10.938  -94.979  4.053 0.0000000000
2160  10.269  -93.825  4.395 0.0000000000
2161  30.656  -92.572  2.438 0.0000000000
2162  29.709  -93.082  3.164 0.0000000000
2163  28.801  -93.782  3.705 0.0000000000
2164  18.671  -94.328  1.883 0.0000000000
2165  17.695  -94.462  2.487 0.0000000000
2166  16.453  -94.151  2.990 0.0000000000
2167  15.061  -94.129  3.144 0.0000000000
2168  13.446  -94.516  2.687 0.0000000000
2169  11.716  -94.791  2.786 0.0000000000
2170  10.896  -93.920  3.164 0.0000000000
2171  30.514  -92.577  1.412 0.0000000000
2172  29.945  -93.178  1.852 0.0000000000
2173  29.068  -93.701  2.371 0.0000000000
2174  20.751  -93.673  1.349 0.0000000000
2175  20.180  -93.468  1.188 0.0000000000
2176  19.472  -93.904  1.514 0.0000000000
2177  13.553  -94.514  1.699 0.0000000000
2178  12.703  -94.523  1.746 0.0000000000
2179  11.612  -93.906  1.791 0.0000000000
2180  30.488  -92.166  0.902 0.0000000000
2181  29.834  -92.717  0.697 0.0000000000
2182  29.261  -93.487  1.373 0.0000000000
2183  22.813  -93.332  0.303 0.0000000000
2184  22.277  -93.125  0.356 0.0000000000
2185  21.152  -93.273  0.773 0.0000000000
2186  20.399  -93.111  0.443 0.0000000000
2187  14.557  -94.546  0.515 0.0000000000
2188  13.932  -94.620  0.904 0.0000000000
2189  12.505  -94.375  0.839 0.0000000000
2190  11.792  -93.747  0.735 0.0000000000
2191  29.034  -92.626  -0.247 0.0000000000
2192  28.079  -93.021  -0.633 0.0000000000
2193  26.974  -93.303  -0.763 0.0000000000
2194  25.741  -93.539  -0.825 0.0000000000
2195  24.529  -93.495  -0.750 0.0000000000
2196  23.223  -93.100  -0.242 0.0000000000
2197  22.314  -92.493  -0.294 0.0000000000
2198  14.443  -94.575  0.111 0.0000000000
2199  13.266  -94.594  0.075 0.0000000000
2200  12.249  -94.094  0.058 0.0000000000
2201  11.593  -93.406  0.152 0.0000000000
2202  28.690  -92.191  -1.235 0.0000000000
2203  27.799  -92.210  -1.680 0.0000000000
2204  26.413  -92.564  -1.604 0.0000000000
2205  25.099  -92.642  -1.548 0.0000000000
2206  23.877  -92.573  -1.303 0.0000000000
2207  23.209  -92.383  -0.985 0.0000000000
2208  13.812  -94.574  -0.454 0.0000000000
2209  12.902  -94.377  -0.769 0.0000000000
2210  11.941  -93.634  -0.499 0.0000000000
2211  11.531  -93.249  -0.191 0.0000000000
2212  12.750  -94.096  -1.307 0.0000000000
2213  12.281  -93.833  -1.126 0.0000000000
2214  19.214  -93.472  0.099 0.0000000000
2215  18.306  -93.786  -0.485 0.0000000000
2216  17.761  -94.027  -0.975 0.0000000000
2220  22.756  -92.325  -1.489 0.0000000000
2221  21.820  -91.962  -1.000 0.0000000000
2222  20.407  -92.521  -0.042 0.0000000000
2223  18.992  -92.963  -0.017 0.0000000000
2224  17.635  -93.761  -1.067 0.0000000000
2225  16.169  -94.189  -2.817 0.0000000000
2226  14.610  -94.004  -3.720 0.0000000000
2227  13.723  -93.292  -4.186 0.0000000000
2234  24.255  -92.372  -3.364 0.0000000000
2235  23.507  -91.978  -2.687 0.0000000000
2236  22.651  -91.709  -1.773 0.0000000000
2237  15.923  -94.040  -4.020 0.0000000000
2238  15.261  -94.128  -4.388 0.0000000000
2239  14.158  -93.253  -4.635 0.0000000000
2246  25.194  -92.253  -4.596 0.0000000000
2247  24.453  -91.893  -4.185 0.0000000000
2249  16.820  -93.616  -4.985 0.0000000000
2250  16.587  -93.557  -5.070 0.0000000000
2251  16.044  -93.736  -4.930 0.0000000000
2252  14.893  -93.045  -5.168 0.0000000000
2253  13.882  -92.346  -5.126 0.0000000000
2262  26.233  -92.111  -5.222 0.0000000000
2265  17.865  -93.094  -6.293 0.0000000000
2266  17.413  -93.280  -5.741 0.0000000000
2267  16.863  -93.246  -5.715 0.0000000000
2268  16.315  -92.965  -5.743 0.0000000000
2277  27.142  -92.128  -5.435 0.0000000000
2279  18.273  -92.349  -7.199 0.0000000000
2280  18.087  -92.762  -6.665 0.0000000000
2292  18.492  -91.964  -7.805 0.0000000000
2293  18.181  -91.785  -8.085 0.0000000000
2304  17.802  -91.610  -8.707 0.0000000000
2305  17.244  -91.434  -9.119 0.0000000000
2315  17.363  -90.976  -9.326 0.0000000000
2316  16.267  -90.794  -9.826 0.0000000000
2317  15.797  -91.085  -10.247 0.0000000000
2324  16.230  -90.574  -10.535 0.0000000000
2325  15.871  -90.943  -10.583 0.0000000000
2332  16.183  -90.515  -11.011 0.0000000000
2333  15.842  -90.910  -11.124 0.0000000000
2346  16.040  -90.620  -11.317 0.0000000000
2347  15.761  -90.876  -11.637 0.0000000000
2361  15.311  -91.323  -12.487 0.0000000000
2597  30.871  -91.116  12.785 0.0000000000
2598  30.372  -91.488  12.748 0.0000000000
2599  29.403  -92.174  12.652 0.0000000000
2603  32.626  -90.217  11.808 0.0000000000
2604  32.248  -90.469  11.931 0.0000000000
2605  31.179  -91.085  12.297 0.0000000000
2606  29.910  -92.167  11.980 0.0000000000
2607  28.671  -92.509  11.873 0.0000000000
2612  32.677  -90.377  11.476 0.0000000000
2613  31.808  -91.053  11.331 0.0000000000
2614  30.556  -91.847  11.189 0.0000000000
2615  29.079  -92.501  10.946 0.0000000000
2616  28.007  -92.384  11.014 0.0000000000
2620  32.690  -90.788  10.615 0.0000000000
2621  31.371  -91.581  10.334 0.0000000000
2622  29.865  -92.261  10.198 0.0000000000
2623  28.399  -92.160  9.957 0.0000000000
2627  12.679  -93.483  11.298 0.0000000000
2628  33.692  -90.487  8.550 0.0000000000
2629  32.568  -91.224  9.280 0.0000000000
2630  30.697  -92.190  9.352 0.0000000000
2631  28.945  -92.314  9.367 0.0000000000
2632  27.438  -91.904  9.149 0.0000000000
2633  25.454  -91.851  10.056 0.0000000000
2634  24.572  -91.618  10.300 0.0000000000
2639  12.392  -91.659  9.320 0.0000000000
2640  11.739  -93.423  10.160 0.0000000000
2641  11.111  -93.942  9.432 0.0000000000
2642  33.633  -90.569  7.568 0.0000000000
2643  32.816  -91.296  7.862 0.0000000000
2644  31.416  -92.241  8.068 0.0000000000
2645  29.763  -92.587  8.630 0.0000000000
2646  27.884  -92.107  8.865 0.0000000000
2647  27.085  -90.866  9.194 0.0000000000
2648  26.503  -90.813  9.529 0.0000000000
2649  25.774  -90.815  9.717 0.0000000000
2650  24.839  -90.496  9.692 0.0000000000
2654  11.924  -91.118  8.571 0.0000000000
2655  11.825  -91.855  8.445 0.0000000000
2656  11.380  -93.128  8.325 0.0000000000
2657  33.615  -90.602  7.009 0.0000000000
2658  33.150  -91.040  6.954 0.0000000000
2659  32.199  -91.800  6.766 0.0000000000
2660  26.657  -89.861  8.868 0.0000000000
2661  26.233  -89.920  8.938 0.0000000000
2662  25.936  -89.762  9.356 0.0000000000
2663  25.308  -89.860  9.396 0.0000000000
2664  11.416  -91.992  7.705 0.0000000000
2665  10.963  -92.367  6.901 0.0000000000
2666  10.539  -92.560  6.056 0.0000000000
2667  33.617  -90.611  6.490 0.0000000000
2668  32.988  -91.147  6.093 0.0000000000
2669  32.312  -91.574  5.633 0.0000000000
2670  10.710  -91.699  6.104 0.0000000000
2671  10.641  -92.008  5.497 0.0000000000
2672  33.608  -90.628  5.717 0.0000000000
2673  33.075  -91.066  5.057 0.0000000000
2674  32.141  -91.661  4.628 0.0000000000
2675  31.628  -91.956  3.925 0.0000000000
2676  10.500  -92.412  4.736 0.0000000000
2677  32.941  -91.194  4.180 0.0000000000
2678  32.402  -91.462  3.423 0.0000000000
2679  31.473  -91.970  2.929 0.0000000000
2680  18.588  -93.855  1.575 0.0000000000
2681  18.178  -93.911  1.679 0.0000000000
2682  17.247  -93.879  1.983 0.0000000000
2683  16.116  -93.779  2.273 0.0000000000
2684  15.015  -93.979  2.351 0.0000000000
2685  10.574  -92.641  3.671 0.0000000000
2686  32.104  -91.446  2.357 0.0000000000
2687  31.271  -91.683  1.407 0.0000000000
2688  19.586  -93.345  1.136 0.0000000000
2689  18.925  -93.352  1.207 0.0000000000
2690  18.012  -93.381  1.309 0.0000000000
2691  17.073  -93.463  1.470 0.0000000000
2692  15.894  -93.801  1.461 0.0000000000
2693  14.418  -94.327  1.694 0.0000000000
2694  10.851  -92.722  2.320 0.0000000000
2695  30.293  -91.473  0.054 0.0000000000
2696  29.690  -92.120  -0.202 0.0000000000
2697  21.580  -92.482  -0.040 0.0000000000
2698  20.689  -92.572  -0.117 0.0000000000
2699  19.793  -92.945  0.474 0.0000000000
2700  19.248  -92.898  0.613 0.0000000000
2701  15.314  -94.221  0.614 0.0000000000
2702  14.896  -94.386  1.154 0.0000000000
2703  11.274  -93.035  1.025 0.0000000000
2704  30.406  -91.149  -1.209 0.0000000000
2705  29.616  -91.576  -1.245 0.0000000000
2706  22.654  -92.220  -0.887 0.0000000000
2707  21.808  -91.981  -0.878 0.0000000000
2708  21.210  -92.203  -0.491 0.0000000000
2709  15.464  -94.065  -0.007 0.0000000000
2710  11.450  -92.938  0.143 0.0000000000
2711  28.924  -91.647  -2.308 0.0000000000
2712  28.282  -91.495  -2.821 0.0000000000
2713  27.072  -91.672  -2.371 0.0000000000
2714  25.768  -91.835  -2.299 0.0000000000
2715  24.305  -91.701  -2.327 0.0000000000
2716  23.064  -91.923  -1.662 0.0000000000
2717  22.369  -91.857  -1.341 0.0000000000
2718  14.694  -94.308  -0.587 0.0000000000
2719  13.801  -94.482  -0.845 0.0000000000
2720  11.926  -93.376  -0.984 0.0000000000
2721  11.703  -93.092  -0.420 0.0000000000
2725  28.183  -91.235  -3.006 0.0000000000
2726  27.629  -91.127  -2.994 0.0000000000
2727  26.440  -91.118  -2.930 0.0000000000
2728  25.321  -91.224  -2.859 0.0000000000
2729  15.171  -94.080  -0.870 0.0000000000
2730  13.906  -94.289  -1.313 0.0000000000
2731  12.548  -93.437  -1.598 0.0000000000
2732  12.007  -92.789  -0.928 0.0000000000
2736  15.422  -93.875  -1.743 0.0000000000
2737  14.170  -94.144  -2.109 0.0000000000
2738  12.681  -92.747  -2.786 0.0000000000
2745  21.741  -91.204  -1.397 0.0000000000
2746  21.197  -91.289  -0.906 0.0000000000
2747  20.099  -91.663  -0.184 0.0000000000
2748  18.624  -92.657  -0.161 0.0000000000
2749  17.180  -93.531  -1.057 0.0000000000
2750  15.567  -93.927  -2.090 0.0000000000
2751  13.425  -93.500  -3.529 0.0000000000
2752  12.975  -91.835  -3.840 0.0000000000
2764  13.131  -92.423  -4.676 0.0000000000
2765  13.045  -91.463  -4.610 0.0000000000
2778  15.615  -92.500  -5.811 0.0000000000
2779  14.427  -91.562  -5.870 0.0000000000
2780  13.390  -91.579  -5.310 0.0000000000
2781  13.109  -91.591  -4.942 0.0000000000
2792  17.899  -92.683  -6.553 0.0000000000
2793  17.517  -92.468  -6.514 0.0000000000
2794  16.534  -91.958  -6.494 0.0000000000
2795  15.382  -91.441  -6.481 0.0000000000
2804  18.448  -92.058  -7.367 0.0000000000
2805  18.225  -91.980  -7.197 0.0000000000
2806  17.494  -91.445  -7.230 0.0000000000
2807  16.750  -90.964  -7.346 0.0000000000
2817  18.493  -91.923  -7.576 0.0000000000
2818  18.167  -91.487  -7.968 0.0000000000
2829  17.691  -90.884  -8.886 0.0000000000
2838  17.088  -90.349  -9.845 0.0000000000
2839  16.532  -90.400  -10.187 0.0000000000
2847  16.988  -90.059  -10.225 0.0000000000
2848  16.624  -90.165  -10.493 0.0000000000
2856  16.459  -90.233  -10.838 0.0000000000
2863  16.285  -90.367  -11.190 0.0000000000
2864  15.995  -90.657  -11.587 0.0000000000
2877  16.136  -90.493  -11.588 0.0000000000
2878  15.677  -90.776  -12.170 0.0000000000
3158  26.369  -91.340  16.413 0.0000000000
3159  26.031  -91.241  16.777 0.0000000000
3160  28.848  -91.025  15.463 0.0000000000
3161  27.506  -91.442  15.435 0.0000000000
3162  26.274  -91.609  15.434 0.0000000000
3163  25.144  -91.499  15.731 0.0000000000
3164  24.328  -91.549  14.993 0.0000000000
3165  30.411  -90.430  14.357 0.0000000000
3166  29.212  -91.380  14.402 0.0000000000
3167  27.785  -91.768  14.352 0.0000000000
3168  26.438  -91.846  14.335 0.0000000000
3169  25.062  -91.738  14.292 0.0000000000
3170  24.577  -91.630  14.757 0.0000000000
3171  32.413  -89.320  12.560 0.0000000000
3172  31.835  -89.743  13.063 0.0000000000
3173  31.034  -90.683  13.276 0.0000000000
3174  29.843  -91.560  13.492 0.0000000000
3175  28.136  -92.293  13.021 0.0000000000
3176  26.631  -92.092  13.250 0.0000000000
3177  25.581  -91.741  13.233 0.0000000000
3182  32.821  -89.706  11.878 0.0000000000
3183  32.098  -90.183  12.503 0.0000000000
3184  31.577  -90.449  12.827 0.0000000000
3185  27.352  -92.230  11.523 0.0000000000
3186  26.285  -91.722  11.940 0.0000000000
3187  25.906  -91.705  12.584 0.0000000000
3192  34.063  -89.008  10.862 0.0000000000
3193  33.529  -89.758  10.992 0.0000000000
3194  27.897  -92.145  10.350 0.0000000000
3195  26.986  -91.490  10.369 0.0000000000
3196  26.423  -91.385  10.968 0.0000000000
3201  34.249  -89.175  10.384 0.0000000000
3202  33.684  -90.199  10.025 0.0000000000
3203  27.192  -91.549  9.690 0.0000000000
3204  26.588  -91.188  9.585 0.0000000000
3208  35.025  -88.820  8.857 0.0000000000
3209  34.590  -89.268  9.226 0.0000000000
3210  33.725  -90.379  9.300 0.0000000000
3211  26.975  -90.977  9.320 0.0000000000
3216  35.045  -88.933  8.407 0.0000000000
3217  34.420  -89.776  8.013 0.0000000000
3218  27.097  -90.535  9.117 0.0000000000
3219  27.253  -90.735  9.040 0.0000000000
3226  12.004  -90.445  8.408 0.0000000000
3227  11.675  -90.908  8.167 0.0000000000
3228  35.138  -89.151  7.198 0.0000000000
3229  34.145  -90.162  7.068 0.0000000000
3230  26.772  -89.596  8.655 0.0000000000
3231  26.883  -89.817  8.724 0.0000000000
3239  12.205  -89.187  7.416 0.0000000000
3240  11.302  -90.718  7.287 0.0000000000
3241  10.825  -91.194  6.474 0.0000000000
3242  35.132  -89.260  5.724 0.0000000000
3243  34.313  -90.041  6.165 0.0000000000
3250  12.289  -88.760  6.524 0.0000000000
3251  11.850  -89.505  6.366 0.0000000000
3252  11.109  -90.706  5.551 0.0000000000
3253  10.675  -91.464  4.998 0.0000000000
3254  35.123  -89.292  4.491 0.0000000000
3255  34.139  -90.235  4.835 0.0000000000
3256  33.419  -90.813  4.381 0.0000000000
3260  11.228  -90.449  4.344 0.0000000000
3261  10.812  -91.309  4.326 0.0000000000
3262  35.128  -89.259  3.926 0.0000000000
3263  34.649  -89.679  3.729 0.0000000000
3264  33.533  -90.645  3.511 0.0000000000
3265  32.789  -90.981  2.608 0.0000000000
3266  11.097  -90.720  3.659 0.0000000000
3267  10.952  -91.615  3.185 0.0000000000
3268  34.205  -89.910  2.870 0.0000000000
3269  33.349  -90.200  2.304 0.0000000000
3270  32.242  -90.638  1.617 0.0000000000
3271  31.637  -90.759  1.039 0.0000000000
3272  19.018  -92.847  0.716 0.0000000000
3273  18.650  -92.885  0.768 0.0000000000
3274  17.941  -93.002  0.864 0.0000000000
3275  17.158  -93.226  0.983 0.0000000000
3276  11.290  -90.846  2.773 0.0000000000
3277  11.115  -91.801  2.307 0.0000000000
3281  31.804  -90.201  0.855 0.0000000000
3282  31.252  -90.524  0.373 0.0000000000
3283  20.668  -92.041  -0.171 0.0000000000
3284  20.283  -92.059  -0.048 0.0000000000
3285  19.334  -92.464  0.241 0.0000000000
3286  18.664  -92.482  0.336 0.0000000000
3287  17.941  -92.684  0.468 0.0000000000
3288  16.764  -93.321  0.665 0.0000000000
3289  11.815  -91.457  1.685 0.0000000000
3290  11.052  -92.258  1.566 0.0000000000
3294  30.710  -90.579  -0.698 0.0000000000
3295  30.357  -91.104  -1.680 0.0000000000
3296  21.634  -91.556  -1.081 0.0000000000
3297  21.053  -91.654  -0.510 0.0000000000
3298  20.488  -91.521  -0.330 0.0000000000
3299  17.706  -92.749  0.181 0.0000000000
3300  16.365  -93.506  0.233 0.0000000000
3301  12.032  -91.419  0.479 0.0000000000
3302  11.551  -92.338  0.802 0.0000000000
3306  29.405  -91.023  -2.425 0.0000000000
3307  28.807  -91.313  -2.704 0.0000000000
3308  23.898  -91.150  -2.782 0.0000000000
3309  23.231  -91.105  -2.603 0.0000000000
3310  22.199  -91.365  -1.681 0.0000000000
3311  21.596  -91.206  -1.099 0.0000000000
3312  17.745  -92.747  -0.055 0.0000000000
3313  16.499  -93.436  -0.281 0.0000000000
3314  12.161  -91.350  -0.527 0.0000000000
3315  11.813  -92.348  -0.196 0.0000000000
3319  28.966  -90.525  -2.748 0.0000000000
3320  28.313  -90.819  -2.877 0.0000000000
3321  27.114  -90.456  -3.553 0.0000000000
3322  25.711  -90.485  -3.449 0.0000000000
3323  24.447  -90.867  -3.073 0.0000000000
3324  23.747  -90.860  -2.959 0.0000000000
3325  15.648  -93.776  -0.981 0.0000000000
3326  14.591  -94.190  -1.582 0.0000000000
3327  12.418  -91.877  -1.736 0.0000000000
3328  12.030  -92.121  -0.847 0.0000000000
3333  26.901  -90.090  -3.843 0.0000000000
3334  26.500  -90.089  -3.783 0.0000000000
3335  17.928  -92.825  -0.292 0.0000000000
3336  16.688  -93.475  -0.920 0.0000000000
3337  15.142  -93.996  -1.481 0.0000000000
3338  12.918  -91.494  -2.995 0.0000000000
3350  19.797  -91.457  -0.286 0.0000000000
3351  18.344  -92.575  -0.264 0.0000000000
3352  16.958  -93.455  -0.956 0.0000000000
3353  13.014  -90.753  -3.599 0.0000000000
3367  12.911  -90.717  -4.316 0.0000000000
3379  14.173  -90.805  -6.321 0.0000000000
3380  13.650  -90.653  -5.855 0.0000000000
3381  13.107  -90.876  -5.055 0.0000000000
3391  15.841  -90.808  -7.104 0.0000000000
3392  14.668  -90.556  -6.887 0.0000000000
3393  14.161  -90.483  -6.375 0.0000000000
3402  17.946  -91.109  -7.753 0.0000000000
3403  17.236  -90.472  -7.967 0.0000000000
3404  16.312  -90.303  -7.756 0.0000000000
3405  15.479  -90.241  -7.592 0.0000000000
3414  17.633  -90.644  -8.474 0.0000000000
3415  17.324  -90.208  -8.513 0.0000000000
3428  17.496  -90.305  -9.076 0.0000000000
3440  17.326  -90.165  -9.536 0.0000000000
3449  17.126  -89.906  -10.088 0.0000000000
3450  16.819  -89.910  -10.372 0.0000000000
3459  17.024  -89.812  -10.306 0.0000000000
3460  16.786  -90.054  -10.699 0.0000000000
3468  16.464  -90.194  -11.412 0.0000000000
3469  16.279  -90.311  -11.535 0.0000000000
3480  15.991  -90.575  -11.774 0.0000000000
3481  15.732  -90.754  -11.940 0.0000000000
3772  26.833  -89.621  18.324 0.0000000000
3773  26.039  -90.044  18.198 0.0000000000
3774  24.762  -90.444  17.835 0.0000000000
3775  23.728  -90.547  17.194 0.0000000000
3776  29.363  -88.981  16.608 0.0000000000
3777  28.819  -89.524  17.024 0.0000000000
3778  27.196  -90.473  17.513 0.0000000000
3779  25.433  -91.040  17.126 0.0000000000
3780  24.252  -90.980  16.697 0.0000000000
3781  23.235  -90.769  16.051 0.0000000000
3782  30.119  -89.093  15.585 0.0000000000
3783  29.683  -89.467  16.058 0.0000000000
3784  28.319  -90.670  16.443 0.0000000000
3785  27.185  -91.242  16.331 0.0000000000
3786  24.646  -91.279  16.270 0.0000000000
3787  23.865  -91.278  15.433 0.0000000000
3788  23.107  -90.671  15.177 0.0000000000
3789  30.401  -89.252  15.126 0.0000000000
3790  29.813  -90.373  15.184 0.0000000000
3791  24.542  -91.381  13.812 0.0000000000
3792  24.100  -91.038  14.077 0.0000000000
3793  32.484  -88.875  12.566 0.0000000000
3794  32.183  -88.703  12.918 0.0000000000
3795  31.433  -88.991  14.032 0.0000000000
3796  24.658  -91.064  13.154 0.0000000000
3797  23.929  -90.300  12.855 0.0000000000
3804  32.818  -88.573  12.182 0.0000000000
3805  32.400  -87.955  12.578 0.0000000000
3806  25.762  -90.996  11.627 0.0000000000
3807  25.352  -90.754  11.995 0.0000000000
3815  34.548  -88.653  10.814 0.0000000000
3816  33.857  -88.643  11.243 0.0000000000
3817  26.157  -90.544  10.221 0.0000000000
3818  25.742  -90.465  11.044 0.0000000000
3819  25.336  -89.825  11.264 0.0000000000
3827  35.051  -88.552  10.353 0.0000000000
3828  34.651  -88.412  10.799 0.0000000000
3829  26.607  -90.662  9.483 0.0000000000
3830  26.302  -90.388  9.501 0.0000000000
3837  35.462  -88.639  8.889 0.0000000000
3838  35.472  -88.519  9.326 0.0000000000
3839  26.468  -89.794  9.038 0.0000000000
3840  26.305  -90.044  9.196 0.0000000000
3844  35.719  -88.508  8.207 0.0000000000
3845  35.649  -88.505  8.740 0.0000000000
3846  26.486  -89.266  8.555 0.0000000000
3851  35.939  -88.323  7.410 0.0000000000
3862  35.923  -88.313  6.452 0.0000000000
3870  12.396  -88.623  5.817 0.0000000000
3871  11.900  -89.450  5.459 0.0000000000
3875  35.801  -88.412  5.147 0.0000000000
3883  12.433  -88.770  4.611 0.0000000000
3884  11.690  -89.856  4.708 0.0000000000
3889  35.514  -88.659  3.619 0.0000000000
3890  34.762  -89.431  3.015 0.0000000000
3895  12.617  -88.674  3.681 0.0000000000
3896  11.984  -89.765  3.529 0.0000000000
3901  35.346  -88.388  2.602 0.0000000000
3902  34.345  -89.023  1.985 0.0000000000
3903  32.844  -89.668  1.256 0.0000000000
3904  32.163  -89.923  0.973 0.0000000000
3905  11.928  -90.116  2.116 0.0000000000
3910  33.962  -88.540  0.984 0.0000000000
3911  33.259  -88.944  0.749 0.0000000000
3912  31.960  -89.411  0.249 0.0000000000
3913  31.201  -89.944  -0.199 0.0000000000
3914  20.017  -91.606  -0.156 0.0000000000
3915  19.369  -91.776  0.033 0.0000000000
3916  18.807  -92.038  0.095 0.0000000000
3917  18.389  -92.330  0.129 0.0000000000
3918  12.023  -90.398  1.022 0.0000000000
3922  31.976  -89.396  -0.747 0.0000000000
3923  31.574  -89.877  -0.786 0.0000000000
3924  30.707  -90.589  -1.076 0.0000000000
3925  21.260  -91.105  -0.977 0.0000000000
3926  20.726  -90.990  -0.724 0.0000000000
3927  19.974  -91.166  -0.344 0.0000000000
3928  19.460  -91.368  -0.171 0.0000000000
3929  18.918  -91.801  -0.042 0.0000000000
3930  12.192  -90.529  0.154 0.0000000000
3935  30.857  -89.913  -0.875 0.0000000000
3936  29.974  -90.358  -1.626 0.0000000000
3937  23.035  -90.719  -2.931 0.0000000000
3938  22.599  -90.595  -2.627 0.0000000000
3939  21.693  -90.647  -1.628 0.0000000000
3940  21.164  -90.363  -1.360 0.0000000000
3941  18.619  -92.134  0.020 0.0000000000
3942  17.946  -92.640  -0.126 0.0000000000
3943  12.307  -90.607  -0.439 0.0000000000
3948  29.311  -90.098  -2.536 0.0000000000
3949  28.427  -89.824  -3.108 0.0000000000
3950  27.857  -90.124  -3.725 0.0000000000
3951  25.392  -90.148  -3.668 0.0000000000
3952  24.833  -90.216  -3.585 0.0000000000
3953  23.510  -90.357  -3.321 0.0000000000
3954  22.734  -89.958  -3.181 0.0000000000
3955  18.849  -92.079  -0.069 0.0000000000
3956  17.500  -93.058  -0.286 0.0000000000
3957  12.608  -90.674  -1.253 0.0000000000
3966  27.767  -89.390  -3.891 0.0000000000
3967  26.997  -89.699  -4.035 0.0000000000
3968  25.656  -89.751  -3.911 0.0000000000
3969  24.418  -89.621  -3.838 0.0000000000
3970  23.699  -89.600  -3.743 0.0000000000
3971  19.612  -91.331  -0.267 0.0000000000
3972  18.606  -92.342  -0.136 0.0000000000
3973  17.735  -93.014  -0.338 0.0000000000
3974  12.838  -90.423  -2.776 0.0000000000
3987  19.819  -91.224  -0.327 0.0000000000
3988  19.154  -91.896  -0.109 0.0000000000
3989  12.731  -89.857  -3.887 0.0000000000
4002  13.336  -89.343  -4.904 0.0000000000
4003  13.085  -89.876  -4.682 0.0000000000
4015  13.477  -89.721  -5.531 0.0000000000
4016  13.197  -90.270  -5.356 0.0000000000
4026  14.600  -89.886  -6.838 0.0000000000
4027  14.162  -89.966  -6.338 0.0000000000
4036  16.587  -90.032  -8.153 0.0000000000
4037  15.917  -89.896  -8.138 0.0000000000
4038  15.239  -89.779  -7.253 0.0000000000
4047  17.336  -90.067  -8.888 0.0000000000
4048  16.768  -89.870  -8.579 0.0000000000
4049  16.100  -89.693  -8.438 0.0000000000
4060  17.233  -89.910  -9.427 0.0000000000
4061  17.105  -89.757  -9.048 0.0000000000
4073  17.185  -89.775  -9.810 0.0000000000
4081  17.221  -89.641  -9.941 0.0000000000
4089  17.136  -89.719  -10.162 0.0000000000
4090  16.928  -89.877  -10.494 0.0000000000
4096  16.713  -90.002  -10.930 0.0000000000
4413  15.931  -88.668  21.270 0.0000000000
4414  15.206  -88.749  21.222 0.0000000000
4415  14.045  -88.873  21.094 0.0000000000
4416  13.352  -88.907  20.875 0.0000000000
4417  16.994  -89.828  20.689 0.0000000000
4418  16.335  -89.266  20.732 0.0000000000
4419  14.934  -89.274  20.322 0.0000000000
4420  13.703  -89.309  20.166 0.0000000000
4421  12.934  -89.035  20.565 0.0000000000
4422  26.213  -88.241  19.274 0.0000000000
4423  25.768  -88.404  19.414 0.0000000000
4424  24.666  -88.744  19.436 0.0000000000
4425  23.442  -88.865  19.066 0.0000000000
4426  22.480  -88.871  18.662 0.0000000000
4427  17.672  -90.647  20.268 0.0000000000
4428  17.347  -90.187  20.282 0.0000000000
4429  15.911  -89.795  19.549 0.0000000000
4430  14.497  -89.486  19.361 0.0000000000
4431  13.552  -89.481  19.252 0.0000000000
4432  27.425  -89.129  18.384 0.0000000000
4433  26.582  -88.714  18.986 0.0000000000
4434  25.312  -89.489  18.873 0.0000000000
4435  23.839  -89.887  18.351 0.0000000000
4436  22.627  -89.567  17.949 0.0000000000
4437  21.815  -89.368  17.739 0.0000000000
4438  17.558  -90.297  19.916 0.0000000000
4439  16.944  -90.227  19.135 0.0000000000
4440  16.037  -89.649  18.482 0.0000000000
4441  29.595  -88.499  16.366 0.0000000000
4442  29.181  -88.297  16.797 0.0000000000
4443  28.360  -88.621  17.745 0.0000000000
4444  22.662  -90.247  16.758 0.0000000000
4445  21.829  -89.736  16.691 0.0000000000
4446  21.427  -89.565  16.899 0.0000000000
4447  30.245  -88.508  15.505 0.0000000000
4448  29.970  -87.848  15.920 0.0000000000
4449  29.605  -87.905  16.357 0.0000000000
4450  23.107  -90.511  14.373 0.0000000000
4451  22.312  -90.037  14.842 0.0000000000
4452  21.891  -89.810  15.692 0.0000000000
4453  30.851  -87.728  14.836 0.0000000000
4454  30.438  -87.689  15.454 0.0000000000
4455  23.061  -89.728  13.115 0.0000000000
4456  22.542  -89.859  13.828 0.0000000000
4457  31.888  -87.531  13.387 0.0000000000
4458  31.457  -87.628  14.160 0.0000000000
4459  24.489  -89.936  12.181 0.0000000000
4460  23.837  -89.261  12.228 0.0000000000
4469  32.878  -87.780  12.218 0.0000000000
4470  32.462  -87.321  12.462 0.0000000000
4471  24.850  -89.132  11.340 0.0000000000
4472  24.364  -89.107  11.762 0.0000000000
4482  33.706  -87.679  11.817 0.0000000000
4483  32.971  -87.434  12.025 0.0000000000
4484  26.031  -90.039  9.651 0.0000000000
4485  25.835  -89.337  9.959 0.0000000000
4486  25.351  -89.147  10.684 0.0000000000
4496  34.537  -88.616  10.109 0.0000000000
4497  34.580  -87.984  10.762 0.0000000000
4498  25.966  -89.705  9.266 0.0000000000
4499  25.975  -88.948  9.177 0.0000000000
4511  35.021  -88.271  9.718 0.0000000000
4512  34.739  -87.554  9.995 0.0000000000
4513  26.254  -89.064  8.930 0.0000000000
4514  26.149  -89.216  8.811 0.0000000000
4515  26.126  -88.271  8.935 0.0000000000
4526  35.934  -88.367  7.750 0.0000000000
4527  35.693  -88.129  8.544 0.0000000000
4528  26.335  -88.759  8.169 0.0000000000
4529  26.435  -88.316  8.373 0.0000000000
4537  36.218  -87.989  6.958 0.0000000000
4538  35.649  -88.203  7.521 0.0000000000
4548  36.644  -87.757  5.851 0.0000000000
4557  36.614  -87.742  4.580 0.0000000000
4568  36.492  -87.668  3.802 0.0000000000
4576  12.656  -88.820  3.120 0.0000000000
4579  35.925  -87.622  2.892 0.0000000000
4580  35.229  -88.106  2.009 0.0000000000
4584  12.500  -89.192  2.454 0.0000000000
4587  35.521  -87.388  1.800 0.0000000000
4588  34.586  -87.956  0.965 0.0000000000
4589  33.847  -88.434  0.264 0.0000000000
4590  32.934  -88.638  0.014 0.0000000000
4591  13.034  -88.678  1.907 0.0000000000
4592  12.487  -89.514  1.421 0.0000000000
4596  34.423  -88.105  -0.166 0.0000000000
4597  33.661  -88.312  -0.444 0.0000000000
4598  32.496  -89.035  -0.725 0.0000000000
4599  31.508  -89.381  -0.807 0.0000000000
4600  20.336  -90.762  -0.675 0.0000000000
4601  20.026  -90.784  -0.560 0.0000000000
4602  19.639  -91.002  -0.372 0.0000000000
4603  19.291  -91.271  -0.160 0.0000000000
4604  12.855  -88.917  0.700 0.0000000000
4605  12.352  -89.792  0.586 0.0000000000
4609  31.804  -88.705  -0.963 0.0000000000
4610  30.785  -89.187  -1.405 0.0000000000
4611  30.006  -89.292  -2.211 0.0000000000
4612  22.194  -89.952  -2.636 0.0000000000
4613  21.542  -89.903  -2.029 0.0000000000
4614  20.717  -90.244  -1.147 0.0000000000
4615  20.153  -90.362  -0.816 0.0000000000
4616  19.862  -90.690  -0.601 0.0000000000
4617  19.234  -91.507  -0.224 0.0000000000
4618  13.377  -88.910  -0.628 0.0000000000
4619  12.706  -89.938  -0.286 0.0000000000
4623  29.171  -89.025  -2.855 0.0000000000
4624  28.407  -88.788  -3.569 0.0000000000
4625  23.171  -89.554  -3.650 0.0000000000
4628  20.066  -90.580  -0.687 0.0000000000
4629  19.557  -91.215  -0.290 0.0000000000
4630  14.057  -88.791  -2.709 0.0000000000
4631  13.134  -89.813  -1.907 0.0000000000
4640  27.701  -88.549  -4.019 0.0000000000
4641  27.264  -88.793  -4.494 0.0000000000
4642  26.327  -88.837  -4.472 0.0000000000
4643  25.102  -88.976  -4.296 0.0000000000
4646  19.882  -90.945  -0.471 0.0000000000
4647  19.466  -91.428  -0.196 0.0000000000
4648  13.241  -88.529  -3.545 0.0000000000
4649  13.032  -89.314  -3.347 0.0000000000
4658  26.357  -88.251  -4.814 0.0000000000
4659  25.697  -88.336  -4.753 0.0000000000
4663  13.044  -88.833  -3.797 0.0000000000
4664  12.871  -89.267  -3.934 0.0000000000
4676  13.151  -89.000  -4.323 0.0000000000
4677  12.787  -89.463  -4.203 0.0000000000
4690  13.613  -88.968  -5.075 0.0000000000
4704  14.439  -89.285  -6.770 0.0000000000
4705  14.013  -89.163  -5.861 0.0000000000
4718  15.778  -89.417  -7.960 0.0000000000
4719  15.000  -89.128  -7.242 0.0000000000
4729  16.721  -89.648  -8.950 0.0000000000
4730  16.252  -89.615  -8.625 0.0000000000
4742  17.117  -89.779  -9.623 0.0000000000
4743  17.043  -89.690  -9.301 0.0000000000
4757  17.269  -89.597  -9.887 0.0000000000
4764  17.409  -89.547  -10.073 0.0000000000
5112  17.323  -87.730  22.230 0.0000000000
5113  16.886  -87.794  22.132 0.0000000000
5114  16.100  -87.798  22.155 0.0000000000
5115  15.344  -87.720  22.293 0.0000000000
5116  20.486  -86.960  21.657 0.0000000000
5117  19.662  -87.454  21.703 0.0000000000
5118  18.737  -88.220  22.031 0.0000000000
5119  17.553  -88.294  21.997 0.0000000000
5120  16.549  -88.579  21.518 0.0000000000
5121  15.586  -88.276  21.792 0.0000000000
5122  14.449  -88.140  22.017 0.0000000000
5123  12.785  -88.483  21.568 0.0000000000
5124  11.559  -87.905  21.723 0.0000000000
5125  10.973  -87.680  21.688 0.0000000000
5126  24.623  -86.735  20.426 0.0000000000
5127  23.689  -87.056  20.502 0.0000000000
5128  22.541  -87.391  20.545 0.0000000000
5129  21.328  -87.647  20.485 0.0000000000
5130  20.187  -87.839  20.721 0.0000000000
5131  19.062  -89.018  21.127 0.0000000000
5132  18.135  -89.522  21.319 0.0000000000
5133  17.246  -89.540  21.073 0.0000000000
5134  16.710  -89.107  21.084 0.0000000000
5135  12.833  -89.365  19.660 0.0000000000
5136  12.144  -88.895  20.318 0.0000000000
5137  11.451  -88.469  21.023 0.0000000000
5138  10.976  -87.925  21.315 0.0000000000
5139  26.240  -87.564  19.335 0.0000000000
5140  25.300  -87.420  19.905 0.0000000000
5141  24.143  -87.851  19.926 0.0000000000
5142  22.993  -88.163  19.698 0.0000000000
5143  21.599  -88.657  18.927 0.0000000000
5144  20.419  -88.719  19.194 0.0000000000
5145  19.324  -89.261  19.575 0.0000000000
5146  17.977  -90.114  20.359 0.0000000000
5147  17.755  -90.256  20.925 0.0000000000
5148  15.041  -89.520  18.457 0.0000000000
5149  13.921  -89.442  18.465 0.0000000000
5150  12.948  -89.379  18.655 0.0000000000
5151  12.007  -89.093  18.999 0.0000000000
5152  11.142  -88.593  19.850 0.0000000000
5153  10.667  -88.143  20.652 0.0000000000
5154  27.498  -87.737  18.218 0.0000000000
5155  26.899  -87.420  18.822 0.0000000000
5156  21.064  -89.375  17.137 0.0000000000
5157  20.377  -89.241  17.491 0.0000000000
5158  19.372  -89.375  17.817 0.0000000000
5159  17.950  -89.893  18.463 0.0000000000
5160  16.670  -89.521  17.753 0.0000000000
5161  15.533  -89.170  17.364 0.0000000000
5162  14.371  -89.084  17.512 0.0000000000
5163  13.214  -89.014  17.719 0.0000000000
5164  12.386  -89.041  18.066 0.0000000000
5165  28.869  -87.552  17.128 0.0000000000
5166  28.302  -87.305  17.620 0.0000000000
5167  21.551  -89.550  15.683 0.0000000000
5168  21.144  -89.374  15.869 0.0000000000
5169  20.321  -89.032  15.739 0.0000000000
5170  19.485  -88.949  16.193 0.0000000000
5171  18.425  -88.955  16.449 0.0000000000
5172  17.254  -88.971  16.499 0.0000000000
5173  16.208  -88.665  16.522 0.0000000000
5174  30.371  -87.044  16.131 0.0000000000
5175  29.841  -86.945  16.559 0.0000000000
5176  21.979  -89.296  14.201 0.0000000000
5177  21.519  -89.049  14.550 0.0000000000
5178  20.769  -88.454  14.597 0.0000000000
5179  20.170  -88.141  14.528 0.0000000000
5180  31.245  -86.781  15.034 0.0000000000
5181  30.693  -86.785  15.574 0.0000000000
5182  30.031  -85.996  16.111 0.0000000000
5183  22.737  -88.951  12.877 0.0000000000
5184  22.229  -88.758  13.368 0.0000000000
5185  21.648  -87.786  13.572 0.0000000000
5186  32.076  -86.676  13.849 0.0000000000
5187  31.720  -86.686  14.471 0.0000000000
5188  30.706  -86.429  14.750 0.0000000000
5189  23.139  -88.256  12.344 0.0000000000
5190  22.660  -87.368  12.634 0.0000000000
5198  32.305  -86.655  13.365 0.0000000000
5199  31.591  -86.527  13.560 0.0000000000
5200  24.657  -88.409  11.067 0.0000000000
5201  24.242  -88.205  11.358 0.0000000000
5211  33.768  -87.408  11.298 0.0000000000
5212  32.969  -86.966  11.941 0.0000000000
5213  25.472  -88.380  10.062 0.0000000000
5214  24.861  -87.971  10.525 0.0000000000
5215  24.444  -87.765  10.823 0.0000000000
5223  33.925  -87.049  10.499 0.0000000000
5224  33.357  -87.049  11.129 0.0000000000
5225  25.757  -87.881  9.325 0.0000000000
5226  25.329  -87.778  9.820 0.0000000000
5233  35.087  -87.638  9.146 0.0000000000
5234  34.507  -86.894  9.525 0.0000000000
5235  26.316  -87.960  8.510 0.0000000000
5236  26.051  -87.599  8.704 0.0000000000
5246  35.388  -87.457  8.363 0.0000000000
5247  34.906  -87.018  8.704 0.0000000000
5250  26.150  -87.173  8.205 0.0000000000
5260  35.768  -88.014  6.657 0.0000000000
5261  35.744  -87.367  7.357 0.0000000000
5273  36.356  -87.410  6.266 0.0000000000
5274  36.029  -86.619  6.490 0.0000000000
5283  36.538  -87.230  5.180 0.0000000000
5292  36.632  -87.030  3.730 0.0000000000
5304  36.442  -86.651  2.311 0.0000000000
5315  35.276  -86.839  0.744 0.0000000000
5316  34.757  -87.755  0.035 0.0000000000
5323  35.323  -86.879  -0.376 0.0000000000
5324  34.483  -87.406  -0.589 0.0000000000
5325  33.272  -88.180  -0.804 0.0000000000
5326  32.539  -88.480  -0.853 0.0000000000
5333  34.252  -86.962  -1.236 0.0000000000
5334  33.650  -87.387  -1.277 0.0000000000
5335  32.490  -87.993  -1.359 0.0000000000
5336  30.975  -88.154  -1.448 0.0000000000
5337  30.490  -88.752  -1.923 0.0000000000
5341  20.363  -90.131  -1.026 0.0000000000
5348  30.590  -87.507  -1.738 0.0000000000
5349  29.900  -87.989  -2.172 0.0000000000
5350  28.972  -87.945  -3.231 0.0000000000
5366  28.170  -87.862  -3.930 0.0000000000
5367  27.485  -87.860  -4.544 0.0000000000
5368  26.895  -88.189  -4.828 0.0000000000
5384  27.097  -87.589  -4.978 0.0000000000
5385  26.370  -87.714  -5.097 0.0000000000
5392  13.295  -88.314  -3.924 0.0000000000
5406  13.381  -88.251  -4.543 0.0000000000
5418  13.913  -88.502  -5.355 0.0000000000
5431  14.178  -88.730  -6.119 0.0000000000
5799  17.557  -87.597  22.383 0.0000000000
5800  17.225  -87.317  22.486 0.0000000000
5801  16.496  -87.205  22.507 0.0000000000
5802  15.760  -87.255  22.485 0.0000000000
5803  21.584  -86.167  21.895 0.0000000000
5804  21.176  -86.336  21.934 0.0000000000
5805  20.310  -86.443  22.142 0.0000000000
5806  19.327  -86.762  22.392 0.0000000000
5807  18.039  -87.031  22.612 0.0000000000
5808  16.992  -86.491  22.633 0.0000000000
5809  15.994  -86.521  22.587 0.0000000000
5810  14.904  -87.013  22.590 0.0000000000
5811  13.500  -87.371  22.517 0.0000000000
5812  12.218  -87.398  22.267 0.0000000000
5813  11.191  -87.353  22.089 0.0000000000
5814  24.822  -86.120  20.776 0.0000000000
5815  24.324  -86.139  20.985 0.0000000000
5816  23.379  -86.225  21.284 0.0000000000
5817  22.019  -86.343  21.628 0.0000000000
5818  21.081  -87.022  21.394 0.0000000000
5819  10.345  -87.450  21.328 0.0000000000
5820  9.235  -87.154  20.774 0.0000000000
5821  25.970  -86.480  19.711 0.0000000000
5822  25.317  -86.045  20.427 0.0000000000
5823  11.882  -88.810  18.122 0.0000000000
5824  11.163  -88.530  18.460 0.0000000000
5825  9.869  -87.741  19.408 0.0000000000
5826  8.852  -86.738  19.733 0.0000000000
5827  27.287  -86.854  18.462 0.0000000000
5828  26.775  -86.144  18.879 0.0000000000
5829  15.559  -88.467  16.567 0.0000000000
5830  14.888  -88.312  16.677 0.0000000000
5831  13.714  -88.237  16.804 0.0000000000
5832  12.106  -88.227  17.127 0.0000000000
5833  10.513  -87.776  17.487 0.0000000000
5834  9.440  -87.152  17.719 0.0000000000
5835  28.846  -86.610  17.161 0.0000000000
5836  27.913  -86.073  17.786 0.0000000000
5837  27.364  -85.032  18.310 0.0000000000
5838  19.658  -88.397  15.066 0.0000000000
5839  18.821  -88.297  15.060 0.0000000000
5840  17.677  -88.280  14.919 0.0000000000
5841  16.606  -88.139  15.235 0.0000000000
5842  15.523  -87.823  15.738 0.0000000000
5843  14.432  -87.320  15.996 0.0000000000
5844  13.209  -87.219  16.024 0.0000000000
5845  12.114  -86.988  15.998 0.0000000000
5846  29.109  -85.428  16.721 0.0000000000
5847  28.516  -84.973  17.451 0.0000000000
5848  21.164  -87.780  13.894 0.0000000000
5849  20.594  -87.024  13.705 0.0000000000
5850  19.430  -87.619  14.045 0.0000000000
5851  18.317  -87.668  14.111 0.0000000000
5852  17.718  -87.570  14.287 0.0000000000
5856  30.174  -85.613  15.298 0.0000000000
5857  29.496  -85.578  15.876 0.0000000000
5858  22.185  -86.826  12.895 0.0000000000
5859  21.375  -86.723  13.398 0.0000000000
5860  21.008  -86.459  13.425 0.0000000000
5865  31.318  -86.145  13.753 0.0000000000
5866  30.845  -85.738  14.259 0.0000000000
5867  23.079  -86.705  12.125 0.0000000000
5868  22.738  -86.635  12.549 0.0000000000
5874  31.946  -86.422  12.390 0.0000000000
5875  31.596  -85.584  13.125 0.0000000000
5876  31.168  -85.474  13.608 0.0000000000
5877  23.660  -87.041  11.434 0.0000000000
5890  32.176  -86.274  11.690 0.0000000000
5891  31.753  -85.727  12.077 0.0000000000
5892  24.621  -87.109  10.045 0.0000000000
5893  24.270  -87.163  10.630 0.0000000000
5908  33.515  -86.567  10.362 0.0000000000
5909  32.913  -86.220  10.829 0.0000000000
5910  25.510  -87.220  9.067 0.0000000000
5911  25.081  -86.990  9.390 0.0000000000
5912  24.354  -86.337  9.765 0.0000000000
5922  33.721  -86.116  9.904 0.0000000000
5923  32.698  -85.319  9.897 0.0000000000
5924  25.617  -86.820  8.550 0.0000000000
5925  24.998  -86.061  8.578 0.0000000000
5934  35.267  -86.722  8.043 0.0000000000
5935  34.180  -86.088  8.447 0.0000000000
5946  35.172  -85.833  7.117 0.0000000000
5947  33.949  -85.355  7.608 0.0000000000
5958  36.194  -86.683  5.700 0.0000000000
5959  35.721  -86.044  5.942 0.0000000000
5969  36.165  -86.248  4.617 0.0000000000
5970  35.985  -86.145  5.366 0.0000000000
5979  36.205  -86.029  3.358 0.0000000000
5989  36.612  -86.042  2.706 0.0000000000
6000  36.503  -85.007  1.097 0.0000000000
6001  36.568  -85.463  1.489 0.0000000000
6007  36.040  -85.033  0.649 0.0000000000
6008  35.495  -85.775  -0.006 0.0000000000
6009  35.098  -86.574  -0.634 0.0000000000
6015  35.338  -85.901  -0.952 0.0000000000
6016  34.747  -86.315  -1.192 0.0000000000
6017  33.997  -86.616  -1.636 0.0000000000
6018  32.892  -87.028  -1.784 0.0000000000
6019  31.357  -87.131  -1.674 0.0000000000
6025  30.310  -86.829  -1.913 0.0000000000
6026  29.287  -86.623  -2.609 0.0000000000
6027  28.474  -86.999  -3.435 0.0000000000
6041  28.615  -86.123  -3.495 0.0000000000
6042  27.946  -86.776  -4.463 0.0000000000
6043  27.415  -87.280  -4.861 0.0000000000
6059  27.662  -86.283  -4.962 0.0000000000
6060  27.135  -86.862  -5.290 0.0000000000
6479  21.535  -85.868  21.952 0.0000000000
6480  20.960  -85.564  22.087 0.0000000000
6481  19.988  -85.497  22.289 0.0000000000
6482  18.854  -85.557  22.497 0.0000000000
6483  17.655  -85.510  22.499 0.0000000000
6484  16.500  -85.488  22.418 0.0000000000
6485  15.327  -85.713  22.460 0.0000000000
6486  14.093  -86.101  22.543 0.0000000000
6487  12.847  -86.415  22.595 0.0000000000
6488  11.706  -86.581  22.493 0.0000000000
6489  10.740  -86.810  22.272 0.0000000000
6490  24.827  -85.617  20.926 0.0000000000
6491  24.211  -85.129  21.278 0.0000000000
6492  23.022  -85.066  21.576 0.0000000000
6493  21.838  -84.872  21.755 0.0000000000
6494  20.705  -84.298  21.758 0.0000000000
6495  19.534  -84.357  21.936 0.0000000000
6496  18.357  -84.357  21.965 0.0000000000
6497  17.137  -84.438  21.902 0.0000000000
6498  15.893  -84.530  21.767 0.0000000000
6499  14.656  -84.871  22.053 0.0000000000
6500  13.492  -85.237  22.271 0.0000000000
6501  12.370  -85.537  22.559 0.0000000000
6502  11.187  -85.867  22.641 0.0000000000
6503  9.786  -86.452  22.003 0.0000000000
6505  26.019  -85.270  19.805 0.0000000000
6506  25.198  -84.717  20.664 0.0000000000
6507  24.452  -84.049  21.026 0.0000000000
6508  20.093  -83.390  21.519 0.0000000000
6509  19.130  -83.309  21.129 0.0000000000
6510  17.823  -83.572  21.023 0.0000000000
6511  16.650  -83.825  20.874 0.0000000000
6512  15.890  -83.965  20.816 0.0000000000
6517  26.790  -84.511  19.050 0.0000000000
6518  11.188  -87.193  16.420 0.0000000000
6519  10.010  -86.776  16.498 0.0000000000
6526  27.953  -84.659  17.766 0.0000000000
6527  27.711  -83.870  18.409 0.0000000000
6528  17.068  -87.375  14.373 0.0000000000
6529  16.053  -87.085  14.549 0.0000000000
6530  14.998  -86.610  15.046 0.0000000000
6531  13.911  -86.287  15.345 0.0000000000
6532  12.768  -86.161  15.431 0.0000000000
6533  11.317  -85.927  15.414 0.0000000000
6541  28.697  -84.624  16.305 0.0000000000
6542  28.203  -84.170  16.923 0.0000000000
6543  27.902  -83.973  17.668 0.0000000000
6544  20.357  -86.171  13.326 0.0000000000
6545  19.730  -86.434  13.426 0.0000000000
6546  18.675  -86.778  13.482 0.0000000000
6547  17.725  -86.724  13.827 0.0000000000
6548  16.665  -85.929  13.713 0.0000000000
6549  15.433  -86.002  13.940 0.0000000000
6550  14.397  -85.597  14.441 0.0000000000
6551  13.312  -85.367  14.848 0.0000000000
6552  12.468  -85.500  15.039 0.0000000000
6558  29.721  -84.881  15.044 0.0000000000
6559  29.171  -84.649  15.611 0.0000000000
6560  28.507  -84.110  16.025 0.0000000000
6561  22.267  -85.982  12.665 0.0000000000
6562  21.801  -85.942  12.908 0.0000000000
6563  20.933  -85.865  13.105 0.0000000000
6564  20.002  -85.610  13.067 0.0000000000
6565  19.049  -85.678  13.100 0.0000000000
6566  18.038  -85.760  13.172 0.0000000000
6567  17.318  -85.939  13.155 0.0000000000
6572  30.180  -84.815  14.522 0.0000000000
6573  29.139  -84.488  14.611 0.0000000000
6574  23.132  -85.999  11.891 0.0000000000
6575  22.716  -85.941  12.269 0.0000000000
6576  22.114  -85.488  12.317 0.0000000000
6577  21.455  -85.324  12.401 0.0000000000
6582  31.206  -84.880  12.901 0.0000000000
6583  30.688  -84.561  13.361 0.0000000000
6584  23.347  -86.160  11.517 0.0000000000
6585  23.035  -85.482  11.355 0.0000000000
6586  22.346  -85.109  11.564 0.0000000000
6591  31.906  -85.573  11.397 0.0000000000
6592  31.091  -84.672  11.899 0.0000000000
6593  29.976  -83.672  12.062 0.0000000000
6594  23.639  -85.859  10.510 0.0000000000
6595  23.030  -84.979  10.472 0.0000000000
6609  31.891  -84.750  10.549 0.0000000000
6610  31.031  -83.803  10.697 0.0000000000
6611  24.552  -85.901  8.984 0.0000000000
6612  23.838  -85.174  9.057 0.0000000000
6625  33.010  -85.128  9.011 0.0000000000
6626  32.344  -84.142  9.413 0.0000000000
6641  33.247  -84.420  8.110 0.0000000000
6642  32.793  -84.177  8.776 0.0000000000
6655  34.399  -84.981  6.593 0.0000000000
6656  33.789  -84.691  7.068 0.0000000000
6666  34.721  -85.064  5.902 0.0000000000
6667  33.980  -84.534  6.360 0.0000000000
6679  35.997  -85.404  4.418 0.0000000000
6680  35.753  -85.433  5.039 0.0000000000
6692  36.131  -85.230  3.804 0.0000000000
6703  36.430  -84.962  2.656 0.0000000000
6715  36.590  -84.595  0.946 0.0000000000
6716  36.822  -84.477  1.737 0.0000000000
6727  36.180  -84.823  -0.533 0.0000000000
6728  35.717  -85.516  -0.891 0.0000000000
6736  35.996  -84.621  -1.379 0.0000000000
6737  35.485  -85.231  -1.385 0.0000000000
6738  34.541  -85.463  -2.008 0.0000000000
6739  33.074  -85.892  -1.920 0.0000000000
6740  31.692  -86.152  -1.824 0.0000000000
6741  30.882  -86.395  -1.840 0.0000000000
6750  34.259  -84.822  -2.419 0.0000000000
6751  33.378  -85.002  -2.324 0.0000000000
6752  31.947  -85.146  -2.139 0.0000000000
6753  30.402  -85.596  -2.115 0.0000000000
6754  29.294  -85.354  -2.860 0.0000000000
6765  28.832  -85.320  -4.065 0.0000000000
6766  28.496  -86.018  -4.343 0.0000000000
6780  28.863  -85.314  -4.746 0.0000000000
6781  28.339  -85.656  -4.841 0.0000000000
7230  23.683  -84.204  21.281 0.0000000000
7231  22.781  -83.821  21.311 0.0000000000
7232  21.684  -83.441  21.326 0.0000000000
7233  20.836  -83.132  21.340 0.0000000000
7234  15.163  -84.092  20.932 0.0000000000
7235  14.091  -84.245  21.303 0.0000000000
7236  13.060  -84.471  21.852 0.0000000000
7244  26.080  -83.874  19.914 0.0000000000
7245  25.065  -83.187  20.450 0.0000000000
7246  23.763  -83.150  20.788 0.0000000000
7247  22.568  -82.590  20.628 0.0000000000
7248  21.426  -82.609  20.681 0.0000000000
7249  20.311  -82.807  20.594 0.0000000000
7250  19.419  -82.832  19.942 0.0000000000
7251  18.458  -83.061  19.876 0.0000000000
7252  17.278  -83.284  19.730 0.0000000000
7253  15.902  -83.435  19.743 0.0000000000
7254  14.688  -83.561  20.096 0.0000000000
7263  26.984  -83.044  19.116 0.0000000000
7264  26.022  -82.712  19.807 0.0000000000
7265  22.599  -82.094  20.008 0.0000000000
7266  22.082  -82.196  19.870 0.0000000000
7267  21.122  -82.430  19.539 0.0000000000
7268  20.121  -82.628  19.116 0.0000000000
7269  19.117  -82.732  18.806 0.0000000000
7270  18.007  -82.765  18.637 0.0000000000
7271  16.866  -82.829  18.676 0.0000000000
7279  27.805  -82.802  18.391 0.0000000000
7280  11.228  -84.987  14.761 0.0000000000
7289  28.043  -82.960  16.921 0.0000000000
7290  27.918  -83.273  17.659 0.0000000000
7291  16.354  -85.191  12.979 0.0000000000
7292  15.727  -85.256  13.201 0.0000000000
7293  14.806  -85.067  13.465 0.0000000000
7294  13.686  -84.526  13.934 0.0000000000
7295  12.286  -84.741  14.489 0.0000000000
7296  11.056  -84.303  14.352 0.0000000000
7303  28.522  -83.844  15.465 0.0000000000
7304  28.238  -83.198  15.905 0.0000000000
7305  20.949  -85.232  12.399 0.0000000000
7306  20.357  -85.155  12.320 0.0000000000
7307  19.378  -85.113  12.272 0.0000000000
7308  18.325  -85.068  12.382 0.0000000000
7309  17.025  -84.899  12.491 0.0000000000
7310  16.025  -84.688  12.630 0.0000000000
7311  15.149  -84.539  12.741 0.0000000000
7312  14.278  -84.360  12.925 0.0000000000
7317  29.373  -84.034  13.968 0.0000000000
7318  28.542  -83.305  14.473 0.0000000000
7319  28.182  -82.642  15.228 0.0000000000
7320  21.742  -84.952  11.746 0.0000000000
7321  20.956  -84.742  11.659 0.0000000000
7322  19.759  -84.477  11.159 0.0000000000
7323  18.661  -84.618  11.392 0.0000000000
7324  17.740  -84.451  11.623 0.0000000000
7325  17.098  -84.227  11.653 0.0000000000
7331  29.065  -83.122  12.825 0.0000000000
7332  28.511  -82.626  13.310 0.0000000000
7333  22.529  -84.795  10.792 0.0000000000
7334  21.600  -84.324  10.591 0.0000000000
7335  20.540  -84.172  10.654 0.0000000000
7336  19.988  -83.977  10.513 0.0000000000
7341  30.226  -83.357  11.091 0.0000000000
7342  29.335  -82.618  11.398 0.0000000000
7343  23.191  -84.866  9.719 0.0000000000
7344  22.361  -84.368  9.727 0.0000000000
7354  31.494  -83.499  9.901 0.0000000000
7355  30.452  -82.843  10.084 0.0000000000
7356  29.763  -82.547  10.551 0.0000000000
7371  31.807  -83.218  9.148 0.0000000000
7372  31.018  -82.711  9.216 0.0000000000
7385  32.903  -83.515  8.004 0.0000000000
7386  32.465  -83.273  8.466 0.0000000000
7387  31.618  -82.715  8.699 0.0000000000
7401  33.123  -83.461  7.488 0.0000000000
7402  32.711  -83.095  7.881 0.0000000000
7414  33.997  -83.938  5.843 0.0000000000
7415  33.553  -83.670  6.652 0.0000000000
7423  35.846  -84.750  4.357 0.0000000000
7424  34.868  -84.101  4.889 0.0000000000
7435  35.984  -83.919  3.671 0.0000000000
7436  34.976  -83.366  4.266 0.0000000000
7449  36.176  -83.664  2.176 0.0000000000
7458  36.525  -83.828  0.385 0.0000000000
7459  36.958  -83.735  1.323 0.0000000000
7468  36.442  -83.835  -0.589 0.0000000000
7471  36.328  -84.165  -1.386 0.0000000000
7472  35.791  -84.244  -1.913 0.0000000000
7473  35.273  -84.855  -2.001 0.0000000000
7476  35.594  -83.852  -2.527 0.0000000000
7477  34.989  -84.372  -2.483 0.0000000000
7478  33.698  -84.233  -2.619 0.0000000000
7479  32.421  -84.274  -2.582 0.0000000000
7480  30.929  -84.249  -2.649 0.0000000000
7481  29.965  -84.787  -2.606 0.0000000000
7484  30.579  -83.799  -3.212 0.0000000000
7485  29.831  -84.385  -3.464 0.0000000000
7927  24.269  -82.308  20.237 0.0000000000
7928  23.363  -82.138  20.194 0.0000000000
7929  22.841  -82.074  20.081 0.0000000000
7930  15.132  -83.109  19.247 0.0000000000
7940  26.417  -81.837  19.238 0.0000000000
7941  25.136  -81.805  19.726 0.0000000000
7942  23.907  -81.444  19.765 0.0000000000
7943  22.817  -81.532  19.451 0.0000000000
7944  21.796  -81.978  18.746 0.0000000000
7945  20.820  -82.249  18.277 0.0000000000
7946  19.824  -82.398  17.959 0.0000000000
7947  18.800  -82.291  17.743 0.0000000000
7948  17.532  -82.014  17.501 0.0000000000
7949  15.691  -82.432  18.324 0.0000000000
7957  27.438  -81.944  18.567 0.0000000000
7958  22.117  -81.213  18.339 0.0000000000
7959  21.367  -81.612  17.661 0.0000000000
7960  20.417  -81.840  17.258 0.0000000000
7961  19.527  -81.903  17.192 0.0000000000
7962  18.767  -81.619  16.882 0.0000000000
7963  18.112  -81.317  16.640 0.0000000000
7970  28.275  -82.248  16.647 0.0000000000
7971  28.126  -82.083  17.613 0.0000000000
7972  12.890  -83.989  13.845 0.0000000000
7973  12.062  -83.700  13.759 0.0000000000
7980  28.485  -81.969  15.952 0.0000000000
7981  16.259  -84.299  12.188 0.0000000000
7982  15.556  -84.020  12.142 0.0000000000
7983  14.477  -83.873  12.199 0.0000000000
7984  13.244  -83.515  12.802 0.0000000000
7985  12.017  -82.812  13.064 0.0000000000
7992  28.320  -82.022  13.673 0.0000000000
7993  28.449  -81.686  14.962 0.0000000000
7994  18.825  -84.158  10.660 0.0000000000
7995  18.073  -83.968  10.939 0.0000000000
7996  17.238  -83.849  11.126 0.0000000000
7997  16.296  -83.748  11.454 0.0000000000
7998  14.944  -83.343  11.442 0.0000000000
7999  13.764  -83.181  11.575 0.0000000000
8000  13.103  -82.948  11.865 0.0000000000
8007  28.737  -82.222  11.911 0.0000000000
8008  28.403  -82.018  12.521 0.0000000000
8011  19.418  -83.557  10.213 0.0000000000
8012  18.397  -83.413  10.386 0.0000000000
8013  17.422  -83.277  10.535 0.0000000000
8014  16.724  -83.249  10.798 0.0000000000
8021  28.831  -81.592  11.237 0.0000000000
8022  28.628  -81.705  11.793 0.0000000000
8032  29.773  -82.171  9.968 0.0000000000
8033  29.328  -81.749  10.395 0.0000000000
8046  30.127  -81.946  9.331 0.0000000000
8047  29.611  -81.699  9.743 0.0000000000
8059  31.839  -82.524  8.271 0.0000000000
8060  31.084  -81.929  8.495 0.0000000000
8074  33.076  -82.984  6.934 0.0000000000
8075  32.303  -82.247  7.503 0.0000000000
8076  31.301  -81.462  7.888 0.0000000000
8093  34.039  -83.356  5.395 0.0000000000
8094  33.354  -82.659  6.100 0.0000000000
8095  32.660  -81.657  6.540 0.0000000000
8108  34.123  -82.728  4.815 0.0000000000
8109  33.457  -82.010  5.319 0.0000000000
8120  35.946  -83.000  3.073 0.0000000000
8121  35.007  -82.718  3.684 0.0000000000
8134  36.028  -82.369  2.468 0.0000000000
8135  35.517  -82.467  3.058 0.0000000000
8147  36.966  -83.132  0.949 0.0000000000
8148  36.771  -82.720  1.484 0.0000000000
8157  36.567  -82.868  0.148 0.0000000000
8158  37.003  -82.624  0.957 0.0000000000
8166  36.395  -83.077  -1.133 0.0000000000
8167  36.270  -83.641  -1.842 0.0000000000
8171  36.200  -82.835  -1.925 0.0000000000
8172  36.003  -83.248  -2.348 0.0000000000
8173  35.413  -83.360  -2.743 0.0000000000
8174  34.223  -83.480  -2.868 0.0000000000
8175  32.934  -83.504  -2.936 0.0000000000
8176  31.900  -83.638  -2.885 0.0000000000
8680  26.642  -80.989  18.437 0.0000000000
8681  25.672  -80.929  18.963 0.0000000000
8682  24.360  -80.552  19.109 0.0000000000
8683  23.505  -80.830  19.311 0.0000000000
8684  17.487  -81.242  16.728 0.0000000000
8685  16.574  -81.389  17.111 0.0000000000
8696  27.814  -80.917  17.284 0.0000000000
8697  27.493  -81.150  17.802 0.0000000000
8698  23.919  -80.018  18.809 0.0000000000
8699  23.085  -80.216  18.540 0.0000000000
8700  21.779  -80.727  17.459 0.0000000000
8701  20.947  -81.153  16.690 0.0000000000
8702  19.818  -81.287  16.413 0.0000000000
8703  18.770  -80.843  16.129 0.0000000000
8704  17.973  -80.776  16.242 0.0000000000
8713  28.285  -81.249  16.738 0.0000000000
8714  27.944  -81.342  17.342 0.0000000000
8715  22.937  -79.557  17.897 0.0000000000
8716  22.264  -79.799  17.408 0.0000000000
8717  21.359  -80.264  16.484 0.0000000000
8718  20.458  -80.541  15.932 0.0000000000
8719  19.570  -80.519  15.779 0.0000000000
8724  28.627  -81.084  15.793 0.0000000000
8725  12.583  -82.708  12.149 0.0000000000
8731  28.896  -80.932  14.245 0.0000000000
8732  28.762  -80.529  15.048 0.0000000000
8733  16.199  -83.072  10.742 0.0000000000
8734  15.449  -82.869  10.704 0.0000000000
8735  14.140  -82.521  10.663 0.0000000000
8736  12.942  -82.150  11.310 0.0000000000
8743  29.091  -80.901  13.240 0.0000000000
8757  28.780  -81.107  11.138 0.0000000000
8758  28.933  -80.995  11.704 0.0000000000
8771  29.005  -80.855  10.655 0.0000000000
8772  29.132  -80.469  11.073 0.0000000000
8784  30.134  -81.278  8.778 0.0000000000
8785  29.512  -80.924  9.442 0.0000000000
8798  30.533  -80.842  8.179 0.0000000000
8799  29.901  -80.788  8.657 0.0000000000
8811  32.102  -81.235  6.871 0.0000000000
8812  31.427  -80.875  7.399 0.0000000000
8826  32.958  -81.532  5.796 0.0000000000
8827  32.385  -80.833  6.229 0.0000000000
8828  31.851  -80.566  6.746 0.0000000000
8846  33.669  -81.916  4.826 0.0000000000
8847  33.251  -81.300  5.002 0.0000000000
8848  32.773  -80.802  5.558 0.0000000000
8864  33.952  -81.657  4.155 0.0000000000
8865  33.423  -80.730  4.456 0.0000000000
8877  35.736  -81.433  2.412 0.0000000000
8878  34.935  -81.689  3.056 0.0000000000
8890  36.328  -81.637  1.796 0.0000000000
8898  36.540  -81.748  -0.376 0.0000000000
8899  36.752  -81.834  0.936 0.0000000000
8908  36.852  -82.234  -1.797 0.0000000000
8918  36.449  -82.286  -2.434 0.0000000000
8919  36.193  -82.362  -3.048 0.0000000000
8920  34.858  -82.668  -3.161 0.0000000000
8921  33.605  -82.921  -3.330 0.0000000000
8927  36.264  -81.701  -3.368 0.0000000000
8928  35.630  -81.920  -3.517 0.0000000000
9554  26.519  -80.553  18.220 0.0000000000
9555  26.120  -80.431  18.399 0.0000000000
9556  25.271  -80.212  18.657 0.0000000000
9567  27.434  -80.663  17.465 0.0000000000
9568  26.773  -80.317  17.814 0.0000000000
9569  25.788  -79.765  18.228 0.0000000000
9570  24.416  -79.538  18.494 0.0000000000
9571  23.427  -79.368  18.136 0.0000000000
9581  27.626  -80.316  17.031 0.0000000000
9582  26.947  -79.669  17.195 0.0000000000
9583  23.843  -78.816  18.080 0.0000000000
9584  22.884  -78.857  17.630 0.0000000000
9585  21.730  -79.127  16.562 0.0000000000
9586  20.818  -79.690  15.763 0.0000000000
9587  19.951  -79.925  15.346 0.0000000000
9595  28.225  -80.140  16.010 0.0000000000
9596  21.072  -78.752  15.774 0.0000000000
9597  20.293  -79.116  15.275 0.0000000000
9605  29.241  -79.828  14.058 0.0000000000
9606  28.510  -79.647  15.077 0.0000000000
9614  29.682  -79.941  12.714 0.0000000000
9626  29.858  -79.960  11.672 0.0000000000
9642  29.223  -80.258  9.987 0.0000000000
9643  29.399  -80.042  10.582 0.0000000000
9655  29.639  -79.775  9.506 0.0000000000
9656  29.340  -79.863  10.003 0.0000000000
9669  30.330  -80.314  8.130 0.0000000000
9670  29.992  -80.090  8.507 0.0000000000
9681  30.626  -80.026  7.763 0.0000000000
9682  30.370  -79.275  8.072 0.0000000000
9693  31.998  -80.125  6.358 0.0000000000
9694  31.423  -79.819  6.894 0.0000000000
9710  32.922  -80.416  5.008 0.0000000000
9711  32.391  -80.016  5.670 0.0000000000
9729  33.824  -80.336  3.564 0.0000000000
9730  33.191  -80.021  4.445 0.0000000000
9749  35.946  -80.906  2.096 0.0000000000
9750  35.000  -80.603  2.451 0.0000000000
9761  36.312  -80.526  1.497 0.0000000000
9762  35.782  -80.428  2.071 0.0000000000
9769  36.515  -80.458  -0.128 0.0000000000
9770  36.680  -80.831  0.591 0.0000000000
9777  36.411  -80.987  -1.258 0.0000000000
9789  36.879  -81.510  -2.482 0.0000000000
9790  36.544  -81.849  -2.782 0.0000000000
9793  36.893  -80.914  -2.801 0.0000000000
9794  36.572  -81.277  -3.081 0.0000000000
10451  26.330  -79.490  17.620 0.0000000000
10452  25.544  -79.019  17.872 0.0000000000
10453  24.627  -78.664  17.989 0.0000000000
10461  27.384  -79.513  16.564 0.0000000000
10462  26.507  -78.812  16.954 0.0000000000
10463  25.374  -78.239  17.465 0.0000000000
10464  24.010  -77.977  17.685 0.0000000000
10465  22.501  -77.751  16.973 0.0000000000
10466  21.621  -78.359  16.302 0.0000000000
10475  27.486  -78.688  15.664 0.0000000000
10476  26.621  -78.195  16.319 0.0000000000
10477  22.328  -76.970  16.365 0.0000000000
10478  21.520  -77.701  15.948 0.0000000000
10487  28.835  -78.670  13.815 0.0000000000
10488  28.463  -78.974  14.597 0.0000000000
10493  29.624  -79.021  13.029 0.0000000000
10501  30.028  -79.091  12.066 0.0000000000
10516  30.230  -79.234  11.180 0.0000000000
10530  30.087  -78.927  9.721 0.0000000000
10531  29.770  -79.433  10.189 0.0000000000
10547  30.249  -78.900  8.850 0.0000000000
10559  30.976  -79.051  7.500 0.0000000000
10560  30.649  -78.414  8.020 0.0000000000
10571  32.016  -79.476  6.259 0.0000000000
10572  31.748  -78.638  6.723 0.0000000000
10582  32.752  -79.654  4.955 0.0000000000
10583  32.359  -78.801  5.525 0.0000000000
10594  33.644  -79.406  3.495 0.0000000000
10595  33.066  -79.037  4.150 0.0000000000
10596  32.652  -78.082  4.857 0.0000000000
10615  34.201  -79.297  2.798 0.0000000000
10616  33.576  -78.976  3.427 0.0000000000
10636  36.031  -79.278  1.366 0.0000000000
10637  35.479  -79.756  2.059 0.0000000000
10648  36.649  -79.812  0.074 0.0000000000
10649  36.643  -79.708  0.591 0.0000000000
10655  36.512  -79.776  -0.612 0.0000000000
10656  36.731  -79.493  0.115 0.0000000000
10668  36.711  -80.232  -2.023 0.0000000000
10678  36.965  -80.327  -3.004 0.0000000000
11350  26.041  -77.994  16.733 0.0000000000
11351  25.177  -77.500  16.934 0.0000000000
11352  23.931  -77.011  17.094 0.0000000000
11353  23.049  -76.768  16.760 0.0000000000
11364  27.131  -77.822  15.159 0.0000000000
11365  26.368  -77.393  15.893 0.0000000000
11366  25.060  -76.823  16.292 0.0000000000
11367  23.903  -76.376  16.410 0.0000000000
11380  28.509  -78.111  13.706 0.0000000000
11381  27.812  -77.932  14.330 0.0000000000
11382  26.978  -77.286  14.899 0.0000000000
11391  29.051  -78.080  13.186 0.0000000000
11392  28.326  -77.704  13.581 0.0000000000
11399  30.029  -78.213  12.357 0.0000000000
11411  30.618  -77.631  10.792 0.0000000000
11412  30.424  -78.318  11.467 0.0000000000
11427  30.719  -77.902  9.781 0.0000000000
11428  30.515  -78.556  10.633 0.0000000000
11496  32.858  -77.754  4.183 0.0000000000
11509  34.102  -78.497  2.546 0.0000000000
11510  33.502  -78.182  3.242 0.0000000000
11529  35.777  -78.674  1.279 0.0000000000
11530  34.919  -78.535  1.798 0.0000000000
11531  33.963  -77.962  2.371 0.0000000000
11545  36.392  -78.503  0.752 0.0000000000
11546  35.608  -78.331  1.198 0.0000000000
11557  36.906  -78.964  0.002 0.0000000000
12236  25.792  -76.613  15.711 0.0000000000
12237  25.002  -76.223  15.651 0.0000000000
12249  27.238  -77.061  14.404 0.0000000000
12250  26.494  -76.163  14.879 0.0000000000
12261  28.509  -77.479  13.198 0.0000000000
12262  27.741  -76.838  13.583 0.0000000000
12263  27.141  -75.710  13.936 0.0000000000
12268  28.990  -77.240  12.553 0.0000000000
12269  28.146  -76.310  12.644 0.0000000000
12276  30.355  -77.202  11.525 0.0000000000
13198  27.552  -75.714  13.199 0.0000000000
