#!ascii label  , from subject Yale_0050573 vox2ras=TkReg
1770
100208  -33.425  14.778  35.018 0.0000000000
100209  -34.078  14.922  35.260 0.0000000000
100210  -34.464  15.013  35.343 0.0000000000
100221  -32.214  14.219  33.888 0.0000000000
100222  -32.902  14.230  34.118 0.0000000000
100223  -33.640  14.382  34.356 0.0000000000
100224  -34.458  14.665  34.687 0.0000000000
100225  -34.927  14.683  34.497 0.0000000000
100237  -31.239  14.032  33.189 0.0000000000
100238  -31.618  13.900  33.212 0.0000000000
100239  -32.311  13.838  33.330 0.0000000000
100240  -33.084  13.933  33.490 0.0000000000
100241  -33.881  14.188  33.699 0.0000000000
100242  -34.624  14.431  33.909 0.0000000000
100247  -30.349  13.918  32.326 0.0000000000
100248  -30.820  13.886  32.649 0.0000000000
100249  -31.633  13.666  32.638 0.0000000000
100250  -32.457  13.674  32.707 0.0000000000
100251  -33.307  13.866  32.877 0.0000000000
100252  -34.163  14.229  33.109 0.0000000000
100253  -34.844  14.515  33.495 0.0000000000
100259  -29.764  13.931  31.612 0.0000000000
100260  -30.118  13.887  31.911 0.0000000000
100261  -30.913  13.697  31.980 0.0000000000
100262  -31.742  13.610  32.020 0.0000000000
100263  -32.657  13.751  32.064 0.0000000000
100264  -33.565  14.037  32.402 0.0000000000
100265  -34.175  14.376  32.614 0.0000000000
100274  -29.749  13.905  31.369 0.0000000000
100275  -30.206  13.839  31.356 0.0000000000
100276  -30.990  13.778  31.391 0.0000000000
100277  -31.801  13.850  31.456 0.0000000000
100278  -32.477  14.003  31.459 0.0000000000
100794  -34.417  16.293  39.373 0.0000000000
100809  -33.769  15.899  36.930 0.0000000000
100810  -34.036  16.241  37.590 0.0000000000
100811  -34.566  16.536  38.330 0.0000000000
100821  -32.630  15.213  35.297 0.0000000000
100822  -33.287  15.301  35.687 0.0000000000
100823  -33.873  15.471  36.068 0.0000000000
100824  -34.506  15.622  36.256 0.0000000000
100825  -35.135  16.326  37.198 0.0000000000
100836  -31.471  14.869  34.053 0.0000000000
100837  -32.102  14.719  34.410 0.0000000000
100838  -32.756  14.692  34.723 0.0000000000
100839  -34.701  15.077  35.358 0.0000000000
100840  -35.147  15.233  35.367 0.0000000000
100841  -35.760  16.240  36.247 0.0000000000
100854  -29.741  14.830  32.831 0.0000000000
100855  -30.410  14.662  33.052 0.0000000000
100856  -30.997  14.397  33.268 0.0000000000
100857  -31.613  14.324  33.630 0.0000000000
100858  -35.344  14.756  34.203 0.0000000000
100859  -35.932  15.390  34.914 0.0000000000
100860  -36.351  16.266  35.453 0.0000000000
100866  -28.776  14.566  31.894 0.0000000000
100867  -29.472  14.421  32.209 0.0000000000
100868  -30.146  14.178  32.459 0.0000000000
100869  -30.572  14.210  32.849 0.0000000000
100870  -34.753  14.555  32.989 0.0000000000
100871  -35.363  14.791  33.463 0.0000000000
100872  -36.164  15.204  33.973 0.0000000000
100873  -36.372  15.604  34.643 0.0000000000
100878  -26.897  14.782  30.516 0.0000000000
100879  -27.644  14.481  30.824 0.0000000000
100880  -28.510  14.229  31.159 0.0000000000
100881  -29.425  14.053  31.592 0.0000000000
100882  -29.776  14.056  32.020 0.0000000000
100883  -33.184  14.135  31.787 0.0000000000
100884  -33.870  14.416  32.164 0.0000000000
100885  -34.584  14.772  32.505 0.0000000000
100886  -35.338  14.925  33.012 0.0000000000
100887  -35.775  15.064  33.375 0.0000000000
100895  -26.554  14.710  29.814 0.0000000000
100896  -27.274  14.448  30.112 0.0000000000
100897  -28.134  14.236  30.417 0.0000000000
100898  -29.274  14.033  30.830 0.0000000000
100899  -30.222  13.987  30.787 0.0000000000
100900  -31.074  14.034  30.874 0.0000000000
100901  -31.894  14.185  31.000 0.0000000000
100902  -32.778  14.516  31.200 0.0000000000
100903  -33.652  14.605  31.738 0.0000000000
100904  -34.133  14.687  32.073 0.0000000000
100915  -25.782  14.927  29.054 0.0000000000
100916  -26.228  14.759  29.223 0.0000000000
100917  -26.885  14.549  29.463 0.0000000000
100918  -27.659  14.362  29.733 0.0000000000
100919  -28.543  14.232  29.998 0.0000000000
100920  -29.460  14.216  30.178 0.0000000000
100921  -30.358  14.352  30.249 0.0000000000
100922  -31.223  14.474  30.539 0.0000000000
100923  -31.945  14.634  30.763 0.0000000000
100929  -25.646  15.104  28.822 0.0000000000
100930  -25.895  14.932  28.797 0.0000000000
100931  -26.492  14.734  28.908 0.0000000000
100932  -27.223  14.587  29.123 0.0000000000
100933  -28.016  14.500  29.359 0.0000000000
100934  -28.832  14.506  29.565 0.0000000000
100935  -29.586  14.543  29.754 0.0000000000
101443  -33.946  16.305  37.906 0.0000000000
101444  -34.074  15.897  39.206 0.0000000000
101455  -33.159  16.151  36.744 0.0000000000
101456  -33.880  16.131  37.558 0.0000000000
101457  -34.116  16.096  38.548 0.0000000000
101466  -31.768  15.959  35.418 0.0000000000
101467  -32.497  15.731  35.811 0.0000000000
101468  -33.221  15.767  36.301 0.0000000000
101479  -30.649  15.921  34.169 0.0000000000
101480  -31.336  15.595  34.473 0.0000000000
101481  -31.963  15.311  34.902 0.0000000000
101495  -28.869  15.823  32.854 0.0000000000
101496  -29.453  15.570  33.162 0.0000000000
101497  -30.179  15.392  33.407 0.0000000000
101498  -30.869  15.157  33.670 0.0000000000
101506  -27.743  15.532  31.903 0.0000000000
101507  -28.371  15.239  32.279 0.0000000000
101508  -28.998  14.992  32.648 0.0000000000
101509  -36.603  15.708  33.800 0.0000000000
101510  -36.777  16.289  34.511 0.0000000000
101515  -26.658  15.429  30.887 0.0000000000
101516  -27.259  15.028  31.258 0.0000000000
101517  -27.985  14.742  31.579 0.0000000000
101518  -34.848  15.081  32.473 0.0000000000
101519  -35.270  15.180  32.795 0.0000000000
101520  -36.145  15.614  33.250 0.0000000000
101521  -36.909  16.439  33.751 0.0000000000
101526  -25.699  15.568  29.769 0.0000000000
101527  -26.265  15.153  30.167 0.0000000000
101528  -32.934  14.829  31.070 0.0000000000
101529  -33.463  15.017  31.445 0.0000000000
101530  -34.363  15.067  32.119 0.0000000000
101531  -35.132  15.424  32.649 0.0000000000
101532  -35.593  15.544  32.934 0.0000000000
101541  -24.888  15.883  28.661 0.0000000000
101542  -25.467  15.337  29.052 0.0000000000
101543  -25.950  14.986  29.494 0.0000000000
101544  -30.789  14.699  30.085 0.0000000000
101545  -31.373  15.025  30.293 0.0000000000
101546  -32.464  14.991  30.878 0.0000000000
101547  -33.018  15.038  31.078 0.0000000000
101554  -24.751  15.994  28.092 0.0000000000
101555  -25.399  15.442  28.433 0.0000000000
101556  -26.079  15.109  28.449 0.0000000000
101557  -26.806  14.912  28.613 0.0000000000
101558  -27.575  14.801  28.834 0.0000000000
101559  -28.322  14.787  29.037 0.0000000000
101560  -29.085  15.007  29.223 0.0000000000
101561  -30.158  14.871  29.756 0.0000000000
101562  -30.758  14.930  29.923 0.0000000000
101569  -24.662  16.072  27.846 0.0000000000
101570  -24.991  15.942  27.813 0.0000000000
101571  -25.624  15.684  27.937 0.0000000000
101572  -26.392  15.387  28.161 0.0000000000
101573  -27.153  15.253  28.437 0.0000000000
101574  -27.917  15.106  28.712 0.0000000000
101575  -28.439  15.024  28.887 0.0000000000
101582  -25.043  16.082  27.593 0.0000000000
101583  -25.218  15.939  27.701 0.0000000000
102089  -33.155  17.393  37.615 0.0000000000
102090  -33.751  16.915  37.852 0.0000000000
102091  -34.088  16.153  39.545 0.0000000000
102099  -32.695  17.260  37.151 0.0000000000
102100  -32.893  16.582  36.981 0.0000000000
102107  -30.704  17.358  35.588 0.0000000000
102108  -31.541  16.986  36.014 0.0000000000
102109  -32.344  16.230  36.203 0.0000000000
102119  -29.050  17.652  33.703 0.0000000000
102120  -29.568  17.261  33.970 0.0000000000
102121  -30.452  16.901  34.856 0.0000000000
102122  -31.148  16.269  34.956 0.0000000000
102137  -28.506  17.388  32.591 0.0000000000
102138  -29.062  17.007  33.034 0.0000000000
102139  -29.394  16.334  33.343 0.0000000000
102140  -29.905  16.212  33.841 0.0000000000
102148  -27.387  16.938  31.633 0.0000000000
102149  -27.806  16.517  32.052 0.0000000000
102150  -28.342  16.181  32.453 0.0000000000
102157  -26.311  16.853  30.660 0.0000000000
102158  -26.715  16.309  31.095 0.0000000000
102159  -27.190  15.890  31.508 0.0000000000
102160  -36.535  16.226  33.056 0.0000000000
102161  -36.947  16.689  33.266 0.0000000000
102167  -25.045  16.922  29.543 0.0000000000
102168  -25.609  16.420  30.022 0.0000000000
102169  -26.119  15.888  30.484 0.0000000000
102170  -33.674  15.352  31.584 0.0000000000
102171  -34.125  15.399  31.943 0.0000000000
102172  -34.922  15.782  32.511 0.0000000000
102173  -35.949  16.085  32.893 0.0000000000
102183  -24.572  16.573  28.911 0.0000000000
102184  -25.136  16.041  29.340 0.0000000000
102185  -31.109  15.723  30.137 0.0000000000
102186  -31.984  15.563  30.702 0.0000000000
102187  -33.065  15.421  31.321 0.0000000000
102188  -33.933  15.647  31.934 0.0000000000
102189  -34.436  15.744  32.235 0.0000000000
102199  -23.949  17.009  27.897 0.0000000000
102200  -24.364  16.420  28.275 0.0000000000
102201  -29.018  15.800  29.051 0.0000000000
102202  -29.846  15.490  29.432 0.0000000000
102203  -30.626  15.293  29.822 0.0000000000
102210  -23.923  17.134  27.304 0.0000000000
102211  -24.361  16.468  27.687 0.0000000000
102212  -24.679  16.226  27.652 0.0000000000
102213  -25.703  15.982  27.718 0.0000000000
102214  -26.066  15.864  27.836 0.0000000000
102215  -26.691  15.979  27.990 0.0000000000
102216  -27.587  15.707  28.491 0.0000000000
102217  -28.377  15.420  28.807 0.0000000000
102224  -23.968  17.268  26.993 0.0000000000
102225  -24.215  16.906  27.148 0.0000000000
102226  -24.746  16.426  27.393 0.0000000000
102227  -25.338  16.243  27.503 0.0000000000
102228  -25.845  16.277  27.585 0.0000000000
102229  -26.199  16.149  27.733 0.0000000000
102735  -35.000  17.419  40.326 0.0000000000
102742  -33.676  18.557  38.521 0.0000000000
102743  -34.567  17.743  39.370 0.0000000000
102744  -34.579  16.366  39.991 0.0000000000
102749  -31.900  18.926  37.263 0.0000000000
102750  -32.929  18.254  37.758 0.0000000000
102751  -34.100  16.950  39.008 0.0000000000
102752  -34.513  16.398  39.548 0.0000000000
102760  -31.419  18.641  36.926 0.0000000000
102761  -31.703  17.779  36.708 0.0000000000
102769  -28.796  18.982  35.449 0.0000000000
102770  -29.287  18.680  35.628 0.0000000000
102771  -30.482  18.036  36.164 0.0000000000
102772  -31.214  17.577  36.301 0.0000000000
102781  -28.224  18.897  34.405 0.0000000000
102782  -28.696  18.528  34.707 0.0000000000
102783  -29.733  17.747  35.168 0.0000000000
102784  -30.319  17.485  35.441 0.0000000000
102799  -27.735  18.806  33.108 0.0000000000
102800  -28.094  18.580  33.500 0.0000000000
102801  -28.714  17.832  33.431 0.0000000000
102810  -27.135  18.419  31.538 0.0000000000
102811  -27.457  18.371  32.161 0.0000000000
102812  -27.997  17.646  32.211 0.0000000000
102822  -26.847  18.047  31.025 0.0000000000
102823  -26.965  17.256  31.277 0.0000000000
102833  -25.120  17.600  29.672 0.0000000000
102834  -25.803  17.607  30.162 0.0000000000
102835  -35.107  16.139  32.632 0.0000000000
102836  -35.572  16.409  32.731 0.0000000000
102846  -24.018  17.824  28.719 0.0000000000
102847  -24.446  17.616  29.055 0.0000000000
102848  -30.757  16.332  30.100 0.0000000000
102849  -31.374  16.251  30.694 0.0000000000
102850  -32.363  16.089  31.390 0.0000000000
102851  -33.468  16.049  32.047 0.0000000000
102852  -34.823  16.321  32.547 0.0000000000
102863  -23.809  17.765  28.276 0.0000000000
102864  -24.082  16.980  28.498 0.0000000000
102865  -28.790  16.684  29.214 0.0000000000
102866  -29.652  16.301  29.442 0.0000000000
102867  -30.403  15.942  29.712 0.0000000000
102874  -23.662  17.754  27.401 0.0000000000
102875  -26.632  16.835  27.788 0.0000000000
102876  -27.303  16.554  28.295 0.0000000000
102877  -28.166  16.226  28.733 0.0000000000
102884  -23.771  17.810  26.778 0.0000000000
102885  -24.096  17.400  26.747 0.0000000000
102886  -24.519  17.070  26.861 0.0000000000
102887  -25.037  16.837  26.988 0.0000000000
102888  -25.624  16.932  27.083 0.0000000000
102889  -26.197  16.583  27.562 0.0000000000
102899  -23.729  18.148  26.366 0.0000000000
102900  -23.927  17.916  26.364 0.0000000000
102901  -24.324  17.688  26.411 0.0000000000
102902  -24.844  17.418  26.548 0.0000000000
102903  -25.227  17.199  26.739 0.0000000000
103407  -34.069  20.133  39.620 0.0000000000
103408  -34.744  18.602  40.388 0.0000000000
103418  -32.077  20.279  37.894 0.0000000000
103419  -33.456  19.760  38.450 0.0000000000
103420  -34.268  18.692  39.405 0.0000000000
103428  -29.894  20.402  37.167 0.0000000000
103429  -31.247  19.861  37.366 0.0000000000
103430  -32.671  19.358  37.721 0.0000000000
103437  -28.582  20.355  36.649 0.0000000000
103438  -29.294  20.195  36.854 0.0000000000
103439  -30.285  19.005  36.725 0.0000000000
103446  -27.981  20.002  35.979 0.0000000000
103447  -28.503  19.808  36.020 0.0000000000
103448  -29.630  19.041  36.322 0.0000000000
103449  -30.071  18.638  36.458 0.0000000000
103457  -27.475  19.692  34.841 0.0000000000
103458  -27.905  19.586  35.075 0.0000000000
103459  -28.348  19.303  35.253 0.0000000000
103468  -27.460  19.293  33.912 0.0000000000
103469  -27.815  19.155  34.127 0.0000000000
103473  -26.939  18.794  31.656 0.0000000000
103474  -26.883  19.294  32.908 0.0000000000
103481  -25.902  18.853  30.414 0.0000000000
103482  -26.337  18.747  30.668 0.0000000000
103491  -25.434  18.443  29.907 0.0000000000
103492  -25.817  18.225  30.227 0.0000000000
103505  -24.053  18.251  28.773 0.0000000000
103506  -24.539  18.670  29.233 0.0000000000
103507  -29.897  17.488  30.481 0.0000000000
103508  -30.409  17.091  30.730 0.0000000000
103509  -31.447  16.852  31.822 0.0000000000
103510  -32.661  16.661  32.375 0.0000000000
103511  -33.928  16.744  32.669 0.0000000000
103512  -34.924  16.958  32.857 0.0000000000
103523  -23.784  18.633  28.293 0.0000000000
103524  -28.547  17.331  29.527 0.0000000000
103525  -29.429  17.374  29.988 0.0000000000
103526  -30.171  16.608  29.900 0.0000000000
103531  -23.302  18.876  27.100 0.0000000000
103532  -23.471  18.678  27.432 0.0000000000
103533  -26.590  17.202  27.639 0.0000000000
103534  -26.915  17.376  27.978 0.0000000000
103535  -27.836  17.386  28.917 0.0000000000
103542  -23.271  18.873  26.898 0.0000000000
103543  -23.405  18.519  26.780 0.0000000000
103544  -25.740  17.367  26.900 0.0000000000
103545  -26.207  17.490  27.257 0.0000000000
103546  -26.681  18.126  27.729 0.0000000000
103561  -23.490  18.512  26.272 0.0000000000
103562  -23.684  18.352  26.039 0.0000000000
103563  -24.017  18.208  25.929 0.0000000000
103564  -24.587  18.117  25.938 0.0000000000
103565  -25.400  17.787  26.472 0.0000000000
103566  -25.922  18.396  26.584 0.0000000000
103586  -23.448  18.800  25.860 0.0000000000
103587  -23.687  18.780  25.657 0.0000000000
103588  -24.089  18.718  25.495 0.0000000000
103589  -24.510  18.774  25.439 0.0000000000
104095  -31.666  22.144  39.103 0.0000000000
104096  -33.201  21.299  39.535 0.0000000000
104105  -27.747  21.847  38.488 0.0000000000
104106  -29.365  21.638  38.252 0.0000000000
104107  -31.366  21.133  38.137 0.0000000000
104108  -32.638  21.328  38.627 0.0000000000
104119  -26.953  21.778  38.731 0.0000000000
104120  -27.727  21.529  37.903 0.0000000000
104121  -29.228  21.012  37.508 0.0000000000
104122  -30.278  20.938  37.755 0.0000000000
104131  -27.026  21.434  38.630 0.0000000000
104132  -27.352  21.371  37.991 0.0000000000
104133  -28.033  20.924  37.215 0.0000000000
104134  -28.521  20.985  37.270 0.0000000000
104139  -27.236  21.235  37.262 0.0000000000
104140  -27.628  20.678  36.759 0.0000000000
104141  -27.847  20.745  36.993 0.0000000000
104148  -26.681  20.605  35.523 0.0000000000
104149  -27.127  20.224  35.573 0.0000000000
104150  -27.402  20.404  36.221 0.0000000000
104159  -26.483  20.247  34.263 0.0000000000
104160  -26.741  19.858  34.266 0.0000000000
104165  -26.307  20.020  31.564 0.0000000000
104166  -26.481  19.663  32.186 0.0000000000
104167  -26.557  19.738  33.400 0.0000000000
104171  -26.080  19.488  30.649 0.0000000000
104172  -26.286  19.274  31.143 0.0000000000
104175  -24.513  19.659  29.188 0.0000000000
104176  -24.962  19.485  29.473 0.0000000000
104177  -31.027  18.835  32.872 0.0000000000
104178  -31.575  18.713  33.082 0.0000000000
104179  -32.731  18.470  33.465 0.0000000000
104192  -24.204  19.280  28.915 0.0000000000
104193  -24.507  19.121  29.214 0.0000000000
104194  -29.766  17.970  30.972 0.0000000000
104195  -30.645  18.279  32.294 0.0000000000
104196  -32.012  17.687  32.681 0.0000000000
104197  -33.255  17.484  32.990 0.0000000000
104208  -23.727  19.392  27.977 0.0000000000
104209  -28.362  18.089  29.838 0.0000000000
104210  -28.758  18.491  30.856 0.0000000000
104213  -23.254  19.176  26.981 0.0000000000
104214  -23.404  19.550  27.302 0.0000000000
104215  -27.083  18.300  28.493 0.0000000000
104216  -27.623  18.662  29.389 0.0000000000
104226  -23.139  19.269  26.520 0.0000000000
104227  -23.221  18.944  26.277 0.0000000000
104228  -26.435  18.621  27.119 0.0000000000
104229  -26.825  18.961  27.867 0.0000000000
104246  -23.067  19.491  26.020 0.0000000000
104247  -23.228  19.105  25.923 0.0000000000
104248  -24.954  18.558  25.729 0.0000000000
104249  -25.480  18.941  25.847 0.0000000000
104250  -26.142  19.240  26.375 0.0000000000
104264  -23.123  19.685  25.711 0.0000000000
104265  -23.359  19.460  25.549 0.0000000000
104266  -23.718  19.409  25.280 0.0000000000
104267  -24.166  19.376  25.150 0.0000000000
104268  -24.765  19.352  25.234 0.0000000000
104269  -25.226  19.745  25.336 0.0000000000
104804  -29.800  22.298  38.921 0.0000000000
104840  -26.567  21.203  36.316 0.0000000000
104841  -26.972  21.382  37.228 0.0000000000
104852  -26.351  20.639  33.872 0.0000000000
104857  -26.004  20.527  31.365 0.0000000000
104858  -26.187  20.385  32.322 0.0000000000
104862  -25.660  20.349  30.125 0.0000000000
104868  -24.628  20.266  29.083 0.0000000000
104869  -25.051  20.287  29.587 0.0000000000
104870  -30.154  20.257  32.783 0.0000000000
104871  -31.091  19.670  33.146 0.0000000000
104872  -32.230  19.553  33.975 0.0000000000
104885  -24.046  20.215  28.338 0.0000000000
104886  -28.740  19.846  31.400 0.0000000000
104887  -29.384  19.203  31.874 0.0000000000
104888  -30.164  19.266  32.632 0.0000000000
104895  -23.401  20.674  27.216 0.0000000000
104896  -23.645  20.129  27.604 0.0000000000
104897  -28.046  19.270  30.503 0.0000000000
104898  -28.573  19.148  31.269 0.0000000000
104901  -23.175  20.097  26.749 0.0000000000
104902  -23.387  20.080  27.193 0.0000000000
104903  -27.170  19.487  28.796 0.0000000000
104904  -27.512  19.413  29.654 0.0000000000
104916  -22.987  20.116  26.108 0.0000000000
104917  -26.613  19.708  27.216 0.0000000000
104918  -26.951  19.641  27.964 0.0000000000
104929  -23.006  20.108  25.742 0.0000000000
104930  -25.739  19.851  25.747 0.0000000000
104931  -26.197  20.237  26.321 0.0000000000
104938  -23.039  20.416  25.358 0.0000000000
104939  -23.365  20.194  25.110 0.0000000000
104940  -23.737  20.126  24.925 0.0000000000
104941  -24.193  20.136  24.850 0.0000000000
104942  -24.723  20.364  24.927 0.0000000000
104943  -25.304  20.495  25.305 0.0000000000
104948  -23.042  20.958  24.932 0.0000000000
104949  -23.332  20.900  24.737 0.0000000000
104950  -23.721  20.874  24.585 0.0000000000
104951  -24.158  20.941  24.569 0.0000000000
104952  -24.527  21.104  24.657 0.0000000000
105506  -26.701  21.375  35.419 0.0000000000
105510  -25.978  21.103  31.616 0.0000000000
105511  -26.283  21.148  32.725 0.0000000000
105516  -25.825  21.332  30.799 0.0000000000
105517  -26.029  21.400  31.711 0.0000000000
105527  -24.891  20.990  28.933 0.0000000000
105528  -25.332  21.093  29.432 0.0000000000
105529  -30.081  21.446  33.376 0.0000000000
105530  -30.655  21.037  34.025 0.0000000000
105531  -31.622  20.626  34.706 0.0000000000
105544  -24.572  21.296  28.428 0.0000000000
105545  -25.002  21.383  28.871 0.0000000000
105546  -28.850  20.450  31.548 0.0000000000
105547  -29.335  20.703  32.172 0.0000000000
105553  -23.349  21.639  27.349 0.0000000000
105554  -23.839  21.012  27.765 0.0000000000
105555  -28.580  20.582  30.933 0.0000000000
105556  -28.964  20.806  31.556 0.0000000000
105564  -23.025  21.241  26.794 0.0000000000
105565  -27.287  20.224  28.877 0.0000000000
105566  -27.736  20.304  29.603 0.0000000000
105580  -22.861  20.995  26.230 0.0000000000
105581  -26.533  20.968  27.007 0.0000000000
105582  -27.055  20.492  28.133 0.0000000000
105583  -27.391  20.651  28.875 0.0000000000
105591  -22.424  22.045  25.358 0.0000000000
105592  -22.789  21.008  25.639 0.0000000000
105593  -25.788  20.708  25.731 0.0000000000
105594  -26.118  21.129  26.152 0.0000000000
105600  -22.378  22.202  25.075 0.0000000000
105601  -22.652  21.678  25.031 0.0000000000
105602  -24.948  21.055  24.920 0.0000000000
105603  -25.408  21.391  25.309 0.0000000000
105604  -25.825  21.248  25.720 0.0000000000
105608  -22.906  21.715  24.615 0.0000000000
105609  -23.297  21.642  24.419 0.0000000000
105610  -23.716  21.659  24.322 0.0000000000
105611  -24.209  21.694  24.416 0.0000000000
105612  -24.700  21.612  24.672 0.0000000000
105613  -25.036  21.512  24.900 0.0000000000
106200  -26.871  21.930  34.001 0.0000000000
106208  -25.849  22.100  30.760 0.0000000000
106209  -26.242  22.054  31.842 0.0000000000
106223  -25.649  22.122  29.878 0.0000000000
106224  -30.005  21.978  33.749 0.0000000000
106233  -24.644  22.237  28.271 0.0000000000
106234  -25.130  22.178  28.820 0.0000000000
106235  -29.765  22.065  33.210 0.0000000000
106240  -23.391  22.379  27.380 0.0000000000
106241  -23.969  22.240  27.827 0.0000000000
106242  -28.793  21.192  30.906 0.0000000000
106243  -29.288  21.670  31.538 0.0000000000
106253  -22.698  22.729  26.641 0.0000000000
106254  -22.918  22.411  26.913 0.0000000000
106255  -28.651  21.418  30.193 0.0000000000
106256  -29.497  22.438  30.405 0.0000000000
106267  -22.527  22.612  26.319 0.0000000000
106268  -22.664  21.785  26.434 0.0000000000
106269  -26.574  21.670  27.051 0.0000000000
106270  -26.945  21.736  27.600 0.0000000000
106271  -27.735  21.592  28.780 0.0000000000
106275  -22.276  22.746  25.664 0.0000000000
106276  -22.510  21.836  25.914 0.0000000000
106277  -26.298  21.874  26.525 0.0000000000
106278  -26.624  22.132  27.003 0.0000000000
106283  -22.267  22.934  25.111 0.0000000000
106284  -22.397  22.399  24.933 0.0000000000
106285  -25.362  22.368  25.422 0.0000000000
106286  -25.851  21.804  25.818 0.0000000000
106291  -22.306  23.301  24.913 0.0000000000
106292  -22.498  22.861  24.723 0.0000000000
106293  -22.923  22.462  24.373 0.0000000000
106294  -23.307  22.373  24.262 0.0000000000
106295  -23.729  22.659  24.345 0.0000000000
106296  -24.424  22.398  24.596 0.0000000000
106297  -24.993  22.064  24.915 0.0000000000
106302  -22.586  23.516  24.707 0.0000000000
106303  -22.756  23.273  24.536 0.0000000000
106304  -23.057  23.052  24.367 0.0000000000
106305  -23.310  22.899  24.287 0.0000000000
106863  -27.780  22.712  34.812 0.0000000000
106869  -26.963  22.745  32.863 0.0000000000
106880  -25.866  22.888  30.640 0.0000000000
106881  -26.380  23.003  31.678 0.0000000000
106896  -25.198  23.802  28.762 0.0000000000
106897  -25.401  23.176  29.242 0.0000000000
106903  -24.296  23.971  27.690 0.0000000000
106904  -24.712  23.246  28.212 0.0000000000
106905  -25.162  22.873  28.696 0.0000000000
106906  -29.781  22.941  32.889 0.0000000000
106915  -23.265  23.939  26.838 0.0000000000
106916  -23.594  23.294  27.350 0.0000000000
106917  -24.054  22.917  27.801 0.0000000000
106918  -30.058  23.474  31.533 0.0000000000
106929  -22.900  23.245  26.669 0.0000000000
106930  -23.051  22.965  27.004 0.0000000000
106931  -28.855  22.625  29.409 0.0000000000
106932  -29.695  23.359  29.968 0.0000000000
106939  -22.496  24.162  25.821 0.0000000000
106940  -22.508  23.757  25.972 0.0000000000
106941  -27.485  22.519  27.879 0.0000000000
106942  -28.212  22.975  28.420 0.0000000000
106947  -22.465  24.104  25.615 0.0000000000
106948  -22.250  23.532  25.466 0.0000000000
106949  -26.324  22.627  26.732 0.0000000000
106950  -26.863  22.797  27.215 0.0000000000
106956  -22.470  24.101  25.419 0.0000000000
106957  -22.237  23.693  25.240 0.0000000000
106958  -25.201  23.012  25.613 0.0000000000
106959  -25.737  22.834  26.110 0.0000000000
106965  -22.523  24.283  25.302 0.0000000000
106966  -22.343  23.892  25.133 0.0000000000
106967  -22.354  23.614  24.919 0.0000000000
106968  -23.625  23.449  24.601 0.0000000000
106969  -24.019  23.301  24.744 0.0000000000
106970  -24.764  23.121  25.102 0.0000000000
106975  -22.465  24.142  25.155 0.0000000000
106976  -22.557  23.992  24.980 0.0000000000
106977  -22.804  24.048  24.942 0.0000000000
106978  -22.976  23.873  24.754 0.0000000000
106979  -23.282  23.637  24.615 0.0000000000
107465  -28.487  23.774  35.210 0.0000000000
107468  -26.947  24.083  32.064 0.0000000000
107469  -27.716  23.653  33.179 0.0000000000
107475  -25.553  24.500  30.296 0.0000000000
107476  -26.124  23.925  31.174 0.0000000000
107477  -26.868  23.447  32.115 0.0000000000
107489  -24.750  24.836  28.809 0.0000000000
107490  -25.262  24.410  29.335 0.0000000000
107491  -25.630  23.787  30.104 0.0000000000
107501  -24.525  24.630  28.082 0.0000000000
107502  -25.044  24.246  28.534 0.0000000000
107514  -23.564  24.537  26.945 0.0000000000
107515  -24.043  24.517  27.390 0.0000000000
107516  -30.057  24.111  30.519 0.0000000000
107517  -30.439  24.559  31.664 0.0000000000
107525  -22.778  25.157  26.232 0.0000000000
107526  -23.080  24.546  26.423 0.0000000000
107527  -29.008  23.762  29.006 0.0000000000
107528  -29.651  23.922  29.763 0.0000000000
107536  -22.625  24.700  25.940 0.0000000000
107537  -22.719  24.538  26.104 0.0000000000
107538  -27.460  23.582  27.679 0.0000000000
107539  -28.240  23.677  28.285 0.0000000000
107547  -22.666  24.702  25.781 0.0000000000
107548  -25.261  24.286  26.615 0.0000000000
107549  -26.100  23.551  26.851 0.0000000000
107550  -26.742  23.477  27.270 0.0000000000
107555  -22.661  24.744  25.580 0.0000000000
107556  -24.184  24.437  25.772 0.0000000000
107557  -25.007  23.803  25.820 0.0000000000
107558  -25.531  23.619  26.339 0.0000000000
107563  -22.549  24.929  25.550 0.0000000000
107564  -22.559  24.457  25.339 0.0000000000
107565  -23.459  24.291  25.055 0.0000000000
107566  -24.089  23.995  25.237 0.0000000000
107567  -24.570  23.870  25.372 0.0000000000
107572  -22.635  25.471  25.562 0.0000000000
107573  -22.720  25.027  25.406 0.0000000000
107574  -22.800  25.019  25.201 0.0000000000
107575  -22.970  24.883  25.095 0.0000000000
107576  -23.053  24.669  25.002 0.0000000000
107577  -23.191  24.477  25.000 0.0000000000
108045  -27.060  25.502  32.654 0.0000000000
108046  -28.183  24.761  33.656 0.0000000000
108049  -25.202  25.514  31.398 0.0000000000
108050  -26.344  24.902  31.757 0.0000000000
108051  -27.307  24.560  32.588 0.0000000000
108057  -23.929  26.000  30.106 0.0000000000
108058  -24.748  25.383  30.273 0.0000000000
108059  -25.595  24.833  30.942 0.0000000000
108067  -23.137  26.257  28.716 0.0000000000
108068  -23.989  25.736  28.984 0.0000000000
108069  -24.745  25.123  29.301 0.0000000000
108080  -23.196  26.041  28.154 0.0000000000
108081  -23.774  25.287  27.800 0.0000000000
108096  -22.183  26.086  27.253 0.0000000000
108097  -22.989  25.613  27.222 0.0000000000
108098  -23.668  25.033  27.261 0.0000000000
108099  -30.131  24.940  31.010 0.0000000000
108107  -22.381  25.814  26.726 0.0000000000
108108  -22.862  25.338  26.580 0.0000000000
108109  -28.610  24.595  29.256 0.0000000000
108110  -29.510  24.552  29.922 0.0000000000
108117  -22.466  25.696  26.237 0.0000000000
108118  -26.102  25.173  27.739 0.0000000000
108119  -26.773  24.672  27.815 0.0000000000
108120  -27.907  24.377  28.426 0.0000000000
108128  -22.508  25.527  26.021 0.0000000000
108129  -24.915  25.071  26.921 0.0000000000
108130  -25.765  24.752  27.305 0.0000000000
108131  -26.557  24.003  27.379 0.0000000000
108138  -22.529  25.322  25.884 0.0000000000
108139  -23.818  25.013  26.109 0.0000000000
108140  -24.376  24.969  26.381 0.0000000000
108146  -22.623  25.562  25.907 0.0000000000
108147  -23.171  25.249  25.387 0.0000000000
108148  -23.454  25.099  25.688 0.0000000000
108154  -22.726  25.841  25.801 0.0000000000
108155  -22.759  26.024  25.546 0.0000000000
108156  -22.790  26.095  25.314 0.0000000000
108157  -22.952  25.997  25.190 0.0000000000
108158  -23.013  25.766  25.218 0.0000000000
108159  -23.044  25.517  25.213 0.0000000000
108164  -22.952  26.581  25.239 0.0000000000
108165  -22.952  26.880  25.020 0.0000000000
108616  -25.094  26.866  32.462 0.0000000000
108617  -26.064  26.623  32.677 0.0000000000
108618  -27.782  26.152  34.166 0.0000000000
108621  -23.959  26.694  31.606 0.0000000000
108622  -24.615  26.550  31.955 0.0000000000
108623  -25.784  25.801  32.071 0.0000000000
108626  -23.885  26.380  31.022 0.0000000000
108627  -24.501  25.886  31.235 0.0000000000
108633  -23.103  26.550  29.145 0.0000000000
108634  -23.378  26.654  29.945 0.0000000000
108643  -21.813  26.641  28.416 0.0000000000
108644  -22.349  26.595  28.628 0.0000000000
108658  -21.933  26.445  27.895 0.0000000000
108659  -22.538  26.155  27.987 0.0000000000
108660  -29.646  25.421  30.649 0.0000000000
108673  -21.613  26.350  27.242 0.0000000000
108674  -26.698  25.694  28.715 0.0000000000
108675  -27.574  25.313  29.243 0.0000000000
108676  -28.762  25.272  29.968 0.0000000000
108682  -21.576  26.479  26.444 0.0000000000
108683  -21.700  26.298  26.620 0.0000000000
108684  -25.642  25.707  27.667 0.0000000000
108685  -26.277  25.598  28.134 0.0000000000
108686  -27.057  25.113  28.436 0.0000000000
108693  -21.712  26.515  26.247 0.0000000000
108694  -22.015  26.146  26.263 0.0000000000
108695  -23.967  25.926  26.654 0.0000000000
108696  -24.343  25.713  26.899 0.0000000000
108697  -25.011  25.690  27.287 0.0000000000
108706  -21.623  26.691  26.103 0.0000000000
108707  -22.087  26.249  25.994 0.0000000000
108708  -23.635  25.752  26.290 0.0000000000
108709  -24.041  25.591  26.588 0.0000000000
108716  -22.285  26.433  25.739 0.0000000000
108717  -23.067  26.012  25.396 0.0000000000
108718  -23.246  26.366  25.577 0.0000000000
108723  -22.548  26.671  25.493 0.0000000000
108724  -22.807  26.973  25.145 0.0000000000
108725  -22.828  26.784  25.166 0.0000000000
108726  -23.019  26.676  24.984 0.0000000000
108727  -23.171  26.589  25.017 0.0000000000
108728  -23.225  26.815  24.821 0.0000000000
108729  -23.168  26.739  25.156 0.0000000000
108734  -22.756  27.365  24.575 0.0000000000
108735  -22.937  27.180  24.751 0.0000000000
108736  -23.100  27.265  24.562 0.0000000000
108737  -23.258  27.174  24.449 0.0000000000
108738  -23.200  27.188  24.671 0.0000000000
109233  -24.983  27.402  32.827 0.0000000000
109234  -26.593  27.321  33.922 0.0000000000
109238  -23.618  27.187  31.714 0.0000000000
109239  -24.161  27.181  32.240 0.0000000000
109242  -22.585  27.616  30.513 0.0000000000
109243  -23.250  27.211  30.726 0.0000000000
109249  -21.758  27.527  29.495 0.0000000000
109250  -22.542  27.210  29.608 0.0000000000
109251  -22.970  27.238  30.167 0.0000000000
109256  -21.514  27.010  28.649 0.0000000000
109257  -21.960  27.091  29.092 0.0000000000
109265  -21.141  26.843  27.822 0.0000000000
109280  -21.056  26.778  27.075 0.0000000000
109281  -25.923  27.326  28.685 0.0000000000
109282  -26.580  26.566  29.107 0.0000000000
109283  -27.926  26.217  30.398 0.0000000000
109284  -29.055  25.789  30.547 0.0000000000
109295  -21.465  26.608  26.351 0.0000000000
109296  -21.163  26.777  26.427 0.0000000000
109297  -25.013  27.352  27.353 0.0000000000
109298  -25.590  26.790  27.979 0.0000000000
109299  -26.291  26.173  28.455 0.0000000000
109305  -21.364  26.715  26.263 0.0000000000
109306  -21.284  26.986  26.061 0.0000000000
109307  -24.220  26.191  26.714 0.0000000000
109308  -24.596  26.759  26.986 0.0000000000
109309  -25.197  26.245  27.477 0.0000000000
109318  -21.439  26.825  26.110 0.0000000000
109319  -21.559  26.857  25.893 0.0000000000
109320  -23.968  26.474  26.433 0.0000000000
109321  -24.049  27.394  25.995 0.0000000000
109331  -21.827  26.966  25.584 0.0000000000
109332  -23.631  26.892  25.701 0.0000000000
109333  -24.113  27.672  24.913 0.0000000000
109340  -22.069  27.142  25.204 0.0000000000
109341  -22.285  27.319  24.797 0.0000000000
109342  -23.313  27.351  24.477 0.0000000000
109343  -23.618  27.353  24.502 0.0000000000
109344  -24.432  27.784  23.928 0.0000000000
109350  -22.432  27.518  24.308 0.0000000000
109351  -22.610  27.576  23.818 0.0000000000
109352  -22.898  27.467  23.766 0.0000000000
109353  -23.130  27.409  23.637 0.0000000000
109354  -23.396  27.366  23.866 0.0000000000
109355  -24.068  27.476  22.911 0.0000000000
109360  -22.668  27.632  23.019 0.0000000000
109361  -22.962  27.586  22.703 0.0000000000
109362  -23.371  27.486  22.493 0.0000000000
109363  -23.871  27.454  22.299 0.0000000000
109364  -24.346  27.469  22.012 0.0000000000
109827  -23.804  28.567  32.340 0.0000000000
109828  -24.429  28.414  32.735 0.0000000000
109829  -25.966  28.581  34.448 0.0000000000
109835  -22.659  28.518  31.465 0.0000000000
109836  -23.280  28.352  31.866 0.0000000000
109837  -23.962  27.669  32.304 0.0000000000
109843  -21.900  28.396  30.562 0.0000000000
109844  -22.299  28.336  30.930 0.0000000000
109845  -22.909  27.746  31.209 0.0000000000
109851  -21.725  28.159  30.130 0.0000000000
109852  -22.035  27.761  30.197 0.0000000000
109858  -21.337  27.817  29.221 0.0000000000
109869  -21.045  27.527  28.350 0.0000000000
109882  -20.805  27.371  27.556 0.0000000000
109883  -25.580  27.996  28.368 0.0000000000
109884  -26.054  27.904  29.316 0.0000000000
109885  -26.829  27.209  30.063 0.0000000000
109895  -20.793  27.330  26.783 0.0000000000
109896  -24.770  27.765  26.941 0.0000000000
109897  -25.147  28.111  27.458 0.0000000000
109903  -21.127  27.382  26.169 0.0000000000
109904  -24.509  27.950  26.227 0.0000000000
109905  -25.002  28.546  26.471 0.0000000000
109911  -21.448  27.421  25.591 0.0000000000
109912  -24.602  28.076  25.171 0.0000000000
109913  -25.117  28.659  25.453 0.0000000000
109921  -21.743  27.581  24.973 0.0000000000
109922  -24.842  28.045  24.165 0.0000000000
109923  -25.317  28.543  24.423 0.0000000000
109931  -21.949  27.642  24.515 0.0000000000
109932  -22.093  27.746  24.041 0.0000000000
109933  -24.530  27.674  23.114 0.0000000000
109934  -25.152  27.944  23.213 0.0000000000
109935  -25.413  28.302  23.648 0.0000000000
109942  -22.272  27.834  23.521 0.0000000000
109943  -22.461  27.874  22.937 0.0000000000
109944  -24.711  27.585  22.220 0.0000000000
109945  -25.216  27.864  22.379 0.0000000000
109951  -22.845  28.005  22.336 0.0000000000
109952  -23.321  28.088  21.588 0.0000000000
109953  -23.796  27.771  21.531 0.0000000000
109954  -24.259  27.687  21.486 0.0000000000
109955  -24.771  27.858  21.477 0.0000000000
109956  -25.180  27.926  21.768 0.0000000000
109966  -23.644  28.698  20.884 0.0000000000
109967  -23.857  28.387  20.910 0.0000000000
109968  -24.286  28.143  20.944 0.0000000000
109969  -24.576  28.042  21.118 0.0000000000
110344  -24.124  29.135  32.366 0.0000000000
110345  -25.265  29.418  33.601 0.0000000000
110349  -22.792  28.975  31.443 0.0000000000
110350  -23.362  29.058  31.913 0.0000000000
110354  -21.904  28.767  30.562 0.0000000000
110355  -22.251  28.896  31.038 0.0000000000
110360  -21.455  28.502  29.724 0.0000000000
110366  -21.123  28.205  28.842 0.0000000000
110378  -20.872  28.025  28.030 0.0000000000
110386  -20.809  27.972  27.218 0.0000000000
110387  -25.770  28.801  28.746 0.0000000000
110397  -21.027  27.939  26.450 0.0000000000
110398  -25.561  28.970  27.857 0.0000000000
110399  -25.951  29.747  28.425 0.0000000000
110410  -21.362  27.981  25.738 0.0000000000
110411  -25.543  29.110  26.812 0.0000000000
110412  -26.110  29.802  27.229 0.0000000000
110418  -21.592  28.236  24.829 0.0000000000
110419  -21.794  28.748  24.346 0.0000000000
110420  -25.683  29.140  25.814 0.0000000000
110421  -26.298  29.624  26.098 0.0000000000
110429  -21.815  28.029  24.239 0.0000000000
110430  -21.879  28.545  24.017 0.0000000000
110431  -26.091  29.198  24.758 0.0000000000
110432  -26.282  29.447  25.402 0.0000000000
110441  -21.923  27.921  23.996 0.0000000000
110442  -22.139  28.331  23.389 0.0000000000
110443  -22.507  28.832  22.712 0.0000000000
110444  -25.650  28.353  23.074 0.0000000000
110445  -25.992  28.809  23.604 0.0000000000
110453  -22.309  28.093  23.007 0.0000000000
110454  -22.668  28.526  22.447 0.0000000000
110455  -25.637  28.182  22.550 0.0000000000
110456  -25.970  28.697  22.628 0.0000000000
110462  -23.154  28.667  21.651 0.0000000000
110463  -23.450  28.911  21.047 0.0000000000
110464  -25.196  28.218  21.388 0.0000000000
110465  -25.725  28.594  21.710 0.0000000000
110466  -26.120  29.076  22.248 0.0000000000
110479  -23.723  29.222  20.676 0.0000000000
110480  -23.933  29.063  20.526 0.0000000000
110481  -24.329  28.868  20.516 0.0000000000
110482  -25.022  28.627  20.883 0.0000000000
110483  -25.617  29.078  21.030 0.0000000000
110882  -24.389  29.738  32.219 0.0000000000
110883  -25.291  30.344  32.667 0.0000000000
110890  -22.971  29.447  31.412 0.0000000000
110891  -23.902  29.856  31.728 0.0000000000
110892  -25.113  30.710  32.057 0.0000000000
110901  -22.043  29.172  30.584 0.0000000000
110902  -22.651  29.507  30.925 0.0000000000
110903  -23.557  30.140  31.226 0.0000000000
110910  -21.919  29.266  30.141 0.0000000000
110911  -22.428  29.706  30.391 0.0000000000
110918  -21.424  28.940  29.170 0.0000000000
110931  -21.158  28.610  28.423 0.0000000000
110939  -21.119  28.626  27.686 0.0000000000
110947  -21.239  28.633  26.812 0.0000000000
110948  -21.685  28.989  26.341 0.0000000000
110960  -21.442  28.515  26.060 0.0000000000
110961  -21.898  29.144  25.663 0.0000000000
110962  -26.755  30.527  27.811 0.0000000000
110963  -27.964  31.018  27.223 0.0000000000
110970  -21.562  28.589  25.377 0.0000000000
110971  -21.954  29.094  24.741 0.0000000000
110972  -27.223  30.325  26.426 0.0000000000
110973  -28.202  30.931  26.358 0.0000000000
110977  -22.083  29.123  23.950 0.0000000000
110978  -22.428  29.320  23.466 0.0000000000
110979  -26.570  29.559  24.580 0.0000000000
110980  -26.954  29.885  25.050 0.0000000000
110986  -22.161  28.890  23.530 0.0000000000
110987  -22.565  29.244  22.965 0.0000000000
110988  -26.603  29.588  24.045 0.0000000000
110989  -27.109  30.201  24.219 0.0000000000
111000  -22.906  29.383  22.265 0.0000000000
111001  -26.350  29.489  22.921 0.0000000000
111012  -23.203  29.475  21.593 0.0000000000
111013  -23.381  29.306  21.166 0.0000000000
111014  -25.870  29.521  21.269 0.0000000000
111015  -26.222  29.727  21.946 0.0000000000
111030  -23.476  29.906  21.060 0.0000000000
111031  -23.665  29.759  20.773 0.0000000000
111032  -23.967  29.813  20.441 0.0000000000
111033  -24.232  29.617  20.303 0.0000000000
111034  -24.773  29.733  20.365 0.0000000000
111035  -25.513  29.812  20.746 0.0000000000
111050  -24.168  30.149  20.298 0.0000000000
111051  -24.421  30.260  20.232 0.0000000000
111052  -24.736  30.464  20.248 0.0000000000
111462  -25.003  30.997  31.818 0.0000000000
111474  -23.513  30.316  30.948 0.0000000000
111475  -24.524  30.961  31.368 0.0000000000
111476  -25.163  31.828  32.119 0.0000000000
111486  -22.368  29.849  30.015 0.0000000000
111487  -23.133  30.259  30.395 0.0000000000
111488  -24.077  30.863  30.885 0.0000000000
111494  -22.066  29.671  29.348 0.0000000000
111495  -22.800  30.275  29.665 0.0000000000
111507  -21.691  29.347  28.312 0.0000000000
111508  -22.813  30.187  28.674 0.0000000000
111517  -21.700  29.177  27.261 0.0000000000
111518  -22.534  29.820  27.564 0.0000000000
111527  -21.679  29.101  26.716 0.0000000000
111528  -22.338  29.592  26.427 0.0000000000
111535  -22.781  30.041  25.081 0.0000000000
111536  -23.410  30.775  24.615 0.0000000000
111545  -22.555  29.714  24.128 0.0000000000
111546  -23.201  30.547  24.097 0.0000000000
111547  -27.881  30.666  25.613 0.0000000000
111548  -28.454  31.303  25.980 0.0000000000
111559  -22.506  29.499  23.698 0.0000000000
111560  -23.027  30.048  23.306 0.0000000000
111561  -27.708  30.852  24.788 0.0000000000
111562  -28.138  31.078  25.421 0.0000000000
111570  -23.178  30.189  22.391 0.0000000000
111571  -26.805  30.169  23.502 0.0000000000
111572  -27.166  30.745  23.907 0.0000000000
111584  -23.329  30.331  21.724 0.0000000000
111585  -26.544  30.581  22.716 0.0000000000
111586  -26.881  30.675  23.355 0.0000000000
111596  -23.478  30.514  21.205 0.0000000000
111597  -26.059  30.575  21.292 0.0000000000
111598  -26.326  30.556  21.961 0.0000000000
111609  -23.699  30.640  20.846 0.0000000000
111610  -23.946  30.720  20.523 0.0000000000
111611  -24.068  30.364  20.365 0.0000000000
111612  -25.171  30.738  20.418 0.0000000000
111613  -25.651  30.667  20.777 0.0000000000
111624  -24.062  31.233  20.425 0.0000000000
111625  -24.232  30.867  20.346 0.0000000000
111626  -24.584  30.872  20.265 0.0000000000
111627  -24.823  30.802  20.242 0.0000000000
112102  -24.847  31.948  31.422 0.0000000000
112114  -23.453  30.561  29.986 0.0000000000
112115  -24.470  31.151  30.368 0.0000000000
112124  -23.790  30.668  29.438 0.0000000000
112125  -24.803  31.068  29.620 0.0000000000
112136  -24.019  30.661  28.533 0.0000000000
112137  -24.586  30.592  28.006 0.0000000000
112146  -23.598  30.411  27.803 0.0000000000
112147  -24.511  30.716  27.252 0.0000000000
112155  -23.475  30.203  26.851 0.0000000000
112156  -24.186  30.974  26.213 0.0000000000
112164  -23.298  30.374  25.926 0.0000000000
112165  -23.845  31.120  25.143 0.0000000000
112175  -23.801  31.421  24.203 0.0000000000
112176  -29.037  31.999  26.354 0.0000000000
112188  -23.648  31.320  23.344 0.0000000000
112189  -27.953  31.544  24.777 0.0000000000
112190  -28.357  31.682  25.429 0.0000000000
112199  -23.520  31.217  22.531 0.0000000000
112200  -27.486  31.478  24.272 0.0000000000
112210  -23.405  31.285  21.845 0.0000000000
112211  -26.611  31.362  22.751 0.0000000000
112212  -26.923  31.378  23.398 0.0000000000
112219  -23.445  31.400  21.333 0.0000000000
112220  -26.136  31.479  21.400 0.0000000000
112221  -26.383  31.394  22.074 0.0000000000
112225  -23.576  31.507  20.960 0.0000000000
112226  -23.792  31.577  20.697 0.0000000000
112227  -24.848  32.046  20.331 0.0000000000
112228  -25.089  31.775  20.434 0.0000000000
112229  -25.763  31.577  20.887 0.0000000000
112232  -23.945  31.676  20.504 0.0000000000
112233  -24.163  31.725  20.398 0.0000000000
112234  -24.579  31.769  20.293 0.0000000000
112235  -24.839  31.181  20.287 0.0000000000
112731  -24.861  30.943  28.953 0.0000000000
112732  -25.676  32.126  29.575 0.0000000000
112733  -26.276  32.993  29.193 0.0000000000
112743  -24.834  30.713  28.397 0.0000000000
112744  -25.297  31.402  28.061 0.0000000000
112745  -26.222  32.664  28.459 0.0000000000
112757  -25.174  31.622  26.679 0.0000000000
112758  -26.005  32.515  27.193 0.0000000000
112769  -24.867  31.894  25.559 0.0000000000
112770  -25.603  32.646  25.999 0.0000000000
112780  -24.553  32.287  24.591 0.0000000000
112781  -25.118  32.690  25.211 0.0000000000
112789  -23.809  32.569  23.641 0.0000000000
112795  -23.378  32.399  22.740 0.0000000000
112796  -27.931  32.316  24.920 0.0000000000
112797  -28.434  32.267  25.490 0.0000000000
112800  -23.244  32.331  22.030 0.0000000000
112801  -27.194  32.170  24.011 0.0000000000
112806  -23.223  32.367  21.484 0.0000000000
112807  -26.595  32.141  22.940 0.0000000000
112808  -26.834  32.049  23.505 0.0000000000
112811  -23.300  32.463  21.081 0.0000000000
112812  -26.132  32.360  21.674 0.0000000000
112813  -26.368  32.158  22.266 0.0000000000
112817  -23.511  32.499  20.787 0.0000000000
112818  -23.767  32.449  20.581 0.0000000000
112819  -24.856  32.608  20.436 0.0000000000
112820  -25.458  32.537  20.770 0.0000000000
112821  -25.816  32.450  21.098 0.0000000000
112826  -23.979  32.422  20.411 0.0000000000
112827  -24.238  32.435  20.318 0.0000000000
112828  -24.489  32.485  20.314 0.0000000000
113264  -26.477  33.521  27.745 0.0000000000
113265  -26.739  34.328  27.959 0.0000000000
113276  -26.159  33.755  26.594 0.0000000000
113277  -26.563  34.015  27.307 0.0000000000
113285  -24.543  34.116  25.027 0.0000000000
113286  -25.212  33.571  25.414 0.0000000000
113293  -24.224  33.473  24.453 0.0000000000
113294  -24.922  33.001  24.824 0.0000000000
113301  -23.368  33.523  23.723 0.0000000000
113308  -22.405  34.354  22.838 0.0000000000
113309  -22.924  33.625  23.038 0.0000000000
113310  -27.983  33.529  25.718 0.0000000000
113311  -28.467  32.770  25.711 0.0000000000
113314  -22.472  34.250  22.424 0.0000000000
113315  -22.881  33.351  22.267 0.0000000000
113316  -26.627  33.909  24.390 0.0000000000
113317  -27.042  33.302  24.588 0.0000000000
113322  -22.552  34.222  21.919 0.0000000000
113323  -22.881  33.310  21.703 0.0000000000
113324  -26.312  34.169  23.135 0.0000000000
113325  -26.490  33.510  23.529 0.0000000000
113326  -26.797  32.606  23.702 0.0000000000
113331  -22.714  34.265  21.534 0.0000000000
113332  -22.984  33.384  21.287 0.0000000000
113333  -26.114  33.700  22.434 0.0000000000
113334  -26.386  32.778  22.503 0.0000000000
113339  -22.860  34.300  21.255 0.0000000000
113340  -23.153  33.652  20.978 0.0000000000
113341  -23.493  33.373  20.679 0.0000000000
113342  -24.693  33.612  20.676 0.0000000000
113343  -25.175  33.447  20.896 0.0000000000
113344  -25.670  33.312  21.388 0.0000000000
113349  -23.771  33.160  20.475 0.0000000000
113350  -24.029  33.082  20.366 0.0000000000
113351  -24.353  33.154  20.400 0.0000000000
113721  -26.129  35.746  27.524 0.0000000000
113722  -26.793  35.351  27.892 0.0000000000
113727  -24.647  35.373  26.578 0.0000000000
113728  -25.730  35.104  26.846 0.0000000000
113729  -26.512  34.494  27.234 0.0000000000
113739  -24.665  34.671  25.788 0.0000000000
113740  -25.562  34.264  26.076 0.0000000000
113747  -22.604  35.247  24.879 0.0000000000
113748  -23.570  34.691  24.874 0.0000000000
113754  -22.389  34.951  24.341 0.0000000000
113755  -23.045  34.141  24.065 0.0000000000
113756  -27.955  34.585  26.474 0.0000000000
113762  -22.291  34.650  23.388 0.0000000000
113763  -22.868  33.945  23.548 0.0000000000
113764  -26.707  35.283  25.619 0.0000000000
113765  -27.121  34.621  25.604 0.0000000000
113770  -21.951  34.879  22.601 0.0000000000
113771  -26.115  35.689  24.166 0.0000000000
113772  -26.448  34.877  24.605 0.0000000000
113773  -26.760  34.130  24.793 0.0000000000
113777  -21.983  34.952  22.057 0.0000000000
113778  -25.997  35.025  23.315 0.0000000000
113779  -26.260  34.358  23.622 0.0000000000
113784  -22.134  35.059  21.657 0.0000000000
113785  -24.924  35.220  21.850 0.0000000000
113786  -25.406  34.693  22.037 0.0000000000
113791  -22.447  35.154  21.382 0.0000000000
113792  -22.782  34.987  21.137 0.0000000000
113793  -23.218  34.618  20.955 0.0000000000
113794  -23.603  34.668  20.883 0.0000000000
113795  -24.157  34.261  20.806 0.0000000000
113796  -24.807  34.557  21.300 0.0000000000
113797  -25.304  34.001  21.327 0.0000000000
113803  -23.583  33.897  20.656 0.0000000000
113804  -23.872  33.748  20.565 0.0000000000
113805  -24.097  33.558  20.446 0.0000000000
113806  -28.922  36.267  18.098 0.0000000000
113807  -29.288  36.249  18.182 0.0000000000
113808  -29.789  36.235  18.277 0.0000000000
113814  -28.164  36.057  17.219 0.0000000000
113815  -28.705  36.107  17.589 0.0000000000
113816  -29.427  36.066  17.640 0.0000000000
113817  -29.942  36.191  18.050 0.0000000000
113823  -28.315  35.987  17.001 0.0000000000
113824  -28.855  35.986  17.094 0.0000000000
113825  -29.227  35.981  17.188 0.0000000000
114127  -24.863  37.105  28.090 0.0000000000
114133  -23.108  36.945  27.441 0.0000000000
114134  -24.338  36.378  27.416 0.0000000000
114135  -25.668  35.982  27.389 0.0000000000
114145  -22.842  36.467  26.837 0.0000000000
114146  -23.740  35.529  26.352 0.0000000000
114152  -22.592  35.704  25.664 0.0000000000
114153  -23.677  35.097  25.609 0.0000000000
114161  -21.995  35.731  24.730 0.0000000000
114162  -26.610  36.641  27.239 0.0000000000
114168  -21.165  36.822  23.658 0.0000000000
114169  -21.596  35.951  23.860 0.0000000000
114170  -26.513  36.272  26.142 0.0000000000
114171  -26.860  35.477  26.137 0.0000000000
114176  -21.176  36.684  23.139 0.0000000000
114177  -21.616  35.726  22.918 0.0000000000
114178  -25.697  36.410  24.092 0.0000000000
114179  -26.049  36.396  24.921 0.0000000000
114180  -32.056  39.238  21.452 0.0000000000
114181  -31.894  39.108  21.434 0.0000000000
114182  -31.835  38.985  21.629 0.0000000000
114188  -21.203  36.598  22.462 0.0000000000
114189  -21.577  35.715  22.254 0.0000000000
114190  -24.607  36.831  22.980 0.0000000000
114191  -25.141  36.225  23.040 0.0000000000
114192  -31.593  38.774  21.129 0.0000000000
114193  -31.191  38.192  21.152 0.0000000000
114194  -31.452  38.499  21.089 0.0000000000
114201  -21.338  36.557  21.982 0.0000000000
114202  -21.705  35.818  21.832 0.0000000000
114203  -23.737  36.720  21.850 0.0000000000
114204  -24.412  36.138  22.104 0.0000000000
114205  -25.002  35.558  22.195 0.0000000000
114206  -30.319  38.017  20.429 0.0000000000
114207  -30.673  37.972  20.622 0.0000000000
114208  -30.876  37.620  20.519 0.0000000000
114209  -31.413  37.669  20.515 0.0000000000
114210  -31.822  37.560  20.220 0.0000000000
114217  -21.538  36.629  21.720 0.0000000000
114218  -21.897  36.192  21.526 0.0000000000
114219  -22.334  36.178  21.333 0.0000000000
114220  -22.735  36.075  21.233 0.0000000000
114221  -23.136  35.846  21.230 0.0000000000
114222  -23.678  35.821  21.362 0.0000000000
114223  -24.281  35.196  21.277 0.0000000000
114224  -29.324  37.884  19.480 0.0000000000
114225  -29.757  37.622  19.731 0.0000000000
114226  -30.129  37.127  19.727 0.0000000000
114227  -30.656  36.923  19.730 0.0000000000
114228  -31.306  36.980  19.611 0.0000000000
114229  -31.959  37.323  19.626 0.0000000000
114236  -27.722  37.367  18.279 0.0000000000
114237  -28.492  37.338  18.693 0.0000000000
114238  -29.120  36.669  18.628 0.0000000000
114239  -29.874  36.540  18.893 0.0000000000
114240  -30.429  36.507  18.692 0.0000000000
114241  -31.364  36.848  18.645 0.0000000000
114242  -32.051  37.288  19.137 0.0000000000
114248  -26.634  37.355  17.414 0.0000000000
114249  -27.249  37.056  17.742 0.0000000000
114250  -28.080  36.414  17.671 0.0000000000
114251  -28.682  36.303  17.995 0.0000000000
114252  -29.460  36.080  17.312 0.0000000000
114253  -30.107  36.302  17.693 0.0000000000
114254  -30.933  36.753  17.683 0.0000000000
114260  -25.777  37.171  16.255 0.0000000000
114261  -26.184  37.024  16.696 0.0000000000
114262  -26.925  36.500  16.765 0.0000000000
114263  -27.649  36.129  16.702 0.0000000000
114264  -28.238  36.107  16.574 0.0000000000
114265  -29.158  36.150  16.838 0.0000000000
114266  -30.059  36.615  16.926 0.0000000000
114267  -30.817  37.012  17.217 0.0000000000
114272  -25.027  37.114  15.481 0.0000000000
114273  -25.419  37.115  15.798 0.0000000000
114274  -25.978  36.653  15.923 0.0000000000
114275  -26.638  36.405  15.936 0.0000000000
114276  -27.329  36.327  15.927 0.0000000000
114277  -28.137  36.421  15.966 0.0000000000
114278  -29.072  36.647  16.262 0.0000000000
114279  -29.706  37.008  16.429 0.0000000000
114283  -24.924  37.120  15.269 0.0000000000
114284  -25.187  36.912  15.216 0.0000000000
114285  -25.756  36.687  15.292 0.0000000000
114286  -26.303  36.638  15.187 0.0000000000
114287  -27.091  36.690  15.317 0.0000000000
114288  -27.681  36.888  15.396 0.0000000000
114293  -25.150  36.887  14.881 0.0000000000
114294  -25.449  36.892  14.748 0.0000000000
114295  -25.729  36.988  14.586 0.0000000000
114579  -23.477  37.782  27.968 0.0000000000
114580  -24.274  37.314  28.081 0.0000000000
114591  -22.459  37.467  27.195 0.0000000000
114599  -21.284  38.108  25.960 0.0000000000
114600  -21.753  37.256  26.282 0.0000000000
114608  -21.249  37.689  25.310 0.0000000000
114609  -21.593  36.566  25.146 0.0000000000
114610  -26.290  37.691  27.610 0.0000000000
114612  -29.942  39.978  25.403 0.0000000000
114613  -30.291  39.723  25.344 0.0000000000
114614  -31.017  39.277  25.253 0.0000000000
114615  -31.651  39.187  25.133 0.0000000000
114620  -21.165  37.203  24.307 0.0000000000
114621  -21.563  36.330  24.485 0.0000000000
114622  -24.906  38.705  25.944 0.0000000000
114623  -25.587  37.873  26.085 0.0000000000
114624  -30.576  40.343  24.448 0.0000000000
114625  -30.600  39.847  24.578 0.0000000000
114626  -31.155  39.244  24.117 0.0000000000
114627  -31.706  39.176  24.068 0.0000000000
114628  -32.176  39.263  24.175 0.0000000000
114633  -20.859  37.580  23.448 0.0000000000
114634  -24.301  38.725  24.396 0.0000000000
114635  -24.896  37.939  24.623 0.0000000000
114636  -25.577  37.128  24.884 0.0000000000
114637  -31.491  40.230  23.513 0.0000000000
114638  -31.884  39.565  22.485 0.0000000000
114639  -31.991  39.277  22.559 0.0000000000
114640  -31.931  39.139  22.346 0.0000000000
114641  -32.251  39.772  22.662 0.0000000000
114647  -20.782  37.592  22.703 0.0000000000
114648  -24.224  37.848  23.429 0.0000000000
114649  -24.710  37.209  23.478 0.0000000000
114650  -31.918  39.871  22.080 0.0000000000
114651  -31.854  39.199  21.303 0.0000000000
114652  -31.798  38.921  21.366 0.0000000000
114653  -32.387  39.480  21.593 0.0000000000
114654  -33.044  39.515  21.237 0.0000000000
114660  -20.967  37.473  22.081 0.0000000000
114661  -23.025  38.188  21.534 0.0000000000
114662  -23.264  37.451  21.756 0.0000000000
114663  -23.758  37.594  22.404 0.0000000000
114664  -30.644  39.072  20.407 0.0000000000
114665  -31.008  38.844  20.775 0.0000000000
114666  -31.325  38.643  20.891 0.0000000000
114667  -31.963  38.256  20.821 0.0000000000
114668  -32.399  38.348  20.473 0.0000000000
114669  -33.235  39.143  20.463 0.0000000000
114675  -21.225  37.255  21.751 0.0000000000
114676  -21.479  37.362  21.512 0.0000000000
114677  -21.863  37.347  21.325 0.0000000000
114678  -22.257  37.399  21.302 0.0000000000
114679  -22.718  37.561  21.378 0.0000000000
114680  -23.135  36.624  21.405 0.0000000000
114681  -30.076  38.458  20.019 0.0000000000
114682  -30.166  38.136  20.274 0.0000000000
114683  -32.494  37.981  19.607 0.0000000000
114684  -33.269  38.826  19.501 0.0000000000
114689  -27.505  38.134  18.276 0.0000000000
114690  -27.959  37.996  18.492 0.0000000000
114691  -29.289  38.499  19.274 0.0000000000
114692  -31.510  37.045  18.162 0.0000000000
114693  -32.172  37.681  18.672 0.0000000000
114694  -33.120  38.763  18.700 0.0000000000
114700  -27.048  37.824  18.019 0.0000000000
114701  -27.439  37.474  18.144 0.0000000000
114702  -31.460  37.308  17.805 0.0000000000
114703  -32.159  38.188  18.063 0.0000000000
114704  -32.966  38.933  18.387 0.0000000000
114709  -25.708  37.503  16.403 0.0000000000
114710  -26.184  37.824  17.208 0.0000000000
114711  -30.355  37.129  16.809 0.0000000000
114712  -31.055  37.776  17.254 0.0000000000
114713  -31.815  38.493  17.730 0.0000000000
114717  -24.901  37.382  15.455 0.0000000000
114718  -25.136  37.726  15.998 0.0000000000
114719  -28.355  36.881  15.725 0.0000000000
114720  -28.942  37.381  15.909 0.0000000000
114721  -29.961  37.734  16.484 0.0000000000
114722  -30.532  38.329  16.867 0.0000000000
114726  -24.215  38.029  14.239 0.0000000000
114727  -24.580  37.576  14.800 0.0000000000
114728  -24.895  37.082  14.812 0.0000000000
114729  -26.267  37.032  14.722 0.0000000000
114730  -26.935  37.361  14.827 0.0000000000
114731  -27.897  37.543  15.300 0.0000000000
114732  -28.415  38.041  15.551 0.0000000000
114736  -24.013  38.379  13.828 0.0000000000
114737  -24.333  37.933  14.065 0.0000000000
114738  -24.809  37.428  14.438 0.0000000000
114739  -25.161  37.358  14.292 0.0000000000
114740  -25.544  37.527  14.205 0.0000000000
114741  -26.133  37.578  14.387 0.0000000000
114746  -23.818  38.670  13.414 0.0000000000
114747  -23.982  38.444  13.545 0.0000000000
114748  -24.274  38.167  13.831 0.0000000000
114749  -24.602  37.917  13.933 0.0000000000
114750  -24.938  37.859  13.952 0.0000000000
115053  -23.507  39.323  28.258 0.0000000000
115062  -22.278  39.381  26.817 0.0000000000
115063  -22.608  38.842  27.279 0.0000000000
115072  -21.800  38.770  26.394 0.0000000000
115073  -21.994  38.009  26.852 0.0000000000
115074  -26.379  39.255  28.238 0.0000000000
115076  -28.721  41.671  27.443 0.0000000000
115077  -28.945  41.516  27.472 0.0000000000
115084  -21.308  38.811  25.485 0.0000000000
115085  -25.839  39.415  27.610 0.0000000000
115086  -29.415  41.250  26.423 0.0000000000
115087  -29.466  40.937  26.427 0.0000000000
115088  -30.191  40.259  26.316 0.0000000000
115089  -31.058  39.965  26.028 0.0000000000
115090  -31.889  40.309  25.392 0.0000000000
115095  -21.070  38.437  24.739 0.0000000000
115096  -24.595  39.399  25.927 0.0000000000
115097  -25.127  39.802  26.898 0.0000000000
115098  -29.953  40.644  25.340 0.0000000000
115099  -29.879  40.214  25.424 0.0000000000
115100  -32.577  40.494  24.216 0.0000000000
115105  -20.892  38.643  23.968 0.0000000000
115106  -24.046  39.383  24.257 0.0000000000
115107  -24.219  39.768  25.271 0.0000000000
115108  -30.731  40.928  24.469 0.0000000000
115109  -33.011  40.695  22.935 0.0000000000
115117  -20.587  38.761  23.101 0.0000000000
115118  -23.701  39.531  22.397 0.0000000000
115119  -23.934  39.347  22.997 0.0000000000
115120  -31.810  40.895  23.279 0.0000000000
115121  -33.134  40.478  22.025 0.0000000000
115122  -34.000  40.618  21.668 0.0000000000
115130  -20.662  38.652  22.298 0.0000000000
115131  -22.914  38.770  21.343 0.0000000000
115132  -23.371  39.090  21.921 0.0000000000
115133  -23.550  38.330  22.237 0.0000000000
115134  -31.090  39.470  20.673 0.0000000000
115135  -31.738  40.419  21.631 0.0000000000
115136  -34.341  40.036  20.505 0.0000000000
115143  -20.974  38.354  21.619 0.0000000000
115144  -21.439  38.454  21.188 0.0000000000
115145  -21.856  38.535  21.010 0.0000000000
115146  -22.249  38.724  20.988 0.0000000000
115147  -22.635  39.189  21.024 0.0000000000
115148  -29.885  39.759  19.266 0.0000000000
115149  -30.654  39.914  20.045 0.0000000000
115150  -31.403  40.946  21.103 0.0000000000
115151  -34.444  39.751  19.329 0.0000000000
115157  -27.672  38.836  18.268 0.0000000000
115158  -29.026  39.292  18.837 0.0000000000
115159  -29.691  39.286  19.355 0.0000000000
115160  -33.847  39.514  18.671 0.0000000000
115167  -25.962  38.928  17.453 0.0000000000
115168  -26.571  38.722  17.807 0.0000000000
115169  -32.557  38.912  18.129 0.0000000000
115170  -33.376  39.467  18.446 0.0000000000
115171  -34.375  40.078  18.570 0.0000000000
115178  -24.942  38.623  16.219 0.0000000000
115179  -25.499  38.406  16.743 0.0000000000
115180  -26.016  38.415  17.314 0.0000000000
115181  -31.196  38.820  17.359 0.0000000000
115182  -32.116  39.217  17.876 0.0000000000
115183  -32.964  39.636  18.279 0.0000000000
115184  -33.787  40.024  18.422 0.0000000000
115190  -24.223  38.590  14.847 0.0000000000
115191  -24.607  38.233  15.510 0.0000000000
115192  -24.998  38.184  16.110 0.0000000000
115193  -29.064  38.421  15.966 0.0000000000
115194  -29.857  38.701  16.562 0.0000000000
115195  -30.462  38.981  16.957 0.0000000000
115200  -24.048  38.462  14.264 0.0000000000
115201  -24.324  38.142  14.848 0.0000000000
115202  -27.099  38.286  14.783 0.0000000000
115203  -27.803  38.489  15.197 0.0000000000
115204  -28.304  38.685  15.607 0.0000000000
115209  -23.049  39.108  12.908 0.0000000000
115210  -23.609  38.875  13.439 0.0000000000
115211  -25.631  38.203  14.024 0.0000000000
115212  -26.318  38.208  14.372 0.0000000000
115219  -22.714  39.225  12.393 0.0000000000
115220  -23.432  38.866  12.901 0.0000000000
115221  -23.847  38.687  13.209 0.0000000000
115222  -24.141  38.546  13.513 0.0000000000
115223  -24.428  38.540  13.620 0.0000000000
115224  -25.014  38.300  13.788 0.0000000000
115236  -22.392  39.375  11.855 0.0000000000
115237  -22.930  39.133  12.108 0.0000000000
115238  -23.461  39.023  12.385 0.0000000000
115239  -23.850  38.868  12.853 0.0000000000
115240  -24.052  38.848  13.152 0.0000000000
115250  -22.292  39.613  11.510 0.0000000000
115251  -22.620  39.419  11.556 0.0000000000
115252  -23.057  39.269  11.773 0.0000000000
115527  -22.707  40.054  27.071 0.0000000000
115528  -23.102  40.765  28.048 0.0000000000
115539  -22.378  40.235  26.497 0.0000000000
115540  -26.081  40.307  28.303 0.0000000000
115541  -26.907  40.608  28.306 0.0000000000
115551  -21.945  40.160  25.664 0.0000000000
115552  -24.744  43.262  27.422 0.0000000000
115553  -25.024  42.894  27.527 0.0000000000
115554  -25.849  41.565  28.100 0.0000000000
115555  -28.196  41.996  27.622 0.0000000000
115556  -28.730  41.816  27.650 0.0000000000
115563  -21.234  39.928  24.696 0.0000000000
115564  -24.698  42.793  26.875 0.0000000000
115565  -24.724  41.002  26.555 0.0000000000
115566  -25.124  40.801  27.368 0.0000000000
115567  -30.002  41.813  26.045 0.0000000000
115575  -20.890  40.107  23.642 0.0000000000
115576  -24.268  41.357  25.038 0.0000000000
115577  -24.250  40.692  25.657 0.0000000000
115578  -31.820  41.986  24.875 0.0000000000
115588  -20.744  40.031  22.745 0.0000000000
115589  -23.771  40.322  22.382 0.0000000000
115590  -23.967  41.034  23.382 0.0000000000
115591  -32.273  41.995  23.332 0.0000000000
115602  -20.783  39.817  21.923 0.0000000000
115603  -23.147  39.936  21.177 0.0000000000
115604  -23.517  40.344  21.682 0.0000000000
115605  -31.912  41.946  21.941 0.0000000000
115615  -21.100  39.613  21.233 0.0000000000
115616  -21.541  39.568  20.829 0.0000000000
115617  -21.969  39.659  20.650 0.0000000000
115618  -22.422  39.883  20.650 0.0000000000
115619  -22.817  40.172  20.781 0.0000000000
115620  -29.893  40.783  19.252 0.0000000000
115621  -30.820  41.503  19.953 0.0000000000
115622  -31.278  41.673  20.832 0.0000000000
115632  -26.568  40.393  17.760 0.0000000000
115633  -27.276  40.066  18.062 0.0000000000
115634  -28.631  40.368  18.464 0.0000000000
115642  -25.131  39.921  16.793 0.0000000000
115643  -25.719  39.772  17.344 0.0000000000
115644  -26.339  39.536  17.767 0.0000000000
115651  -24.714  39.389  16.066 0.0000000000
115652  -25.144  39.177  16.656 0.0000000000
115653  -31.517  39.792  17.885 0.0000000000
115654  -32.478  40.163  18.265 0.0000000000
115655  -33.519  40.532  18.463 0.0000000000
115662  -24.026  39.235  14.441 0.0000000000
115663  -24.334  39.222  15.167 0.0000000000
115664  -29.145  39.412  16.449 0.0000000000
115665  -29.864  39.617  17.014 0.0000000000
115666  -30.660  39.645  17.477 0.0000000000
115672  -22.930  39.659  13.266 0.0000000000
115673  -23.509  39.354  13.738 0.0000000000
115674  -27.079  39.266  15.034 0.0000000000
115675  -27.771  39.375  15.508 0.0000000000
115676  -28.460  39.349  15.951 0.0000000000
115682  -21.812  39.940  12.245 0.0000000000
115683  -22.459  39.602  12.712 0.0000000000
115684  -23.091  39.266  13.202 0.0000000000
115685  -25.626  39.054  14.152 0.0000000000
115686  -26.340  39.150  14.581 0.0000000000
115696  -21.625  40.088  11.872 0.0000000000
115697  -22.101  39.573  12.092 0.0000000000
115698  -24.465  39.092  13.559 0.0000000000
115699  -25.040  38.989  13.773 0.0000000000
115714  -21.639  40.376  11.437 0.0000000000
115715  -21.991  39.762  11.624 0.0000000000
115716  -23.721  39.162  12.323 0.0000000000
115717  -23.924  39.103  12.643 0.0000000000
115718  -24.106  39.232  13.042 0.0000000000
115727  -21.744  40.762  11.079 0.0000000000
115728  -22.287  40.116  11.123 0.0000000000
115729  -22.925  39.639  11.335 0.0000000000
115730  -23.468  39.572  11.697 0.0000000000
115731  -23.830  39.454  12.189 0.0000000000
115732  -23.945  39.355  12.554 0.0000000000
115737  -22.651  40.452  10.876 0.0000000000
115738  -22.925  40.130  11.041 0.0000000000
115739  -23.208  39.854  11.265 0.0000000000
116007  -22.753  41.524  27.223 0.0000000000
116015  -22.534  42.015  26.274 0.0000000000
116022  -22.051  41.659  25.182 0.0000000000
116023  -24.844  43.754  27.457 0.0000000000
116024  -26.049  44.078  27.909 0.0000000000
116025  -27.789  43.553  28.170 0.0000000000
116026  -29.704  43.267  27.533 0.0000000000
116033  -21.818  41.587  24.202 0.0000000000
116034  -24.848  43.949  26.191 0.0000000000
116035  -25.484  44.816  27.116 0.0000000000
116036  -31.309  43.255  26.390 0.0000000000
116043  -21.536  41.478  23.317 0.0000000000
116044  -25.000  43.251  24.635 0.0000000000
116045  -32.464  43.453  24.827 0.0000000000
116056  -21.222  41.211  22.506 0.0000000000
116057  -24.186  41.854  22.692 0.0000000000
116058  -24.710  42.378  23.666 0.0000000000
116059  -32.526  43.496  23.086 0.0000000000
116070  -21.238  40.900  21.702 0.0000000000
116071  -23.512  41.161  21.428 0.0000000000
116072  -23.816  41.411  21.953 0.0000000000
116073  -31.159  43.683  20.790 0.0000000000
116074  -31.770  43.353  21.561 0.0000000000
116082  -21.412  40.619  21.010 0.0000000000
116083  -21.763  40.570  20.727 0.0000000000
116084  -22.228  40.738  20.678 0.0000000000
116085  -22.723  40.915  20.779 0.0000000000
116086  -23.146  41.056  21.045 0.0000000000
116087  -28.230  42.467  18.655 0.0000000000
116088  -29.144  42.213  19.072 0.0000000000
116089  -30.494  42.788  19.894 0.0000000000
116090  -31.182  42.563  20.497 0.0000000000
116097  -26.387  41.209  17.560 0.0000000000
116098  -27.356  41.637  18.064 0.0000000000
116099  -28.203  41.315  18.299 0.0000000000
116104  -24.973  40.572  16.387 0.0000000000
116105  -25.582  40.844  17.081 0.0000000000
116113  -24.185  40.554  14.731 0.0000000000
116114  -24.507  40.317  15.408 0.0000000000
116115  -30.680  41.171  18.476 0.0000000000
116116  -31.655  40.972  18.599 0.0000000000
116117  -32.924  41.324  18.871 0.0000000000
116128  -22.959  40.533  13.728 0.0000000000
116129  -23.671  40.209  14.144 0.0000000000
116130  -24.228  39.893  14.698 0.0000000000
116131  -28.277  40.769  16.662 0.0000000000
116132  -29.004  40.536  17.096 0.0000000000
116133  -29.963  40.648  17.936 0.0000000000
116134  -30.903  40.389  18.029 0.0000000000
116143  -22.545  40.353  13.138 0.0000000000
116144  -23.094  39.978  13.613 0.0000000000
116145  -27.076  40.318  15.479 0.0000000000
116146  -27.850  40.371  16.059 0.0000000000
116147  -28.551  40.058  16.403 0.0000000000
116156  -21.359  40.510  12.160 0.0000000000
116157  -21.793  40.329  12.599 0.0000000000
116158  -25.509  40.123  14.589 0.0000000000
116159  -26.277  40.212  15.054 0.0000000000
116176  -21.108  40.868  11.746 0.0000000000
116177  -24.473  39.608  13.700 0.0000000000
116178  -24.842  39.944  14.012 0.0000000000
116194  -24.127  40.067  13.281 0.0000000000
116195  -24.419  40.073  13.668 0.0000000000
116203  -21.983  40.922  10.849 0.0000000000
116204  -23.590  39.973  11.541 0.0000000000
116205  -23.761  40.136  11.806 0.0000000000
116206  -23.958  39.817  12.495 0.0000000000
116212  -22.446  41.028  10.750 0.0000000000
116213  -23.015  40.818  10.841 0.0000000000
116214  -23.496  40.387  11.309 0.0000000000
116215  -23.791  40.616  11.561 0.0000000000
116468  -22.819  43.102  25.569 0.0000000000
116471  -22.474  43.019  24.826 0.0000000000
116473  -27.750  44.952  27.740 0.0000000000
116474  -29.361  44.546  27.410 0.0000000000
116475  -30.540  44.044  27.065 0.0000000000
116477  -22.337  43.121  24.076 0.0000000000
116479  -25.803  45.726  25.969 0.0000000000
116480  -26.954  45.833  26.850 0.0000000000
116481  -29.025  45.961  26.678 0.0000000000
116482  -31.224  45.121  26.044 0.0000000000
116488  -22.033  42.590  23.328 0.0000000000
116489  -25.230  45.096  24.753 0.0000000000
116490  -32.594  45.231  24.080 0.0000000000
116491  -32.405  45.908  23.772 0.0000000000
116501  -21.847  42.178  22.600 0.0000000000
116502  -24.938  43.286  22.737 0.0000000000
116503  -25.199  43.972  23.544 0.0000000000
116504  -32.343  45.149  22.540 0.0000000000
116505  -32.385  45.832  23.376 0.0000000000
116514  -21.802  41.799  21.645 0.0000000000
116515  -22.014  42.250  21.500 0.0000000000
116516  -23.826  42.132  21.739 0.0000000000
116517  -24.302  42.884  22.065 0.0000000000
116518  -30.825  44.798  20.507 0.0000000000
116519  -31.716  45.024  21.257 0.0000000000
116526  -21.700  41.176  20.969 0.0000000000
116527  -22.102  41.713  21.119 0.0000000000
116528  -22.661  41.838  21.060 0.0000000000
116529  -23.168  42.037  21.190 0.0000000000
116530  -23.629  42.317  21.518 0.0000000000
116531  -24.104  42.977  21.763 0.0000000000
116532  -27.884  43.416  18.558 0.0000000000
116533  -28.687  43.838  19.267 0.0000000000
116534  -29.739  44.259  19.841 0.0000000000
116538  -26.257  42.104  17.256 0.0000000000
116539  -27.107  42.758  17.761 0.0000000000
116542  -24.843  41.409  15.946 0.0000000000
116543  -25.489  41.673  16.688 0.0000000000
116547  -23.838  41.171  14.542 0.0000000000
116548  -24.358  41.260  15.179 0.0000000000
116549  -31.104  42.254  18.755 0.0000000000
116559  -22.519  41.183  13.528 0.0000000000
116560  -23.102  41.117  14.109 0.0000000000
116561  -28.330  41.709  17.175 0.0000000000
116562  -29.168  41.898  17.894 0.0000000000
116563  -30.096  42.030  18.479 0.0000000000
116567  -20.929  41.562  12.714 0.0000000000
116568  -21.766  41.186  12.978 0.0000000000
116569  -27.122  41.633  15.969 0.0000000000
116570  -27.816  41.374  16.534 0.0000000000
116580  -20.112  42.054  12.050 0.0000000000
116581  -20.749  41.317  12.186 0.0000000000
116582  -21.244  40.900  12.505 0.0000000000
116583  -25.667  41.442  14.984 0.0000000000
116584  -26.391  41.229  15.417 0.0000000000
116603  -20.543  41.537  11.809 0.0000000000
116604  -24.949  41.167  14.349 0.0000000000
116616  -24.210  41.121  13.263 0.0000000000
116617  -24.460  40.754  13.720 0.0000000000
116624  -23.922  40.732  11.757 0.0000000000
116625  -23.965  40.986  12.447 0.0000000000
116633  -23.564  41.544  11.023 0.0000000000
116634  -24.040  41.338  11.575 0.0000000000
116635  -24.327  41.770  12.023 0.0000000000
116943  -27.029  46.810  25.526 0.0000000000
116944  -28.528  47.254  25.342 0.0000000000
116945  -30.329  46.891  25.245 0.0000000000
116946  -31.781  46.483  24.304 0.0000000000
116947  -32.044  46.824  23.803 0.0000000000
116953  -26.543  46.756  24.263 0.0000000000
116954  -27.748  47.585  24.451 0.0000000000
116955  -32.320  46.050  23.974 0.0000000000
116956  -32.252  46.455  23.636 0.0000000000
116963  -25.385  44.591  22.566 0.0000000000
116964  -25.964  45.566  23.026 0.0000000000
116965  -31.276  47.192  21.358 0.0000000000
116966  -31.960  46.486  21.833 0.0000000000
116967  -32.257  46.363  22.833 0.0000000000
116971  -22.223  42.700  21.645 0.0000000000
116972  -24.950  44.610  21.836 0.0000000000
116973  -25.461  45.440  21.905 0.0000000000
116974  -29.102  46.358  20.117 0.0000000000
116975  -30.228  46.533  20.441 0.0000000000
116976  -31.318  46.157  20.975 0.0000000000
116980  -22.714  42.880  21.476 0.0000000000
116981  -23.294  42.982  21.371 0.0000000000
116982  -23.891  43.250  21.537 0.0000000000
116983  -24.458  43.585  21.757 0.0000000000
116984  -24.629  43.831  21.751 0.0000000000
116985  -27.512  44.481  18.390 0.0000000000
116986  -28.348  45.315  19.242 0.0000000000
116987  -29.142  45.580  19.569 0.0000000000
116990  -26.222  42.956  16.883 0.0000000000
116991  -26.883  43.395  17.518 0.0000000000
116994  -24.692  42.325  15.554 0.0000000000
116995  -25.299  42.321  16.306 0.0000000000
117001  -23.310  42.084  14.407 0.0000000000
117002  -23.941  41.903  15.041 0.0000000000
117016  -21.843  42.020  13.629 0.0000000000
117017  -22.623  41.801  13.974 0.0000000000
117031  -20.110  42.902  12.990 0.0000000000
117032  -20.702  42.340  13.059 0.0000000000
117033  -21.295  41.926  13.129 0.0000000000
117034  -26.963  43.019  16.292 0.0000000000
117035  -27.669  42.542  16.770 0.0000000000
117050  -19.489  43.490  12.325 0.0000000000
117051  -19.734  42.959  12.405 0.0000000000
117052  -20.300  42.126  12.530 0.0000000000
117053  -25.610  42.213  15.118 0.0000000000
117054  -26.086  42.647  15.523 0.0000000000
117069  -25.249  42.561  14.852 0.0000000000
117070  -25.524  43.383  15.356 0.0000000000
117078  -24.199  41.655  13.061 0.0000000000
117079  -24.485  42.226  13.830 0.0000000000
117087  -24.409  42.377  12.695 0.0000000000
117088  -24.391  43.133  13.502 0.0000000000
117100  -24.365  42.415  11.999 0.0000000000
117431  -29.922  47.843  24.323 0.0000000000
117432  -31.083  47.683  23.946 0.0000000000
117433  -31.804  47.318  23.588 0.0000000000
117434  -32.134  46.920  23.590 0.0000000000
117444  -27.700  47.878  23.321 0.0000000000
117445  -29.029  48.290  23.591 0.0000000000
117446  -30.562  48.233  23.363 0.0000000000
117447  -31.908  47.631  22.903 0.0000000000
117448  -32.165  46.991  23.201 0.0000000000
117455  -27.003  47.215  22.393 0.0000000000
117456  -28.592  47.823  22.187 0.0000000000
117457  -30.453  48.102  22.087 0.0000000000
117458  -31.675  47.671  22.130 0.0000000000
117459  -32.072  47.078  22.556 0.0000000000
117464  -25.507  45.427  21.659 0.0000000000
117465  -26.346  45.933  21.508 0.0000000000
117466  -28.088  46.414  20.758 0.0000000000
117467  -29.349  47.303  21.037 0.0000000000
117471  -23.432  43.857  21.474 0.0000000000
117472  -24.208  44.039  21.517 0.0000000000
117473  -25.080  44.294  21.590 0.0000000000
117474  -25.719  44.994  21.399 0.0000000000
117475  -27.303  45.223  19.870 0.0000000000
117476  -28.096  44.906  19.806 0.0000000000
117479  -26.434  43.862  16.988 0.0000000000
117480  -27.095  44.320  17.851 0.0000000000
117482  -24.704  43.270  15.490 0.0000000000
117483  -25.482  43.294  16.216 0.0000000000
117491  -23.053  42.955  14.547 0.0000000000
117492  -23.858  42.869  14.997 0.0000000000
117507  -20.758  43.434  13.998 0.0000000000
117508  -21.310  43.043  13.994 0.0000000000
117509  -22.421  42.725  14.139 0.0000000000
117525  -20.054  43.541  13.353 0.0000000000
117526  -20.556  43.172  13.598 0.0000000000
117527  -21.112  42.463  13.511 0.0000000000
117528  -26.477  44.105  16.349 0.0000000000
117542  -19.568  43.800  12.631 0.0000000000
117543  -19.783  43.593  12.997 0.0000000000
117544  -25.821  44.119  15.827 0.0000000000
117550  -24.882  43.239  14.522 0.0000000000
117551  -25.333  44.120  15.152 0.0000000000
117557  -24.849  43.994  14.243 0.0000000000
117907  -31.243  47.893  23.696 0.0000000000
117908  -31.439  47.808  23.585 0.0000000000
117920  -31.238  48.126  23.472 0.0000000000
117921  -31.545  47.998  23.208 0.0000000000
117930  -31.158  48.407  22.950 0.0000000000
117931  -31.450  48.227  22.633 0.0000000000
117942  -24.360  44.755  21.547 0.0000000000
117943  -25.484  44.911  21.541 0.0000000000
117944  -26.018  45.543  20.668 0.0000000000
117945  -27.179  45.358  20.097 0.0000000000
117947  -27.006  44.570  17.657 0.0000000000
117948  -27.632  44.794  19.109 0.0000000000
117953  -25.117  44.036  15.675 0.0000000000
117954  -26.101  44.322  16.413 0.0000000000
117962  -22.263  44.123  14.952 0.0000000000
117963  -23.030  43.809  14.869 0.0000000000
117964  -24.251  43.869  15.204 0.0000000000
117975  -20.320  44.529  14.263 0.0000000000
117976  -20.796  44.006  14.301 0.0000000000
117977  -21.932  43.690  14.608 0.0000000000
117978  -22.608  43.278  14.531 0.0000000000
117993  -19.851  44.884  13.785 0.0000000000
117994  -20.122  44.217  13.841 0.0000000000
117995  -20.522  43.674  13.953 0.0000000000
118007  -19.801  45.287  13.426 0.0000000000
118008  -19.761  44.620  13.316 0.0000000000
118009  -19.885  43.964  13.364 0.0000000000
118016  -19.788  45.101  13.154 0.0000000000
118017  -19.590  44.405  12.699 0.0000000000
118393  -26.648  46.080  20.964 0.0000000000
118394  -27.524  45.971  20.087 0.0000000000
118403  -27.700  45.146  18.453 0.0000000000
118404  -28.080  45.373  19.547 0.0000000000
118410  -24.368  45.348  15.612 0.0000000000
118411  -25.243  45.041  15.825 0.0000000000
118412  -26.665  45.163  17.069 0.0000000000
118420  -20.546  45.711  15.107 0.0000000000
118421  -21.105  45.437  15.269 0.0000000000
118422  -22.281  44.825  15.278 0.0000000000
118423  -23.853  44.789  15.429 0.0000000000
118424  -24.659  44.429  15.439 0.0000000000
118433  -19.930  45.821  14.532 0.0000000000
118434  -20.398  45.219  14.659 0.0000000000
118435  -21.354  44.522  14.908 0.0000000000
118436  -21.928  44.262  14.962 0.0000000000
118446  -19.932  45.330  14.167 0.0000000000
118447  -20.145  44.792  14.227 0.0000000000
118456  -19.848  45.711  13.756 0.0000000000
118457  -19.820  45.494  13.873 0.0000000000
118464  -19.965  45.865  13.608 0.0000000000
118803  -28.407  45.985  18.857 0.0000000000
118804  -28.785  46.137  19.811 0.0000000000
118810  -22.082  46.757  16.310 0.0000000000
118811  -22.822  46.586  16.177 0.0000000000
118812  -24.401  46.107  15.869 0.0000000000
118813  -26.187  46.094  16.399 0.0000000000
118814  -27.578  46.007  17.552 0.0000000000
118822  -19.881  46.883  15.289 0.0000000000
118823  -20.515  46.381  15.480 0.0000000000
118824  -21.799  46.200  15.957 0.0000000000
118825  -23.152  45.633  15.744 0.0000000000
118826  -23.930  45.451  15.649 0.0000000000
118834  -19.899  46.364  14.905 0.0000000000
118835  -20.289  45.889  15.037 0.0000000000
118838  -19.511  47.281  14.381 0.0000000000
118839  -19.723  46.506  14.449 0.0000000000
118841  -19.754  46.714  14.174 0.0000000000
118842  -19.786  45.973  14.145 0.0000000000
118844  -19.909  46.779  13.991 0.0000000000
118851  -20.211  46.843  13.812 0.0000000000
119144  -29.155  46.812  19.158 0.0000000000
119151  -21.639  47.746  16.526 0.0000000000
119152  -22.188  47.443  16.497 0.0000000000
119153  -23.685  47.375  16.522 0.0000000000
119154  -25.378  47.231  16.571 0.0000000000
119155  -27.130  47.106  16.908 0.0000000000
119156  -28.573  47.096  17.941 0.0000000000
119160  -19.990  47.456  15.659 0.0000000000
119161  -21.119  47.476  16.276 0.0000000000
119162  -21.749  46.938  16.307 0.0000000000
119166  -19.025  48.082  14.917 0.0000000000
119167  -19.404  47.495  15.101 0.0000000000
119170  -19.290  47.753  14.652 0.0000000000
119171  -19.537  46.993  14.775 0.0000000000
119173  -19.046  49.234  13.992 0.0000000000
119174  -19.327  48.304  14.284 0.0000000000
119176  -19.228  49.069  13.970 0.0000000000
119177  -19.679  47.991  14.208 0.0000000000
119182  -19.468  48.958  13.903 0.0000000000
119183  -19.965  47.915  14.043 0.0000000000
119191  -19.829  48.852  13.774 0.0000000000
119486  -21.805  48.439  16.523 0.0000000000
119487  -23.111  48.502  16.686 0.0000000000
119488  -24.665  48.421  16.736 0.0000000000
119489  -26.363  48.267  16.776 0.0000000000
119490  -28.128  48.259  17.016 0.0000000000
119491  -28.991  47.958  17.776 0.0000000000
119495  -20.195  48.488  15.978 0.0000000000
119496  -20.955  48.705  16.313 0.0000000000
119500  -18.944  48.495  15.083 0.0000000000
119501  -19.425  48.374  15.491 0.0000000000
119505  -18.634  49.394  14.246 0.0000000000
119506  -18.787  48.787  14.668 0.0000000000
119509  -18.769  49.489  14.001 0.0000000000
119510  -18.920  48.711  14.370 0.0000000000
119512  -18.673  49.815  13.656 0.0000000000
119517  -18.848  49.886  13.490 0.0000000000
119817  -21.462  49.655  16.202 0.0000000000
119821  -27.156  49.263  16.739 0.0000000000
119825  -18.933  49.832  15.210 0.0000000000
119826  -19.615  49.591  15.570 0.0000000000
119827  -20.597  49.615  15.963 0.0000000000
119830  -18.680  49.575  14.896 0.0000000000
119831  -18.980  49.096  15.318 0.0000000000
