#!ascii label  , from subject Yale_0050578 vox2ras=TkReg
801
38888  -11.136  -31.553  50.836 0.0000000000
38905  -9.614  -31.227  49.083 0.0000000000
38906  -10.950  -31.584  49.622 0.0000000000
38927  -9.274  -31.217  47.702 0.0000000000
38928  -10.711  -31.597  48.310 0.0000000000
38941  -8.938  -31.162  46.254 0.0000000000
38942  -10.428  -31.450  46.915 0.0000000000
38954  -8.724  -30.964  44.828 0.0000000000
38955  -10.066  -31.215  45.511 0.0000000000
38969  -8.969  -31.235  43.548 0.0000000000
38970  -9.702  -30.967  44.539 0.0000000000
38986  -9.381  -31.655  43.327 0.0000000000
39669  -15.596  -32.590  57.604 0.0000000000
39670  -15.989  -32.214  57.541 0.0000000000
39678  -14.841  -31.773  56.437 0.0000000000
39687  -13.981  -30.850  54.706 0.0000000000
39692  -14.208  -30.662  53.901 0.0000000000
39700  -13.594  -30.862  52.601 0.0000000000
39713  -12.984  -31.130  51.942 0.0000000000
39714  -13.669  -30.946  51.516 0.0000000000
39725  -12.194  -31.414  51.360 0.0000000000
39726  -13.021  -31.340  50.827 0.0000000000
39727  -13.710  -31.152  50.373 0.0000000000
39740  -12.116  -31.580  50.201 0.0000000000
39741  -12.993  -31.506  49.639 0.0000000000
39742  -13.667  -31.239  49.171 0.0000000000
39756  -11.987  -31.658  48.955 0.0000000000
39757  -12.904  -31.548  48.387 0.0000000000
39758  -13.639  -31.240  47.932 0.0000000000
39767  -11.803  -31.580  47.629 0.0000000000
39768  -12.795  -31.430  47.098 0.0000000000
39769  -13.660  -31.093  46.749 0.0000000000
39777  -11.532  -31.324  46.234 0.0000000000
39778  -12.674  -31.075  45.959 0.0000000000
39779  -13.762  -30.799  45.841 0.0000000000
39786  -9.914  -31.072  43.792 0.0000000000
39787  -10.876  -30.754  44.764 0.0000000000
39788  -12.929  -30.579  45.351 0.0000000000
39789  -13.885  -30.502  45.440 0.0000000000
39799  -10.470  -31.217  43.718 0.0000000000
39800  -11.631  -30.484  45.030 0.0000000000
39801  -12.691  -30.357  45.244 0.0000000000
39817  -10.418  -31.497  43.396 0.0000000000
39818  -10.789  -30.808  44.282 0.0000000000
40679  -15.626  -32.032  57.136 0.0000000000
40681  -15.279  -31.891  56.816 0.0000000000
40683  -14.526  -31.411  55.998 0.0000000000
40684  -15.020  -31.315  56.097 0.0000000000
40686  -14.507  -30.949  55.397 0.0000000000
40687  -15.023  -30.816  55.346 0.0000000000
40690  -14.615  -30.671  54.532 0.0000000000
40691  -15.129  -30.558  54.526 0.0000000000
40694  -14.093  -30.696  53.171 0.0000000000
40695  -14.787  -30.531  53.385 0.0000000000
40696  -15.244  -30.436  53.966 0.0000000000
40703  -14.228  -30.690  52.301 0.0000000000
40704  -14.755  -30.558  52.088 0.0000000000
40712  -14.263  -30.785  51.189 0.0000000000
40713  -14.698  -30.555  50.979 0.0000000000
40724  -14.206  -30.861  50.015 0.0000000000
40725  -14.539  -30.543  49.697 0.0000000000
40738  -14.134  -30.873  48.775 0.0000000000
40739  -14.410  -30.452  48.372 0.0000000000
40750  -14.161  -30.767  47.546 0.0000000000
40751  -14.609  -30.343  47.152 0.0000000000
40760  -14.354  -30.612  46.439 0.0000000000
40761  -14.954  -30.062  46.069 0.0000000000
40770  -14.488  -30.324  45.565 0.0000000000
40771  -15.032  -29.882  45.371 0.0000000000
40779  -13.331  -30.227  45.132 0.0000000000
40780  -14.025  -30.158  45.148 0.0000000000
40781  -14.744  -29.838  45.021 0.0000000000
40789  -11.970  -30.244  45.203 0.0000000000
40790  -12.772  -30.152  45.098 0.0000000000
40791  -13.856  -29.777  44.825 0.0000000000
40792  -14.420  -29.760  44.849 0.0000000000
40807  -10.429  -31.047  43.409 0.0000000000
40808  -11.355  -30.603  44.671 0.0000000000
40809  -12.527  -30.038  45.066 0.0000000000
40810  -13.223  -29.838  44.921 0.0000000000
40828  -9.583  -31.732  43.212 0.0000000000
41699  -15.560  -31.592  56.685 0.0000000000
41701  -15.387  -31.072  56.055 0.0000000000
41703  -15.469  -30.711  55.458 0.0000000000
41705  -15.510  -30.428  54.577 0.0000000000
41714  -15.074  -30.438  52.732 0.0000000000
41715  -15.409  -30.325  53.470 0.0000000000
41724  -15.140  -30.387  52.092 0.0000000000
41725  -15.484  -30.179  52.529 0.0000000000
41732  -15.044  -30.246  50.888 0.0000000000
41733  -15.438  -30.095  51.837 0.0000000000
41742  -14.653  -30.249  49.212 0.0000000000
41750  -14.605  -30.135  47.919 0.0000000000
41756  -14.936  -29.948  46.791 0.0000000000
41757  -15.215  -29.609  46.469 0.0000000000
41766  -15.340  -29.609  46.007 0.0000000000
41767  -15.452  -29.280  46.047 0.0000000000
41775  -15.372  -29.575  45.425 0.0000000000
41776  -15.599  -29.197  45.446 0.0000000000
41784  -15.226  -29.490  44.933 0.0000000000
41785  -15.437  -29.098  44.938 0.0000000000
41793  -14.190  -29.325  44.549 0.0000000000
41794  -14.801  -29.189  44.504 0.0000000000
41795  -15.258  -29.074  44.690 0.0000000000
41806  -10.887  -30.737  44.835 0.0000000000
41807  -11.159  -30.462  45.091 0.0000000000
41808  -12.284  -29.979  45.082 0.0000000000
41809  -13.553  -29.337  44.647 0.0000000000
41810  -14.350  -28.924  44.313 0.0000000000
41827  -9.248  -31.247  43.392 0.0000000000
41828  -10.492  -30.473  44.306 0.0000000000
41829  -11.351  -30.144  45.166 0.0000000000
41830  -12.180  -29.667  45.070 0.0000000000
41831  -13.016  -29.194  44.733 0.0000000000
42729  -15.982  -31.305  56.623 0.0000000000
42740  -15.856  -30.567  55.473 0.0000000000
42750  -15.830  -30.299  54.632 0.0000000000
42761  -15.863  -30.150  54.033 0.0000000000
42768  -15.710  -30.011  52.976 0.0000000000
42776  -14.906  -30.131  49.796 0.0000000000
42777  -15.228  -29.928  51.029 0.0000000000
42786  -14.611  -30.089  48.620 0.0000000000
42787  -14.736  -29.995  49.296 0.0000000000
42794  -14.773  -29.907  47.478 0.0000000000
42795  -14.579  -29.969  48.015 0.0000000000
42801  -15.014  -29.741  46.855 0.0000000000
42802  -15.021  -29.500  46.824 0.0000000000
42811  -15.408  -29.034  46.133 0.0000000000
42819  -15.573  -28.846  45.520 0.0000000000
42827  -15.454  -28.663  44.912 0.0000000000
42835  -15.001  -28.431  44.117 0.0000000000
42836  -15.238  -28.477  44.328 0.0000000000
42844  -14.279  -28.564  44.038 0.0000000000
42845  -14.797  -28.366  43.874 0.0000000000
42846  -15.263  -28.072  43.577 0.0000000000
42858  -8.646  -30.684  44.461 0.0000000000
42859  -10.154  -30.097  44.885 0.0000000000
42860  -11.510  -29.472  45.148 0.0000000000
42861  -12.316  -29.138  44.988 0.0000000000
42862  -13.094  -28.764  44.453 0.0000000000
42863  -13.879  -28.547  43.925 0.0000000000
42864  -14.816  -28.311  43.073 0.0000000000
42865  -15.210  -28.066  43.080 0.0000000000
42876  -12.096  -28.770  44.848 0.0000000000
42877  -12.468  -28.656  44.475 0.0000000000
42878  -13.160  -28.413  43.869 0.0000000000
42879  -13.846  -28.430  43.150 0.0000000000
42880  -14.479  -28.272  42.734 0.0000000000
43735  -16.171  -30.662  56.145 0.0000000000
43748  -16.098  -30.351  55.380 0.0000000000
43760  -16.067  -30.194  54.946 0.0000000000
43775  -15.679  -29.578  52.723 0.0000000000
43784  -15.205  -29.497  51.011 0.0000000000
43794  -14.773  -29.821  49.778 0.0000000000
43801  -14.474  -29.960  48.577 0.0000000000
43808  -14.606  -29.705  47.487 0.0000000000
43815  -15.095  -29.098  46.559 0.0000000000
43823  -15.400  -28.625  45.702 0.0000000000
43830  -15.415  -28.304  44.919 0.0000000000
43838  -15.222  -27.986  44.201 0.0000000000
43846  -15.483  -27.682  43.476 0.0000000000
43856  -8.002  -30.043  45.457 0.0000000000
43857  -9.962  -29.339  45.494 0.0000000000
43858  -11.267  -29.108  45.246 0.0000000000
43859  -11.866  -28.888  45.026 0.0000000000
43860  -15.327  -27.872  42.472 0.0000000000
43861  -15.530  -27.558  42.645 0.0000000000
43871  -10.686  -28.405  45.331 0.0000000000
43872  -11.333  -28.285  44.975 0.0000000000
43873  -12.308  -28.174  43.981 0.0000000000
43874  -13.054  -28.236  42.939 0.0000000000
43875  -13.798  -28.186  42.345 0.0000000000
43876  -14.497  -28.070  41.979 0.0000000000
43877  -15.170  -27.767  41.870 0.0000000000
43878  -15.524  -27.439  41.953 0.0000000000
43889  -12.558  -27.745  42.386 0.0000000000
43890  -12.963  -27.802  42.065 0.0000000000
43891  -13.697  -27.868  41.513 0.0000000000
43892  -14.457  -27.817  41.203 0.0000000000
43893  -15.035  -27.644  41.130 0.0000000000
44826  -15.999  -29.121  53.661 0.0000000000
44846  -15.416  -29.137  51.950 0.0000000000
44864  -14.995  -29.309  50.837 0.0000000000
44883  -14.612  -29.689  49.955 0.0000000000
44897  -14.331  -29.939  48.913 0.0000000000
44910  -14.322  -29.843  47.999 0.0000000000
44921  -14.592  -29.315  47.126 0.0000000000
44928  -15.008  -28.612  46.057 0.0000000000
44934  -15.218  -27.982  44.969 0.0000000000
44935  -15.112  -27.522  44.254 0.0000000000
44942  -15.240  -27.646  44.180 0.0000000000
44943  -15.315  -27.297  44.040 0.0000000000
44952  -15.538  -27.238  43.555 0.0000000000
44960  -7.153  -29.180  46.341 0.0000000000
44961  -9.064  -28.542  45.914 0.0000000000
44962  -10.209  -28.354  45.458 0.0000000000
44963  -15.658  -27.020  42.635 0.0000000000
44972  -10.144  -27.604  45.206 0.0000000000
44973  -10.978  -27.584  44.639 0.0000000000
44974  -11.930  -27.307  43.450 0.0000000000
44975  -12.355  -27.582  42.506 0.0000000000
44976  -15.623  -27.287  41.446 0.0000000000
44977  -15.757  -26.852  41.493 0.0000000000
44986  -12.327  -27.044  41.950 0.0000000000
44987  -12.703  -27.338  41.462 0.0000000000
44988  -13.546  -27.237  40.750 0.0000000000
44989  -14.364  -27.352  40.535 0.0000000000
44990  -15.068  -27.260  40.441 0.0000000000
44991  -15.644  -27.003  40.714 0.0000000000
44992  -16.035  -26.265  40.343 0.0000000000
44999  -14.290  -26.773  40.067 0.0000000000
45000  -14.892  -26.763  39.893 0.0000000000
45001  -15.508  -26.600  39.841 0.0000000000
45002  -16.042  -26.232  39.934 0.0000000000
45003  -16.268  -26.041  39.951 0.0000000000
45861  -15.117  -28.589  52.604 0.0000000000
45872  -14.836  -28.805  51.527 0.0000000000
45873  -15.356  -28.833  52.416 0.0000000000
45889  -14.423  -29.304  50.619 0.0000000000
45890  -14.982  -29.062  51.224 0.0000000000
45907  -14.190  -29.588  50.065 0.0000000000
45908  -14.422  -29.644  50.109 0.0000000000
45918  -14.198  -29.913  49.179 0.0000000000
45929  -14.179  -29.628  47.992 0.0000000000
45943  -14.438  -28.803  46.570 0.0000000000
45955  -14.649  -28.140  45.225 0.0000000000
45967  -14.958  -27.354  44.351 0.0000000000
45968  -15.174  -27.161  44.159 0.0000000000
45976  -15.353  -26.886  43.857 0.0000000000
45977  -15.360  -27.024  44.067 0.0000000000
45987  -15.537  -26.582  42.877 0.0000000000
45996  -6.354  -27.831  46.725 0.0000000000
45997  -8.021  -27.491  46.172 0.0000000000
45998  -15.665  -26.386  41.824 0.0000000000
46007  -9.460  -26.974  45.199 0.0000000000
46008  -10.577  -26.518  43.835 0.0000000000
46009  -11.326  -26.697  43.205 0.0000000000
46010  -15.946  -26.092  40.809 0.0000000000
46021  -11.417  -26.009  42.684 0.0000000000
46022  -12.003  -26.237  41.914 0.0000000000
46023  -12.649  -26.563  41.108 0.0000000000
46024  -13.179  -26.696  40.666 0.0000000000
46025  -16.140  -25.856  40.070 0.0000000000
46035  -12.936  -25.662  41.092 0.0000000000
46036  -13.298  -25.938  40.538 0.0000000000
46037  -13.875  -26.102  40.025 0.0000000000
46038  -14.585  -26.134  39.668 0.0000000000
46039  -15.101  -26.057  39.509 0.0000000000
46040  -15.396  -25.707  39.494 0.0000000000
46041  -15.895  -25.804  39.825 0.0000000000
46050  -14.336  -25.400  39.648 0.0000000000
46051  -14.680  -25.332  39.459 0.0000000000
46052  -14.985  -25.284  39.443 0.0000000000
46053  -14.932  -25.241  39.314 0.0000000000
46846  -14.124  -28.647  51.259 0.0000000000
46847  -14.450  -28.589  51.710 0.0000000000
46848  -14.731  -28.568  52.061 0.0000000000
46857  -13.087  -29.441  49.727 0.0000000000
46858  -13.703  -29.111  50.500 0.0000000000
46859  -14.201  -28.863  51.020 0.0000000000
46860  -14.605  -28.726  51.635 0.0000000000
46873  -12.558  -29.581  48.669 0.0000000000
46874  -13.224  -29.590  49.288 0.0000000000
46875  -13.789  -29.375  50.054 0.0000000000
46876  -14.305  -29.075  50.798 0.0000000000
46890  -11.681  -28.789  47.408 0.0000000000
46891  -12.647  -29.383  47.931 0.0000000000
46892  -13.323  -29.659  48.689 0.0000000000
46893  -13.870  -29.648  49.652 0.0000000000
46894  -14.095  -29.731  49.711 0.0000000000
46903  -11.210  -26.965  46.396 0.0000000000
46904  -12.071  -28.350  46.626 0.0000000000
46905  -12.923  -29.020  47.247 0.0000000000
46906  -13.494  -29.503  48.018 0.0000000000
46907  -13.938  -29.770  48.850 0.0000000000
46915  -11.535  -26.270  46.054 0.0000000000
46916  -11.903  -26.871  45.675 0.0000000000
46917  -12.546  -28.052  45.871 0.0000000000
46918  -13.309  -28.613  46.523 0.0000000000
46919  -13.854  -29.155  47.250 0.0000000000
46927  -12.250  -26.396  45.466 0.0000000000
46928  -12.562  -26.739  45.325 0.0000000000
46929  -13.065  -27.715  45.210 0.0000000000
46930  -13.873  -28.223  45.566 0.0000000000
46938  -13.074  -26.579  44.969 0.0000000000
46939  -13.662  -26.846  44.717 0.0000000000
46940  -14.355  -27.307  44.531 0.0000000000
46951  -14.181  -26.362  44.331 0.0000000000
46952  -14.768  -26.396  43.978 0.0000000000
46963  -15.090  -26.186  43.144 0.0000000000
46975  -15.287  -25.942  42.180 0.0000000000
46986  -5.758  -26.472  47.110 0.0000000000
46987  -7.153  -26.258  46.265 0.0000000000
46988  -15.482  -25.699  41.212 0.0000000000
46997  -8.575  -25.914  45.140 0.0000000000
46998  -9.952  -25.565  43.879 0.0000000000
46999  -15.592  -25.481  40.356 0.0000000000
47008  -11.473  -25.183  43.140 0.0000000000
47009  -12.305  -25.063  42.356 0.0000000000
47010  -15.380  -25.319  39.759 0.0000000000
47022  -12.924  -24.970  41.528 0.0000000000
47023  -13.429  -24.925  40.669 0.0000000000
47024  -13.826  -25.259  40.229 0.0000000000
47025  -14.893  -25.106  39.133 0.0000000000
47026  -14.934  -25.036  39.368 0.0000000000
47038  -13.658  -24.649  40.012 0.0000000000
47039  -13.954  -24.959  39.586 0.0000000000
47040  -14.140  -24.741  39.092 0.0000000000
47041  -14.547  -24.674  39.027 0.0000000000
47042  -14.769  -24.580  38.985 0.0000000000
47043  -14.797  -24.442  39.056 0.0000000000
47053  -14.179  -24.255  38.765 0.0000000000
47054  -14.473  -24.155  38.713 0.0000000000
47055  -14.647  -24.012  38.735 0.0000000000
47963  -10.998  -25.802  46.652 0.0000000000
47970  -11.187  -25.085  47.011 0.0000000000
47971  -11.460  -25.416  46.462 0.0000000000
47972  -11.736  -25.806  45.860 0.0000000000
47981  -11.936  -25.016  46.101 0.0000000000
47982  -12.246  -25.558  45.490 0.0000000000
47983  -12.769  -25.926  45.101 0.0000000000
47993  -12.593  -25.064  44.985 0.0000000000
47994  -13.128  -25.798  44.692 0.0000000000
47995  -13.691  -25.959  44.394 0.0000000000
48005  -12.620  -24.862  44.395 0.0000000000
48006  -13.073  -25.439  44.053 0.0000000000
48007  -13.831  -25.783  43.775 0.0000000000
48008  -14.394  -25.903  43.270 0.0000000000
48021  -12.407  -24.732  43.633 0.0000000000
48022  -12.760  -25.200  43.227 0.0000000000
48023  -13.340  -25.504  42.756 0.0000000000
48024  -14.381  -25.708  42.431 0.0000000000
48038  -12.202  -24.666  42.966 0.0000000000
48039  -12.491  -24.829  42.490 0.0000000000
48040  -13.139  -25.035  41.772 0.0000000000
48041  -14.504  -25.440  41.484 0.0000000000
48055  -6.510  -25.000  46.777 0.0000000000
48056  -13.443  -24.838  40.840 0.0000000000
48057  -14.615  -25.172  40.603 0.0000000000
48067  -7.811  -24.768  45.612 0.0000000000
48068  -9.217  -24.463  44.332 0.0000000000
48069  -13.604  -24.516  40.130 0.0000000000
48070  -14.478  -24.821  39.842 0.0000000000
48079  -11.180  -24.038  43.084 0.0000000000
48080  -11.943  -24.506  42.547 0.0000000000
48081  -14.572  -24.591  39.373 0.0000000000
48091  -11.976  -23.251  42.400 0.0000000000
48092  -12.399  -23.816  41.633 0.0000000000
48093  -12.864  -24.475  40.868 0.0000000000
48094  -14.741  -24.202  39.041 0.0000000000
48103  -12.692  -23.077  40.793 0.0000000000
48104  -13.081  -23.713  40.139 0.0000000000
48105  -13.578  -24.207  39.378 0.0000000000
48106  -13.842  -24.456  39.145 0.0000000000
48107  -14.485  -23.828  38.862 0.0000000000
48108  -14.753  -24.023  38.870 0.0000000000
48118  -13.279  -23.017  39.565 0.0000000000
48119  -13.355  -23.420  39.261 0.0000000000
48120  -13.779  -23.833  38.951 0.0000000000
48121  -14.109  -23.667  38.760 0.0000000000
48122  -14.353  -23.784  38.730 0.0000000000
48973  -11.516  -23.884  47.134 0.0000000000
48975  -11.461  -24.567  46.992 0.0000000000
48976  -11.845  -24.199  46.623 0.0000000000
48979  -12.205  -24.185  45.989 0.0000000000
48980  -12.461  -24.168  45.394 0.0000000000
48987  -12.478  -24.048  44.773 0.0000000000
48993  -12.370  -23.971  44.078 0.0000000000
49000  -12.227  -24.012  43.172 0.0000000000
49001  -12.252  -23.835  42.552 0.0000000000
49011  -12.154  -24.308  42.573 0.0000000000
49012  -12.389  -24.060  41.873 0.0000000000
49013  -12.833  -24.317  41.160 0.0000000000
49029  -5.953  -23.797  46.915 0.0000000000
49030  -12.688  -23.579  41.024 0.0000000000
49031  -12.996  -24.043  40.534 0.0000000000
49047  -7.220  -23.573  46.325 0.0000000000
49048  -8.309  -23.359  45.188 0.0000000000
49049  -12.931  -23.250  40.457 0.0000000000
49050  -13.175  -23.520  39.900 0.0000000000
49051  -13.848  -23.953  39.780 0.0000000000
49065  -9.583  -23.064  43.782 0.0000000000
49066  -13.350  -23.170  39.478 0.0000000000
49067  -14.156  -23.897  39.449 0.0000000000
49080  -10.999  -22.802  42.534 0.0000000000
49081  -12.152  -22.606  41.782 0.0000000000
49082  -13.962  -23.232  39.272 0.0000000000
49083  -14.352  -23.644  39.145 0.0000000000
49093  -12.787  -22.569  41.093 0.0000000000
49094  -12.909  -22.528  40.439 0.0000000000
49095  -13.835  -22.946  38.873 0.0000000000
49096  -14.432  -23.599  38.913 0.0000000000
49107  -13.105  -22.409  39.783 0.0000000000
49108  -13.335  -22.537  39.329 0.0000000000
49109  -13.552  -22.750  39.118 0.0000000000
49110  -13.692  -22.764  38.868 0.0000000000
49111  -13.974  -23.129  38.796 0.0000000000
49121  -13.030  -21.594  39.754 0.0000000000
49122  -13.092  -21.679  39.431 0.0000000000
49123  -13.210  -21.881  39.179 0.0000000000
49124  -13.358  -22.068  39.046 0.0000000000
50034  -11.029  -23.155  47.282 0.0000000000
50035  -11.675  -23.187  46.811 0.0000000000
50041  -12.107  -23.220  46.318 0.0000000000
50046  -12.354  -23.136  45.674 0.0000000000
50047  -12.448  -23.157  45.028 0.0000000000
50053  -12.558  -23.121  44.470 0.0000000000
50061  -12.719  -23.076  43.774 0.0000000000
50068  -12.630  -23.228  42.994 0.0000000000
50069  -12.643  -23.211  42.336 0.0000000000
50077  -12.692  -22.898  41.605 0.0000000000
50087  -5.376  -23.029  46.920 0.0000000000
50088  -12.895  -22.459  40.823 0.0000000000
50097  -5.067  -21.486  46.512 0.0000000000
50098  -6.484  -22.123  46.377 0.0000000000
50099  -7.688  -22.677  45.911 0.0000000000
50100  -13.093  -22.396  40.072 0.0000000000
50101  -13.173  -22.831  39.743 0.0000000000
50114  -7.389  -21.547  45.798 0.0000000000
50115  -8.219  -21.904  45.080 0.0000000000
50116  -13.049  -21.804  39.833 0.0000000000
50117  -13.157  -22.165  39.616 0.0000000000
50131  -9.749  -21.715  43.087 0.0000000000
50132  -11.095  -21.683  41.807 0.0000000000
50133  -13.393  -22.416  39.226 0.0000000000
50134  -14.032  -23.170  39.171 0.0000000000
50148  -12.279  -21.568  40.860 0.0000000000
50149  -13.014  -22.055  40.727 0.0000000000
50150  -13.463  -22.182  38.993 0.0000000000
50151  -13.942  -23.008  39.060 0.0000000000
50167  -12.606  -20.590  40.095 0.0000000000
50168  -12.978  -21.641  40.211 0.0000000000
50169  -13.540  -22.195  38.950 0.0000000000
50170  -13.419  -21.960  39.056 0.0000000000
50186  -12.821  -20.056  39.710 0.0000000000
50187  -13.098  -20.677  39.662 0.0000000000
50188  -13.026  -20.845  39.315 0.0000000000
50189  -13.196  -21.166  39.178 0.0000000000
50190  -13.298  -21.569  38.753 0.0000000000
50191  -13.490  -21.377  39.123 0.0000000000
51138  -11.233  -22.311  46.553 0.0000000000
51139  -11.786  -22.557  46.385 0.0000000000
51152  -11.546  -22.079  46.026 0.0000000000
51153  -12.029  -22.256  45.777 0.0000000000
51165  -12.491  -22.039  44.976 0.0000000000
51166  -12.610  -22.554  44.730 0.0000000000
51178  -12.812  -21.583  44.440 0.0000000000
51179  -12.982  -22.072  44.263 0.0000000000
51189  -13.368  -22.115  43.344 0.0000000000
51190  -13.754  -21.580  43.001 0.0000000000
51200  -13.205  -22.679  42.848 0.0000000000
51201  -13.501  -22.013  42.497 0.0000000000
51211  -13.523  -21.745  41.596 0.0000000000
51228  -13.477  -21.448  41.008 0.0000000000
51245  -5.508  -20.784  46.000 0.0000000000
51246  -13.192  -21.580  40.395 0.0000000000
51261  -7.036  -20.893  45.285 0.0000000000
51262  -8.680  -20.446  44.033 0.0000000000
51263  -13.019  -21.408  39.999 0.0000000000
51264  -13.131  -21.285  39.668 0.0000000000
51278  -10.053  -20.263  41.961 0.0000000000
51279  -11.178  -20.893  41.186 0.0000000000
51280  -13.089  -21.305  39.331 0.0000000000
51292  -10.278  -19.410  41.114 0.0000000000
51293  -11.226  -19.981  40.491 0.0000000000
51294  -13.272  -21.273  39.134 0.0000000000
51305  -12.210  -19.572  39.705 0.0000000000
51306  -13.274  -21.295  38.887 0.0000000000
51317  -12.837  -19.373  39.397 0.0000000000
51318  -13.321  -19.651  39.314 0.0000000000
51319  -13.135  -20.078  39.148 0.0000000000
51320  -13.282  -20.354  38.982 0.0000000000
51321  -13.519  -20.252  38.885 0.0000000000
51322  -13.335  -20.826  38.931 0.0000000000
51337  -13.415  -19.244  39.216 0.0000000000
51338  -13.422  -19.458  39.230 0.0000000000
51339  -13.469  -19.622  39.067 0.0000000000
51340  -13.584  -19.486  38.998 0.0000000000
52264  -10.618  -21.763  45.760 0.0000000000
52265  -11.233  -21.865  45.958 0.0000000000
52281  -10.148  -21.092  44.770 0.0000000000
52282  -11.280  -21.428  45.085 0.0000000000
52283  -11.999  -21.700  45.181 0.0000000000
52298  -11.438  -20.849  44.419 0.0000000000
52299  -11.929  -21.143  44.550 0.0000000000
52315  -12.534  -21.113  44.292 0.0000000000
52316  -12.954  -21.144  44.008 0.0000000000
52332  -13.354  -21.222  43.632 0.0000000000
52333  -13.714  -21.163  43.210 0.0000000000
52348  -13.850  -21.019  42.693 0.0000000000
52365  -13.969  -20.920  42.020 0.0000000000
52384  -13.968  -20.799  41.336 0.0000000000
52403  -5.914  -19.820  45.396 0.0000000000
52404  -13.757  -20.723  40.720 0.0000000000
52405  -13.569  -20.496  40.338 0.0000000000
52423  -5.611  -18.742  45.387 0.0000000000
52424  -7.029  -19.155  44.277 0.0000000000
52425  -8.717  -19.372  42.995 0.0000000000
52426  -13.144  -20.914  40.285 0.0000000000
52427  -13.242  -20.539  39.966 0.0000000000
52444  -8.335  -18.513  43.227 0.0000000000
52445  -9.480  -18.776  41.941 0.0000000000
52446  -13.161  -20.400  39.464 0.0000000000
52464  -10.570  -18.526  40.748 0.0000000000
52465  -11.502  -18.662  39.882 0.0000000000
52466  -13.185  -20.321  39.178 0.0000000000
52484  -12.279  -18.530  39.405 0.0000000000
52485  -13.424  -20.235  39.141 0.0000000000
52503  -12.823  -18.340  39.230 0.0000000000
52504  -13.220  -18.585  39.200 0.0000000000
52505  -13.660  -19.284  39.025 0.0000000000
52506  -13.507  -19.700  39.032 0.0000000000
52524  -13.509  -18.635  39.166 0.0000000000
52525  -13.744  -18.670  39.141 0.0000000000
52526  -13.726  -18.883  39.169 0.0000000000
52527  -13.688  -19.069  39.155 0.0000000000
53462  -9.719  -20.127  43.991 0.0000000000
53463  -10.538  -20.722  44.406 0.0000000000
53479  -10.078  -19.485  43.758 0.0000000000
53480  -10.838  -20.134  43.850 0.0000000000
53481  -11.552  -20.583  44.120 0.0000000000
53494  -11.145  -19.493  43.495 0.0000000000
53495  -11.843  -20.127  43.581 0.0000000000
53496  -12.630  -20.660  43.819 0.0000000000
53509  -12.139  -19.552  43.081 0.0000000000
53510  -12.866  -20.163  43.221 0.0000000000
53511  -13.468  -20.731  43.274 0.0000000000
53521  -13.143  -19.678  42.689 0.0000000000
53522  -13.556  -20.348  42.847 0.0000000000
53532  -13.802  -20.084  42.187 0.0000000000
53542  -14.086  -19.803  41.463 0.0000000000
53543  -14.244  -19.359  40.865 0.0000000000
53554  -4.692  -17.898  45.436 0.0000000000
53555  -14.090  -20.080  40.986 0.0000000000
53556  -14.128  -19.753  40.394 0.0000000000
53567  -6.065  -17.590  45.084 0.0000000000
53568  -7.596  -17.484  44.275 0.0000000000
53569  -14.005  -19.568  39.766 0.0000000000
53580  -8.902  -17.561  43.046 0.0000000000
53581  -10.022  -17.569  41.871 0.0000000000
53582  -13.753  -19.440  39.368 0.0000000000
53594  -10.864  -17.403  41.101 0.0000000000
53595  -11.272  -17.631  40.239 0.0000000000
53596  -13.647  -19.253  39.117 0.0000000000
53608  -11.800  -17.622  39.544 0.0000000000
53609  -13.783  -18.965  39.052 0.0000000000
53621  -12.501  -17.471  39.141 0.0000000000
53622  -13.054  -17.649  38.992 0.0000000000
53623  -13.920  -18.464  39.074 0.0000000000
53624  -13.880  -18.670  39.067 0.0000000000
53633  -13.453  -17.768  38.954 0.0000000000
53634  -13.733  -17.860  38.910 0.0000000000
53635  -13.925  -18.017  38.914 0.0000000000
53636  -13.937  -18.259  38.973 0.0000000000
54561  -9.481  -18.419  43.719 0.0000000000
54562  -10.256  -19.134  43.641 0.0000000000
54574  -9.878  -17.665  43.467 0.0000000000
54575  -10.560  -18.440  43.300 0.0000000000
54576  -11.294  -19.157  43.313 0.0000000000
54587  -10.884  -17.732  43.029 0.0000000000
54588  -11.557  -18.505  42.880 0.0000000000
54589  -12.296  -19.240  42.843 0.0000000000
54602  -11.797  -17.852  42.348 0.0000000000
54603  -12.597  -18.610  42.313 0.0000000000
54604  -13.384  -19.517  42.335 0.0000000000
54617  -12.983  -17.921  41.720 0.0000000000
54618  -13.582  -18.684  41.642 0.0000000000
54634  -14.230  -18.609  40.964 0.0000000000
54635  -14.537  -18.595  40.452 0.0000000000
54648  -3.707  -16.820  45.208 0.0000000000
54649  -5.072  -16.411  45.636 0.0000000000
54650  -14.577  -18.624  39.925 0.0000000000
54659  -6.743  -16.244  45.211 0.0000000000
54660  -8.340  -16.233  44.292 0.0000000000
54661  -14.466  -18.586  39.481 0.0000000000
54671  -9.710  -16.306  43.184 0.0000000000
54672  -10.759  -16.413  42.044 0.0000000000
54673  -14.228  -18.608  39.236 0.0000000000
54685  -11.528  -16.598  41.097 0.0000000000
54686  -11.671  -16.716  40.026 0.0000000000
54687  -14.220  -18.113  39.050 0.0000000000
54688  -14.590  -17.531  38.775 0.0000000000
54697  -12.089  -16.657  39.419 0.0000000000
54698  -14.264  -17.855  38.883 0.0000000000
54699  -14.668  -17.315  38.597 0.0000000000
54708  -12.475  -16.536  39.010 0.0000000000
54709  -12.855  -16.759  38.787 0.0000000000
54710  -14.084  -17.884  38.833 0.0000000000
54711  -14.257  -17.573  38.608 0.0000000000
54722  -13.247  -16.892  38.597 0.0000000000
54723  -13.579  -16.992  38.467 0.0000000000
54724  -13.856  -17.097  38.402 0.0000000000
54725  -14.109  -17.269  38.400 0.0000000000
54726  -14.406  -16.743  38.149 0.0000000000
55632  -8.873  -17.031  43.619 0.0000000000
55648  -9.446  -17.007  43.387 0.0000000000
55649  -9.908  -17.007  43.111 0.0000000000
55663  -10.369  -17.048  42.850 0.0000000000
55664  -10.805  -17.096  42.559 0.0000000000
55676  -11.269  -17.158  42.242 0.0000000000
55677  -11.737  -17.191  41.894 0.0000000000
55683  -12.336  -17.179  41.541 0.0000000000
55684  -13.207  -17.178  41.308 0.0000000000
55699  -13.965  -17.534  40.927 0.0000000000
55700  -14.542  -17.609  40.480 0.0000000000
55717  -2.809  -15.560  44.538 0.0000000000
55718  -3.985  -15.160  45.517 0.0000000000
55719  -5.588  -14.838  45.459 0.0000000000
55720  -14.829  -17.605  39.976 0.0000000000
55740  -7.179  -14.741  44.681 0.0000000000
55741  -8.732  -14.800  43.840 0.0000000000
55742  -14.897  -17.613  39.473 0.0000000000
55764  -9.962  -15.061  42.734 0.0000000000
55765  -10.978  -15.449  41.631 0.0000000000
55766  -14.793  -17.667  39.054 0.0000000000
55792  -11.734  -15.809  40.838 0.0000000000
55793  -11.950  -15.709  40.070 0.0000000000
55794  -14.800  -17.338  38.731 0.0000000000
55795  -14.859  -17.166  38.528 0.0000000000
55820  -12.244  -15.757  39.309 0.0000000000
55821  -14.648  -17.138  38.419 0.0000000000
55822  -14.839  -17.034  38.353 0.0000000000
55846  -12.608  -15.849  38.802 0.0000000000
55847  -13.042  -15.949  38.519 0.0000000000
55848  -14.635  -16.627  38.120 0.0000000000
55871  -13.441  -15.994  38.347 0.0000000000
55872  -13.750  -16.059  38.159 0.0000000000
55873  -14.027  -16.145  38.038 0.0000000000
55874  -14.305  -16.137  37.941 0.0000000000
55875  -14.561  -16.047  37.872 0.0000000000
56758  -9.343  -16.208  43.881 0.0000000000
56759  -9.935  -16.044  43.692 0.0000000000
56771  -9.641  -16.375  43.253 0.0000000000
56772  -10.192  -16.209  43.146 0.0000000000
56773  -10.590  -16.013  42.888 0.0000000000
56789  -10.456  -16.447  42.620 0.0000000000
56790  -10.917  -16.218  42.396 0.0000000000
56791  -11.323  -15.920  42.033 0.0000000000
56804  -11.267  -16.485  41.895 0.0000000000
56805  -11.689  -16.184  41.542 0.0000000000
56812  -12.469  -16.181  41.121 0.0000000000
56813  -13.006  -16.394  41.013 0.0000000000
56821  -12.912  -15.948  40.838 0.0000000000
56822  -13.563  -16.397  40.832 0.0000000000
56823  -14.299  -16.618  40.457 0.0000000000
56834  -2.392  -14.159  44.499 0.0000000000
56835  -3.115  -14.005  45.209 0.0000000000
56836  -4.539  -13.519  45.512 0.0000000000
56837  -14.802  -16.664  40.033 0.0000000000
56850  -2.130  -13.808  42.984 0.0000000000
56851  -2.281  -14.769  43.482 0.0000000000
56852  -6.165  -13.158  45.203 0.0000000000
56853  -7.685  -13.176  44.518 0.0000000000
56854  -15.084  -16.512  39.462 0.0000000000
56869  -3.169  -15.113  41.968 0.0000000000
56871  -9.051  -13.448  43.512 0.0000000000
56872  -10.045  -14.046  42.188 0.0000000000
56873  -15.150  -16.685  38.972 0.0000000000
56884  -3.169  -15.870  40.908 0.0000000000
56887  -11.143  -14.652  40.936 0.0000000000
56888  -11.719  -14.774  39.846 0.0000000000
56889  -15.061  -16.673  38.519 0.0000000000
56890  -14.987  -17.013  38.499 0.0000000000
56905  -12.019  -14.923  38.919 0.0000000000
56906  -14.903  -16.385  38.148 0.0000000000
56907  -14.960  -16.834  38.361 0.0000000000
56925  -12.603  -15.037  38.427 0.0000000000
56926  -13.120  -15.068  38.189 0.0000000000
56927  -14.721  -15.782  37.872 0.0000000000
56944  -13.524  -14.994  38.001 0.0000000000
56945  -13.863  -15.006  37.831 0.0000000000
56946  -14.151  -15.133  37.741 0.0000000000
56947  -14.431  -15.318  37.769 0.0000000000
56948  -14.610  -15.504  37.791 0.0000000000
57848  -9.882  -15.449  45.215 0.0000000000
57849  -10.674  -15.140  45.426 0.0000000000
57861  -10.008  -15.824  44.318 0.0000000000
57862  -10.812  -15.554  44.447 0.0000000000
57863  -11.617  -15.306  44.263 0.0000000000
57876  -10.646  -15.858  43.396 0.0000000000
57877  -11.244  -15.700  43.458 0.0000000000
57895  -11.555  -15.565  42.717 0.0000000000
57896  -11.864  -15.477  42.186 0.0000000000
57915  -12.226  -15.301  41.563 0.0000000000
57927  -12.708  -15.293  40.892 0.0000000000
57928  -13.156  -15.084  40.639 0.0000000000
57931  -13.178  -15.615  40.665 0.0000000000
57932  -13.857  -15.491  40.384 0.0000000000
57933  -14.534  -15.947  40.090 0.0000000000
57936  -2.026  -13.772  44.193 0.0000000000
57937  -2.444  -13.218  44.763 0.0000000000
57938  -3.567  -12.766  45.298 0.0000000000
57939  -14.449  -15.278  39.968 0.0000000000
57940  -14.915  -15.648  39.681 0.0000000000
57944  -1.724  -13.528  43.022 0.0000000000
57945  -1.979  -13.145  43.580 0.0000000000
57946  -3.142  -11.899  44.769 0.0000000000
57947  -5.044  -11.916  45.242 0.0000000000
57948  -6.605  -12.262  44.908 0.0000000000
57949  -15.179  -15.545  39.242 0.0000000000
57957  -2.223  -13.736  42.755 0.0000000000
57958  -2.498  -12.760  42.492 0.0000000000
57959  -5.952  -12.034  44.537 0.0000000000
57960  -7.470  -12.376  43.769 0.0000000000
57961  -9.065  -12.896  42.835 0.0000000000
57962  -15.276  -15.777  38.939 0.0000000000
57970  -3.215  -14.333  41.630 0.0000000000
57971  -3.415  -13.440  41.471 0.0000000000
57972  -8.368  -12.380  42.545 0.0000000000
57973  -9.674  -13.100  41.445 0.0000000000
57974  -10.933  -13.865  40.406 0.0000000000
57975  -15.231  -15.806  38.530 0.0000000000
57981  -3.133  -14.928  40.862 0.0000000000
57982  -3.213  -14.128  40.726 0.0000000000
57983  -10.234  -13.195  40.247 0.0000000000
57984  -11.172  -13.802  39.409 0.0000000000
57985  -15.075  -15.595  38.144 0.0000000000
57994  -11.837  -13.977  38.273 0.0000000000
57995  -12.636  -14.421  37.973 0.0000000000
57996  -14.840  -15.192  37.876 0.0000000000
58005  -12.380  -13.797  37.637 0.0000000000
58006  -13.014  -14.102  37.644 0.0000000000
58007  -13.497  -13.898  37.399 0.0000000000
58008  -13.898  -13.915  37.297 0.0000000000
58009  -14.243  -14.243  37.505 0.0000000000
58010  -14.561  -14.768  37.715 0.0000000000
58020  -13.605  -13.293  36.992 0.0000000000
58021  -13.731  -13.416  37.060 0.0000000000
58978  -11.117  -14.765  45.510 0.0000000000
58979  -11.676  -14.868  44.841 0.0000000000
58991  -12.169  -14.935  43.870 0.0000000000
58992  -12.605  -14.423  43.704 0.0000000000
59006  -12.217  -15.197  43.022 0.0000000000
59007  -12.538  -14.643  42.875 0.0000000000
59020  -13.026  -14.416  41.671 0.0000000000
59021  -13.362  -13.923  41.396 0.0000000000
59033  -13.004  -14.771  40.891 0.0000000000
59034  -13.408  -14.374  40.734 0.0000000000
59043  -14.080  -14.591  40.102 0.0000000000
59052  -14.649  -14.730  39.691 0.0000000000
59053  -15.046  -14.843  39.298 0.0000000000
59056  -2.988  -11.520  43.478 0.0000000000
59057  -4.452  -11.251  44.353 0.0000000000
59058  -5.278  -11.520  44.603 0.0000000000
59059  -15.211  -14.941  38.896 0.0000000000
59065  -3.185  -11.640  42.215 0.0000000000
59066  -4.412  -11.091  43.144 0.0000000000
59067  -5.795  -11.551  43.770 0.0000000000
59068  -7.349  -11.474  43.003 0.0000000000
59069  -15.219  -15.130  38.589 0.0000000000
59077  -3.388  -12.335  41.329 0.0000000000
59078  -4.124  -11.211  41.837 0.0000000000
59079  -6.108  -10.679  42.500 0.0000000000
59080  -8.272  -11.570  41.731 0.0000000000
59081  -9.503  -12.285  40.698 0.0000000000
59082  -15.092  -14.866  38.217 0.0000000000
59089  -3.594  -12.926  40.701 0.0000000000
59090  -4.883  -11.156  41.251 0.0000000000
59091  -7.173  -10.595  41.450 0.0000000000
59092  -8.926  -11.453  40.525 0.0000000000
59093  -10.264  -12.437  39.738 0.0000000000
59094  -10.900  -13.278  38.759 0.0000000000
59095  -14.901  -14.506  37.862 0.0000000000
59103  -9.631  -11.797  39.627 0.0000000000
59104  -10.346  -12.472  38.667 0.0000000000
59105  -11.058  -13.222  38.084 0.0000000000
59106  -14.640  -14.021  37.572 0.0000000000
59117  -10.695  -12.831  37.720 0.0000000000
59118  -11.615  -13.175  37.323 0.0000000000
59119  -12.515  -13.331  37.119 0.0000000000
59120  -13.019  -13.384  37.042 0.0000000000
59121  -13.889  -13.254  36.960 0.0000000000
59122  -14.089  -13.122  36.893 0.0000000000
59123  -14.353  -13.375  37.194 0.0000000000
59136  -12.092  -12.888  36.654 0.0000000000
59137  -12.636  -12.868  36.465 0.0000000000
59138  -13.259  -12.913  36.565 0.0000000000
59139  -13.742  -12.844  36.468 0.0000000000
60109  -12.020  -14.253  44.748 0.0000000000
60110  -12.508  -14.174  44.143 0.0000000000
60123  -12.724  -14.051  43.518 0.0000000000
60129  -12.934  -13.861  42.681 0.0000000000
60130  -13.274  -13.543  41.876 0.0000000000
60140  -13.501  -13.548  41.125 0.0000000000
60148  -13.862  -13.750  40.406 0.0000000000
60158  -14.337  -13.972  39.821 0.0000000000
60159  -14.795  -14.103  39.374 0.0000000000
60169  -15.003  -14.142  38.902 0.0000000000
60178  -15.049  -14.213  38.391 0.0000000000
60186  -14.904  -13.867  37.880 0.0000000000
60197  -6.094  -10.562  41.161 0.0000000000
60198  -8.037  -10.879  40.558 0.0000000000
60199  -9.034  -11.383  40.008 0.0000000000
60200  -14.649  -13.448  37.501 0.0000000000
60207  -7.360  -10.664  40.445 0.0000000000
60208  -9.259  -11.526  39.056 0.0000000000
60209  -10.213  -12.344  38.016 0.0000000000
60217  -9.735  -11.719  37.586 0.0000000000
60218  -10.574  -12.352  36.924 0.0000000000
60219  -11.551  -12.792  36.608 0.0000000000
122598  -16.531  -31.294  57.361 0.0000000000
